V inside-0.0498749 -0.0399911 -0.0099
9392 0.0399816 -0.0169818 -0.00946873 -0.00994413 0.
0215757 -0.0299643 0.0386785 -0.0194622 -0.049174 0.
0239874 0.0165478 -0.0391049 0.000370666 0.00574457 
0.00825326 -0.00998577 0.038059 Z inside 26.4 26.4 2
6.3 26.3 26.3 26.3 26.3 26.3 26.4 26.4 26.4 26.4 26.
4 26.4 26.4 26.4 26.4 26.4 26.4 26.4  NOT enough po
ints 
C RESULTS
9999 0 0 0 0 0 0 0 0 0 0 0 0 0 0 0 2.05834e-312 4.55
811e+264 3.41426e+263 3.92474e+154 2.45371e+258 3.00
143e+263 6.94034e-317 0 6.79039e-313 2.64292e+258 2.
57081e+258 1.27278e-304 4.82117e-311 8.24759e-308 -n
an 6.01334e-154 4.88484e+252 1.05855e+200 1.46922e+1
95 4.2382e+175 1.41483e+161 6.01347e-154 2.58408e+16
1 2.466e-154 2.4738e-91 4.47594e-91 GPS_waves_result
s  (9999.0, 9999.0, 9999.0, array([[  9.99900000e+00
3],

