[ 2.67979035e-01 -4.06876922e-02 -2.56488150e-01 -2.28376555e-01
 -5.16994984e-02  2.64864262e-01 -7.97301370e-02 -3.06049965e-01
  3.27090231e-01 -2.69719864e-01 -3.13835591e-01  2.30876981e-02
 -1.98534350e-01 -1.07513906e-01 -9.64802340e-02 -1.83898594e-01
  5.10326869e-02  3.15900211e-01  3.08286633e-01  1.29406579e-01
 -2.87449096e-01 -4.99298955e-02 -3.41516968e-02 -2.27904582e-01
  5.68661803e-02  4.61739860e-02 -2.66102611e-01  2.86930653e-01
 -3.00626055e-01  2.47044970e-01  3.04878487e-01  1.28833175e-01
  3.57800169e-01  1.79401946e-01 -8.18672387e-02  1.32214167e-01
  7.60462019e-02 -3.34153013e-01 -2.04190767e-01 -9.26899046e-02
 -2.57676576e-01 -4.29614844e-01 -2.84023697e-01  7.46674415e-03
 -4.25861356e-01 -5.94002949e-02  4.21203025e-01  3.97310521e-01
 -8.49994433e-02 -8.99068047e-03  3.97937579e-01  1.28057357e-01
  3.52717698e-01  1.02625163e-01 -1.70124851e-01  2.87552990e-01
 -2.93712112e-01  3.62900834e-01 -3.01772367e-01 -1.42247198e-01
  1.55706849e-01  3.56693560e-01  3.52817390e-01  3.63788864e-01
  2.38124877e-01  2.90285368e-01  1.58448435e-03 -4.78146176e-02
  1.89323922e-01 -2.99113635e-01 -3.06750576e-01 -3.07953517e-01
 -3.10896106e-01  4.27939413e-02  7.20264788e-02 -2.75168688e-01
  2.77054869e-01  3.07218681e-01 -1.92810844e-01 -3.79367302e-01
 -2.98008814e-01  3.66222734e-01  2.29069403e-01  1.32260334e-01
  4.86683457e-02 -3.13835220e-01  1.11582636e-01 -2.04634716e-01
  2.99219509e-01 -9.78350664e-03  5.31163124e-02  2.86735726e-01
 -7.00175392e-03  1.51723670e-01 -5.25048409e-02  1.37231537e-01
  1.90310268e-01 -3.02194758e-02  1.26438046e-01  8.11324192e-02
 -1.94459941e-01  1.68217249e-01 -3.32015128e-02  1.96369968e-01
  1.64302664e-01 -2.36051239e-01  2.51359631e-01  2.58551877e-01
 -1.94843480e-01 -2.94572699e-01 -3.04380957e-01 -6.00888734e-02
  2.59238282e-01  1.34966738e-01  7.54721749e-02 -4.56481281e-02
  1.78414449e-01 -1.03437291e-01  5.81150535e-02  1.42326747e-01
  1.62331931e-01 -1.87966173e-01 -1.27501411e-01  8.63752025e-02
  1.80879161e-01 -1.67344336e-01  1.57165633e-01  2.54878200e-01
 -2.71258667e-02  1.63052522e-01  2.71821433e-01 -2.07142581e-01
 -2.50858023e-01  8.04382912e-02  4.34801917e-02  2.22776826e-01
  1.20913462e-01 -1.99624848e-01  1.33318778e-01 -1.99159942e-01
 -1.10875269e-01  7.85831730e-02 -3.20162913e-02  2.37129037e-02
 -9.60957563e-02  1.12399819e-01  5.16330922e-02 -1.26696731e-01
  2.77313808e-02  9.37698630e-02 -1.33256639e-01 -7.06602967e-02
 -3.15151788e-02 -8.04327796e-02 -5.60957240e-02 -6.88535258e-02
 -8.27561430e-02 -2.97365754e-02 -2.06087426e-02  4.04972287e-02
 -1.88643041e-02 -5.00212974e-02 -6.52969531e-02 -7.81434193e-03
 -5.26598714e-02 -1.11451754e-02 -4.66113366e-02 -6.08445788e-03
  4.95820442e-02 -8.57131892e-02 -9.38661041e-02  1.04670789e-02
 -1.15359452e-01  2.34850888e-04  1.04670495e-01 -8.87170885e-02
  7.60943226e-02 -3.04326805e-02  3.37411609e-02  4.02224360e-03
  5.83204671e-02 -1.78001465e-02 -8.62125622e-03 -1.36166688e-02
  4.63246622e-02 -1.34448666e-02 -4.93532956e-02 -8.62100222e-02
  6.20998049e-02  5.20019650e-02  2.83666543e-02 -6.05804555e-02
 -7.76673289e-02  6.01729465e-02 -5.57226759e-02  9.23972524e-03
  8.36230344e-03 -7.00242891e-02 -4.42312934e-02  1.08321895e-01
 -5.08475252e-02  4.43578012e-03  5.05377489e-02 -3.65098179e-02
 -6.94266054e-02  4.84915843e-02 -4.68890349e-02 -2.85408828e-02
  5.19921216e-02  6.48838057e-02 -2.47454285e-03  6.20015233e-03
 -1.43188475e-01 -1.61158764e-01  9.82273897e-02 -1.38263933e-01
 -6.76573350e-02 -1.93164083e-01  1.00911475e-01  2.19248476e-01
  1.63380882e-01 -1.81975090e-01  1.90070753e-01  1.67127813e-01
 -1.84550258e-02  1.77098127e-01  1.21504264e-01  1.39621750e-01
 -1.89359238e-01  6.61712116e-02 -1.66383131e-01  1.48795978e-02
  1.88238821e-01  1.77705590e-01 -1.56033523e-01  5.19348174e-02
  1.57205287e-01 -1.80672495e-01  6.48324265e-03 -8.09066941e-02
  2.08363408e-01 -3.08949225e-02  1.26548257e-01 -1.05326398e-01
 -2.16430639e-01 -1.56752462e-01  1.93637508e-01 -1.57067372e-01
 -1.86450431e-01  9.05533224e-02 -6.53317651e-02  3.31270995e-02
  2.23201747e-01 -1.75520954e-01 -2.05588991e-01  1.99375465e-01
  1.12795492e-01  1.99558610e-02  1.16886269e-01 -1.17142176e-02
  3.05158773e-02 -1.43627996e-01  1.53920217e-01 -2.50964771e-01
  2.10349769e-01  1.92491313e-01 -4.19527984e-02 -9.80424981e-02
 -1.96317901e-01 -1.79453359e-01  1.23294765e-03 -2.17919784e-02
 -2.19632577e-02 -1.12200663e-01 -1.00576578e-01 -4.11749371e-02
 -7.19237746e-02  9.22812396e-02 -6.95803071e-02  9.65724293e-02
  8.51199646e-02  1.22922509e-01 -1.52116419e-01  1.43353132e-01
  1.39483576e-01 -1.28530441e-01  8.77455113e-03 -1.52287447e-01
  1.86409705e-01  1.25759441e-02  4.62403483e-02  5.36393203e-02
  2.09587422e-02 -1.09547883e-01  1.13929699e-01  4.52518532e-02
  2.21314210e-01 -5.49906080e-03 -2.38755122e-01  2.63701018e-01
 -2.52578083e-01 -2.02675954e-01  2.39012005e-01  1.46795003e-01
  3.10701718e-01  2.56332050e-01 -1.71739924e-01 -9.28375617e-02
  2.07538711e-01  2.40223021e-01 -2.47666696e-01  5.79997979e-02
 -1.14031065e-01 -1.65521803e-01 -5.30826970e-02  1.70603356e-01
  1.70308421e-01  2.90204199e-02  1.67306860e-01  3.24295295e-02
 -1.34816640e-02 -7.83295299e-02  4.13425683e-03 -1.19121109e-01
 -1.08460355e-01  6.95109650e-02 -9.64929788e-02  1.05563927e-01
  4.35651363e-02  4.54473178e-02  1.70409627e-02 -1.09886450e-01
 -4.59268083e-02 -1.09569864e-01 -9.01795055e-02  1.16766215e-01
 -5.52930004e-02  5.46733643e-02 -8.17378124e-02 -1.05795800e-01
 -1.37479929e-01 -9.94367928e-02 -2.20794996e-01  9.00411294e-02
  2.08532457e-01  2.66613382e-01  2.67349470e-01  1.55198584e-01
 -2.29356745e-01 -1.66762886e-01  1.22514143e-01  2.47673693e-01
 -1.79564910e-01 -2.47684923e-01  6.99722181e-02 -1.19996651e-01
  1.76140464e-01 -5.73072578e-02 -1.01373487e-01  4.47157126e-02
 -8.30186207e-02 -5.27255781e-02 -6.90765860e-02 -7.20582445e-02
  7.83824770e-02 -1.41310360e-01  8.97007310e-02 -1.36117012e-01
  1.26940212e-01  1.05906538e-01  3.56584735e-02 -1.20720456e-02
 -4.01579873e-02 -1.03425138e-01 -6.54883789e-02 -5.01201122e-02
  5.78541540e-02  3.18541889e-02 -4.38894617e-02 -1.89986597e-02
  5.57745023e-02  2.81383207e-02  7.11335194e-02  3.10653101e-02
  2.06811510e-02 -8.18467411e-02  5.56994629e-02  6.44444174e-02
  7.08266475e-03 -2.18594912e-02  1.65704844e-02 -3.88809734e-02
  4.90168121e-02 -4.97510448e-02  3.23819575e-02 -3.50768728e-02
 -2.03330035e-02  3.51690271e-02 -3.18941985e-02  1.20661425e-02
  2.50444462e-02  5.29217724e-02  6.63587927e-02  3.08268125e-02
 -4.97663269e-02  4.72873040e-02  1.26813164e-02 -2.28072648e-02
  1.00998821e-01 -9.45054900e-02 -6.26818092e-02 -6.30193578e-02
  1.11119381e-01 -8.82031631e-02 -5.06884075e-02  4.39743716e-02
 -7.48644794e-02 -1.87722500e-02 -3.70430483e-02  1.09858973e-02
  1.60677354e-02 -2.61640014e-02 -1.47862433e-02  3.53694319e-02
 -5.09408904e-02 -2.94003104e-02  3.32844727e-02 -2.33632981e-02
  4.85936318e-02 -3.75105872e-02 -6.12661288e-03  1.19071890e-02
 -1.09357770e-01  1.10045071e-01 -9.39479986e-02 -1.24004259e-01
 -1.41347376e-01  1.55741102e-01  6.30055700e-02 -1.51882515e-01
 -5.84040541e-02  5.37168171e-02  7.84221329e-02  1.20977910e-01
  1.43906521e-02  5.61366434e-03 -4.55503293e-02 -1.20900631e-01
 -1.63158296e-01 -8.99729647e-02  1.43392905e-01  1.52209712e-01
 -9.04100800e-02 -9.94072659e-02 -1.15925381e-01 -1.12594860e-01
 -1.19808480e-01 -1.04809984e-01 -1.11673626e-01 -1.79076281e-01
 -9.29280151e-02 -1.85710621e-01 -2.23631164e-01  1.27628886e-01
  1.95656051e-01  4.17275756e-02  6.29997915e-02  1.44990922e-02
  2.54457949e-02 -7.75989549e-02  3.67302860e-02 -9.46728735e-03
  4.33810519e-02  1.04822502e-02  1.79681803e-01 -9.59458045e-02
  1.85168887e-01  8.36705104e-02  1.92633106e-01 -2.06048451e-01
 -2.19785014e-01  6.40346259e-02 -1.93827927e-01  2.47002744e-01
  9.24166342e-02 -1.90535311e-02  4.20775666e-02 -1.08884291e-01
  7.07128945e-02  1.35992920e-01  1.25007402e-01 -2.96181614e-02
  3.58476382e-02  6.45641752e-02 -4.50093538e-02 -6.95687302e-02
  5.96268904e-03  5.58858809e-02  3.78652368e-02  5.73070430e-02
  6.04167789e-02 -3.10982941e-02 -9.96838651e-02 -1.40830455e-02
  6.83267712e-02  1.04421355e-01 -2.10658874e-02 -5.81477579e-02
  1.39927242e-02 -3.06074662e-03  1.04429649e-02 -4.42747146e-02
  1.93136786e-02 -1.28420018e-02 -5.34423627e-03 -5.17071974e-03
 -2.37472529e-02  9.78684394e-04  5.01737614e-03  2.26506075e-03
 -2.10716353e-02 -3.81944312e-02 -6.04314096e-02  5.40667006e-02
  2.59006574e-02  1.09741074e-01 -2.78770775e-02  7.08013609e-02
  1.18348762e-01 -1.15223352e-01 -1.42682641e-02  4.54284486e-02
 -1.00095758e-01 -8.87074362e-02 -1.10036836e-01 -1.01264822e-01
 -1.03168417e-01 -7.40372834e-02 -3.44598916e-02 -2.18263629e-02
  5.09461760e-02 -4.80655443e-02  5.36515250e-02 -5.23060702e-02
 -2.64603233e-02  3.88352097e-02 -2.03263064e-02 -3.03791218e-02
  9.92956155e-03 -9.87904821e-03 -7.94559138e-03  4.62831833e-02
  5.06312847e-02  5.25263870e-02  4.26445337e-02 -4.51641939e-02
  6.28685335e-02  5.23089829e-02  3.77449149e-02 -1.65213020e-02
 -1.36989317e-02 -2.73074947e-02  4.21926890e-02 -1.36000352e-02
 -1.82117236e-02  1.39956227e-02 -3.78475507e-02  1.85689298e-02
  5.43865738e-03  3.03494713e-02  3.01037123e-02 -3.70292104e-02
  6.64534542e-02 -6.99775265e-02  9.53506900e-02  9.66665956e-02
  8.91014408e-02 -8.99521482e-02 -8.41007554e-02  1.59075895e-01
 -1.74958409e-01  1.64831044e-01 -1.16016200e-01 -1.92694473e-01
 -1.81729801e-02  1.16065181e-02 -8.42401716e-02  1.27125441e-01
  1.14577640e-01  1.33133702e-01 -1.19062937e-01  5.42141187e-02
 -8.88571733e-02  7.67943988e-02  6.38337223e-02  5.77622864e-02
 -7.88717146e-03  1.83706965e-02 -3.85426539e-02 -3.83065111e-02
  1.03645224e-02 -7.56768950e-04 -7.60746893e-03  7.19395406e-02
  7.06865408e-02 -8.44311201e-02 -2.32990442e-02 -1.13262267e-01
 -1.26174809e-01  1.64076691e-02 -1.28538204e-01  1.42922290e-02
  3.41570759e-02  4.73252691e-02  6.80573663e-02 -3.67637295e-02
 -3.58677357e-03 -6.97152669e-03  3.49443254e-02 -3.62925026e-02
  4.81213122e-02  3.37827693e-02  8.56247865e-02 -9.26190362e-02
 -1.07801136e-01 -3.08822267e-02  1.45970494e-03 -7.77270941e-02
 -5.97688332e-02 -5.24493636e-02 -4.96392486e-02 -7.45274074e-03
  2.62457348e-02  4.60297192e-03 -2.47244511e-02  1.31984734e-02
  6.27053106e-02 -3.64278712e-02  8.93984200e-02 -4.14002676e-03
  1.41629820e-01  9.98475049e-02 -1.63279988e-01  7.25142227e-02
 -1.00540584e-01  8.92187303e-02  1.72631503e-01 -3.66512584e-02
  4.17410060e-02  1.61605993e-02 -5.89531908e-02  1.53592907e-01
  1.37222467e-01  1.09835636e-01  1.03255429e-01  8.26472186e-02
  1.19982090e-01 -7.98762984e-03 -4.07465446e-03  1.41651709e-01
  1.19222648e-01  7.67476350e-02  3.21485203e-03 -7.13374520e-02
 -1.55917783e-02 -8.60164998e-02 -1.05568988e-01 -3.74595465e-02
 -1.13620514e-01  1.35415199e-02 -9.44424946e-02 -7.26736857e-02
 -3.01693699e-02  6.68882904e-02  2.02090854e-02  1.08302203e-01
  5.49882734e-02 -1.17890814e-01 -1.08870262e-01  3.25248843e-02
  1.65401855e-01  1.76639577e-01 -1.57925871e-01 -7.16544602e-02
  1.54583549e-01  1.76140464e-01  1.81608625e-01  5.17184968e-02
 -1.27956138e-01 -5.37056064e-02  1.07487373e-01  1.16175819e-01
  1.37811561e-01 -5.05132200e-02  1.72556940e-01 -1.88078926e-01
  1.98724876e-01 -8.37749983e-02 -4.59257158e-02  1.78301387e-01
  1.80610887e-01 -1.81454667e-01  1.89563250e-01  2.40577100e-02
 -5.09051618e-02  1.51266633e-01  4.22994338e-02  1.02034880e-01
  1.47515111e-01  1.10037320e-01  1.23936975e-01 -8.90366840e-02
 -8.06995282e-02 -9.01739764e-02  5.81737455e-02  1.43829838e-02
  6.38261767e-02  6.14258952e-02 -8.15910441e-02  8.48808188e-02
 -6.82932584e-02  2.01414032e-02  1.04898179e-01 -5.11245394e-02
 -1.16422305e-01 -9.15945442e-03  9.17835309e-03  8.13910482e-02
  5.65119438e-02 -6.99017498e-02  1.36907697e-02  1.05124225e-01
 -1.10545826e-01  5.06335110e-03 -1.25960243e-01 -1.13849100e-01
  1.19103676e-01 -1.87642270e-02 -9.81750753e-02 -9.09962156e-02
 -4.02336896e-03  5.27094131e-02 -2.97317733e-02  4.88144040e-02
 -1.76755526e-03 -5.05715699e-03  8.04643982e-02  8.27383561e-02
 -4.58866548e-02  6.41860948e-02  7.64296149e-02 -7.64988087e-03
 -1.06945992e-01  1.06132649e-01  2.36014463e-02  3.91690662e-02
  6.59416656e-02 -4.79559138e-02 -6.15344160e-02 -2.58236863e-02
 -3.94039691e-02  2.47460369e-02  3.16423904e-02 -4.05637575e-03
 -1.85816909e-02 -3.49278767e-02 -6.79555289e-03 -3.51016505e-03
 -4.00923988e-02  2.05100834e-02  1.68488481e-02  1.64224030e-02
  5.97362073e-02 -4.78653921e-02 -2.04029015e-04  4.10309856e-02
 -1.15071129e-01  1.97049202e-01  2.11344844e-01 -1.09588192e-01
  5.40561242e-02 -2.09929975e-03  1.70876551e-01  1.33586226e-01
 -8.69920972e-02 -1.78637936e-01  2.34246450e-01 -2.74646394e-02
 -1.34457810e-01 -1.49476494e-01 -6.06771022e-02 -4.24662404e-02
 -4.86785828e-02 -1.70291003e-01 -4.49937608e-03  1.68275020e-01
  3.95260209e-02 -1.44325850e-01 -1.47233813e-01  1.16652666e-01
  8.00283674e-02  9.07883487e-02 -7.07107728e-02 -5.55072512e-02
 -1.34572315e-01 -8.00047862e-02  1.34571612e-01  1.76446772e-01
  1.30988912e-01 -3.79885551e-02 -1.02988799e-01 -9.21408816e-02
  4.13951829e-02  9.56745447e-02  7.16288356e-03 -1.07827242e-01
 -6.41609576e-02 -4.90416775e-02  1.09333535e-01  6.31653336e-02
  1.24965889e-01 -4.52709044e-02  1.47576419e-01 -1.07614136e-01
 -1.86394958e-02  8.77298495e-02 -1.24399723e-01  9.16421534e-02
 -9.00874436e-02  1.37429232e-01  5.44563087e-02 -5.41046047e-02
  1.18104721e-01  7.50721389e-03 -9.31440835e-02 -6.55472304e-03
 -9.02242416e-02 -1.13990969e-01 -7.49829199e-02  1.32798554e-01
 -1.05107627e-01 -3.70522514e-03  2.12397760e-01  1.10930589e-01
 -1.94031465e-01  1.39754974e-01  7.16076042e-02  3.31152920e-02
  1.64297740e-01  8.50057079e-02 -2.06101735e-01  2.28038463e-01
  1.51904101e-01  1.44632315e-01 -4.76430769e-02  1.84226127e-01
 -1.95344761e-01 -1.72273463e-01 -1.98449107e-01  2.05321183e-01
 -1.41483943e-01  9.68113960e-02  1.88277776e-01  8.01331669e-02
 -2.59407055e-01 -5.93254254e-02 -2.83371543e-01 -2.97880748e-01
  6.26319524e-02 -2.16584399e-01 -7.26977472e-02  1.09507845e-01
  2.21969110e-01 -3.28871559e-01 -3.22967246e-01 -3.80047239e-01
  2.97357984e-02  3.76246992e-01  1.80621046e-01 -6.45583951e-02
  1.49414878e-01  5.69803904e-02 -3.16809179e-01 -1.91528686e-01
  4.18028475e-01  1.23979828e-02  1.29325714e-01  4.13702313e-01
  3.52791130e-01 -3.95814963e-01  1.84078366e-01  3.50535777e-01
 -3.43730971e-01  1.83979231e-01 -4.92542792e-02 -2.15948591e-01
 -3.18167862e-01  1.98306321e-01 -1.94113888e-01  2.47398364e-01
 -3.06099321e-01 -8.21489347e-02  1.28804614e-01 -1.38095127e-01
 -1.59822371e-01 -2.98415808e-01  1.59060847e-01 -2.44561559e-01
 -2.77700357e-01 -5.87688138e-02  1.15253052e-01 -2.69623966e-01
  3.31138090e-02 -2.46465457e-01 -3.09679893e-01  7.77053302e-02
  9.64850953e-02 -1.43489424e-01  2.79195701e-01  1.29668919e-01
  2.21622354e-01  1.77645430e-01 -8.75593430e-02 -1.20238120e-02
 -1.10053237e-01 -1.59050184e-01 -6.72840339e-02  5.55038073e-02
  9.42439934e-03  1.60349547e-01 -1.99046770e-02  3.49266754e-02
 -2.06480297e-02 -6.14680139e-02  2.45018415e-01  2.98048878e-01
  2.94915051e-01 -7.89300641e-02 -1.44559323e-01 -5.13387834e-02
 -1.75611138e-01 -2.13314506e-01 -1.96028996e-01 -1.80345704e-01
  3.38882407e-02  3.29586064e-02 -8.53803138e-02  1.38412918e-01
  1.03932502e-01  1.50719674e-01 -1.51563816e-02  1.76255544e-01
  1.05840588e-01  1.58092457e-01  2.79645939e-03 -1.25412864e-01
  1.61286228e-01 -5.41119493e-02 -9.88246818e-02  1.22772404e-01
  1.12202890e-01 -7.83768172e-02 -8.38900158e-02  8.15013734e-02
 -7.35224920e-02 -4.89796601e-02  3.47265826e-02  1.21919017e-03
  2.15179567e-02 -6.97642513e-03  2.64826863e-03  5.46498244e-03
  1.38815491e-02  1.59318972e-02  2.01254314e-02 -2.00030607e-02
  3.33920612e-02  4.15523736e-02  1.69727273e-02  2.24055221e-02
  6.47984797e-02  3.77486666e-02 -2.27259919e-02  4.76057835e-02
  7.13193664e-03  9.14602558e-02  5.48085430e-02  6.00124982e-02
 -8.42837521e-02 -1.06758734e-01 -8.76352711e-02 -8.11615103e-02
  5.34260573e-02  3.51176118e-02 -7.54952250e-02  1.02438779e-01
 -8.53972927e-03  1.28536959e-01  2.14993382e-01 -1.21606108e-01
 -2.18167840e-02  1.93531763e-01  1.52810147e-01  2.38848205e-01
 -2.00201953e-01 -2.37238095e-02  2.02441845e-01 -3.31407200e-02
  3.63953762e-02 -8.32130717e-02  1.15571930e-01 -1.56407290e-01
  4.76004940e-03  1.74571862e-01  1.84582089e-01 -2.90743407e-01
 -2.58258330e-01  2.87627053e-01 -3.00878997e-01 -2.71298101e-01
 -6.37721785e-02 -8.72213755e-02  1.19924783e-01 -6.94714635e-02
 -1.49579714e-01 -2.43787318e-01  2.70107788e-01  2.21110404e-01
 -1.79659107e-01  2.74891141e-01  1.93003529e-01 -3.73242682e-03
 -9.97387045e-02 -1.59222365e-01 -1.07054176e-01  9.86685273e-02
  2.31049145e-01  2.42685482e-01  1.52027097e-01  1.02772714e-01
  7.26412652e-02 -2.51473663e-01 -3.44904938e-02  2.19315861e-01
 -1.72319703e-01 -4.99562473e-02 -1.14737954e-01  1.81230547e-01
  1.79594419e-01  9.60827341e-02  1.66494288e-01  4.79802511e-02
 -2.49823791e-01 -2.30267848e-01  3.01134767e-01 -2.85380541e-01
  3.31969184e-01 -2.71192731e-01 -2.81083180e-01 -3.06854985e-01
  2.78903905e-01  1.74717108e-01 -4.90472230e-03  1.96794729e-01
 -1.89521588e-01 -9.62135535e-02  2.77295570e-02 -4.02725116e-02
  1.92109249e-01 -2.60663847e-02 -6.15290235e-02 -2.49337763e-02
  1.87236625e-01 -1.95983449e-01  2.75664770e-02 -1.73737422e-01
  1.85764055e-01 -7.50260781e-02  1.65875589e-01  1.74383518e-01
  1.29915746e-01 -1.43850099e-01  1.57395347e-01 -1.43801437e-01
 -1.55556874e-01 -8.10092477e-02 -5.96360485e-02  1.44428161e-01
 -1.26096030e-01  1.23468917e-01 -5.36828364e-03  1.00922741e-01
  1.21660508e-01 -9.86464626e-02 -1.06038589e-01 -1.27747108e-01
 -1.11719879e-01  1.24924942e-01 -1.04744062e-01  4.06558221e-03
 -9.44505246e-02 -5.68086933e-02  5.85428036e-02 -6.08502332e-02
  2.36355292e-02 -4.48083467e-03  3.22027276e-02  5.53239649e-03
  6.61050004e-02  1.38975385e-01  8.05997585e-02 -1.28611142e-01
 -9.40173466e-02 -9.36499277e-02 -5.24076364e-02  2.34911165e-02
  4.61811335e-02  1.57290295e-02  1.40128495e-03 -1.75289968e-02
  5.80659540e-02 -3.21986440e-03  9.62250160e-02 -4.21441616e-02
  7.84396933e-02  1.40556361e-02 -8.78943313e-02  5.10618680e-02
 -7.21505532e-02  4.78431684e-03  4.84112984e-02  2.96506218e-02
 -6.07262086e-02  2.38354588e-03  2.12326029e-02  4.62762729e-02
 -3.67355576e-02  5.02660705e-02  1.98554386e-02 -4.23420303e-02
  6.38960615e-02  6.37881915e-02 -8.02628666e-03  9.09005196e-03
  4.01229096e-02 -6.95835532e-03  4.53235283e-02 -3.02389331e-02
  5.32141774e-02  5.01220798e-02  2.74840218e-02  4.28841746e-03
 -1.29426340e-02  5.99455476e-02  9.08916900e-02  8.77950012e-02
  6.47016709e-02 -9.65626706e-02  3.80259770e-02  7.32113534e-02
  1.47690362e-01  1.64503594e-01  6.62923468e-02 -7.22239223e-02
 -1.87124712e-01 -2.24644363e-01 -2.30127627e-01  1.91724299e-02
  2.19217524e-01  1.46391826e-01 -2.27251714e-01  1.00590264e-01
  4.23141712e-02 -1.45864488e-01 -2.46108601e-01  2.49657296e-01
 -6.72294412e-02  6.63936833e-03  2.58415600e-01 -1.91996215e-01
  6.18389995e-02  1.73375285e-01  1.22327505e-01 -1.38069983e-01
 -1.66810499e-01 -1.20651255e-01  1.94445984e-01  1.67659594e-01
  1.18838097e-01  1.83675443e-01  1.43797448e-01 -4.58712705e-02
 -1.82595308e-01 -2.32673266e-02  1.25558704e-01  1.58117187e-01
  1.72538204e-01  1.68478464e-01 -1.58795528e-01 -8.10147224e-02
 -1.27391717e-01  7.29680396e-02 -1.35715893e-01 -1.88196924e-01
 -1.77588086e-01  1.46859717e-01  1.98571537e-01  1.36268416e-01
 -3.67638756e-02 -1.97688489e-01  3.42471328e-02  1.72209707e-01
 -9.69976666e-02  2.01730654e-01  1.80316495e-01 -3.19477377e-02
  1.32866967e-01  1.73231171e-01  9.66471390e-02  1.61063255e-01
  1.55402865e-01 -1.10390307e-01 -5.04303868e-02 -1.05284747e-01
 -1.06277892e-01  5.49195724e-02  4.17540970e-02  8.63419171e-02
 -9.39183072e-02 -8.85953457e-02 -2.84011970e-02 -2.22354110e-03
 -1.05539740e-01  9.55023008e-02  1.97488313e-02  8.85874713e-02
  5.03947420e-03 -3.89165409e-02 -7.95029182e-02 -7.72118821e-03
  7.34046247e-02 -1.66931897e-02 -9.90093350e-02 -4.54302093e-02
 -1.05270204e-01 -9.22279995e-03 -3.00502282e-02 -9.76960520e-02
  6.81385886e-02  9.20968325e-02  7.66283792e-02 -1.72208117e-02
  7.54834152e-02 -4.36567685e-02  7.19452509e-02  8.30961019e-02
 -7.62640905e-02  7.40444943e-02 -6.20428401e-02 -5.38939147e-02
 -9.30753532e-04  6.66612073e-02 -5.78602389e-02 -4.26229894e-02
  1.86676303e-02  7.70819210e-02 -4.58387221e-02  7.57277846e-02
 -3.39424135e-02  8.53604038e-02  1.25563789e-02  7.28178348e-02
  2.29582533e-02  7.25586869e-02  1.13860969e-01 -8.27574494e-02
 -6.01214823e-02 -1.33126102e-01 -1.59141985e-01 -3.74882330e-02
 -1.52744285e-01  1.55210778e-01 -1.55583138e-01  1.15847755e-01
  1.65109143e-01  7.11688244e-02 -1.71312757e-01 -1.73568333e-01
  1.31480960e-01  1.50879275e-01  1.59796968e-01 -1.10365101e-01
  6.28498378e-02  1.49351980e-01 -1.56390058e-01  1.65623522e-01
 -1.69452589e-01  1.73161269e-01  6.47103996e-02 -1.78089107e-01
 -7.75561128e-02  1.93779257e-01 -1.62883042e-01 -1.33485685e-01
  1.49864304e-01  1.94071207e-01  1.69133579e-01 -1.48821886e-01
 -4.76333213e-02  1.38411181e-01  4.50608922e-02 -1.15370993e-01
  1.05722697e-01 -8.75171575e-02 -7.53792689e-02 -7.97105973e-02
  3.26548809e-02  9.17343127e-03 -3.34458737e-02 -1.96463579e-02
  3.00258236e-02  2.61620410e-02  6.08148064e-02 -7.42696415e-02
 -8.26393304e-02 -1.19117579e-01 -1.02521567e-01 -8.52205422e-02
  5.15396532e-02  4.52866665e-02 -4.63759720e-02  2.66728704e-02
 -5.38999062e-02  4.32374701e-02 -4.88992884e-02  3.12318429e-02
 -7.04504489e-02  4.30772922e-02 -3.62294687e-03  5.91558813e-02
  2.29701061e-02 -5.82723965e-03 -6.48866438e-02 -5.64905558e-02
  5.15318844e-02 -3.81012248e-02 -7.18816982e-02  4.88601442e-02
  5.49065836e-02 -4.20118391e-02 -2.39076638e-02 -4.03412045e-02
  9.92272190e-04  5.85323140e-02 -4.81332520e-02 -5.16316607e-02
  6.30311766e-02 -6.60687389e-02  1.00552214e-02  7.21414550e-02
 -1.02341074e-01  1.15721671e-01  1.07808482e-01  1.44763769e-01
  1.66360468e-01  1.69785087e-01 -1.76509920e-01  1.64296897e-01
 -2.10518020e-01 -9.12633974e-02  2.44611873e-01  2.55959473e-01
  4.69329291e-02  9.32860955e-02  3.12526327e-01  2.22217166e-02
  2.67623411e-01  8.11410435e-02  2.87887088e-01 -1.76280121e-02
  2.12320960e-01  3.09995945e-01  1.75897737e-01  2.99728990e-01
 -2.99977555e-01 -1.98270247e-01 -2.41756367e-01  3.29219830e-01
  3.12051136e-02 -2.86743012e-01 -3.52497069e-01  3.44186307e-01
 -3.30933863e-01 -3.08568487e-01 -6.68221216e-02  1.01182476e-01
 -2.81736360e-01 -2.41013055e-01 -2.85853899e-01  1.74762832e-01
  2.94293373e-01  2.84858925e-01  1.67730615e-01  2.27015412e-01
  2.73839213e-01  2.79610248e-01  2.91084571e-01  1.76303837e-01
 -2.66146143e-01 -3.10095801e-01 -7.39341753e-02  5.10458481e-02
 -1.58747635e-01  3.37982189e-01  2.19684298e-03 -4.24090650e-01
 -2.44571590e-02  2.08687702e-01 -1.39583644e-01 -1.84344778e-01
 -3.17734773e-01 -2.27967824e-01 -3.96772926e-01  2.09868761e-01
 -4.14723753e-02 -3.72411771e-01 -3.62159125e-01 -3.84146692e-01
 -3.96251139e-01 -3.24737176e-01 -1.33721227e-01 -3.49084067e-01
 -3.70453002e-01  3.92958495e-01  4.19477862e-01  6.35099529e-02
 -3.87438332e-01  2.64993322e-01  3.25050306e-01 -3.85112931e-01
  4.23123593e-02 -1.78053554e-01 -2.27445008e-01 -3.24169141e-01
  5.03149936e-02  1.39555590e-01  6.22926824e-02  3.94421349e-01
 -3.61645393e-01 -2.44263265e-01  1.84559772e-01  1.62083235e-01
  3.27327842e-01  3.38048981e-01 -9.74260054e-02 -2.58594180e-01
 -3.03426299e-01 -2.79145067e-01  1.85668140e-01  2.94087953e-01
  1.25853711e-01  9.52470515e-02  2.73705556e-01  2.96762423e-01
  1.99659566e-01  1.13341600e-01  2.17066511e-01 -9.15292188e-02
  1.77133376e-01 -2.64222557e-01  2.58186574e-01 -8.37245664e-02
 -5.39152061e-04  2.59236577e-01 -2.23711612e-01 -2.15952259e-01
  7.55105276e-03  5.06182295e-02  1.52647136e-01 -7.79525206e-02
  1.04228003e-01  1.30664954e-01  1.14690562e-01 -9.12298082e-02
  4.52340542e-02  9.84238886e-02 -9.93660105e-02  9.40627366e-02
 -1.72602028e-02 -5.56218928e-02 -1.13511171e-01 -8.52104349e-02
  6.80153548e-02 -2.75211081e-03  2.21543071e-02 -7.95766233e-02
  1.83918726e-02  3.37389098e-02  8.91308718e-02 -8.68041109e-03
 -8.70927531e-02  1.03968657e-01 -1.08278149e-01  1.12306259e-02
 -1.03973008e-01  1.54592677e-02 -1.21793004e-01  6.44519081e-03
 -4.78770643e-02  1.10670820e-01 -1.25003712e-01  1.08833868e-01
 -2.69087796e-02 -1.33296172e-01 -8.32233907e-02 -1.25546462e-01
  1.52705037e-02 -1.26354153e-02  1.18382201e-01  7.22177426e-02
  1.23240848e-01  1.00966496e-01 -7.31726854e-02  2.23756564e-02
  5.52140505e-02 -6.12636864e-02  6.00708696e-02 -9.91727615e-03
 -4.32778294e-02 -4.78235229e-02  4.34532277e-03 -1.19969061e-02
 -5.42544610e-02  6.38621773e-02  4.91648713e-02  5.16799329e-02
 -6.27379224e-02  7.23267849e-02  6.70048547e-02 -6.67775130e-02
  6.67839015e-02  8.85900107e-03 -4.75574971e-02 -1.81631446e-02
 -9.31440835e-02  6.05573457e-02  5.77519767e-02 -7.80329469e-02
 -4.63755311e-02  2.16495049e-02 -5.35558741e-02  4.82639941e-04
  8.20612639e-02 -8.75697299e-02  5.58134912e-02  1.19450184e-01
  3.79397257e-02  1.15156383e-01  1.14720298e-01 -1.37508223e-01
 -1.99914594e-02 -8.27930315e-02 -3.27772819e-02 -2.90502022e-02
  1.46118698e-01  1.48454832e-01  9.66826890e-02  5.47176210e-02
 -3.11491224e-02  1.97533405e-02 -1.33713560e-01 -1.87968057e-01
 -1.82458237e-01 -2.00139132e-01 -1.43719451e-01  1.61752197e-01
  3.38269243e-02  7.92658347e-03 -1.86917638e-01  6.14659788e-02
  3.50249162e-02 -2.64197020e-01 -2.46040285e-01 -2.76326136e-01
 -2.38972673e-01  1.45288936e-01  2.95935979e-01 -1.14689360e-01
  3.13319915e-01 -1.11873405e-01  3.01565122e-01  3.36635484e-01
 -9.82750411e-03  1.43481078e-01  1.46897294e-01  3.41280163e-01
  1.94817772e-02  3.16180133e-01  1.33116517e-01  1.11787850e-01
  8.13729473e-02  1.22019304e-01  4.05628596e-01  3.91587739e-01
 -2.88205084e-01 -3.91228318e-01 -3.30446093e-01 -3.97078450e-01
 -3.71616904e-01 -3.45916736e-01 -3.10994889e-01 -3.30295100e-01
  1.58114521e-01  2.48596456e-01 -2.66267272e-01  2.79462490e-01
  1.39948422e-01 -1.67784454e-01 -2.28736923e-01 -2.53081746e-01
 -1.19773379e-01 -2.80090948e-03  1.25613307e-01  3.01576481e-01
  2.65954127e-01  7.59756360e-03 -1.19795903e-01  8.43174698e-02
  2.58785713e-01  2.59968202e-01  2.34245688e-01 -1.57780743e-01
  2.05722289e-01  1.73307402e-01  2.05298784e-01 -1.78006151e-01
  6.15175297e-02 -1.06860355e-01  1.16087250e-01 -1.79329629e-02
 -2.05826922e-02  1.32470668e-01  1.31535380e-01  1.42789785e-01
  1.47094968e-01  1.38316216e-01  1.53748484e-01  1.61849130e-01
  7.12413285e-02 -1.75157401e-01 -1.52496497e-01 -3.94869104e-02
  2.15767661e-02 -2.88714135e-02 -6.40918340e-03 -7.05905827e-02
 -2.03064158e-02 -3.23270199e-02 -2.82542248e-02  2.89348487e-02
  6.37540927e-02  3.73695022e-02 -4.63959265e-02 -3.68797576e-02
 -1.98375262e-02  5.86860292e-03  8.16994713e-03 -1.13390267e-02
 -1.54150296e-02 -3.49683376e-02 -2.08261623e-02 -4.03480818e-02
 -2.15907183e-02  2.04130454e-02  1.02929603e-02 -4.16548141e-02
 -4.60813665e-02 -2.05745248e-02 -3.06349607e-02  9.75351296e-03
  1.98777152e-02 -6.47193002e-03  7.76888045e-02  1.13893428e-02
 -7.86277381e-02 -8.15011378e-02  2.95438965e-02 -2.04279518e-02
 -2.61941823e-02 -3.00232428e-02 -6.94229976e-02  3.43225783e-02
 -3.30284375e-02 -1.04026504e-02 -2.03161719e-02  2.16612416e-02
  4.90037966e-03 -2.15418174e-02 -4.31962637e-02 -4.73581058e-02
  5.06117310e-02 -2.16238324e-02  3.04371594e-02 -2.56634212e-02
  4.97376391e-02 -1.60093745e-03  8.21870934e-04 -6.97221021e-02
  5.86156525e-02 -1.06865997e-01  2.78254876e-02  4.18434887e-02
  9.51540204e-02 -9.58692501e-02  4.15032457e-02  3.27034393e-02
 -1.17390150e-01  1.17995178e-01  1.45350796e-01  1.39348658e-01
 -1.73890229e-01  1.08015382e-01  1.12861720e-01  1.41105188e-01
  1.99117255e-01  2.03803744e-01  1.90811565e-01  4.47697818e-02
  4.35597877e-02  1.96277198e-01 -1.90966592e-01  1.76345011e-01
 -1.12157691e-01 -2.00696036e-01 -1.90751197e-01 -1.38579692e-01
  1.89201659e-02  2.32076411e-01  2.37196773e-01  1.69777145e-01
  2.49172793e-01  1.28729581e-02  8.19390363e-02  2.51577528e-02
  2.93707593e-01 -3.05550197e-01  7.14408806e-03  2.76629153e-01
  2.97780308e-01  2.53714969e-01  1.53079712e-01  1.56495779e-01
 -4.16533770e-02 -2.38645209e-01 -2.19729238e-01  4.24956722e-02
  1.61717984e-01 -2.10524109e-01  7.03604996e-02  2.41745422e-01
  1.85592092e-01  2.90868108e-02 -2.34628072e-01  1.79310406e-01
 -1.76260528e-01 -3.48591337e-02 -2.05289795e-01  1.15370309e-01
 -1.31343129e-01  1.22313485e-01 -1.90039495e-01 -1.05560070e-01
  2.25016580e-01 -2.02139264e-01  1.57602356e-01 -5.08727556e-02
  2.10851088e-01  8.30620410e-02  1.10455782e-01 -2.01796093e-01
  1.60160002e-01  5.79067570e-02  4.39496395e-02  8.74272581e-02
  9.50184685e-02 -1.74420126e-01 -5.22783025e-02 -9.13467312e-02
 -5.64444588e-02  2.52715772e-02  1.42857148e-01  9.35745598e-04
 -1.18245878e-01  9.53249239e-02  7.58574276e-02  1.37654093e-01
  7.75093401e-02  3.50506268e-03  1.30748518e-01 -1.11226879e-01
 -5.39678423e-02  4.32633083e-02  5.81230034e-02 -1.34514324e-01
 -1.38030351e-01 -1.12395194e-01 -4.64001732e-03  1.03174999e-01
  7.07059673e-02  3.53356414e-02  8.35563485e-02 -9.53375162e-02
  7.60370664e-02 -5.52794595e-02  3.79847664e-02 -6.55489126e-02
  9.86245121e-04 -4.93941196e-02 -3.86043584e-02  1.36452665e-02
  1.30062462e-02 -3.85929082e-02 -2.13347755e-02 -3.14305704e-03
  9.08838539e-03  3.41156019e-02  3.18143647e-03 -3.13550700e-02
  2.95478334e-02  2.10509745e-02  4.03250644e-02  4.99216118e-02
  1.55077927e-02 -1.73828902e-03  2.21901544e-02  2.59718852e-02
 -5.75420713e-02  2.69676392e-02  1.15910656e-02 -7.96175103e-03
 -2.12730493e-02 -1.52769924e-02  7.92571953e-03 -1.15773795e-02
  1.22773609e-02 -2.15654791e-02  2.38940154e-02  7.87923588e-03
 -3.33325754e-02 -3.54135443e-02 -4.67622229e-02  4.06817357e-02
  3.55396057e-02 -1.70146859e-02  4.89200964e-02  3.45977957e-02
  6.41128004e-02  5.10420922e-02  2.46099694e-02  5.29817971e-03
 -7.17031402e-02  5.56611685e-02 -3.86934704e-03  1.04655505e-02
  2.29543910e-02  3.53430469e-02  3.80856383e-02 -5.61272015e-03
  5.52300604e-02 -4.24545424e-02  2.50287936e-02 -3.93191429e-03
 -2.99348730e-02  4.11201955e-02  3.52511487e-02 -3.49255764e-03
 -1.74332186e-02  3.11491388e-02  3.51767498e-02 -4.12035232e-02
 -1.36379368e-02 -1.41471431e-02 -2.85716553e-02  1.79941810e-02
 -8.58868908e-03 -2.73485271e-03  5.85749968e-03 -2.72144525e-03
  2.52185150e-03 -1.11340116e-02 -1.62384160e-02 -2.90533075e-03
 -4.91984497e-02  4.83684007e-02 -2.29838179e-02 -3.42205777e-02
 -4.70892815e-02  1.49772264e-02  1.95037382e-02 -3.15213587e-02
 -1.20150047e-02 -1.42729161e-02 -2.70655096e-03  2.13241893e-02
 -3.76694970e-03  2.75399288e-02  1.23275059e-02 -1.84701677e-02
 -1.30911114e-02 -3.25122416e-02  9.49302952e-03  1.16742492e-02
  8.17422921e-03  1.35917369e-02  8.89115164e-03  2.15922417e-03
  0.00000000e+00 -3.50688514e-03  1.09292872e-02  2.13011937e-02
 -1.01272583e-02  7.14317996e-03  2.48355061e-02 -6.85918448e-02
  2.96965352e-02 -6.59332268e-02 -3.32839906e-02 -2.70258237e-02
  4.01168709e-02 -4.96698310e-02 -9.78514319e-02 -1.14977713e-01
 -5.79152064e-02  1.22592856e-01  1.21422209e-01  4.29270841e-02
  7.01219562e-02  4.51343808e-02 -1.10830967e-01 -5.37320498e-02
  1.51823624e-01 -5.51052775e-02 -1.66485986e-01  1.15727208e-01
  1.75951406e-01 -1.91564147e-01 -1.51021744e-01  1.39171702e-02
  3.74746841e-02  5.47184506e-02  2.45146423e-01 -6.80455668e-02
  7.33845859e-02 -2.05943027e-02  9.82769142e-02 -1.89134304e-02
 -4.10432437e-03  6.06625737e-02 -1.12337901e-01 -1.68662576e-01
  5.67143242e-02 -2.12818960e-01 -1.91983566e-01 -6.32009396e-02
  7.02275845e-02 -1.29530948e-01 -1.57973583e-01  8.29539491e-02
  2.73573231e-01  2.50158723e-01 -2.48147356e-01 -1.45187903e-01
  2.02898724e-01 -1.98652033e-01 -2.49298222e-01  1.16342012e-01
 -2.61090892e-01  6.59009364e-02  2.13191323e-01 -4.30325624e-02
 -2.65426436e-01  1.80978462e-01 -1.55223795e-01 -2.85049642e-01
 -1.40967467e-01  1.17767790e-01  7.65664528e-02 -1.29434997e-03
 -1.29454898e-02 -2.88601038e-01  4.63331133e-02 -2.04206071e-01
 -1.35326422e-02 -1.87356278e-01  1.72924134e-01  1.11676089e-01
 -1.47053029e-01  2.05907238e-02  1.36469029e-01 -1.04348041e-01
  1.52276525e-01 -1.64798039e-01  2.86054350e-02  2.29804991e-02
  1.50524076e-01  1.20870350e-01  2.05216469e-01  1.42668713e-01
  1.49588165e-01 -1.83168803e-01 -1.89788951e-01  1.56650219e-01
  2.36713758e-01  2.01190072e-01  1.70098263e-01 -1.18927093e-01
  1.84451405e-01 -3.08514473e-02 -7.98958813e-02 -1.60135916e-01
  1.03297251e-01  1.16147435e-01  1.26410332e-01 -1.30640395e-02
  1.40882018e-01  7.91248661e-02  7.26613389e-02 -1.10031007e-01
  1.28500080e-01 -1.52667968e-01 -1.51690680e-01 -1.21630856e-01
 -1.05697770e-01 -1.46969324e-01 -3.44450679e-02  1.41677827e-01
 -8.02864392e-02 -1.01569591e-01  2.91899811e-02 -9.22355488e-02
 -1.08330170e-01  5.36082195e-02  1.10266869e-01 -6.01163367e-02
 -9.67886317e-02 -1.37662828e-03 -1.11064550e-01 -1.05539392e-01
 -9.20288598e-02 -4.11536412e-02  8.85544728e-02 -8.29953364e-02
 -4.24468098e-02  9.95834695e-04  6.20169152e-02 -2.26382090e-02
  7.73238925e-02 -1.34159012e-02 -7.45708806e-03  8.33308628e-02
  8.83759558e-03 -3.50543261e-02  1.64019721e-02  2.23280532e-02
  8.67056389e-02 -8.53228829e-02 -7.58322706e-02  3.37013319e-02
  5.08881460e-02 -9.15042860e-02  8.27782066e-02 -5.15170883e-02
  7.51444424e-02  5.43575242e-02 -6.78651546e-02  3.09768694e-02
 -1.09997460e-02  4.37774579e-02  2.46515781e-02  2.26686709e-02
 -1.55433324e-02  4.73849823e-03 -4.85886366e-02  1.34265436e-03
  9.16143372e-02 -5.42302573e-02 -4.73355049e-02  5.80242802e-02
 -2.93733916e-02 -9.76469806e-03 -2.64816970e-02 -5.05289826e-02
 -7.79669597e-02  1.36637584e-01  6.66850456e-02 -2.56996048e-02
 -7.28342629e-02 -1.19757135e-01 -1.31709575e-01 -1.38792055e-01
 -3.03691153e-02 -8.25558529e-02  1.77792041e-01 -1.37784640e-01
 -9.39550280e-02 -1.48391580e-01 -1.87052628e-01  6.16992635e-03
  1.49795509e-01  1.28148493e-01  2.12445339e-01  2.21301259e-01
 -4.22360981e-02 -7.32668555e-02  6.26752262e-02  8.85089909e-02
 -1.04829140e-01 -1.95986581e-01  7.59372277e-02  6.20739302e-02
 -1.93370889e-01  1.55274608e-01  2.13307743e-01  1.92676484e-01
  1.09895647e-01  2.04503403e-01 -1.79651956e-02 -6.30837505e-02
  8.91495296e-02 -2.02672963e-01  6.92730037e-03 -1.92671997e-01
 -1.58902190e-01 -1.83993462e-01  6.82432494e-02 -1.91415162e-01
 -2.16024363e-01 -2.44400621e-01 -2.04748534e-01  2.53237744e-01
  2.51425074e-01 -2.45740968e-01 -2.25513930e-01  1.87114720e-01
 -2.39135550e-01 -2.28453717e-01 -4.58417734e-02  2.78106027e-01
  2.69951132e-01 -2.25356002e-01 -2.70094245e-01  1.20530597e-01
 -3.31325289e-02 -2.60600592e-01 -1.77545808e-01  1.61217997e-01
  1.76784023e-01  2.16970118e-01  2.13079548e-01 -2.60264693e-01
 -1.67983674e-01  2.43593525e-01  2.17733753e-01  1.73447432e-01
 -4.83022332e-02 -2.26242157e-01 -2.32969977e-01 -6.90625397e-02
 -7.72390017e-02 -1.32918060e-01  1.21128860e-01  1.92083601e-01
  1.40194338e-01 -1.59696871e-01 -8.34850215e-03  9.19054571e-02
 -9.67411580e-02  5.94986300e-02  1.12754660e-01  1.16397447e-01
 -1.89558296e-01 -1.37497090e-02 -1.97564376e-01 -2.11085903e-01
  2.26573347e-01 -1.82269448e-01 -8.06575963e-02 -2.63908636e-01
  2.30894493e-01  1.69216792e-02 -3.18798703e-03 -4.89337682e-02
  3.09199689e-01 -2.50815743e-01 -2.86184162e-01  2.60969979e-01
  2.14380461e-01  2.75127057e-01  3.12419188e-01 -2.11258302e-01
 -2.25663933e-01 -2.58526442e-01 -2.62073853e-01 -1.48520213e-01
 -2.74087884e-01 -2.90006491e-01  3.50852308e-01 -3.56295752e-01
 -2.66582787e-01 -9.41998914e-02  1.78545110e-01 -4.07647204e-01
  4.30825331e-01 -4.49410703e-01  1.92212499e-01  4.57973004e-01
  3.43595369e-01  4.12227550e-01  8.20216315e-03 -1.52975089e-01
  1.49423704e-01  7.69366812e-03  1.43981620e-01  5.57596515e-02
 -3.04409826e-01 -2.82395242e-01 -3.39641490e-01  9.71690998e-02
  2.43459059e-01 -1.04505609e-01  3.15824646e-01  2.62778163e-01
 -1.39587109e-01  3.20014473e-01 -3.21373058e-01 -2.55280580e-02
  3.00384981e-01 -3.02625849e-01  1.02117677e-01  3.63832033e-02
 -4.37755125e-02  3.43830952e-01 -4.04841205e-02 -1.47038124e-01
 -2.76338219e-01  1.73657945e-01 -2.88619612e-01  2.39838671e-01
 -2.33177460e-01  1.35243389e-01  2.87135804e-01  2.60634919e-01
  1.81091520e-01  7.12634739e-02  1.50330811e-01  2.10625007e-01
  2.58214144e-01  2.05947053e-01  2.53974041e-01  2.56565613e-01
  2.75142239e-01  2.80464557e-01  2.64690358e-01  2.65888654e-01
  2.68698605e-01  1.35349134e-02 -1.51889666e-01  4.85980525e-02
  2.52374914e-01  3.22462186e-02 -1.84045932e-01 -1.54172830e-01
  2.13879081e-02 -1.97976380e-01 -1.29462420e-01  1.58849105e-02
  9.76121669e-02  6.34589104e-02  1.27631122e-01 -1.25274703e-01
  1.21632139e-01 -1.08071305e-01 -7.50318331e-02 -8.22848554e-02
 -6.04939946e-02 -3.26372490e-02  3.10048535e-02  2.67636010e-03
  4.03979263e-02 -7.00410571e-02 -1.52287734e-02 -2.43746596e-02
  8.58214141e-02 -1.06086589e-01 -1.55552827e-01 -1.30762977e-01
 -8.09883142e-02 -1.43301677e-01  4.75644528e-02  1.37748393e-01
 -9.18801702e-02 -5.75905546e-02 -2.16567110e-01  1.54666110e-01
  5.52924500e-02  2.47085703e-01 -2.56616743e-01 -2.65958801e-01
  1.64837739e-01  2.91594729e-01  3.08163068e-01  2.49540481e-01
  3.16278083e-01  3.61695461e-01  2.19627067e-01 -4.01708605e-01
  3.77340809e-02 -3.89645187e-01 -4.18355077e-01 -2.58788442e-01
  2.11101180e-01  3.35460831e-01  4.02931989e-01  3.61259290e-01
  4.71298402e-01 -2.68837387e-01 -3.29111272e-01 -4.72167789e-01
  4.75236652e-01  3.55173015e-02  3.04224076e-01  4.94765578e-01
  3.40858575e-01 -5.13575794e-01 -4.52210782e-01 -1.14265926e-01
  3.14291346e-01  2.49303753e-01  4.96419605e-01  6.16481828e-02
 -3.42625817e-01 -1.00029776e-01  7.41598260e-02  1.65298857e-01
  2.25767358e-01  3.51144222e-01  2.79501365e-01  3.38613394e-01
  5.33383387e-01  3.75683591e-01  2.11276962e-01  1.59010407e-01
  5.08037696e-01  5.31424933e-01  2.97509006e-01 -1.48280418e-01
 -2.83984295e-01 -3.49595089e-01 -2.28286526e-01  1.07569347e-01
 -1.50917422e-01 -1.82342125e-01 -1.31577629e-01 -3.29663794e-01
 -1.77387176e-01 -3.83726442e-01 -4.97735982e-01 -4.75596068e-01
 -1.35905431e-01  3.61245628e-01  4.90292183e-01  3.21811342e-01
  2.07555615e-01 -8.87929793e-02 -9.84470239e-02 -2.36416867e-01
 -4.19554050e-01 -4.76383765e-01 -2.20177200e-01  1.92669906e-01
  4.49648879e-01  4.17069720e-01  3.82322498e-01  4.63705805e-01
  4.42445794e-01  3.64016504e-02  1.87600703e-01  4.42713340e-01
  4.26637902e-01  4.21936001e-01  3.61411990e-01  3.04524756e-01
  3.56094615e-01  2.53359191e-01 -6.61132234e-02 -1.07642597e-01
  2.15349937e-01  3.80441442e-01  3.63932566e-01  3.75660322e-01]
[ 8.31339338e-02  2.69186380e-01 -9.92518471e-02 -1.76958450e-01
 -2.98355850e-01 -1.63256037e-01  3.12228888e-01  1.32145028e-01
 -2.16204378e-02 -1.71208282e-01  4.24387201e-02  3.13063824e-01
 -2.39561521e-01  2.94928397e-01  3.01637841e-01  2.57827714e-01
  3.15367636e-01 -4.76249668e-02 -5.91722151e-02  2.67598808e-01
 -6.39094678e-02 -2.87384867e-01 -2.78491787e-01 -1.48917081e-01
  2.66238677e-01  2.68299755e-01  7.97636523e-02  3.37778617e-02
  6.86194666e-02 -1.98147939e-01  8.56909030e-02  3.07458782e-01
 -2.00589632e-02 -3.32496356e-01 -3.74520643e-01 -3.56882498e-01
  3.81412823e-01 -2.34743592e-01 -3.66425877e-01 -4.17650199e-01
 -3.62167438e-01 -1.34027935e-01  3.41896198e-01  4.44417279e-01
  9.41564572e-02 -4.26473156e-01 -8.94190140e-02  1.73066962e-01
  4.19282962e-01 -4.16602998e-01 -4.08813429e-02  3.58395057e-01
 -7.89299049e-03 -3.11325454e-01 -2.70404541e-01  1.39191805e-01
 -1.69107216e-01  5.26207264e-02 -2.27315472e-01 -3.40993799e-01
 -3.44229955e-01  1.15832661e-01 -9.99292053e-02 -4.60827363e-02
  2.67805649e-01  1.63900258e-01 -3.30578203e-01  3.24298049e-01
 -2.60768530e-01  1.19894983e-01  7.87267853e-02  1.57888341e-02
 -4.34236187e-02 -3.08178989e-01  3.02684319e-01 -1.45216403e-01
 -1.64573306e-01  1.73461107e-01  3.05362208e-01  7.20145415e-02
 -2.27680144e-01  1.86243203e-02  2.71969097e-01 -3.02971389e-01
 -3.18551669e-01 -7.03235742e-03  2.90439195e-01 -2.45327769e-01
  9.49193582e-02 -3.05423345e-01 -2.95284707e-01 -3.53944502e-02
 -2.77711749e-01  2.12531996e-01 -2.44444763e-01 -2.05660185e-01
 -1.57830949e-01  2.36989062e-01 -1.89484665e-01  1.91904281e-01
  1.51922758e-04 -8.59516050e-02 -1.91604674e-01 -5.06383450e-02
  1.61768366e-01 -9.04800604e-02  7.07690416e-02  1.01605938e-01
  2.28145609e-01 -8.12776810e-02  4.93648576e-02 -2.79753451e-01
  9.98416410e-02  2.23548431e-01  2.41269102e-01  2.37335988e-01
 -1.46057023e-01 -2.06070610e-01 -2.23130029e-01 -1.74287686e-01
  1.43528046e-01  1.02100414e-01 -1.68280785e-01  1.83479511e-01
 -9.16958864e-02 -1.33235318e-01  1.68710798e-01 -6.84513782e-02
  2.79263677e-01  2.41861388e-01  8.93631615e-02  1.72348126e-01
  3.12582937e-02  2.16088063e-01 -2.23607895e-01  3.16794287e-02
  1.93056863e-01 -1.03841324e-01  1.70815864e-01  9.21894081e-02
  1.52942460e-01  1.34261266e-01 -1.38013089e-01 -1.19909800e-01
 -7.09567737e-02 -1.84129036e-02 -1.04629407e-01  1.66646753e-02
  1.41769201e-01 -1.17093181e-01  6.88931653e-02  1.32328087e-01
 -1.38128379e-01 -1.06354080e-01  1.17901442e-01 -9.76137803e-02
  2.38271005e-02 -4.69323948e-02 -4.24920558e-02  2.42954634e-02
 -5.52038067e-02 -3.97531514e-02  3.08738061e-02  6.90089745e-02
  3.58851834e-03  5.15919043e-02 -7.59462825e-03 -4.12233947e-02
  5.62807332e-02 -8.34021140e-03 -2.53540413e-02 -1.16205547e-01
 -6.11529003e-02  1.33343793e-01 -7.33066192e-02  5.19060691e-02
 -2.64554326e-02  3.23956272e-02  1.28745896e-02  5.26285196e-02
  1.43016111e-03  4.37429978e-02  4.92551922e-02 -5.95797934e-02
  5.54157889e-02  7.66132248e-02  6.01215674e-02 -3.11761824e-02
  5.96651000e-02 -4.60336631e-02  4.77728639e-02 -8.07303358e-03
  4.25871835e-03 -7.98800136e-02 -9.93364877e-02  1.10735188e-01
  1.19160942e-01  1.06894209e-01 -1.16923448e-01 -2.08711841e-03
 -7.95971701e-02 -8.60036847e-02 -6.62683298e-02  6.23210813e-02
 -1.80248902e-03  3.71985445e-02  3.47093741e-02 -5.08796644e-02
  4.60447803e-02  7.61031657e-02 -1.16649756e-01  1.24856150e-01
 -5.33089566e-02 -2.98616568e-02 -1.27719706e-01 -6.50220643e-02
  1.64415572e-01  3.98806424e-02 -1.82281641e-01  6.18152345e-02
 -1.66612855e-01 -1.46076085e-01  1.20441725e-01  1.09884915e-01
  1.82416833e-01 -1.56923133e-02 -1.29794873e-01  1.31330712e-01
  5.51897410e-02 -2.00490407e-01 -1.34433740e-01  2.13387850e-01
  7.54423788e-02  5.54242881e-03  7.29299632e-02  1.70037555e-01
  8.88370573e-02 -7.91219207e-02 -2.02690340e-01  1.85955676e-01
 -3.40547021e-02 -2.28494799e-01 -1.99356253e-01 -2.05111480e-01
 -3.63503477e-02  1.32998169e-01 -1.78663690e-02 -1.19300751e-01
  7.24060566e-02  1.87642794e-01  2.03684897e-01  2.19757168e-01
  4.55192027e-02 -1.57954967e-01 -1.10391679e-01  9.17223715e-02
 -1.61802366e-01  1.93433335e-01 -1.72474121e-01  2.30276240e-01
  2.48150724e-01 -2.18084663e-01  2.27915922e-01  1.48659812e-01
 -1.85679802e-01  1.55163465e-01 -2.29549817e-01  2.02535846e-01
  7.76808488e-02 -1.00281300e-01  1.91678035e-01 -1.73651979e-01
 -1.54009798e-01  7.20529920e-02 -4.72441148e-02  7.24581269e-02
 -4.21013806e-02  2.01333834e-02  9.01739168e-02 -9.98347429e-02
  1.09762478e-01  6.46781788e-02 -5.31181548e-02 -9.03653324e-02
  9.62306906e-02 -1.45926753e-01  2.16506266e-01  1.33917661e-01
 -6.44534766e-02 -1.94052924e-01  2.00303962e-01  2.04200528e-01
  2.15668002e-01 -1.96551168e-01  2.03649649e-01 -2.37411862e-01
  6.46868613e-02  2.33287197e-01 -6.42230351e-02  6.76651199e-02
  1.28432608e-01  2.32394307e-01 -2.16141239e-01  2.99299377e-01
  6.13046906e-02 -3.22594055e-02 -1.62057938e-01 -2.11058183e-01
  1.06681018e-01 -8.72467317e-02  9.89125724e-02 -2.60304654e-01
 -2.09937964e-01 -3.63117965e-02 -1.81292439e-01  1.09635311e-01
 -1.04887758e-01 -1.97899509e-01  9.91115850e-02  1.60661729e-01
  1.35452736e-01  8.64741217e-02  1.05483013e-01  4.62594251e-02
  6.21598868e-02  1.03902482e-01  7.04156457e-02  1.24430315e-04
  7.10467065e-02 -3.19602082e-02 -6.73268750e-02 -1.65112874e-02
  1.57335927e-01  1.40015857e-01  1.33523781e-01 -5.19174732e-02
  9.63864021e-02 -7.00950930e-02 -1.62630139e-02  2.33503242e-02
  3.42333863e-02  1.67113781e-01  4.33897478e-02  2.21290821e-01
  1.37928296e-01 -3.91053640e-02  1.01965323e-01  2.10007907e-01
  1.06312334e-01 -1.97324426e-01 -2.30608339e-01 -8.27506085e-02
  1.77941765e-01 -6.30180207e-02 -2.54464883e-01  2.16169865e-01
  8.23967748e-02 -1.26527026e-01 -7.31499567e-02  1.31505570e-01
  1.18217784e-01 -1.28503788e-01  1.17292899e-01  1.18746871e-01
  1.24635621e-01 -4.13428693e-02  1.20238842e-01  1.16530747e-03
  3.05558986e-02  4.89601288e-02  9.34348615e-02  9.36773506e-02
 -8.24103048e-02  4.77073916e-02  1.03208207e-01 -8.97381533e-02
 -3.31368745e-02 -3.85449175e-02 -7.02423354e-03 -4.01830267e-02
  1.71034246e-02 -8.72488234e-02 -4.85420678e-02 -7.73337062e-02
  7.78622234e-02 -1.57056225e-02 -6.19929467e-02  4.35576368e-02
  6.62947316e-02  1.21351822e-02 -1.80035319e-03 -9.26049454e-04
  9.88696878e-03 -5.02330181e-03  4.51477843e-02  3.94404933e-02
 -4.56833557e-02 -8.20734589e-03 -1.69405165e-02 -5.13843140e-02
  4.32802002e-02  1.69174351e-02 -6.45493752e-03  6.53191520e-02
  6.33525733e-02 -8.49563640e-02  1.02000716e-01 -1.05914199e-01
  3.92074873e-02  7.30614158e-02  1.11358717e-01 -1.01478168e-01
 -3.71009331e-04  1.10770412e-02  7.63859125e-02 -7.72577081e-02
 -4.60540530e-03  6.39746685e-02 -4.14092523e-02 -2.55154553e-02
 -4.43284370e-03 -2.06575392e-02  4.19164850e-02 -3.91783462e-02
  4.30137335e-02  2.95298264e-02 -2.50705560e-02 -4.10420684e-02
  1.17923267e-02 -4.46797280e-02 -6.63899104e-02 -8.80949355e-02
 -1.97112306e-02 -6.49604138e-02  8.66230137e-02 -5.61439455e-02
 -9.67340937e-03 -5.10742071e-02  1.60298278e-01 -8.12215574e-02
  1.59075392e-01  1.57786964e-01  1.37562440e-01  8.87014400e-02
  1.32565197e-01  1.16540876e-01  1.13427639e-01 -9.34228104e-02
  1.55960316e-02 -1.33663043e-01  7.34807341e-02  1.33036720e-02
  1.23169808e-01 -1.16030081e-01  9.52098005e-02 -8.13363842e-02
 -5.18980592e-02  1.11173968e-01  1.38343762e-01  9.51687549e-02
  1.86478166e-01 -1.22074498e-01 -4.33603520e-02 -1.57595285e-01
  2.49306700e-02  1.98454569e-01  1.89835262e-01 -1.85560406e-01
  1.75961663e-01  1.44368514e-01  1.56881578e-01  1.66410916e-01
 -1.80999923e-01  1.96959262e-01 -7.43581964e-02 -1.59490722e-01
 -3.73791977e-02 -1.75538991e-01  2.65928229e-02 -3.08829802e-02
 -3.29418455e-02 -2.24394123e-01  1.39670209e-01  1.08743246e-02
  2.38281887e-01 -2.07476952e-01  1.67017119e-01 -1.18765124e-01
 -1.35441761e-01  5.92659675e-03 -8.05980429e-04 -1.27162278e-01
 -1.13948256e-01 -8.70026221e-02  8.93071001e-02 -5.97018765e-02
 -8.31264214e-02 -5.41028555e-02 -6.79453788e-02  4.83921777e-02
  6.89487861e-02 -1.03782875e-01  7.07374643e-02  1.35391531e-01
  1.01351439e-01  4.54855476e-02 -9.49204998e-02  4.70749305e-03
  9.05681476e-03 -4.63691343e-03 -1.29910241e-02 -3.92101453e-03
  7.24767677e-02  9.35749074e-02  8.03845444e-02  5.53188689e-02
  3.75724990e-02 -2.77627552e-02 -2.73231465e-02 -2.48991868e-02
 -3.59496187e-02 -4.40965721e-02  9.12196221e-03 -2.84948651e-02
  7.33451198e-02  1.74513936e-02  1.19010631e-01 -1.19500533e-01
 -3.05652162e-02  1.83539702e-02 -1.10200141e-01 -9.52891083e-02
 -2.33623864e-02 -5.72254214e-02 -1.54773758e-02  3.85152537e-02
  2.23614829e-02 -4.92034499e-02  6.34775539e-02  5.10932822e-02
  1.37995172e-02 -4.20968727e-02  3.46980850e-02  4.56878269e-02
 -5.19920526e-02  2.16206196e-02  3.31576376e-02 -3.30156328e-03
  2.88997435e-02 -4.04820121e-02  4.65527943e-02 -9.38946313e-03
  2.89792211e-02 -2.53830833e-02 -3.11027856e-02  3.69258424e-02
  1.14013477e-02 -1.87265561e-02  9.37598333e-03 -2.20653700e-03
 -9.49534064e-03 -5.10187553e-03  1.39786159e-02 -3.93881701e-02
  3.74796214e-02  4.51045189e-02  1.74342137e-02 -1.67420086e-02
 -1.86699738e-02 -3.56384018e-03  3.27015475e-02 -5.54436034e-02
  7.47364603e-02  9.33618485e-02 -7.64781521e-02  8.77670191e-02
  1.02908368e-01  1.43612760e-01 -1.66042015e-01 -1.01880228e-01
 -3.16156674e-02  9.22791867e-02 -1.59508840e-01  2.61444373e-02
 -1.82445148e-01  1.63490533e-01  1.20753651e-01 -2.97758713e-02
 -6.26054698e-02  2.83657595e-02  4.64089424e-02  9.38020165e-02
  3.94724670e-02 -3.89734556e-02 -3.93847170e-02 -1.99670661e-02
 -4.93780573e-02  4.35064660e-02  1.58383311e-02 -6.72301067e-03
 -3.74855217e-02  4.16631276e-02  4.66092426e-02  6.44875834e-03
 -1.48424034e-02 -1.69616003e-02 -1.02960733e-01 -5.91728985e-02
 -7.58799600e-02 -1.43521163e-01  4.48009933e-02  1.24190307e-01
  1.08655642e-01  7.52516958e-02 -1.38382582e-02  4.52962519e-02
  4.98751950e-02  4.67085955e-02 -4.31949965e-02  6.87982915e-02
  8.12743479e-02  9.41292970e-02  5.68626216e-02  6.13951832e-02
  5.14604045e-02  1.18266436e-01 -1.05553907e-01 -2.97481029e-03
  2.25860534e-02 -5.91639931e-03  6.02868253e-03 -4.38187330e-02
  2.05535958e-02 -2.45746344e-02 -3.71503967e-03  4.53441879e-02
  2.98554269e-02  7.80340959e-02  5.61398307e-02  1.24941427e-01
 -3.69455073e-03  1.19297437e-01 -3.34942951e-02  1.65369926e-01
  1.29442870e-01 -1.37491395e-01 -2.87795851e-02 -1.76811227e-01
  1.84234659e-01  1.79845378e-01  1.64785987e-01 -3.85055126e-02
 -7.90155057e-02  1.17885862e-01 -1.27287792e-01 -1.28507670e-01
  7.53455622e-02  1.33104546e-01  1.36061001e-01 -2.72930869e-03
  7.65415959e-02 -1.05628031e-01 -1.27747554e-01 -1.09354690e-01
  1.32429297e-01  1.05500524e-01 -8.59324596e-02 -1.36636152e-01
 -7.49638425e-02  1.13090148e-01 -2.31146733e-02 -1.85589721e-02
  4.66553611e-02 -1.86884751e-02  8.37132175e-02  2.93627800e-03
 -1.18422000e-01 -8.82020789e-02  1.07200980e-01  1.54969635e-01
  2.06021540e-02  2.02102752e-02  9.85002893e-02  1.77785341e-01
  1.03666843e-01  8.23967748e-02 -6.13212573e-02 -1.70103475e-01
 -7.82995974e-02  1.06700356e-01  3.76725226e-02  5.95874106e-02
 -7.21760093e-02 -1.79140455e-01 -9.55349728e-02  6.80640730e-02
 -5.26143589e-02 -1.93795722e-01  2.11761150e-01  1.23128272e-01
  1.09337733e-01 -7.73112698e-02 -2.84211780e-02  1.84564662e-01
  1.70348642e-01 -1.08449498e-01  1.78401925e-01 -1.31799490e-01
 -5.75564749e-02  9.35912610e-02  6.27123290e-02  8.37444370e-02
  7.63887462e-02  1.65159396e-02 -2.64245826e-02  5.07845380e-02
 -2.94319699e-03 -6.80513165e-02 -5.28826477e-02 -1.45449830e-02
 -4.27348417e-02 -1.03624717e-01 -5.71456925e-02  1.04878837e-01
 -7.68998319e-03  1.19102320e-01 -1.21886913e-01  8.74342919e-02
  9.88896082e-02 -9.34185975e-02 -1.15869978e-01  3.60076613e-02
 -2.74294497e-02 -1.30467785e-01 -3.43729191e-02  6.39207536e-02
 -5.99577915e-02  1.40429909e-01 -9.42913224e-02 -3.42543667e-02
  6.65504928e-02 -2.76718187e-03  4.02047469e-02 -3.67738959e-02
  7.49851704e-02  9.43165175e-02  4.94637334e-02 -3.94776735e-02
 -7.61374660e-02  6.92915979e-02 -6.01014714e-02 -9.69285934e-02
  1.73362005e-02 -2.17680925e-02 -1.00039660e-01 -8.59474523e-02
  6.36853124e-02  6.81600025e-02 -4.28884097e-02  4.28198230e-02
  1.35541920e-02 -4.02234848e-02 -3.87189766e-02 -4.98391998e-02
 -4.34167691e-02  2.74894186e-02 -4.67345219e-02 -4.70953694e-02
 -1.91891704e-02  3.94329961e-02 -4.11307795e-02 -4.42786603e-02
 -1.29132102e-02 -5.77477642e-02 -9.72297859e-02  1.21021614e-01
 -1.28155667e-01 -3.43221811e-02 -4.78049463e-02 -2.18524771e-01
 -2.63988372e-01  2.91682446e-01 -2.63330977e-01  3.02389118e-01
  3.21809361e-01 -2.68201904e-01 -2.04778444e-01  3.01553884e-01
  2.39912896e-01  2.00416512e-01  2.36814139e-01  2.32279993e-01
  2.16843292e-01  1.29447870e-01 -2.16637281e-01  1.27509020e-01
  1.84722535e-01  8.88035061e-02  2.34492660e-04  2.33336444e-03
 -6.45013349e-02  4.81916749e-02 -1.03089702e-01 -1.33365966e-01
 -1.02986920e-01  1.77239741e-01 -1.51709880e-01 -6.74630100e-02
 -9.38234950e-02  1.30713689e-01 -3.36347462e-02 -3.88800463e-02
 -8.17958502e-02 -1.73220783e-02 -9.97511562e-02  1.05486858e-02
  8.38279764e-02 -1.02799165e-01 -1.98452155e-02  1.01387370e-01
 -4.65204133e-02 -1.37179011e-01  2.69221225e-02  1.00484070e-01
 -1.40446520e-01 -1.00419599e-01 -1.23373012e-02 -7.66222803e-02
 -9.06312609e-02 -4.45055297e-02 -1.42756067e-01 -1.24907528e-01
  1.79034322e-02 -1.10866118e-01  4.96783435e-02 -1.13709234e-01
  7.39788835e-02  3.57115822e-02  1.10264156e-01 -9.12441093e-02
  1.60294653e-01 -2.05538606e-01 -2.53568197e-02 -1.69763986e-01
 -1.29028051e-02  1.27095509e-01 -1.74805813e-01  2.05701483e-01
 -1.57788689e-01 -2.11341069e-01  9.70210936e-02  3.41002775e-02
 -1.73463291e-01 -1.86651735e-01 -2.34109311e-01  1.29204622e-01
 -1.00019968e-01 -1.49039832e-01 -1.11843505e-01 -1.10888988e-01
  1.99361333e-01 -2.45511795e-01 -2.08027626e-01 -2.83355040e-01
 -1.50739445e-01  2.96933570e-01  1.14366538e-01 -1.07521547e-01
 -3.16102850e-01 -2.49751190e-01 -3.33870974e-01 -3.35380538e-01
  2.88385202e-01 -1.68388047e-01 -1.90629638e-01 -2.02434981e-02
  3.90567671e-01 -1.18530653e-01 -3.50695527e-01 -3.89157459e-01
 -3.68084141e-01  3.87531364e-01  2.44248940e-01 -3.70075199e-01
  5.96013713e-02  4.24853141e-01  4.04881169e-01  8.45607833e-02
  2.26936580e-01  8.84993848e-02 -3.45749155e-01 -1.16772023e-01
  6.60955398e-02  2.81319032e-01  3.24082518e-01  2.61209228e-01
  1.45906862e-01  2.78261375e-01 -2.67589718e-01 -2.19268119e-01
  6.96075077e-02  3.00095257e-01  2.86271498e-01 -2.84997471e-01
  2.60453348e-01  5.13522825e-02 -2.54389559e-01 -1.58973898e-01
  7.43985792e-03 -2.65825172e-01 -2.49707498e-01 -6.69010968e-02
  2.84211438e-01  1.71082375e-01  3.00661664e-02 -3.01276438e-01
 -2.98718305e-01  2.72938531e-01  1.09836975e-01  2.64381116e-01
  1.80986735e-01 -2.17177613e-01  2.60711453e-01 -2.52511894e-01
 -2.02614547e-01 -1.55221315e-01 -2.11810001e-01 -2.15197456e-01
 -2.22040083e-01  1.53878655e-01 -2.35289568e-01 -2.55982258e-01
 -2.77031585e-01 -2.82297409e-01 -1.73148425e-01  3.43695670e-02
  5.51317831e-02  2.80807943e-01  2.50145449e-01  2.75841156e-01
 -1.93263162e-01 -1.01263511e-01 -1.10479560e-01  1.09774585e-01
 -2.02759548e-01  1.88827221e-01 -1.62255019e-01 -8.77822854e-02
  1.19463344e-01  2.50671918e-02 -1.54827926e-01 -2.33233428e-02
 -1.69717913e-01  1.27012525e-01  1.99996450e-01  1.41266892e-01
 -8.11928427e-02 -1.48813147e-01 -1.01520136e-01  4.44344153e-02
 -1.95771781e-02 -5.27091531e-02  1.94621474e-02  1.74092428e-02
  3.29344654e-02 -4.52343728e-02  2.77432724e-02  3.05336689e-02
 -5.55731204e-03 -8.64904830e-03  8.39021614e-04  1.00155026e-03
  4.84452475e-04 -4.89866074e-03  9.42725759e-03  2.31012755e-02
  2.49270767e-02  4.09478021e-02 -6.15984559e-02  6.27944915e-02
  2.49891883e-02 -5.15507653e-02  5.97157645e-02 -4.66780994e-02
 -8.30342765e-02 -6.25650788e-03  9.02207388e-02 -1.12819648e-01
 -1.27440312e-01  1.42170912e-01 -1.73593637e-01  1.79765508e-01
 -1.75391407e-01  1.79953445e-01 -1.73162329e-01  1.75019150e-01
  2.10955221e-01  1.88067189e-01  1.04186747e-01 -2.18453553e-01
  2.60219041e-01 -1.58289157e-01 -1.90818516e-01 -5.34485970e-03
  1.58865572e-01  2.62841528e-01  1.77846070e-01 -2.78613903e-01
 -2.97808289e-01 -2.91143669e-01 -2.79878867e-01 -2.56029608e-01
  2.83316016e-01 -2.33682950e-01  2.32990637e-01 -4.66869833e-02
  1.63345558e-01  1.51369016e-01  1.36953597e-01  1.57921942e-01
 -2.78936866e-01  2.49080147e-01 -2.25692575e-01 -2.43064898e-01
 -2.07231757e-01  1.27298249e-01  1.30599324e-01  2.18896779e-01
 -2.40285259e-01 -8.89100923e-02  1.71745239e-01  2.27765420e-01
 -1.86083914e-01  1.42842624e-01  1.91580200e-01 -2.05318142e-01
 -7.98682646e-02 -6.01145329e-02  1.98488695e-01  2.27920534e-01
 -2.39234711e-01 -2.58423181e-02 -2.47629575e-01  1.20043965e-01
  1.84966885e-01 -2.25097185e-01  1.73910679e-01 -5.32936215e-02
  1.87448540e-02  1.69064484e-01  1.47208252e-01  2.53859577e-01
 -1.50569351e-01  2.09242273e-01  1.14724127e-01  1.61286730e-01
 -6.82679695e-02 -1.89047511e-01 -1.45897460e-01 -3.04084560e-02
  8.54146818e-02  2.08783926e-01 -2.66642894e-01  1.79984233e-01
  1.95444016e-01  2.63565867e-01  2.76412575e-01  2.66439580e-01
 -1.72744974e-01  2.43070341e-01  2.25094058e-01  2.12447837e-01
 -8.48663266e-02 -2.22107284e-02  2.00911662e-01  1.09887012e-01
 -1.16018798e-02 -1.67294880e-01  8.44285318e-02  5.66293010e-02
  1.08802172e-01  6.61861380e-02 -1.73251415e-02 -6.62917983e-02
 -1.86054489e-03 -1.29546462e-01 -1.37648617e-01 -2.83587616e-03
  4.33637357e-02  1.95685134e-02 -1.27675191e-01  7.83860526e-02
  1.18060372e-02  7.21771241e-02  5.50006895e-02  3.23253785e-03
  5.60907185e-02 -4.61075424e-03 -6.30027239e-02 -1.08265692e-01
 -5.27923457e-04  6.09780941e-02 -5.12161185e-02 -5.69337962e-03
  8.15240842e-03 -1.31474036e-02  2.64456657e-02  8.31561675e-02
  9.94956634e-02 -2.75408453e-02 -1.16517529e-01  3.52107429e-02
 -8.23907679e-02  1.22829700e-02 -4.12140174e-02 -4.72663408e-02
 -2.55586077e-02  1.14343582e-02 -8.21534884e-03  2.15513960e-02
  1.90659497e-02 -9.16174369e-02 -2.72460337e-02 -8.76215872e-02
 -3.55460890e-02  8.21461788e-02  1.33073420e-02  6.58653265e-02
 -2.90628342e-02 -6.92850115e-02  4.58421397e-02 -5.65975606e-02
  6.89152004e-03 -6.66293801e-02 -5.13428688e-02  9.42346212e-03
  2.50224601e-02  1.61016049e-02  6.07305919e-02  7.49897486e-02
  5.77373644e-02 -1.93964483e-02 -4.93556353e-02  4.91708346e-02
  1.91252928e-02  4.38999544e-02  1.32692447e-02 -5.31109441e-02
  1.59738825e-02 -1.65443838e-02  5.45874894e-02 -7.76656947e-02
 -9.07557739e-02  6.56432033e-02  1.19508564e-02  1.39476372e-02
 -6.09605824e-02  1.13720507e-02 -1.10305549e-01 -1.18039433e-01
 -8.30877288e-02 -1.03697922e-01 -1.94589753e-01  2.13112190e-01
 -1.44019857e-01  6.31511369e-02 -5.29022880e-02  2.29775515e-01
  5.07619704e-02 -1.70887488e-01 -1.57377218e-02  2.13632806e-01
  2.46413294e-01  2.13237756e-01  8.72953477e-02  7.65581864e-02
 -2.58074973e-01 -2.63826471e-01  3.75672593e-02 -1.46797738e-01
 -2.13463242e-01  1.43436784e-01 -1.75475806e-01 -1.56033337e-01
 -1.33903078e-01  1.62999022e-01 -2.33474495e-03 -8.70343703e-02
 -1.39620900e-01 -3.01034777e-02 -1.26744952e-01 -1.86112374e-01
 -5.83176020e-02  1.93063003e-01  1.52111277e-01  1.17905826e-01
  8.35018397e-02 -3.57805378e-02  6.67024746e-02 -1.48837591e-01
  1.07487547e-01  1.59077231e-01 -1.14852913e-01  4.89551785e-02
  1.19240298e-01 -1.70485553e-01 -1.05841603e-01  1.79064287e-01
 -2.24809775e-01  1.01537574e-01 -2.19585408e-01 -1.44834102e-01
 -1.99955171e-01 -2.07400542e-02  8.65584311e-02  1.86182876e-01
  1.22277938e-01 -5.09557293e-02 -1.49229105e-01 -5.26748669e-02
 -7.16604484e-03 -7.47970755e-02 -1.11343783e-01 -3.55355661e-02
 -2.10475349e-02  8.68838441e-02 -8.47217545e-02  2.11559013e-02
  2.51599776e-02 -4.00566800e-02  9.00808099e-02  9.99832782e-02
 -2.26302776e-03 -4.49785353e-02 -9.23643003e-02 -7.39991523e-03
  8.31874949e-02  7.99249752e-02 -1.30200552e-02  7.46075284e-02
  4.50341093e-02 -9.57862742e-02 -1.40979304e-02 -8.59637655e-02
 -7.87034541e-03  1.27454748e-01  1.27060868e-01  8.66196386e-02
 -9.81141726e-02 -2.09607668e-02 -2.48661887e-02  7.86999332e-02
 -2.81511966e-02  5.75410336e-02  2.12080388e-02 -6.37129844e-03
  2.59619788e-02  1.19713365e-02  1.52685700e-02 -1.35040573e-02
  5.55522034e-02  1.19959205e-03  3.31262484e-02 -5.48323196e-02
  7.55107293e-02  3.16849025e-02 -6.96014882e-02  1.77666345e-02
 -7.91468413e-02 -1.13978680e-02 -8.23886700e-02 -4.59768730e-02
 -1.03037259e-01 -1.08548226e-01  7.45981143e-02 -1.28436711e-01
 -1.49486958e-01 -9.07655453e-02  3.92134436e-02 -1.59557193e-01
  4.17449309e-02 -7.46649464e-02  5.15533985e-02  1.11983218e-01
  6.59466921e-02  1.71982227e-01  5.70741980e-02 -3.85230959e-02
  1.19677702e-01  9.92016594e-02 -9.54348832e-02 -1.42916302e-01
  1.78142132e-01 -9.12353348e-02 -5.76573684e-02  4.72661487e-02
 -4.37689404e-02 -2.53983292e-02 -1.59617680e-01 -2.98294314e-02
  1.66137107e-01  3.67753734e-02 -1.11229237e-01 -1.52666232e-01
  1.40714383e-01 -6.77953822e-02 -9.59610557e-02 -6.86724963e-02
  1.42248609e-01  1.16428037e-02 -1.25499555e-01  5.49482195e-02
 -6.67099059e-02  7.28937689e-02 -7.39034770e-02 -1.16814605e-02
  5.16606641e-02 -5.76122418e-02  3.71722147e-02  4.29454968e-02
 -5.00177185e-02 -6.73233362e-02  3.89672080e-02  2.31164663e-02
  5.12290345e-02 -8.95881561e-03  7.36817668e-03  2.52973911e-02
  5.06018590e-02  4.50728419e-02  4.39512509e-02 -5.80603240e-02
 -1.34801228e-02  1.03027123e-02 -1.98695524e-02  6.20312380e-02
  4.45229137e-02  8.09226123e-02 -8.88221429e-02 -5.87038100e-02
 -8.01119830e-02 -7.19925500e-02  3.17270774e-02  4.93428530e-02
 -5.06097705e-02  6.46080235e-02  7.06437901e-03  4.93557374e-02
 -3.78209289e-02  4.04762600e-02  6.22380848e-02 -7.29255978e-02
  9.44467877e-02  6.31686484e-02 -6.80348855e-02  5.81766472e-02
 -3.52697429e-02 -8.94859339e-03  6.59093932e-02  3.53474958e-03
  9.55334859e-03 -6.04646601e-02 -9.61502324e-02  5.69636175e-02
 -1.03158670e-02  5.27543314e-02 -5.90519779e-02  1.04025098e-01
 -1.60373251e-02  2.17780553e-01  8.31373612e-02  9.27445083e-02
  2.85074453e-01  2.88074219e-01 -5.11968539e-02 -3.24265471e-01
  1.79503435e-01  3.08993870e-01 -1.44792259e-01 -3.18983282e-01
 -2.34975813e-01 -6.47791406e-02 -2.60003818e-01 -5.95119239e-02
  5.27893412e-03 -2.36164276e-01 -2.13067202e-01  2.99793690e-02
  3.45845057e-01  2.00743732e-01 -7.85360801e-02  1.09352118e-01
  1.22290032e-01  1.46766067e-01  3.35096395e-01  3.23459675e-01
  1.78195155e-01 -2.09699280e-01 -1.29728747e-01 -2.47279202e-01
  1.01397041e-02  2.69825678e-02  2.31816968e-01  1.74174248e-01
  9.20990192e-02  7.27203745e-02  1.87837259e-02  2.28882286e-01
  1.44413580e-01 -7.68223619e-02  3.25057883e-01  3.46285897e-01
  3.42838261e-01  2.13994488e-01 -4.19472247e-01  7.45309914e-02
  4.29894866e-01 -3.57464495e-01 -3.92626153e-01 -3.70605484e-01
 -2.56529539e-01 -3.32094215e-01 -1.95444502e-02  3.27435290e-01
 -3.81114154e-01 -1.12108160e-01  1.56371616e-01  1.01203062e-01
  5.48692621e-02 -2.42996691e-01 -3.79966485e-01 -2.00988085e-01
 -1.84651010e-01 -1.38645271e-01  3.40363980e-04  4.20262284e-01
 -2.06266372e-01 -3.28753203e-01  2.56268845e-01  1.08229532e-01
 -4.00581528e-01 -3.55116421e-01 -3.29081098e-01 -2.34392766e-01
 -3.99655223e-01  3.74899771e-01  3.95152151e-01  8.17783340e-02
 -1.77393647e-01  3.16798135e-01  3.51778952e-01  3.50477773e-01
  1.65295010e-01 -9.07881437e-02 -3.24610888e-01  1.96903405e-01
 -8.04641557e-02  1.02143116e-01  2.24967549e-01  1.49558936e-02
 -2.66218419e-01  2.87431819e-01  1.35883792e-01  7.28779853e-02
  2.27651288e-01  2.83783048e-01  2.15084323e-01  2.85721547e-01
  2.28240905e-01  5.28995785e-02 -9.29958560e-03  2.47346151e-01
 -2.66687455e-01  8.31456119e-02 -1.34696087e-01  8.08021737e-02
  2.02653369e-01  1.84877754e-01  9.64591978e-02 -1.44177911e-01
 -1.11719772e-01 -5.47660987e-02  4.22698097e-02  4.09722120e-02
 -7.32815820e-02 -1.77295859e-02 -1.13135327e-02  4.14386702e-02
 -1.04143380e-01 -9.61969825e-02  2.69907933e-02 -8.37164255e-02
 -9.81996417e-02  1.13864746e-01 -1.11722608e-01  8.53278969e-02
  1.09587378e-01 -1.00027217e-01 -5.65636436e-02  9.96305702e-02
  4.32264417e-02  1.82832286e-02  3.71907069e-03 -1.10551017e-01
  5.88121732e-02  1.24050438e-01  1.03501710e-02  1.19279997e-01
 -1.09439686e-01  5.18905719e-02 -1.25384732e-03  6.69698591e-02
 -1.27763054e-01  3.57113180e-03  1.04184882e-01  5.26049877e-02
 -1.35262747e-01 -1.43902336e-01  7.78351481e-02 -1.15385426e-01
  2.09569462e-02  1.92543129e-02 -6.81715349e-02  9.17633386e-02
  6.60887172e-02  5.23163126e-02 -4.94149904e-02  5.74888674e-02
  1.01318404e-02 -1.46051590e-02 -5.26028297e-02  5.42493119e-02
 -2.81357233e-02 -2.01632015e-03 -4.50329992e-02 -4.63949031e-02
 -3.57887843e-02  2.86214404e-02  4.95570888e-02  6.28083277e-02
  7.06652914e-02 -9.68255700e-02 -8.79766136e-02  1.01168483e-01
  4.96783435e-02  7.24843996e-02  7.82200875e-02  3.64303325e-02
  5.53732255e-02  7.18136406e-02  6.01830889e-02 -8.61166475e-02
  4.67667539e-02 -6.37928787e-02 -1.02460447e-01  9.54834905e-04
 -1.16194832e-01 -5.53965732e-02 -7.32697224e-02 -3.41195594e-02
 -1.59878970e-01 -1.57338200e-01 -1.86038628e-01 -1.86656923e-01
  1.06088883e-01 -7.57851261e-02 -1.35774372e-01 -1.60380783e-01
 -1.60914877e-01 -1.65505371e-01 -1.17177981e-01 -1.87811270e-02
 -7.49120834e-02  4.69486439e-02 -1.50845755e-01  1.35688095e-01
  2.19650533e-01  2.41555981e-01  1.61834494e-01 -2.45211668e-01
  2.55968835e-01  3.63651509e-02 -1.22887261e-01 -6.27255091e-02
  1.62364422e-01  2.56129905e-01  8.66403624e-02  2.92212851e-01
 -9.63643780e-02 -3.25799478e-01  1.88410345e-01  1.22881544e-01
  3.55448170e-01  3.19269136e-01  3.26870782e-01  1.09321423e-01
  3.71741862e-01 -2.26470505e-01 -3.77234137e-01 -3.89878317e-01
 -4.03010958e-01 -3.95528395e-01 -1.17326772e-01  1.34128538e-01
  2.69349484e-01 -5.05145312e-02 -2.20490636e-01  4.85211834e-02
  1.23807106e-01 -1.37525136e-01 -1.94288794e-01 -1.39026867e-01
  3.18496121e-01 -2.61957824e-01 -2.48068641e-01  2.45911098e-01
 -3.47939564e-01 -3.32294942e-01 -2.90155918e-01 -2.72985679e-01
 -3.52456932e-01 -3.69463383e-01 -3.41551764e-01 -1.88392164e-01
 -2.23273296e-01 -3.38830831e-01 -3.11091355e-01 -3.13898813e-01
 -1.92025333e-01 -1.55259735e-01 -1.73816034e-01  2.11550762e-01
 -1.10143070e-01  1.15647166e-01 -1.05951118e-02 -7.11041433e-02
  1.63845945e-01 -1.16851702e-01  1.03562314e-01  1.51733954e-01
  1.48593247e-01  7.03926301e-02 -7.21251971e-02 -4.59856226e-02
 -5.06406248e-02  7.70848882e-02 -3.78795397e-02  2.58597136e-02
 -1.59857979e-01 -5.41883189e-02  9.14046694e-02 -1.70501273e-01
 -1.70879147e-01 -1.66980404e-01 -1.55435919e-01 -1.09838290e-01
  1.03592507e-01  9.75701060e-02 -9.88264164e-02 -8.40551804e-02
 -3.39455394e-02 -5.18262823e-02  3.53658062e-02  4.15547480e-02
 -3.66450741e-02 -1.85393208e-02 -1.64545432e-03  8.02237957e-03
  2.31107175e-02  9.02420992e-03 -3.60923796e-02  1.04125499e-02
  2.16248063e-02  2.63551982e-02  3.46161229e-02 -1.12488470e-03
  2.57380495e-02 -5.75487131e-02  5.28835006e-02 -6.03326979e-02
 -6.65445636e-02 -7.19374597e-02  3.84711707e-03 -8.25580915e-02
 -2.76266971e-02  2.78185992e-02  8.97125325e-02  8.65170365e-02
 -7.91164990e-02  6.56923807e-02 -1.93646711e-03 -5.38925213e-02
 -4.11711288e-02  4.03506353e-02 -3.63818919e-02 -3.23013665e-02
 -3.29738559e-02  2.89857051e-02 -1.04741349e-02 -3.86312733e-02
 -2.90133578e-02 -5.41823967e-02  5.29975923e-02  5.23899900e-02
 -5.15434472e-03 -4.99783655e-02 -5.55539209e-02  2.76537252e-02
  6.68334056e-02  3.04518164e-02  1.10446805e-01  1.08914698e-01
 -7.22147528e-02 -7.12625077e-02 -1.17919382e-01  1.26403977e-01
  7.42479810e-02 -9.26322738e-02  5.54486141e-02  8.62891484e-02
 -4.86591544e-02  1.65031833e-01  1.65132166e-01  1.45652780e-01
  5.11093541e-02  2.69050421e-02  7.64904826e-02  2.00637768e-01
  1.95215125e-01 -1.94445372e-02 -4.93415594e-02  8.83474155e-02
 -1.58856363e-01  2.90948064e-02  8.38075372e-02 -1.62946144e-01
 -2.21433161e-01 -4.35650825e-02  5.91636546e-02  1.87303363e-01
  9.50547671e-02  2.77501580e-01  2.68346806e-01  2.90603069e-01
 -6.12392890e-02  4.26776320e-03  3.08275231e-01  1.36238643e-01
 -5.49175701e-02 -1.49466109e-01 -2.45023969e-01 -2.29525404e-01
  2.63415044e-01 -9.14743468e-02 -1.30530280e-01 -2.54835059e-01
  2.01479733e-01 -1.44909252e-01 -2.42809038e-01  5.18435893e-02
 -1.59117010e-01 -2.37130744e-01 -2.65903086e-02  1.49334973e-01
 -1.44302613e-01 -2.13861630e-01 -1.07678759e-02 -1.59976625e-01
  1.50848874e-01 -1.58258686e-01  7.83890133e-02 -1.89232734e-01
  7.99403496e-04  9.88575649e-02  1.64476488e-01 -2.24891823e-01
  7.85806528e-02 -1.94102369e-01  1.73376375e-01 -3.92196910e-02
  1.24395257e-01 -1.88546111e-01 -1.89428405e-01  1.70582718e-01
 -1.56805548e-01 -1.44055466e-02 -1.64110386e-01  1.39420218e-01
 -1.53876212e-01  1.53501629e-01  3.56326556e-02  1.47231026e-01
 -9.23120389e-02  1.22941293e-01  1.32628936e-01 -5.96234079e-02
  1.21900936e-01 -1.38855769e-01  2.61810523e-02  5.06877034e-02
  1.12760685e-01  1.26130522e-01 -1.23089055e-01 -3.46281209e-02
 -1.55187715e-02  8.16120721e-02  1.41601998e-01  9.29953207e-02
 -1.03092998e-01  1.05352014e-01  7.74021385e-02  6.72610361e-02
  8.10309752e-02 -7.65856492e-02  7.72882102e-02  3.64587451e-02
 -6.66647051e-02 -2.54388394e-02 -3.17821259e-02  3.93725235e-02
 -3.36906301e-02  1.57154807e-02 -3.57940813e-02  3.87647889e-02
 -3.20731998e-02 -1.18468013e-02  3.59735939e-02  2.74453727e-02
  2.93822130e-02 -3.91469179e-02 -2.45801598e-02 -2.86926714e-03
  5.04524319e-02 -5.83120965e-02 -5.39529359e-02  5.22377586e-02
  9.60376338e-03  3.87690793e-02 -4.29100443e-02 -3.80683357e-02
  1.78657710e-02 -6.66601287e-03  7.78842179e-03  7.67439791e-03
  6.49603793e-03  5.36994295e-03 -7.36043699e-03 -2.07803710e-02
  4.77817938e-04 -3.12438147e-02  6.60224109e-03 -9.02137913e-03
  6.41540533e-03 -3.80379990e-02  1.03549110e-02  5.37162524e-02
  3.32630848e-02  3.84336839e-02  5.89643337e-02 -6.36739549e-02
 -8.69158585e-03 -4.60295373e-02 -6.09933899e-02 -4.60517896e-02
  3.13955984e-02 -1.62313494e-02  2.79245274e-02 -5.24827295e-02
  6.04599291e-03 -1.31619351e-02  4.00481531e-02 -4.70620349e-02
 -3.65266814e-02 -2.32255161e-02  7.84713391e-03 -1.05488665e-02
  8.61567207e-03 -1.18751863e-02  2.23379761e-02 -2.30773645e-02
  5.09896676e-02  5.08507411e-02  3.40482777e-02 -1.73582676e-02
 -7.05060025e-03 -4.87713728e-04 -5.92834323e-03 -1.07735918e-02
 -1.08220520e-02 -1.24038707e-02  1.90108877e-02  3.59969450e-02
 -8.93938292e-03 -2.11290639e-02  4.75150886e-02  3.64602808e-02
 -3.59091090e-03 -3.58924833e-02 -3.36480588e-02 -2.72542262e-02
  4.27932748e-02  4.20940444e-02  3.87977093e-02  2.18876749e-02
  2.75234171e-02 -3.64427231e-03 -2.17516115e-02 -1.68509024e-02
  3.06579794e-02  1.57218046e-02  3.48439864e-02  3.41750333e-02
  2.94444110e-02 -1.75832552e-02 -1.72943441e-02  1.65275520e-02
 -0.00000000e+00 -7.56024554e-03 -8.57220977e-03 -1.30904221e-02
 -3.75503170e-02  4.66826526e-02 -5.27874974e-02 -1.08839941e-02
 -5.65734835e-02  9.89773661e-03 -6.09547247e-02  6.99678847e-02
  7.62033241e-02 -8.35857691e-02 -3.96087789e-02 -3.23941896e-02
 -1.04475294e-01 -2.44640901e-02 -3.98298885e-02  1.26245348e-01
  1.23107948e-01  1.37223991e-01  9.69244422e-02 -1.43030245e-01
  3.39262391e-02  1.51407899e-01 -8.03982759e-03 -1.19955974e-01
  4.05786581e-02 -6.72062699e-03 -1.31144322e-01 -2.16236602e-01
  2.21875525e-01 -2.32557356e-01  3.21222364e-02  2.46351157e-01
 -2.39007747e-01  2.38018712e-01 -2.11647830e-01  2.27009471e-01
 -2.22202097e-01  2.10911407e-01  1.91757173e-01 -1.44718876e-01
 -2.06250484e-01  2.15375761e-02 -8.78484068e-02  2.04356106e-01
  2.04987908e-01 -1.94100204e-01  1.90191886e-01  2.44674134e-01
  6.23033000e-02  1.44536352e-01  1.47962947e-01  2.36840269e-01
 -1.93794020e-01  1.94191168e-01 -1.16135683e-01  2.43056498e-01
  7.71254944e-02 -2.67009676e-01  1.69311119e-01  2.66007751e-01
 -8.19856514e-02  2.18030776e-01  2.43671330e-01  7.38789878e-02
 -2.55364894e-01 -2.66859146e-01 -2.81461604e-01 -2.94465155e-01
 -2.91402592e-01 -1.34009260e-02  2.65452760e-01  1.49019157e-01
 -2.32959274e-01 -9.11446525e-02 -6.09404047e-02  1.19967982e-01
 -7.29776337e-03 -1.37365323e-01 -3.80638900e-02  9.98950563e-02
 -1.25157473e-02  2.49765656e-02  1.67026174e-01  1.76300573e-01
 -1.09477808e-01  1.55862719e-01 -1.20850365e-02 -1.55629916e-01
 -1.56765229e-01 -1.40048417e-01  1.40490324e-01 -1.84045732e-01
 -3.23052522e-02  1.00775271e-01 -1.20317510e-01  1.60818988e-01
  4.07725428e-02 -1.89182920e-01  1.74237302e-01 -1.00205836e-01
 -1.54830765e-01 -1.23392816e-01 -9.99068133e-02  1.49442066e-01
  4.27797573e-02 -1.27447463e-01 -1.34406525e-01  1.06009252e-01
  8.26590191e-02  6.10536830e-03 -1.82954008e-02 -9.24700975e-02
 -1.02497962e-01  8.82431024e-03 -1.40289248e-01 -2.21373094e-04
  1.09924004e-01  6.80020588e-02  1.10094048e-01  6.19698147e-02
  1.60101555e-03 -9.41496031e-02 -2.85301941e-02  9.67407901e-02
 -6.00392804e-02 -1.11111472e-01  3.50999171e-03  2.27922976e-03
  4.57782782e-02  8.50150465e-02  2.37113397e-02 -3.18476521e-02
 -7.17204569e-02  7.77776251e-02  4.69494716e-02 -7.73158932e-02
 -8.44785806e-03 -6.81418821e-02 -6.90484927e-02  1.23406238e-03
  8.56633342e-02 -9.66237860e-02 -1.07093250e-01 -9.74836299e-02
  2.97700261e-02  2.49500394e-02  1.73152358e-02 -5.42831785e-02
 -4.30761207e-02  5.57565420e-03 -4.54856991e-02  7.58294922e-02
 -2.90439084e-02 -4.75619969e-02  1.47520604e-02 -5.26839541e-02
  5.16231064e-02  7.69148107e-03 -3.69854620e-02  4.45705214e-02
 -5.04414942e-02  4.69876762e-02  2.06175632e-02 -7.49939819e-02
 -3.30688509e-03  8.40278481e-02 -8.49295171e-02 -7.45276003e-02
  8.39029361e-02  9.39458939e-02  1.02188443e-01  1.08240843e-01
  1.04731244e-01  2.49675941e-02  1.25003041e-01  1.33673966e-01
  1.21522944e-01  8.56509155e-02 -7.18066019e-02  8.71815976e-02
 -1.75179086e-01 -1.60592827e-01 -3.15517838e-02 -1.16708688e-01
 -1.57445044e-01  1.16895938e-01 -6.25631115e-02  2.08258624e-01
 -1.48782854e-01  1.74728130e-01  6.52502522e-02 -4.07290186e-02
 -2.18189664e-01  2.06870823e-01  2.10322099e-01  2.03854792e-01
 -1.95962927e-01  1.10554785e-01 -2.17710604e-01  2.19175375e-01
  1.15068674e-01  1.55091474e-01  1.59869816e-02 -9.91348995e-02
 -1.77010365e-01 -2.09333510e-02 -1.96418126e-01  1.83943285e-01
 -1.82147654e-01 -9.11827149e-02 -2.16573240e-01  7.92920166e-02
  1.25998018e-01 -6.29372515e-02  1.76146473e-01 -1.01106281e-02
  3.86916535e-02 -5.56629986e-03 -1.66512840e-01 -9.21008684e-02
 -8.02117209e-02 -1.10559042e-01  1.66935561e-01  2.23765809e-01
 -1.76548500e-01 -1.98740913e-01 -2.93689830e-01  7.82763165e-02
 -8.61220582e-02  1.57644451e-01 -5.18285542e-02 -2.50290262e-01
  2.81412257e-01 -1.24729608e-01 -2.31431507e-01 -2.43088077e-01
  2.24989055e-01  1.59799540e-01 -1.60373301e-01 -4.37124435e-02
  1.92615101e-01 -4.23178590e-02 -1.11151518e-01 -1.72274884e-01
 -2.36810086e-01  6.76155540e-02  1.33471262e-02 -2.17074603e-01
  2.11346249e-01  1.71127862e-01 -1.76305349e-01 -9.41258048e-02
 -1.34759932e-01  1.10957653e-01  1.91500109e-01  1.61852633e-01
 -1.75064413e-01  1.88049838e-01  1.51562225e-01 -1.45239534e-01
  5.45021213e-02 -1.93973290e-01 -5.68169389e-02  4.21591546e-03
  5.58361394e-02  1.79156189e-01  2.48363189e-01 -8.48588352e-04
 -1.44237750e-01  2.85633196e-01  2.94450743e-01  3.01636574e-01
  3.46577954e-02 -1.84111580e-01 -1.22082906e-01  1.84270864e-01
 -2.51645538e-01  2.02632406e-01  1.45104135e-01  2.75594798e-01
  2.71197093e-01  2.44139427e-01  2.52494765e-01  3.47391179e-01
 -2.51887641e-01  2.37789269e-01  1.54501181e-01  1.69306385e-01
  3.05671791e-01 -3.94497156e-01  3.73434152e-01  1.77161586e-01
  1.56501091e-01  1.53919205e-01  4.31374388e-01  1.90731335e-02
  2.73123599e-01 -9.14799265e-02  4.27733365e-01 -4.05470647e-01
 -3.97902573e-01 -3.99958008e-01 -3.61286672e-01 -3.70861648e-01
  1.99426599e-01 -2.20626948e-01  1.22742650e-01 -3.47822175e-01
  2.51490134e-01  3.25320407e-01  1.30420791e-01  2.31229838e-01
  3.11881754e-01  7.10366047e-02 -6.46128475e-02  3.35167232e-01
  1.62860839e-01 -1.91939882e-01 -3.49296852e-01  3.73260986e-01
 -3.66871560e-01  4.86090393e-02 -3.39287232e-01 -3.05358552e-01
  1.76331083e-01 -2.51439962e-01 -4.22110827e-02  1.56045114e-01
  1.70582577e-01  2.64696827e-01 -7.68649117e-02 -1.42914742e-01
  2.32200914e-01 -2.79985109e-01 -2.40190071e-01  1.76845149e-01
  7.70544023e-02  1.69435241e-01  9.80509147e-02  9.90514343e-02
  3.83352119e-02  7.97785891e-03  8.43318112e-02  7.02874400e-02
 -4.37933232e-02 -2.74688745e-01 -2.12413396e-01 -2.53742032e-01
  4.03236212e-02  2.45130145e-01 -1.60902897e-01 -1.71450016e-01
 -2.18417323e-01 -4.39404063e-02  1.33724978e-01  1.71501922e-01
  1.28190515e-01 -1.26671316e-01 -6.33006048e-03 -3.67930596e-02
 -1.20948145e-02  7.65388573e-03 -6.18376659e-02 -1.32196132e-02
  2.80291314e-02 -4.49635806e-02  2.34794958e-02 -2.20622590e-02
  2.44602254e-02  1.76389993e-02  9.60299816e-02  1.14101555e-01
  9.46808208e-02 -9.80467821e-02  2.17267945e-03  9.41381278e-02
  1.42494767e-01 -8.51284433e-02 -1.68426610e-01  1.12407187e-01
 -1.65053796e-01 -1.94444682e-01 -7.11638450e-03  1.67240581e-01
  2.29565071e-01 -8.78987885e-03 -2.99104794e-02  1.97080124e-02
 -2.23609839e-01 -7.45455583e-03 -1.09626579e-02 -2.12567662e-01
 -1.43355281e-01 -7.54150503e-02 -3.24332044e-01  2.97673103e-02
  4.03828881e-01  1.22226914e-01 -5.72639410e-02 -3.44145740e-01
 -3.81653803e-01 -2.91596470e-01 -2.12626158e-01 -2.95473093e-01
 -5.94888026e-02  3.98367986e-01  3.57809437e-01 -1.37231081e-01
 -1.46354436e-01  5.09916550e-01  4.17654006e-01  1.75716035e-01
 -4.03000477e-01 -1.21794320e-01  2.88039096e-01  5.26679218e-01
  4.34375484e-01  4.71526877e-01  1.95083402e-01 -5.32597985e-01
 -4.19591794e-01 -5.35220726e-01 -5.45021763e-01 -5.24618614e-01
 -4.98527005e-01 -4.12489345e-01 -4.60789201e-01 -4.22836485e-01
 -9.46144102e-02  3.90271141e-01  5.04838707e-01  5.20752218e-01
  1.88009104e-01 -4.55795746e-02 -4.39343407e-01 -5.06563787e-01
 -4.48204371e-01 -4.02831517e-01 -4.78977557e-01 -5.16742477e-01
 -4.97081116e-01 -4.77522478e-01 -4.85297093e-01 -3.72278497e-01
 -4.64546323e-01 -3.20615064e-01 -4.79467835e-02  1.54429212e-01
  4.78329604e-01  3.41717855e-01  8.29642795e-02 -3.68087013e-01
 -4.42686408e-01 -4.83622371e-01 -4.81749908e-01 -4.31140181e-01
 -2.51047780e-01  9.69553017e-02  4.33432605e-01  4.43313430e-01
  1.69665783e-01 -2.27407014e-01 -2.72475423e-01  1.42919475e-02
  1.08654451e-01  4.54135432e-01  4.09070138e-01 -3.95900135e-02
 -9.05728078e-02  5.12241336e-02 -2.01774120e-01 -2.72079884e-01
 -1.94160374e-01 -3.05973628e-01 -3.88896331e-01 -3.76617040e-01
 -3.20515286e-01 -8.07655611e-02  1.29068710e-01  7.64675049e-02]
[6.6 6.6 6.6 6.6 6.6 6.6 6.6 6.5 6.5 6.5 6.5 6.5 6.5 6.5 6.5 6.5 6.5 6.5
 6.5 6.5 6.5 6.5 6.5 6.5 6.5 6.5 6.5 6.5 6.4 6.4 6.4 6.4 6.4 6.4 6.4 6.4
 6.4 6.4 6.4 6.4 6.4 6.4 6.4 6.4 6.4 6.4 6.4 6.4 6.4 6.4 6.4 6.4 6.4 6.4
 6.4 6.4 6.3 6.3 6.3 6.3 6.3 6.3 6.3 6.3 6.3 6.2 6.2 6.2 6.2 6.2 6.2 6.2
 6.1 6.1 6.1 6.1 6.1 6.1 6.1 6.  6.  6.  6.  6.  5.9 5.9 5.9 5.9 5.9 5.8
 5.8 5.8 5.8 5.8 5.8 5.8 5.8 5.8 5.8 5.8 5.8 5.8 5.8 5.8 5.8 5.8 5.8 5.8
 5.8 5.8 5.7 5.7 5.7 5.7 5.7 5.7 5.7 5.7 5.7 5.7 5.7 5.6 5.6 5.6 5.6 5.6
 5.6 5.6 5.6 5.6 5.6 5.6 5.6 5.6 5.6 5.6 5.6 5.6 5.6 5.6 5.6 5.6 5.6 5.6
 5.6 5.6 5.6 5.6 5.6 5.6 5.6 5.6 5.6 5.6 5.6 5.6 5.6 5.6 5.6 5.6 5.6 5.6
 5.6 5.6 5.6 5.6 5.6 5.6 5.6 5.6 5.6 5.6 5.6 5.6 5.6 5.6 5.6 5.6 5.6 5.6
 5.6 5.6 5.6 5.6 5.6 5.6 5.6 5.6 5.6 5.6 5.6 5.6 5.6 5.6 5.6 5.6 5.6 5.6
 5.6 5.6 5.6 5.6 5.6 5.6 5.6 5.6 5.6 5.6 5.6 5.6 5.6 5.6 5.6 5.6 5.6 5.6
 5.6 5.6 5.6 5.6 5.6 5.6 5.6 5.6 5.6 5.6 5.6 5.6 5.6 5.6 5.6 5.6 5.6 5.6
 5.6 5.6 5.6 5.6 5.6 5.6 5.6 5.6 5.6 5.6 5.6 5.6 5.6 5.6 5.6 5.6 5.6 5.6
 5.6 5.6 5.6 5.6 5.6 5.6 5.6 5.6 5.6 5.6 5.6 5.6 5.6 5.6 5.6 5.6 5.6 5.6
 5.6 5.6 5.6 5.6 5.6 5.6 5.6 5.6 5.6 5.6 5.6 5.6 5.6 5.6 5.6 5.6 5.6 5.6
 5.6 5.6 5.6 5.6 5.6 5.6 5.6 5.6 5.6 5.6 5.6 5.6 5.6 5.6 5.6 5.5 5.5 5.4
 5.4 5.4 5.4 5.4 5.3 5.3 5.3 5.3 5.2 5.2 5.2 5.2 5.2 5.2 5.2 5.2 5.2 5.2
 5.2 5.2 5.2 5.2 5.2 5.2 5.2 5.2 5.2 5.2 5.2 5.2 5.2 5.2 5.2 5.2 5.2 5.2
 5.2 5.2 5.2 5.2 5.1 5.1 5.1 5.1 5.1 5.1 5.1 5.1 5.1 5.1 5.1 5.1 5.1 5.1
 5.1 5.1 5.1 5.1 5.1 5.1 5.1 5.1 5.1 5.1 5.1 5.1 5.1 5.1 5.1 5.1 5.1 5.1
 5.1 5.1 5.1 5.1 5.1 5.1 5.1 5.1 5.1 5.1 5.1 5.1 5.1 5.1 5.1 5.1 5.1 5.1
 5.1 5.1 5.1 5.1 5.1 5.1 5.1 5.1 5.1 5.1 5.1 5.1 5.1 5.1 5.1 5.1 5.1 5.1
 5.1 5.1 5.1 5.1 5.1 5.1 5.1 5.1 5.1 5.1 5.1 5.1 5.1 5.1 5.1 5.1 5.1 5.1
 5.1 5.1 5.1 5.1 5.1 5.1 5.1 5.1 5.1 5.1 5.1 5.1 5.1 5.1 5.1 5.1 5.1 5.1
 5.1 5.1 5.1 5.1 5.1 5.1 5.1 5.1 5.1 5.1 5.1 5.1 5.1 5.1 5.1 5.1 5.1 5.1
 5.1 5.1 5.1 5.1 5.1 5.1 5.1 5.1 5.1 5.1 5.1 5.1 5.1 5.1 5.1 5.1 5.1 5.1
 5.1 5.1 5.1 5.1 5.1 5.1 5.1 5.1 5.1 5.1 5.1 5.1 5.1 5.1 5.1 5.1 5.1 5.1
 5.1 5.1 5.1 5.1 5.1 5.1 5.1 5.1 5.1 5.1 5.1 5.1 5.1 5.1 5.1 5.1 5.1 5.1
 5.1 5.1 5.1 5.1 5.1 5.1 5.1 5.1 5.1 5.1 5.1 5.1 5.1 5.1 5.1 5.1 5.1 5.1
 5.1 5.1 5.1 5.1 5.1 5.1 5.1 5.1 5.1 5.1 5.1 5.1 5.1 5.1 5.1 5.1 5.1 5.1
 5.1 5.1 5.1 5.1 5.1 5.1 5.1 5.1 5.1 5.1 5.1 5.1 5.1 5.1 5.1 5.1 5.1 5.1
 5.1 5.1 5.1 5.1 5.1 5.1 5.1 5.1 5.1 5.1 5.1 5.1 5.1 5.1 5.1 5.1 5.1 5.1
 5.1 5.1 5.1 5.1 5.1 5.1 5.1 5.1 5.1 5.1 5.1 5.1 5.1 5.1 5.1 5.1 5.1 5.1
 5.1 5.1 5.1 5.1 5.1 5.1 5.1 5.1 5.1 5.1 5.1 5.1 5.1 5.1 5.1 5.1 5.1 5.1
 5.1 5.1 5.1 5.1 5.1 5.1 5.1 5.1 5.1 5.1 5.1 5.1 5.1 5.1 5.1 5.1 5.1 5.1
 5.1 5.1 5.1 5.1 5.1 5.1 5.1 5.1 5.1 5.1 5.1 5.1 5.1 5.1 5.1 5.1 5.1 5.1
 5.1 5.1 5.1 5.1 5.1 5.1 5.1 5.1 5.1 5.  5.  5.  5.  5.  5.  5.  5.  5.
 5.  5.  5.  5.  5.  5.  5.  5.  5.  5.  5.  5.  5.  5.  5.  5.  5.  5.
 5.  5.  5.  5.  5.  5.  5.  5.  5.  5.  5.  5.  5.  5.  5.  5.  5.  5.
 5.  5.  5.  5.  5.  5.  5.  5.  5.  5.  5.  5.  5.  5.  5.  5.  5.  5.
 5.  5.  5.  5.  5.  5.  5.  5.  5.  5.  5.  5.  5.  5.  5.  5.  5.  5.
 5.  5.  5.  5.  5.  5.  5.  5.  5.  5.  5.  5.  5.  5.  5.  5.  5.  5.
 5.  5.  5.  5.  5.  5.  5.  5.  5.  4.9 4.9 4.9 4.9 4.8 4.8 4.8 4.8 4.8
 4.8 4.8 4.8 4.7 4.7 4.7 4.7 4.7 4.6 4.6 4.6 4.6 4.6 4.6 4.6 4.6 4.6 4.6
 4.6 4.6 4.6 4.6 4.6 4.6 4.6 4.6 4.6 4.6 4.6 4.6 4.6 4.6 4.6 4.6 4.6 4.6
 4.6 4.6 4.6 4.6 4.6 4.6 4.6 4.6 4.6 4.6 4.6 4.6 4.6 4.6 4.6 4.6 4.6 4.6
 4.6 4.6 4.6 4.6 4.6 4.6 4.6 4.6 4.6 4.6 4.6 4.6 4.6 4.6 4.6 4.6 4.6 4.6
 4.6 4.6 4.6 4.6 4.5 4.5 4.5 4.5 4.5 4.5 4.5 4.5 4.5 4.5 4.5 4.5 4.5 4.5
 4.5 4.5 4.5 4.5 4.5 4.4 4.4 4.4 4.4 4.4 4.4 4.4 4.4 4.4 4.3 4.3 4.3 4.3
 4.3 4.3 4.3 4.3 4.3 4.3 4.3 4.3 4.3 4.4 4.4 4.4 4.4 4.4 4.4 4.4 4.4 4.4
 4.4 4.4 4.4 4.4 4.4 4.4 4.4 4.4 4.4 4.4 4.4 4.4 4.4 4.5 4.5 4.5 4.5 4.5
 4.5 4.5 4.5 4.5 4.5 4.5 4.5 4.5 4.5 4.5 4.5 4.5 4.5 4.5 4.5 4.5 4.5 4.5
 4.5 4.5 4.5 4.5 4.5 4.5 4.5 4.5 4.5 4.5 4.5 4.5 4.5 4.5 4.5 4.5 4.5 4.5
 4.5 4.5 4.5 4.5 4.5 4.5 4.5 4.5 4.5 4.5 4.5 4.5 4.5 4.5 4.5 4.5 4.5 4.5
 4.5 4.5 4.5 4.5 4.5 4.5 4.5 4.5 4.5 4.5 4.5 4.5 4.5 4.5 4.5 4.5 4.5 4.5
 4.5 4.5 4.5 4.5 4.5 4.4 4.4 4.4 4.5 4.5 4.4 4.4 4.4 4.4 4.4 4.4 4.4 4.4
 4.4 4.4 4.3 4.3 4.3 4.3 4.2 4.2 4.2 4.2 4.2 4.1 4.1 4.1 4.1 4.1 4.  4.
 4.  4.  4.  4.  4.  4.  4.  4.  4.  4.  4.  4.  4.  3.9 3.9 3.9 3.9 3.9
 3.9 3.8 3.8 3.8 3.8 3.7 3.7 3.7 3.7 3.7 3.7 3.7 3.7 3.7 3.7 3.7 3.6 3.6
 3.6 3.6 3.6 3.6 3.6 3.6 3.6 3.6 3.6 3.6 3.6 3.6 3.6 3.6 3.6 3.6 3.6 3.6
 3.6 3.6 3.6 3.6 3.6 3.6 3.6 3.6 3.6 3.6 3.6 3.6 3.6 3.6 3.6 3.6 3.6 3.6
 3.6 3.6 3.6 3.6 3.6 3.6 3.6 3.6 3.6 3.6 3.6 3.6 3.6 3.6 3.6 3.6 3.6 3.6
 3.6 3.6 3.6 3.6 3.6 3.6 3.6 3.6 3.6 3.6 3.6 3.6 3.6 3.6 3.6 3.6 3.6 3.6
 3.6 3.6 3.6 3.6 3.6 3.6 3.6 3.6 3.6 3.6 3.6 3.6 3.6 3.6 3.6 3.6 3.6 3.6
 3.6 3.6 3.6 3.6 3.6 3.6 3.6 3.6 3.6 3.6 3.6 3.6 3.6 3.6 3.6 3.6 3.6 3.6
 3.6 3.6 3.6 3.6 3.6 3.6 3.6 3.6 3.6 3.6 3.6 3.6 3.6 3.6 3.6 3.6 3.6 3.6
 3.6 3.6 3.6 3.6 3.6 3.6 3.6 3.6 3.6 3.6 3.6 3.6 3.6 3.6 3.6 3.6 3.6 3.6
 3.6 3.6 3.6 3.6 3.6 3.6 3.6 3.6 3.6 3.6 3.6 3.6 3.6 3.6 3.6 3.6 3.6 3.6
 3.6 3.6 3.6 3.6 3.6 3.6 3.6 3.6 3.6 3.6 3.6 3.6 3.6 3.6 3.6 3.6 3.6 3.6
 3.6 3.6 3.6 3.6 3.6 3.6 3.6 3.6 3.6 3.6 3.6 3.6 3.6 3.6 3.6 3.6 3.6 3.6
 3.6 3.6 3.6 3.6 3.6 3.6 3.6 3.6 3.6 3.6 3.6 3.6 3.6 3.6 3.6 3.6 3.6 3.6
 3.6 3.6 3.6 3.6 3.6 3.6 3.6 3.6 3.6 3.6 3.6 3.6 3.6 3.6 3.6 3.6 3.7 3.7
 3.7 3.7 3.7 3.7 3.7 3.7 3.7 3.7 3.7 3.7 3.7 3.7 3.7 3.7 3.7 3.7 3.7 3.7
 3.7 3.7 3.7 3.7 3.7 3.7 3.7 3.7 3.7 3.7 3.7 3.7 3.7 3.7 3.7 3.7 3.7 3.7
 3.7 3.7 3.7 3.7 3.7 3.7 3.7 3.7 3.7 3.7 3.7 3.7 3.6 3.6 3.6 3.6 3.6 3.6
 3.6 3.6 3.6 3.6 3.6 3.6 3.7 3.7 3.6 3.6 3.6 3.6 3.6 3.6 3.6 3.6 3.6 3.6
 3.6 3.6 3.6 3.6 3.6 3.6 3.6 3.6 3.6 3.6 3.6 3.6 3.6 3.6 3.6 3.6 3.6 3.6
 3.6 3.6 3.6 3.6 3.6 3.6 3.6 3.6 3.6 3.6 3.6 3.6 3.6 3.6 3.6 3.6 3.6 3.6
 3.6 3.6 3.6 3.6 3.6 3.6 3.6 3.6 3.6 3.6 3.6 3.6 3.6 3.6 3.5 3.5 3.5 3.5
 3.5 3.5 3.5 3.5 3.5 3.5 3.5 3.5 3.5 3.5 3.5 3.5 3.6 3.5 3.5 3.5 3.6 3.6
 3.6 3.6 3.6 3.6 3.6 3.6 3.6 3.6 3.6 3.6 3.6 3.6 3.6 3.6 3.6 3.6 3.6 3.7
 3.7 3.7 3.7 3.7 3.7 3.7 3.7 3.7 3.7 3.7 3.7 3.7 3.7 3.7 3.7 3.7 3.7 3.7
 3.7 3.7 3.7 3.7 3.7 3.7 3.7 3.7 3.7 3.7 3.7 3.7 3.7 3.7 3.7 3.7 3.7 3.7
 3.7 3.7 3.7 3.7 3.7 3.7 3.7 3.7 3.7 3.7 3.7 3.7 3.7 3.7 3.7 3.7 3.7 3.7
 3.7 3.7 3.7 3.7 3.7 3.7 3.7 3.7 3.7 3.7 3.7 3.7 3.7 3.7 3.7 3.7 3.7 3.7
 3.7 3.7 3.7 3.7 3.7 3.7 3.7 3.7 3.7 3.7 3.7 3.7 3.7 3.7 3.7 3.7 3.7 3.7
 3.7 3.7 3.7 3.7 3.7 3.7 3.7 3.7 3.7 3.7 3.7 3.7 3.7 3.7 3.7 3.7 3.7 3.7
 3.7 3.7 3.7 3.7 3.6 3.6 3.6 3.6 3.6 3.6 3.5 3.5 3.5 3.4 3.4 3.4 3.4 3.4
 3.4 3.3 3.3 3.3 3.3 3.2 3.2 3.2 3.1 3.1 3.1 3.1 3.  3.  2.9 2.9 2.9 2.9
 2.9 2.8 2.8 2.8 2.8 2.8 2.7 2.7 2.7 2.6 2.6 2.6 2.5 2.5 2.5 2.5 2.4 2.4
 2.4 2.4 2.3 2.3 2.3 2.3 2.3 2.3 2.3 2.3 2.2 2.2 2.2 2.2 2.2 2.2 2.2 2.2
 2.2 2.2 2.2 2.2 2.2 2.2 2.2 2.2 2.2 2.2 2.2 2.2 2.2 2.2 2.2 2.2 2.2 2.2
 2.2 2.2 2.2 2.2 2.2 2.2 2.2 2.2 2.2 2.2 2.2 2.2 2.2 2.2 2.2 2.2 2.2 2.2
 2.2 2.2 2.2 2.2 2.2 2.2 2.2 2.2 2.2 2.2 2.2 2.2 2.2 2.2 2.2 2.2 2.2 2.2
 2.2 2.2 2.2 2.2 2.2 2.2 2.2 2.2 2.2 2.2 2.2 2.2 2.2 2.2 2.2 2.2 2.2 2.2
 2.2 2.2 2.2 2.2 2.2 2.2 2.2 2.2 2.2 2.2 2.2 2.2 2.2 2.2 2.2 2.2 2.2 2.1
 2.1 2.1 2.1 2.1 2.1 2.1 2.1 2.1 2.1 2.1 2.1 2.1 2.1 2.1 2.1 2.1 2.1 2.1
 2.1 2.1 2.1 2.1 2.  2.  2.  2.  2.  2.  2.  2.  2.  2.  2.  2.  2.  2.
 2.  2.  2.  2.  2.  2.  2.  2.  2.  2.  2.  2.  2.  2.  2.  2.  2.  2.
 2.  2.  2.  2.  2.  2.  2.  2.  2.  2.  2.  2.  2.  2.  2.  2.  2.  2.
 2.  2.  2.  2.  2.  2.  2.  2.  2.  2.  2.  2.  2.  2.  2.  2.  2.  2.
 2.  2.  2.  2.  2.  2.  2.  2.  2.  2.  2.  2.  2.  2.  2.  2.  2.  2.
 2.  2.  2.  2.  2.  2.  2.  2.  2.  2.  2.  2.  2.  2.  2.  2.  2.  2.
 2.  2.  2.  2.  2.  2.  2.  2.  2.  2.  2.  2.  2.  2.  2.  2.  2.  2.
 2.  2.  2.  2.  2.  2.  2.  2.  2.  2.  2.  2.  2.  2.  2.  2.  2.  2.
 2.  2.  2.  2.  2.  2.  2.  2.  2.  2.  2.  2.  2.  2.  2.  2.  2.  2.
 2.  2.  2.  2.  2.  2.  2.  2.  2.  2.  2.  2.  2.  2.  2.  2.  2.  2.
 2.  2.  2.  2.  2.  2.  2.  2.  2.  2.  2.  2.  2.  2.  2.  2.  2.  2.
 2.  2.  2.  2.  2.  2.  2.  2.  2.  2.  2.  2.  2.  2.  2.  2.  2.  2.
 2.  2.  2.  2.  2.  2.  2.  2.  2.  2.  2.  2.  2.  2.  2.  2.  2.  2.
 2.  2.  2.1 2.1 2.1 2.1 2.1 2.1 2.1 2.1 2.1 2.1 2.1 2.1 2.1 2.1 2.1 2.1
 2.1 2.1 2.1 2.1 2.1 2.1 2.1 2.1 2.1 2.1 2.1 2.1 2.1 2.1 2.1 2.1 2.1 2.1
 2.1 2.1 2.1 2.1 2.1 2.1 2.1 2.1 2.1 2.1 2.1 2.1 2.1 2.1 2.1 2.1 2.1 2.1
 2.1 2.1 2.1 2.1 2.1 2.1 2.1 2.1 2.1 2.1 2.1 2.1 2.1 2.1 2.1 2.1 2.1 2.1
 2.1 2.1 2.1 2.1 2.1 2.1 2.1 2.1 2.1 2.1 2.1 2.1 2.1 2.1 2.1 2.1 2.1 2.1
 2.1 2.1 2.1 2.1 2.1 2.1 2.1 2.1 2.1 2.1 2.1 2.1 2.1 2.1 2.1 2.1 2.1 2.1
 2.1 2.1 2.1 2.1 2.1 2.1 2.1 2.1 2.1 2.1 2.1 2.1 2.1 2.1 2.1 2.1 2.1 2.1
 2.1 2.1 2.1 2.1 2.1 2.1 2.1 2.1 2.1 2.1 2.1 2.1 2.1 2.1 2.1 2.1 2.1 2.1
 2.1 2.1 2.1 2.1 2.1 2.1 2.1 2.1 2.1 2.1 2.1 2.1 2.1 2.1 2.1 2.1 2.1 2.1
 2.1 2.1 2.1 2.1 2.1 2.1 2.1 2.1 2.1 2.1 2.1 2.1 2.1 2.1 2.1 2.1 2.1 2.1
 2.1 2.1 2.1 2.1 2.1 2.1 2.1 2.1 2.1 2.1 2.1 2.1 2.1 2.1 2.1 2.1 2.1 2.1
 2.1 2.1 2.1 2.1 2.1 2.1 2.  2.  2.  2.  2.  2.  2.  2.  2.  2.  2.  2.
 2.  2.  2.  2.  2.  2.  2.  2.  2.  2.  2.  2.  2.  2.  2.  2.  2.  2.
 2.  2.  2.  2.  2.  2.  2.  2.  2.  2.  2.  2.  2.  2.  2.  2.  2.  2.
 2.  2.  2.  2.  2.  2.  2.  2.  2.  2.  2.  2.  2.  2.  2.  2.  2.  2.
 2.  2.  2.  2.  2.  2.  2.  2.  2.  2.  2.  2.  2.  2.  2.  2.  2.  2.
 2.  2.  2.  2.  2.  2.  2.  2.  2.  2.  2.  2.  2.  2.  2.  2.  2.  2.
 2.  2.  2.  2.  2.  2.  2.  2.  2.1 2.1 2.1 2.1 2.1 2.1 2.1 2.1 2.1 2.1
 2.1 2.2 2.2 2.2 2.2 2.2 2.2 2.2 2.2 2.2 2.3 2.3 2.3 2.3 2.3 2.3 2.3 2.3
 2.3 2.3 2.4 2.4 2.4 2.4 2.4 2.4 2.4 2.4 2.4 2.4 2.4 2.4 2.4 2.4 2.4 2.4
 2.4 2.4 2.4 2.4 2.4 2.4 2.5 2.5 2.5 2.5 2.5 2.5 2.5 2.5 2.4 2.4 2.4 2.4
 2.4 2.4 2.4 2.4 2.4 2.4 2.4 2.4 2.4 2.4 2.4 2.4 2.4 2.4 2.4 2.4 2.4 2.4
 2.4 2.4 2.4 2.4 2.4 2.4]
