 2.67979035e-01 -4.06876922e-02 -2.56488150e-01 -2.28376555e-01
 -5.16994984e-02  2.64864262e-01 -7.97301370e-02 -3.06049965e-01
  3.27090231e-01 -2.69719864e-01 -3.13835591e-01  2.30876981e-02
 -1.98534350e-01 -1.07513906e-01 -9.64802340e-02 -1.83898594e-01
  5.10326869e-02  3.15900211e-01  3.08286633e-01  1.29406579e-01
 -2.87449096e-01 -4.99298955e-02 -3.41516968e-02 -2.27904582e-01
  5.68661803e-02  4.61739860e-02 -2.66102611e-01  2.86930653e-01
 -3.00626055e-01  2.47044970e-01  3.04878487e-01  1.28833175e-01
  3.57800169e-01  1.79401946e-01 -8.18672387e-02  1.32214167e-01
  7.60462019e-02 -3.34153013e-01 -2.04190767e-01 -9.26899046e-02
 -2.57676576e-01 -4.29614844e-01 -2.84023697e-01  7.46674415e-03
 -4.25861356e-01 -5.94002949e-02  4.21203025e-01  3.97310521e-01
 -8.49994433e-02 -8.99068047e-03  3.97937579e-01  1.28057357e-01
  3.52717698e-01  1.02625163e-01 -1.70124851e-01  2.87552990e-01
 -2.93712112e-01  3.62900834e-01 -3.01772367e-01 -1.42247198e-01
  1.55706849e-01  3.56693560e-01  3.52817390e-01  3.63788864e-01
  2.38124877e-01  2.90285368e-01  1.58448435e-03 -4.78146176e-02
  1.89323922e-01 -2.99113635e-01 -3.06750576e-01 -3.07953517e-01
 -3.10896106e-01  4.27939413e-02  7.20264788e-02 -2.75168688e-01
  2.77054869e-01  3.07218681e-01 -1.92810844e-01 -3.79367302e-01
 -2.98008814e-01  3.66222734e-01  2.29069403e-01  1.32260334e-01
  4.86683457e-02 -3.13835220e-01  1.11582636e-01 -2.04634716e-01
  2.99219509e-01 -9.78350664e-03  5.31163124e-02  2.86735726e-01
 -7.00175392e-03  1.51723670e-01 -5.25048409e-02  1.37231537e-01
  1.90310268e-01 -3.02194758e-02  1.26438046e-01  8.11324192e-02
 -1.94459941e-01  1.68217249e-01 -3.32015128e-02  1.96369968e-01
  1.64302664e-01 -2.36051239e-01  2.51359631e-01  2.58551877e-01
 -1.94843480e-01 -2.94572699e-01 -3.04380957e-01 -6.00888734e-02
  2.59238282e-01  1.34966738e-01  7.54721749e-02 -4.56481281e-02
  1.78414449e-01 -1.03437291e-01  5.81150535e-02  1.42326747e-01
  1.62331931e-01 -1.87966173e-01 -1.27501411e-01  8.63752025e-02
  1.80879161e-01 -1.67344336e-01  1.57165633e-01  2.54878200e-01
 -2.71258667e-02  1.63052522e-01  2.71821433e-01 -2.07142581e-01
 -2.50858023e-01  8.04382912e-02  4.34801917e-02  2.22776826e-01
  1.20913462e-01 -1.99624848e-01  1.33318778e-01 -1.99159942e-01
 -1.10875269e-01  7.85831730e-02 -3.20162913e-02  2.37129037e-02
 -9.60957563e-02  1.12399819e-01  5.16330922e-02 -1.26696731e-01
  2.77313808e-02  9.37698630e-02 -1.33256639e-01 -7.06602967e-02
 -3.15151788e-02 -8.04327796e-02 -5.60957240e-02 -6.88535258e-02
 -8.27561430e-02 -2.97365754e-02 -2.06087426e-02  4.04972287e-02
 -1.88643041e-02 -5.00212974e-02 -6.52969531e-02 -7.81434193e-03
 -5.26598714e-02 -1.11451754e-02 -4.66113366e-02 -6.08445788e-03
  4.95820442e-02 -8.57131892e-02 -9.38661041e-02  1.04670789e-02
 -1.15359452e-01  2.34850888e-04  1.04670495e-01 -8.87170885e-02
  7.60943226e-02 -3.04326805e-02  3.37411609e-02  4.02224360e-03
  5.83204671e-02 -1.78001465e-02 -8.62125622e-03 -1.36166688e-02
  4.63246622e-02 -1.34448666e-02 -4.93532956e-02 -8.62100222e-02
  6.20998049e-02  5.20019650e-02  2.83666543e-02 -6.05804555e-02
 -7.76673289e-02  6.01729465e-02 -5.57226759e-02  9.23972524e-03
  8.36230344e-03 -7.00242891e-02 -4.42312934e-02  1.08321895e-01
 -5.08475252e-02  4.43578012e-03  5.05377489e-02 -3.65098179e-02
 -6.94266054e-02  4.84915843e-02 -4.68890349e-02 -2.85408828e-02
  5.19921216e-02  6.48838057e-02 -2.47454285e-03  6.20015233e-03
 -1.43188475e-01 -1.61158764e-01  9.82273897e-02 -1.38263933e-01
 -6.76573350e-02 -1.93164083e-01  1.00911475e-01  2.19248476e-01
  1.63380882e-01 -1.81975090e-01  1.90070753e-01  1.67127813e-01
 -1.84550258e-02  1.77098127e-01  1.21504264e-01  1.39621750e-01
 -1.89359238e-01  6.61712116e-02 -1.66383131e-01  1.48795978e-02
  1.88238821e-01  1.77705590e-01 -1.56033523e-01  5.19348174e-02
  1.57205287e-01 -1.80672495e-01  6.48324265e-03 -8.09066941e-02
  2.08363408e-01 -3.08949225e-02  1.26548257e-01 -1.05326398e-01
 -2.16430639e-01 -1.56752462e-01  1.93637508e-01 -1.57067372e-01
 -1.86450431e-01  9.05533224e-02 -6.53317651e-02  3.31270995e-02
  2.23201747e-01 -1.75520954e-01 -2.05588991e-01  1.99375465e-01
  1.12795492e-01  1.99558610e-02  1.16886269e-01 -1.17142176e-02
  3.05158773e-02 -1.43627996e-01  1.53920217e-01 -2.50964771e-01
  2.10349769e-01  1.92491313e-01 -4.19527984e-02 -9.80424981e-02
 -1.96317901e-01 -1.79453359e-01  1.23294765e-03 -2.17919784e-02
 -2.19632577e-02 -1.12200663e-01 -1.00576578e-01 -4.11749371e-02
 -7.19237746e-02  9.22812396e-02 -6.95803071e-02  9.65724293e-02
  8.51199646e-02  1.22922509e-01 -1.52116419e-01  1.43353132e-01
  1.39483576e-01 -1.28530441e-01  8.77455113e-03 -1.52287447e-01
  1.86409705e-01  1.25759441e-02  4.62403483e-02  5.36393203e-02
  2.09587422e-02 -1.09547883e-01  1.13929699e-01  4.52518532e-02
  2.21314210e-01 -5.49906080e-03 -2.38755122e-01  2.63701018e-01
 -2.52578083e-01 -2.02675954e-01  2.39012005e-01  1.46795003e-01
  3.10701718e-01  2.56332050e-01 -1.71739924e-01 -9.28375617e-02
  2.07538711e-01  2.40223021e-01 -2.47666696e-01  5.79997979e-02
 -1.14031065e-01 -1.65521803e-01 -5.30826970e-02  1.70603356e-01
  1.70308421e-01  2.90204199e-02  1.67306860e-01  3.24295295e-02
 -1.34816640e-02 -7.83295299e-02  4.13425683e-03 -1.19121109e-01
 -1.08460355e-01  6.95109650e-02 -9.64929788e-02  1.05563927e-01
  4.35651363e-02  4.54473178e-02  1.70409627e-02 -1.09886450e-01
 -4.59268083e-02 -1.09569864e-01 -9.01795055e-02  1.16766215e-01
 -5.52930004e-02  5.46733643e-02 -8.17378124e-02 -1.05795800e-01
 -1.37479929e-01 -9.94367928e-02 -2.20794996e-01  9.00411294e-02
  2.08532457e-01  2.66613382e-01  2.67349470e-01  1.55198584e-01
 -2.29356745e-01 -1.66762886e-01  1.22514143e-01  2.47673693e-01
 -1.79564910e-01 -2.47684923e-01  6.99722181e-02 -1.19996651e-01
  1.76140464e-01 -5.73072578e-02 -1.01373487e-01  4.47157126e-02
 -8.30186207e-02 -5.27255781e-02 -6.90765860e-02 -7.20582445e-02
  7.83824770e-02 -1.41310360e-01  8.97007310e-02 -1.36117012e-01
  1.26940212e-01  1.05906538e-01  3.56584735e-02 -1.20720456e-02
 -4.01579873e-02 -1.03425138e-01 -6.54883789e-02 -5.01201122e-02
  5.78541540e-02  3.18541889e-02 -4.38894617e-02 -1.89986597e-02
  5.57745023e-02  2.81383207e-02  7.11335194e-02  3.10653101e-02
  2.06811510e-02 -8.18467411e-02  5.56994629e-02  6.44444174e-02
  7.08266475e-03 -2.18594912e-02  1.65704844e-02 -3.88809734e-02
  4.90168121e-02 -4.97510448e-02  3.23819575e-02 -3.50768728e-02
 -2.03330035e-02  3.51690271e-02 -3.18941985e-02  1.20661425e-02
  2.50444462e-02  5.29217724e-02  6.63587927e-02  3.08268125e-02
 -4.97663269e-02  4.72873040e-02  1.26813164e-02 -2.28072648e-02
  1.00998821e-01 -9.45054900e-02 -6.26818092e-02 -6.30193578e-02
  1.11119381e-01 -8.82031631e-02 -5.06884075e-02  4.39743716e-02
 -7.48644794e-02 -1.87722500e-02 -3.70430483e-02  1.09858973e-02
  1.60677354e-02 -2.61640014e-02 -1.47862433e-02  3.53694319e-02
 -5.09408904e-02 -2.94003104e-02  3.32844727e-02 -2.33632981e-02
  4.85936318e-02 -3.75105872e-02 -6.12661288e-03  1.19071890e-02
 -1.09357770e-01  1.10045071e-01 -9.39479986e-02 -1.24004259e-01
 -1.41347376e-01  1.55741102e-01  6.30055700e-02 -1.51882515e-01
 -5.84040541e-02  5.37168171e-02  7.84221329e-02  1.20977910e-01
  1.43906521e-02  5.61366434e-03 -4.55503293e-02 -1.20900631e-01
 -1.63158296e-01 -8.99729647e-02  1.43392905e-01  1.52209712e-01
 -9.04100800e-02 -9.94072659e-02 -1.15925381e-01 -1.12594860e-01
 -1.19808480e-01 -1.04809984e-01 -1.11673626e-01 -1.79076281e-01
 -9.29280151e-02 -1.85710621e-01 -2.23631164e-01  1.27628886e-01
  1.95656051e-01  4.17275756e-02  6.29997915e-02  1.44990922e-02
  2.54457949e-02 -7.75989549e-02  3.67302860e-02 -9.46728735e-03
  4.33810519e-02  1.04822502e-02  1.79681803e-01 -9.59458045e-02
  1.85168887e-01  8.36705104e-02  1.92633106e-01 -2.06048451e-01
 -2.19785014e-01  6.40346259e-02 -1.93827927e-01  2.47002744e-01
  9.24166342e-02 -1.90535311e-02  4.20775666e-02 -1.08884291e-01
  7.07128945e-02  1.35992920e-01  1.25007402e-01 -2.96181614e-02
  3.58476382e-02  6.45641752e-02 -4.50093538e-02 -6.95687302e-02
  5.96268904e-03  5.58858809e-02  3.78652368e-02  5.73070430e-02
  6.04167789e-02 -3.10982941e-02 -9.96838651e-02 -1.40830455e-02
  6.83267712e-02  1.04421355e-01 -2.10658874e-02 -5.81477579e-02
  1.39927242e-02 -3.06074662e-03  1.04429649e-02 -4.42747146e-02
  1.93136786e-02 -1.28420018e-02 -5.34423627e-03 -5.17071974e-03
 -2.37472529e-02  9.78684394e-04  5.01737614e-03  2.26506075e-03
 -2.10716353e-02 -3.81944312e-02 -6.04314096e-02  5.40667006e-02
  2.59006574e-02  1.09741074e-01 -2.78770775e-02  7.08013609e-02
  1.18348762e-01 -1.15223352e-01 -1.42682641e-02  4.54284486e-02
 -1.00095758e-01 -8.87074362e-02 -1.10036836e-01 -1.01264822e-01
 -1.03168417e-01 -7.40372834e-02 -3.44598916e-02 -2.18263629e-02
  5.09461760e-02 -4.80655443e-02  5.36515250e-02 -5.23060702e-02
 -2.64603233e-02  3.88352097e-02 -2.03263064e-02 -3.03791218e-02
  9.92956155e-03 -9.87904821e-03 -7.94559138e-03  4.62831833e-02
  5.06312847e-02  5.25263870e-02  4.26445337e-02 -4.51641939e-02
  6.28685335e-02  5.23089829e-02  3.77449149e-02 -1.65213020e-02
 -1.36989317e-02 -2.73074947e-02  4.21926890e-02 -1.36000352e-02
 -1.82117236e-02  1.39956227e-02 -3.78475507e-02  1.85689298e-02
  5.43865738e-03  3.03494713e-02  3.01037123e-02 -3.70292104e-02
  6.64534542e-02 -6.99775265e-02  9.53506900e-02  9.66665956e-02
  8.91014408e-02 -8.99521482e-02 -8.41007554e-02  1.59075895e-01
 -1.74958409e-01  1.64831044e-01 -1.16016200e-01 -1.92694473e-01
 -1.81729801e-02  1.16065181e-02 -8.42401716e-02  1.27125441e-01
  1.14577640e-01  1.33133702e-01 -1.19062937e-01  5.42141187e-02
 -8.88571733e-02  7.67943988e-02  6.38337223e-02  5.77622864e-02
 -7.88717146e-03  1.83706965e-02 -3.85426539e-02 -3.83065111e-02
  1.03645224e-02 -7.56768950e-04 -7.60746893e-03  7.19395406e-02
  7.06865408e-02 -8.44311201e-02 -2.32990442e-02 -1.13262267e-01
 -1.26174809e-01  1.64076691e-02 -1.28538204e-01  1.42922290e-02
  3.41570759e-02  4.73252691e-02  6.80573663e-02 -3.67637295e-02
 -3.58677357e-03 -6.97152669e-03  3.49443254e-02 -3.62925026e-02
  4.81213122e-02  3.37827693e-02  8.56247865e-02 -9.26190362e-02
 -1.07801136e-01 -3.08822267e-02  1.45970494e-03 -7.77270941e-02
 -5.97688332e-02 -5.24493636e-02 -4.96392486e-02 -7.45274074e-03
  2.62457348e-02  4.60297192e-03 -2.47244511e-02  1.31984734e-02
  6.27053106e-02 -3.64278712e-02  8.93984200e-02 -4.14002676e-03
  1.41629820e-01  9.98475049e-02 -1.63279988e-01  7.25142227e-02
 -1.00540584e-01  8.92187303e-02  1.72631503e-01 -3.66512584e-02
  4.17410060e-02  1.61605993e-02 -5.89531908e-02  1.53592907e-01
  1.37222467e-01  1.09835636e-01  1.03255429e-01  8.26472186e-02
  1.19982090e-01 -7.98762984e-03 -4.07465446e-03  1.41651709e-01
  1.19222648e-01  7.67476350e-02  3.21485203e-03 -7.13374520e-02
 -1.55917783e-02 -8.60164998e-02 -1.05568988e-01 -3.74595465e-02
 -1.13620514e-01  1.35415199e-02 -9.44424946e-02 -7.26736857e-02
 -3.01693699e-02  6.68882904e-02  2.02090854e-02  1.08302203e-01
  5.49882734e-02 -1.17890814e-01 -1.08870262e-01  3.25248843e-02
  1.65401855e-01  1.76639577e-01 -1.57925871e-01 -7.16544602e-02
  1.54583549e-01  1.76140464e-01  1.81608625e-01  5.17184968e-02
 -1.27956138e-01 -5.37056064e-02  1.07487373e-01  1.16175819e-01
  1.37811561e-01 -5.05132200e-02  1.72556940e-01 -1.88078926e-01
  1.98724876e-01 -8.37749983e-02 -4.59257158e-02  1.78301387e-01
  1.80610887e-01 -1.81454667e-01  1.89563250e-01  2.40577100e-02
 -5.09051618e-02  1.51266633e-01  4.22994338e-02  1.02034880e-01
  1.47515111e-01  1.10037320e-01  1.23936975e-01 -8.90366840e-02
 -8.06995282e-02 -9.01739764e-02  5.81737455e-02  1.43829838e-02
  6.38261767e-02  6.14258952e-02 -8.15910441e-02  8.48808188e-02
 -6.82932584e-02  2.01414032e-02  1.04898179e-01 -5.11245394e-02
 -1.16422305e-01 -9.15945442e-03  9.17835309e-03  8.13910482e-02
  5.65119438e-02 -6.99017498e-02  1.36907697e-02  1.05124225e-01
 -1.10545826e-01  5.06335110e-03 -1.25960243e-01 -1.13849100e-01
  1.19103676e-01 -1.87642270e-02 -9.81750753e-02 -9.09962156e-02
 -4.02336896e-03  5.27094131e-02 -2.97317733e-02  4.88144040e-02
 -1.76755526e-03 -5.05715699e-03  8.04643982e-02  8.27383561e-02
 -4.58866548e-02  6.41860948e-02  7.64296149e-02 -7.64988087e-03
 -1.06945992e-01  1.06132649e-01  2.36014463e-02  3.91690662e-02
  6.59416656e-02 -4.79559138e-02 -6.15344160e-02 -2.58236863e-02
 -3.94039691e-02  2.47460369e-02  3.16423904e-02 -4.05637575e-03
 -1.85816909e-02 -3.49278767e-02 -6.79555289e-03 -3.51016505e-03
 -4.00923988e-02  2.05100834e-02  1.68488481e-02  1.64224030e-02
  5.97362073e-02 -4.78653921e-02 -2.04029015e-04  4.10309856e-02
 -1.15071129e-01  1.97049202e-01  2.11344844e-01 -1.09588192e-01
  5.40561242e-02 -2.09929975e-03  1.70876551e-01  1.33586226e-01
 -8.69920972e-02 -1.78637936e-01  2.34246450e-01 -2.74646394e-02
 -1.34457810e-01 -1.49476494e-01 -6.06771022e-02 -4.24662404e-02
 -4.86785828e-02 -1.70291003e-01 -4.49937608e-03  1.68275020e-01
  3.95260209e-02 -1.44325850e-01 -1.47233813e-01  1.16652666e-01
  8.00283674e-02  9.07883487e-02 -7.07107728e-02 -5.55072512e-02
 -1.34572315e-01 -8.00047862e-02  1.34571612e-01  1.76446772e-01
  1.30988912e-01 -3.79885551e-02 -1.02988799e-01 -9.21408816e-02
  4.13951829e-02  9.56745447e-02  7.16288356e-03 -1.07827242e-01
 -6.41609576e-02 -4.90416775e-02  1.09333535e-01  6.31653336e-02
  1.24965889e-01 -4.52709044e-02  1.47576419e-01 -1.07614136e-01
 -1.86394958e-02  8.77298495e-02 -1.24399723e-01  9.16421534e-02
 -9.00874436e-02  1.37429232e-01  5.44563087e-02 -5.41046047e-02
  1.18104721e-01  7.50721389e-03 -9.31440835e-02 -6.55472304e-03
 -9.02242416e-02 -1.13990969e-01 -7.49829199e-02  1.32798554e-01
 -1.05107627e-01 -3.70522514e-03  2.12397760e-01  1.10930589e-01
 -1.94031465e-01  1.39754974e-01  7.16076042e-02  3.31152920e-02
  1.64297740e-01  8.50057079e-02 -2.06101735e-01  2.28038463e-01
  1.51904101e-01  1.44632315e-01 -4.76430769e-02  1.84226127e-01
 -1.95344761e-01 -1.72273463e-01 -1.98449107e-01  2.05321183e-01
 -1.41483943e-01  9.68113960e-02  1.88277776e-01  8.01331669e-02
 -2.59407055e-01 -5.93254254e-02 -2.83371543e-01 -2.97880748e-01
  6.26319524e-02 -2.16584399e-01 -7.26977472e-02  1.09507845e-01
  2.21969110e-01 -3.28871559e-01 -3.22967246e-01 -3.80047239e-01
  2.97357984e-02  3.76246992e-01  1.80621046e-01 -6.45583951e-02
  1.49414878e-01  5.69803904e-02 -3.16809179e-01 -1.91528686e-01
  4.18028475e-01  1.23979828e-02  1.29325714e-01  4.13702313e-01
  3.52791130e-01 -3.95814963e-01  1.84078366e-01  3.50535777e-01
 -3.43730971e-01  1.83979231e-01 -4.92542792e-02 -2.15948591e-01
 -3.18167862e-01  1.98306321e-01 -1.94113888e-01  2.47398364e-01
 -3.06099321e-01 -8.21489347e-02  1.28804614e-01 -1.38095127e-01
 -1.59822371e-01 -2.98415808e-01  1.59060847e-01 -2.44561559e-01
 -2.77700357e-01 -5.87688138e-02  1.15253052e-01 -2.69623966e-01
  3.31138090e-02 -2.46465457e-01 -3.09679893e-01  7.77053302e-02
  9.64850953e-02 -1.43489424e-01  2.79195701e-01  1.29668919e-01
  2.21622354e-01  1.77645430e-01 -8.75593430e-02 -1.20238120e-02
 -1.10053237e-01 -1.59050184e-01 -6.72840339e-02  5.55038073e-02
  9.42439934e-03  1.60349547e-01 -1.99046770e-02  3.49266754e-02
 -2.06480297e-02 -6.14680139e-02  2.45018415e-01  2.98048878e-01
  2.94915051e-01 -7.89300641e-02 -1.44559323e-01 -5.13387834e-02
 -1.75611138e-01 -2.13314506e-01 -1.96028996e-01 -1.80345704e-01
  3.38882407e-02  3.29586064e-02 -8.53803138e-02  1.38412918e-01
  1.03932502e-01  1.50719674e-01 -1.51563816e-02  1.76255544e-01
  1.05840588e-01  1.58092457e-01  2.79645939e-03 -1.25412864e-01
  1.61286228e-01 -5.41119493e-02 -9.88246818e-02  1.22772404e-01
  1.12202890e-01 -7.83768172e-02 -8.38900158e-02  8.15013734e-02
 -7.35224920e-02 -4.89796601e-02  3.47265826e-02  1.21919017e-03
  2.15179567e-02 -6.97642513e-03  2.64826863e-03  5.46498244e-03
  1.38815491e-02  1.59318972e-02  2.01254314e-02 -2.00030607e-02
  3.33920612e-02  4.15523736e-02  1.69727273e-02  2.24055221e-02
  6.47984797e-02  3.77486666e-02 -2.27259919e-02  4.76057835e-02
  7.13193664e-03  9.14602558e-02  5.48085430e-02  6.00124982e-02
 -8.42837521e-02 -1.06758734e-01 -8.76352711e-02 -8.11615103e-02
  5.34260573e-02  3.51176118e-02 -7.54952250e-02  1.02438779e-01
 -8.53972927e-03  1.28536959e-01  2.14993382e-01 -1.21606108e-01
 -2.18167840e-02  1.93531763e-01  1.52810147e-01  2.38848205e-01
 -2.00201953e-01 -2.37238095e-02  2.02441845e-01 -3.31407200e-02
  3.63953762e-02 -8.32130717e-02  1.15571930e-01 -1.56407290e-01
  4.76004940e-03  1.74571862e-01  1.84582089e-01 -2.90743407e-01
 -2.58258330e-01  2.87627053e-01 -3.00878997e-01 -2.71298101e-01
 -6.37721785e-02 -8.72213755e-02  1.19924783e-01 -6.94714635e-02
 -1.49579714e-01 -2.43787318e-01  2.70107788e-01  2.21110404e-01
 -1.79659107e-01  2.74891141e-01  1.93003529e-01 -3.73242682e-03
 -9.97387045e-02 -1.59222365e-01 -1.07054176e-01  9.86685273e-02
  2.31049145e-01  2.42685482e-01  1.52027097e-01  1.02772714e-01
  7.26412652e-02 -2.51473663e-01 -3.44904938e-02  2.19315861e-01
 -1.72319703e-01 -4.99562473e-02 -1.14737954e-01  1.81230547e-01
  1.79594419e-01  9.60827341e-02  1.66494288e-01  4.79802511e-02
 -2.49823791e-01 -2.30267848e-01  3.01134767e-01 -2.85380541e-01
  3.31969184e-01 -2.71192731e-01 -2.81083180e-01 -3.06854985e-01
  2.78903905e-01  1.74717108e-01 -4.90472230e-03  1.96794729e-01
 -1.89521588e-01 -9.62135535e-02  2.77295570e-02 -4.02725116e-02
  1.92109249e-01 -2.60663847e-02 -6.15290235e-02 -2.49337763e-02
  1.87236625e-01 -1.95983449e-01  2.75664770e-02 -1.73737422e-01
  1.85764055e-01 -7.50260781e-02  1.65875589e-01  1.74383518e-01
  1.29915746e-01 -1.43850099e-01  1.57395347e-01 -1.43801437e-01
 -1.55556874e-01 -8.10092477e-02 -5.96360485e-02  1.44428161e-01
 -1.26096030e-01  1.23468917e-01 -5.36828364e-03  1.00922741e-01
  1.21660508e-01 -9.86464626e-02 -1.06038589e-01 -1.27747108e-01
 -1.11719879e-01  1.24924942e-01 -1.04744062e-01  4.06558221e-03
 -9.44505246e-02 -5.68086933e-02  5.85428036e-02 -6.08502332e-02
  2.36355292e-02 -4.48083467e-03  3.22027276e-02  5.53239649e-03
  6.61050004e-02  1.38975385e-01  8.05997585e-02 -1.28611142e-01
 -9.40173466e-02 -9.36499277e-02 -5.24076364e-02  2.34911165e-02
  4.61811335e-02  1.57290295e-02  1.40128495e-03 -1.75289968e-02
  5.80659540e-02 -3.21986440e-03  9.62250160e-02 -4.21441616e-02
  7.84396933e-02  1.40556361e-02 -8.78943313e-02  5.10618680e-02
 -7.21505532e-02  4.78431684e-03  4.84112984e-02  2.96506218e-02
 -6.07262086e-02  2.38354588e-03  2.12326029e-02  4.62762729e-02
 -3.67355576e-02  5.02660705e-02  1.98554386e-02 -4.23420303e-02
  6.38960615e-02  6.37881915e-02 -8.02628666e-03  9.09005196e-03
  4.01229096e-02 -6.95835532e-03  4.53235283e-02 -3.02389331e-02
  5.32141774e-02  5.01220798e-02  2.74840218e-02  4.28841746e-03
 -1.29426340e-02  5.99455476e-02  9.08916900e-02  8.77950012e-02
  6.47016709e-02 -9.65626706e-02  3.80259770e-02  7.32113534e-02
  1.47690362e-01  1.64503594e-01  6.62923468e-02 -7.22239223e-02
 -1.87124712e-01 -2.24644363e-01 -2.30127627e-01  1.91724299e-02
  2.19217524e-01  1.46391826e-01 -2.27251714e-01  1.00590264e-01
  4.23141712e-02 -1.45864488e-01 -2.46108601e-01  2.49657296e-01
 -6.72294412e-02  6.63936833e-03  2.58415600e-01 -1.91996215e-01
  6.18389995e-02  1.73375285e-01  1.22327505e-01 -1.38069983e-01
 -1.66810499e-01 -1.20651255e-01  1.94445984e-01  1.67659594e-01
  1.18838097e-01  1.83675443e-01  1.43797448e-01 -4.58712705e-02
 -1.82595308e-01 -2.32673266e-02  1.25558704e-01  1.58117187e-01
  1.72538204e-01  1.68478464e-01 -1.58795528e-01 -8.10147224e-02
 -1.27391717e-01  7.29680396e-02 -1.35715893e-01 -1.88196924e-01
 -1.77588086e-01  1.46859717e-01  1.98571537e-01  1.36268416e-01
 -3.67638756e-02 -1.97688489e-01  3.42471328e-02  1.72209707e-01
 -9.69976666e-02  2.01730654e-01  1.80316495e-01 -3.19477377e-02
  1.32866967e-01  1.73231171e-01  9.66471390e-02  1.61063255e-01
  1.55402865e-01 -1.10390307e-01 -5.04303868e-02 -1.05284747e-01
 -1.06277892e-01  5.49195724e-02  4.17540970e-02  8.63419171e-02
 -9.39183072e-02 -8.85953457e-02 -2.84011970e-02 -2.22354110e-03
 -1.05539740e-01  9.55023008e-02  1.97488313e-02  8.85874713e-02
  5.03947420e-03 -3.89165409e-02 -7.95029182e-02 -7.72118821e-03
  7.34046247e-02 -1.66931897e-02 -9.90093350e-02 -4.54302093e-02
 -1.05270204e-01 -9.22279995e-03 -3.00502282e-02 -9.76960520e-02
  6.81385886e-02  9.20968325e-02  7.66283792e-02 -1.72208117e-02
  7.54834152e-02 -4.36567685e-02  7.19452509e-02  8.30961019e-02
 -7.62640905e-02  7.40444943e-02 -6.20428401e-02 -5.38939147e-02
 -9.30753532e-04  6.66612073e-02 -5.78602389e-02 -4.26229894e-02
  1.86676303e-02  7.70819210e-02 -4.58387221e-02  7.57277846e-02
 -3.39424135e-02  8.53604038e-02  1.25563789e-02  7.28178348e-02
  2.29582533e-02  7.25586869e-02  1.13860969e-01 -8.27574494e-02
 -6.01214823e-02 -1.33126102e-01 -1.59141985e-01 -3.74882330e-02
 -1.52744285e-01  1.55210778e-01 -1.55583138e-01  1.15847755e-01
  1.65109143e-01  7.11688244e-02 -1.71312757e-01 -1.73568333e-01
  1.31480960e-01  1.50879275e-01  1.59796968e-01 -1.10365101e-01
  6.28498378e-02  1.49351980e-01 -1.56390058e-01  1.65623522e-01
 -1.69452589e-01  1.73161269e-01  6.47103996e-02 -1.78089107e-01
 -7.75561128e-02  1.93779257e-01 -1.62883042e-01 -1.33485685e-01
  1.49864304e-01  1.94071207e-01  1.69133579e-01 -1.48821886e-01
 -4.76333213e-02  1.38411181e-01  4.50608922e-02 -1.15370993e-01
  1.05722697e-01 -8.75171575e-02 -7.53792689e-02 -7.97105973e-02
  3.26548809e-02  9.17343127e-03 -3.34458737e-02 -1.96463579e-02
  3.00258236e-02  2.61620410e-02  6.08148064e-02 -7.42696415e-02
 -8.26393304e-02 -1.19117579e-01 -1.02521567e-01 -8.52205422e-02
  5.15396532e-02  4.52866665e-02 -4.63759720e-02  2.66728704e-02
 -5.38999062e-02  4.32374701e-02 -4.88992884e-02  3.12318429e-02
 -7.04504489e-02  4.30772922e-02 -3.62294687e-03  5.91558813e-02
  2.29701061e-02 -5.82723965e-03 -6.48866438e-02 -5.64905558e-02
  5.15318844e-02 -3.81012248e-02 -7.18816982e-02  4.88601442e-02
  5.49065836e-02 -4.20118391e-02 -2.39076638e-02 -4.03412045e-02
  9.92272190e-04  5.85323140e-02 -4.81332520e-02 -5.16316607e-02
  6.30311766e-02 -6.60687389e-02  1.00552214e-02  7.21414550e-02
 -1.02341074e-01  1.15721671e-01  1.07808482e-01  1.44763769e-01
  1.66360468e-01  1.69785087e-01 -1.76509920e-01  1.64296897e-01
 -2.10518020e-01 -9.12633974e-02  2.44611873e-01  2.55959473e-01
  4.69329291e-02  9.32860955e-02  3.12526327e-01  2.22217166e-02
  2.67623411e-01  8.11410435e-02  2.87887088e-01 -1.76280121e-02
  2.12320960e-01  3.09995945e-01  1.75897737e-01  2.99728990e-01
 -2.99977555e-01 -1.98270247e-01 -2.41756367e-01  3.29219830e-01
  3.12051136e-02 -2.86743012e-01 -3.52497069e-01  3.44186307e-01
 -3.30933863e-01 -3.08568487e-01 -6.68221216e-02  1.01182476e-01
 -2.81736360e-01 -2.41013055e-01 -2.85853899e-01  1.74762832e-01
  2.94293373e-01  2.84858925e-01  1.67730615e-01  2.27015412e-01
  2.73839213e-01  2.79610248e-01  2.91084571e-01  1.76303837e-01
 -2.66146143e-01 -3.10095801e-01 -7.39341753e-02  5.10458481e-02
 -1.58747635e-01  3.37982189e-01  2.19684298e-03 -4.24090650e-01
 -2.44571590e-02  2.08687702e-01 -1.39583644e-01 -1.84344778e-01
 -3.17734773e-01 -2.27967824e-01 -3.96772926e-01  2.09868761e-01
 -4.14723753e-02 -3.72411771e-01 -3.62159125e-01 -3.84146692e-01
 -3.96251139e-01 -3.24737176e-01 -1.33721227e-01 -3.49084067e-01
 -3.70453002e-01  3.92958495e-01  4.19477862e-01  6.35099529e-02
 -3.87438332e-01  2.64993322e-01  3.25050306e-01 -3.85112931e-01
  4.23123593e-02 -1.78053554e-01 -2.27445008e-01 -3.24169141e-01
  5.03149936e-02  1.39555590e-01  6.22926824e-02  3.94421349e-01
 -3.61645393e-01 -2.44263265e-01  1.84559772e-01  1.62083235e-01
  3.27327842e-01  3.38048981e-01 -9.74260054e-02 -2.58594180e-01
 -3.03426299e-01 -2.79145067e-01  1.85668140e-01  2.94087953e-01
  1.25853711e-01  9.52470515e-02  2.73705556e-01  2.96762423e-01
  1.99659566e-01  1.13341600e-01  2.17066511e-01 -9.15292188e-02
  1.77133376e-01 -2.64222557e-01  2.58186574e-01 -8.37245664e-02
 -5.39152061e-04  2.59236577e-01 -2.23711612e-01 -2.15952259e-01
  7.55105276e-03  5.06182295e-02  1.52647136e-01 -7.79525206e-02
  1.04228003e-01  1.30664954e-01  1.14690562e-01 -9.12298082e-02
  4.52340542e-02  9.84238886e-02 -9.93660105e-02  9.40627366e-02
 -1.72602028e-02 -5.56218928e-02 -1.13511171e-01 -8.52104349e-02
  6.80153548e-02 -2.75211081e-03  2.21543071e-02 -7.95766233e-02
  1.83918726e-02  3.37389098e-02  8.91308718e-02 -8.68041109e-03
 -8.70927531e-02  1.03968657e-01 -1.08278149e-01  1.12306259e-02
 -1.03973008e-01  1.54592677e-02 -1.21793004e-01  6.44519081e-03
 -4.78770643e-02  1.10670820e-01 -1.25003712e-01  1.08833868e-01
 -2.69087796e-02 -1.33296172e-01 -8.32233907e-02 -1.25546462e-01
  1.52705037e-02 -1.26354153e-02  1.18382201e-01  7.22177426e-02
  1.23240848e-01  1.00966496e-01 -7.31726854e-02  2.23756564e-02
  5.52140505e-02 -6.12636864e-02  6.00708696e-02 -9.91727615e-03
 -4.32778294e-02 -4.78235229e-02  4.34532277e-03 -1.19969061e-02
 -5.42544610e-02  6.38621773e-02  4.91648713e-02  5.16799329e-02
 -6.27379224e-02  7.23267849e-02  6.70048547e-02 -6.67775130e-02
  6.67839015e-02  8.85900107e-03 -4.75574971e-02 -1.81631446e-02
 -9.31440835e-02  6.05573457e-02  5.77519767e-02 -7.80329469e-02
 -4.63755311e-02  2.16495049e-02 -5.35558741e-02  4.82639941e-04
  8.20612639e-02 -8.75697299e-02  5.58134912e-02  1.19450184e-01
  3.79397257e-02  1.15156383e-01  1.14720298e-01 -1.37508223e-01
 -1.99914594e-02 -8.27930315e-02 -3.27772819e-02 -2.90502022e-02
  1.46118698e-01  1.48454832e-01  9.66826890e-02  5.47176210e-02
 -3.11491224e-02  1.97533405e-02 -1.33713560e-01 -1.87968057e-01
 -1.82458237e-01 -2.00139132e-01 -1.43719451e-01  1.61752197e-01
  3.38269243e-02  7.92658347e-03 -1.86917638e-01  6.14659788e-02
  3.50249162e-02 -2.64197020e-01 -2.46040285e-01 -2.76326136e-01
 -2.38972673e-01  1.45288936e-01  2.95935979e-01 -1.14689360e-01
  3.13319915e-01 -1.11873405e-01  3.01565122e-01  3.36635484e-01
 -9.82750411e-03  1.43481078e-01  1.46897294e-01  3.41280163e-01
  1.94817772e-02  3.16180133e-01  1.33116517e-01  1.11787850e-01
  8.13729473e-02  1.22019304e-01  4.05628596e-01  3.91587739e-01
 -2.88205084e-01 -3.91228318e-01 -3.30446093e-01 -3.97078450e-01
 -3.71616904e-01 -3.45916736e-01 -3.10994889e-01 -3.30295100e-01
  1.58114521e-01  2.48596456e-01 -2.66267272e-01  2.79462490e-01
  1.39948422e-01 -1.67784454e-01 -2.28736923e-01 -2.53081746e-01
 -1.19773379e-01 -2.80090948e-03  1.25613307e-01  3.01576481e-01
  2.65954127e-01  7.59756360e-03 -1.19795903e-01  8.43174698e-02
  2.58785713e-01  2.59968202e-01  2.34245688e-01 -1.57780743e-01
  2.05722289e-01  1.73307402e-01  2.05298784e-01 -1.78006151e-01
  6.15175297e-02 -1.06860355e-01  1.16087250e-01 -1.79329629e-02
 -2.05826922e-02  1.32470668e-01  1.31535380e-01  1.42789785e-01
  1.47094968e-01  1.38316216e-01  1.53748484e-01  1.61849130e-01
  7.12413285e-02 -1.75157401e-01 -1.52496497e-01 -3.94869104e-02
  2.15767661e-02 -2.88714135e-02 -6.40918340e-03 -7.05905827e-02
 -2.03064158e-02 -3.23270199e-02 -2.82542248e-02  2.89348487e-02
  6.37540927e-02  3.73695022e-02 -4.63959265e-02 -3.68797576e-02
 -1.98375262e-02  5.86860292e-03  8.16994713e-03 -1.13390267e-02
 -1.54150296e-02 -3.49683376e-02 -2.08261623e-02 -4.03480818e-02
 -2.15907183e-02  2.04130454e-02  1.02929603e-02 -4.16548141e-02
 -4.60813665e-02 -2.05745248e-02 -3.06349607e-02  9.75351296e-03
  1.98777152e-02 -6.47193002e-03  7.76888045e-02  1.13893428e-02
 -7.86277381e-02 -8.15011378e-02  2.95438965e-02 -2.04279518e-02
 -2.61941823e-02 -3.00232428e-02 -6.94229976e-02  3.43225783e-02
 -3.30284375e-02 -1.04026504e-02 -2.03161719e-02  2.16612416e-02
  4.90037966e-03 -2.15418174e-02 -4.31962637e-02 -4.73581058e-02
  5.06117310e-02 -2.16238324e-02  3.04371594e-02 -2.56634212e-02
  4.97376391e-02 -1.60093745e-03  8.21870934e-04 -6.97221021e-02
  5.86156525e-02 -1.06865997e-01  2.78254876e-02  4.18434887e-02
  9.51540204e-02 -9.58692501e-02  4.15032457e-02  3.27034393e-02
 -1.17390150e-01  1.17995178e-01  1.45350796e-01  1.39348658e-01
 -1.73890229e-01  1.08015382e-01  1.12861720e-01  1.41105188e-01
  1.99117255e-01  2.03803744e-01  1.90811565e-01  4.47697818e-02
  4.35597877e-02  1.96277198e-01 -1.90966592e-01  1.76345011e-01
 -1.12157691e-01 -2.00696036e-01 -1.90751197e-01 -1.38579692e-01
  1.89201659e-02  2.32076411e-01  2.37196773e-01  1.69777145e-01
  2.49172793e-01  1.28729581e-02  8.19390363e-02  2.51577528e-02
  2.93707593e-01 -3.05550197e-01  7.14408806e-03  2.76629153e-01
  2.97780308e-01  2.53714969e-01  1.53079712e-01  1.56495779e-01
 -4.16533770e-02 -2.38645209e-01 -2.19729238e-01  4.24956722e-02
  1.61717984e-01 -2.10524109e-01  7.03604996e-02  2.41745422e-01
  1.85592092e-01  2.90868108e-02 -2.34628072e-01  1.79310406e-01
 -1.76260528e-01 -3.48591337e-02 -2.05289795e-01  1.15370309e-01
 -1.31343129e-01  1.22313485e-01 -1.90039495e-01 -1.05560070e-01
  2.25016580e-01 -2.02139264e-01  1.57602356e-01 -5.08727556e-02
  2.10851088e-01  8.30620410e-02  1.10455782e-01 -2.01796093e-01
  1.60160002e-01  5.79067570e-02  4.39496395e-02  8.74272581e-02
  9.50184685e-02 -1.74420126e-01 -5.22783025e-02 -9.13467312e-02
 -5.64444588e-02  2.52715772e-02  1.42857148e-01  9.35745598e-04
 -1.18245878e-01  9.53249239e-02  7.58574276e-02  1.37654093e-01
  7.75093401e-02  3.50506268e-03  1.30748518e-01 -1.11226879e-01
 -5.39678423e-02  4.32633083e-02  5.81230034e-02 -1.34514324e-01
 -1.38030351e-01 -1.12395194e-01 -4.64001732e-03  1.03174999e-01
  7.07059673e-02  3.53356414e-02  8.35563485e-02 -9.53375162e-02
  7.60370664e-02 -5.52794595e-02  3.79847664e-02 -6.55489126e-02
  9.86245121e-04 -4.93941196e-02 -3.86043584e-02  1.36452665e-02
  1.30062462e-02 -3.85929082e-02 -2.13347755e-02 -3.14305704e-03
  9.08838539e-03  3.41156019e-02  3.18143647e-03 -3.13550700e-02
  2.95478334e-02  2.10509745e-02  4.03250644e-02  4.99216118e-02
  1.55077927e-02 -1.73828902e-03  2.21901544e-02  2.59718852e-02
 -5.75420713e-02  2.69676392e-02  1.15910656e-02 -7.96175103e-03
 -2.12730493e-02 -1.52769924e-02  7.92571953e-03 -1.15773795e-02
  1.22773609e-02 -2.15654791e-02  2.38940154e-02  7.87923588e-03
 -3.33325754e-02 -3.54135443e-02 -4.67622229e-02  4.06817357e-02
  3.55396057e-02 -1.70146859e-02  4.89200964e-02  3.45977957e-02
  6.41128004e-02  5.10420922e-02  2.46099694e-02  5.29817971e-03
 -7.17031402e-02  5.56611685e-02 -3.86934704e-03  1.04655505e-02
  2.29543910e-02  3.53430469e-02  3.80856383e-02 -5.61272015e-03
  5.52300604e-02 -4.24545424e-02  2.50287936e-02 -3.93191429e-03
 -2.99348730e-02  4.11201955e-02  3.52511487e-02 -3.49255764e-03
 -1.74332186e-02  3.11491388e-02  3.51767498e-02 -4.12035232e-02
 -1.36379368e-02 -1.41471431e-02 -2.85716553e-02  1.79941810e-02
 -8.58868908e-03 -2.73485271e-03  5.85749968e-03 -2.72144525e-03
  2.52185150e-03 -1.11340116e-02 -1.62384160e-02 -2.90533075e-03
 -4.91984497e-02  4.83684007e-02 -2.29838179e-02 -3.42205777e-02
 -4.70892815e-02  1.49772264e-02  1.95037382e-02 -3.15213587e-02
 -1.20150047e-02 -1.42729161e-02 -2.70655096e-03  2.13241893e-02
 -3.76694970e-03  2.75399288e-02  1.23275059e-02 -1.84701677e-02
 -1.30911114e-02 -3.25122416e-02  9.49302952e-03  1.16742492e-02
  8.17422921e-03  1.35917369e-02  8.89115164e-03  2.15922417e-03
  0.00000000e+00 -3.50688514e-03  1.09292872e-02  2.13011937e-02
 -1.01272583e-02  7.14317996e-03  2.48355061e-02 -6.85918448e-02
  2.96965352e-02 -6.59332268e-02 -3.32839906e-02 -2.70258237e-02
  4.01168709e-02 -4.96698310e-02 -9.78514319e-02 -1.14977713e-01
 -5.79152064e-02  1.22592856e-01  1.21422209e-01  4.29270841e-02
  7.01219562e-02  4.51343808e-02 -1.10830967e-01 -5.37320498e-02
  1.51823624e-01 -5.51052775e-02 -1.66485986e-01  1.15727208e-01
  1.75951406e-01 -1.91564147e-01 -1.51021744e-01  1.39171702e-02
  3.74746841e-02  5.47184506e-02  2.45146423e-01 -6.80455668e-02
  7.33845859e-02 -2.05943027e-02  9.82769142e-02 -1.89134304e-02
 -4.10432437e-03  6.06625737e-02 -1.12337901e-01 -1.68662576e-01
  5.67143242e-02 -2.12818960e-01 -1.91983566e-01 -6.32009396e-02
  7.02275845e-02 -1.29530948e-01 -1.57973583e-01  8.29539491e-02
  2.73573231e-01  2.50158723e-01 -2.48147356e-01 -1.45187903e-01
  2.02898724e-01 -1.98652033e-01 -2.49298222e-01  1.16342012e-01
 -2.61090892e-01  6.59009364e-02  2.13191323e-01 -4.30325624e-02
 -2.65426436e-01  1.80978462e-01 -1.55223795e-01 -2.85049642e-01
 -1.40967467e-01  1.17767790e-01  7.65664528e-02 -1.29434997e-03
 -1.29454898e-02 -2.88601038e-01  4.63331133e-02 -2.04206071e-01
 -1.35326422e-02 -1.87356278e-01  1.72924134e-01  1.11676089e-01
 -1.47053029e-01  2.05907238e-02  1.36469029e-01 -1.04348041e-01
  1.52276525e-01 -1.64798039e-01  2.86054350e-02  2.29804991e-02
  1.50524076e-01  1.20870350e-01  2.05216469e-01  1.42668713e-01
  1.49588165e-01 -1.83168803e-01 -1.89788951e-01  1.56650219e-01
  2.36713758e-01  2.01190072e-01  1.70098263e-01 -1.18927093e-01
  1.84451405e-01 -3.08514473e-02 -7.98958813e-02 -1.60135916e-01
  1.03297251e-01  1.16147435e-01  1.26410332e-01 -1.30640395e-02
  1.40882018e-01  7.91248661e-02  7.26613389e-02 -1.10031007e-01
  1.28500080e-01 -1.52667968e-01 -1.51690680e-01 -1.21630856e-01
 -1.05697770e-01 -1.46969324e-01 -3.44450679e-02  1.41677827e-01
 -8.02864392e-02 -1.01569591e-01  2.91899811e-02 -9.22355488e-02
 -1.08330170e-01  5.36082195e-02  1.10266869e-01 -6.01163367e-02
 -9.67886317e-02 -1.37662828e-03 -1.11064550e-01 -1.05539392e-01
 -9.20288598e-02 -4.11536412e-02  8.85544728e-02 -8.29953364e-02
 -4.24468098e-02  9.95834695e-04  6.20169152e-02 -2.26382090e-02
  7.73238925e-02 -1.34159012e-02 -7.45708806e-03  8.33308628e-02
  8.83759558e-03 -3.50543261e-02  1.64019721e-02  2.23280532e-02
  8.67056389e-02 -8.53228829e-02 -7.58322706e-02  3.37013319e-02
  5.08881460e-02 -9.15042860e-02  8.27782066e-02 -5.15170883e-02
  7.51444424e-02  5.43575242e-02 -6.78651546e-02  3.09768694e-02
 -1.09997460e-02  4.37774579e-02  2.46515781e-02  2.26686709e-02
 -1.55433324e-02  4.73849823e-03 -4.85886366e-02  1.34265436e-03
  9.16143372e-02 -5.42302573e-02 -4.73355049e-02  5.80242802e-02
 -2.93733916e-02 -9.76469806e-03 -2.64816970e-02 -5.05289826e-02
 -7.79669597e-02  1.36637584e-01  6.66850456e-02 -2.56996048e-02
 -7.28342629e-02 -1.19757135e-01 -1.31709575e-01 -1.38792055e-01
 -3.03691153e-02 -8.25558529e-02  1.77792041e-01 -1.37784640e-01
 -9.39550280e-02 -1.48391580e-01 -1.87052628e-01  6.16992635e-03
  1.49795509e-01  1.28148493e-01  2.12445339e-01  2.21301259e-01
 -4.22360981e-02 -7.32668555e-02  6.26752262e-02  8.85089909e-02
 -1.04829140e-01 -1.95986581e-01  7.59372277e-02  6.20739302e-02
 -1.93370889e-01  1.55274608e-01  2.13307743e-01  1.92676484e-01
  1.09895647e-01  2.04503403e-01 -1.79651956e-02 -6.30837505e-02
  8.91495296e-02 -2.02672963e-01  6.92730037e-03 -1.92671997e-01
 -1.58902190e-01 -1.83993462e-01  6.82432494e-02 -1.91415162e-01
 -2.16024363e-01 -2.44400621e-01 -2.04748534e-01  2.53237744e-01
  2.51425074e-01 -2.45740968e-01 -2.25513930e-01  1.87114720e-01
 -2.39135550e-01 -2.28453717e-01 -4.58417734e-02  2.78106027e-01
  2.69951132e-01 -2.25356002e-01 -2.70094245e-01  1.20530597e-01
 -3.31325289e-02 -2.60600592e-01 -1.77545808e-01  1.61217997e-01
  1.76784023e-01  2.16970118e-01  2.13079548e-01 -2.60264693e-01
 -1.67983674e-01  2.43593525e-01  2.17733753e-01  1.73447432e-01
 -4.83022332e-02 -2.26242157e-01 -2.32969977e-01 -6.90625397e-02
 -7.72390017e-02 -1.32918060e-01  1.21128860e-01  1.92083601e-01
  1.40194338e-01 -1.59696871e-01 -8.34850215e-03  9.19054571e-02
 -9.67411580e-02  5.94986300e-02  1.12754660e-01  1.16397447e-01
 -1.89558296e-01 -1.37497090e-02 -1.97564376e-01 -2.11085903e-01
  2.26573347e-01 -1.82269448e-01 -8.06575963e-02 -2.63908636e-01
  2.30894493e-01  1.69216792e-02 -3.18798703e-03 -4.89337682e-02
  3.09199689e-01 -2.50815743e-01 -2.86184162e-01  2.60969979e-01
  2.14380461e-01  2.75127057e-01  3.12419188e-01 -2.11258302e-01
 -2.25663933e-01 -2.58526442e-01 -2.62073853e-01 -1.48520213e-01
 -2.74087884e-01 -2.90006491e-01  3.50852308e-01 -3.56295752e-01
 -2.66582787e-01 -9.41998914e-02  1.78545110e-01 -4.07647204e-01
  4.30825331e-01 -4.49410703e-01  1.92212499e-01  4.57973004e-01
  3.43595369e-01  4.12227550e-01  8.20216315e-03 -1.52975089e-01
  1.49423704e-01  7.69366812e-03  1.43981620e-01  5.57596515e-02
 -3.04409826e-01 -2.82395242e-01 -3.39641490e-01  9.71690998e-02
  2.43459059e-01 -1.04505609e-01  3.15824646e-01  2.62778163e-01
 -1.39587109e-01  3.20014473e-01 -3.21373058e-01 -2.55280580e-02
  3.00384981e-01 -3.02625849e-01  1.02117677e-01  3.63832033e-02
 -4.37755125e-02  3.43830952e-01 -4.04841205e-02 -1.47038124e-01
 -2.76338219e-01  1.73657945e-01 -2.88619612e-01  2.39838671e-01
 -2.33177460e-01  1.35243389e-01  2.87135804e-01  2.60634919e-01
  1.81091520e-01  7.12634739e-02  1.50330811e-01  2.10625007e-01
  2.58214144e-01  2.05947053e-01  2.53974041e-01  2.56565613e-01
  2.75142239e-01  2.80464557e-01  2.64690358e-01  2.65888654e-01
  2.68698605e-01  1.35349134e-02 -1.51889666e-01  4.85980525e-02
  2.52374914e-01  3.22462186e-02 -1.84045932e-01 -1.54172830e-01
  2.13879081e-02 -1.97976380e-01 -1.29462420e-01  1.58849105e-02
  9.76121669e-02  6.34589104e-02  1.27631122e-01 -1.25274703e-01
  1.21632139e-01 -1.08071305e-01 -7.50318331e-02 -8.22848554e-02
 -6.04939946e-02 -3.26372490e-02  3.10048535e-02  2.67636010e-03
  4.03979263e-02 -7.00410571e-02 -1.52287734e-02 -2.43746596e-02
  8.58214141e-02 -1.06086589e-01 -1.55552827e-01 -1.30762977e-01
 -8.09883142e-02 -1.43301677e-01  4.75644528e-02  1.37748393e-01
 -9.18801702e-02 -5.75905546e-02 -2.16567110e-01  1.54666110e-01
  5.52924500e-02  2.47085703e-01 -2.56616743e-01 -2.65958801e-01
  1.64837739e-01  2.91594729e-01  3.08163068e-01  2.49540481e-01
  3.16278083e-01  3.61695461e-01  2.19627067e-01 -4.01708605e-01
  3.77340809e-02 -3.89645187e-01 -4.18355077e-01 -2.58788442e-01
  2.11101180e-01  3.35460831e-01  4.02931989e-01  3.61259290e-01
  4.71298402e-01 -2.68837387e-01 -3.29111272e-01 -4.72167789e-01
  4.75236652e-01  3.55173015e-02  3.04224076e-01  4.94765578e-01
  3.40858575e-01 -5.13575794e-01 -4.52210782e-01 -1.14265926e-01
  3.14291346e-01  2.49303753e-01  4.96419605e-01  6.16481828e-02
 -3.42625817e-01 -1.00029776e-01  7.41598260e-02  1.65298857e-01
  2.25767358e-01  3.51144222e-01  2.79501365e-01  3.38613394e-01
  5.33383387e-01  3.75683591e-01  2.11276962e-01  1.59010407e-01
  5.08037696e-01  5.31424933e-01  2.97509006e-01 -1.48280418e-01
 -2.83984295e-01 -3.49595089e-01 -2.28286526e-01  1.07569347e-01
 -1.50917422e-01 -1.82342125e-01 -1.31577629e-01 -3.29663794e-01
 -1.77387176e-01 -3.83726442e-01 -4.97735982e-01 -4.75596068e-01
 -1.35905431e-01  3.61245628e-01  4.90292183e-01  3.21811342e-01
  2.07555615e-01 -8.87929793e-02 -9.84470239e-02 -2.36416867e-01
 -4.19554050e-01 -4.76383765e-01 -2.20177200e-01  1.92669906e-01
  4.49648879e-01  4.17069720e-01  3.82322498e-01  4.63705805e-01
  4.42445794e-01  3.64016504e-02  1.87600703e-01  4.42713340e-01
  4.26637902e-01  4.21936001e-01  3.61411990e-01  3.04524756e-01
  3.56094615e-01  2.53359191e-01 -6.61132234e-02 -1.07642597e-01
  2.15349937e-01  3.80441442e-01  3.63932566e-01  3.75660322e-01