2020,9,21,12,0,1, -50.0000000000
2020,9,21,12,0,1, -50.0000000000
2020,9,21,12,0,1, -50.0000000000
2020,9,21,12,0,2, -50.0000000000
2020,9,21,12,0,2, -50.0000000000
2020,9,21,12,0,2, -50.0000000000
2020,9,21,12,0,2, -50.0000000000
2020,9,21,12,0,3, -50.0000000000
2020,9,21,12,0,3, -50.0000000000
2020,9,21,12,0,3, -50.0000000000
2020,9,21,12,0,3, -50.0000000000
2020,9,21,12,0,4, -50.0000000000
2020,9,21,12,0,4, -50.0000000000
2020,9,21,12,0,4, -50.0000000000
2020,9,21,12,0,4, -50.0000000000
2020,9,21,12,0,5, -50.0000000000
2020,9,21,12,0,5, -50.0000000000
2020,9,21,12,0,5, -50.0000000000
2020,9,21,12,0,5, -50.0000000000
2020,9,21,12,0,6, -50.0000000000
2020,9,21,12,0,6, -50.0000000000
2020,9,21,12,0,6, -50.0000000000
2020,9,21,12,0,6, -50.0000000000
2020,9,21,12,0,7, -50.0000000000
2020,9,21,12,0,7, -50.0000000000
2020,9,21,12,0,7, -50.0000000000
2020,9,21,12,0,7, -50.0000000000
2020,9,21,12,0,8, -50.0000000000
2020,9,21,12,0,8, -50.0000000000
2020,9,21,12,0,8, -50.0000000000
2020,9,21,12,0,8, -50.0000000000
2020,9,21,12,0,9, -50.0000000000
2020,9,21,12,0,9, -50.0000000000
2020,9,21,12,0,9, -50.0000000000
2020,9,21,12,0,9, -50.0000000000
2020,9,21,12,0,10, -50.0000000000
2020,9,21,12,0,10, -50.0000000000
2020,9,21,12,0,10, -50.0000000000
2020,9,21,12,0,10, -50.0000000000
2020,9,21,12,0,11, -50.0000000000
2020,9,21,12,0,11, -50.0000000000
2020,9,21,12,0,11, -50.0000000000
2020,9,21,12,0,11, -50.0000000000
2020,9,21,12,0,12, -50.0000000000
2020,9,21,12,0,12, -50.0000000000
2020,9,21,12,0,12, -50.0000000000
2020,9,21,12,0,12, -50.0000000000
2020,9,21,12,0,13, -50.0000000000
2020,9,21,12,0,13, -50.0000000000
2020,9,21,12,0,13, -50.0000000000
2020,9,21,12,0,13, -50.0000000000
2020,9,21,12,0,14, -50.0000000000
2020,9,21,12,0,14, -50.0000000000
2020,9,21,12,0,14, -50.0000000000
2020,9,21,12,0,14, -50.0000000000
2020,9,21,12,0,15, -50.0000000000
2020,9,21,12,0,15, -50.0000000000
2020,9,21,12,0,15, -50.0000000000
2020,9,21,12,0,15, -50.0000000000
2020,9,21,12,0,16, -50.0000000000
2020,9,21,12,0,16, -50.0000000000
2020,9,21,12,0,16, -50.0000000000
2020,9,21,12,0,16, -50.0000000000
2020,9,21,12,0,17, -50.0000000000
2020,9,21,12,0,17, -50.0000000000
2020,9,21,12,0,17, -50.0000000000
2020,9,21,12,0,17, -50.0000000000
2020,9,21,12,0,18, -50.0000000000
2020,9,21,12,0,18, -50.0000000000
2020,9,21,12,0,18, -50.0000000000
2020,9,21,12,0,18, -50.0000000000
2020,9,21,12,0,19, -50.0000000000
2020,9,21,12,0,19, -50.0000000000
2020,9,21,12,0,19, -50.0000000000
2020,9,21,12,0,19, -50.0000000000
2020,9,21,12,0,20, -50.0000000000
2020,9,21,12,0,20, -50.0000000000
2020,9,21,12,0,20, -50.0000000000
2020,9,21,12,0,20, -50.0000000000
2020,9,21,12,0,21, -50.0000000000
2020,9,21,12,0,21, -50.0000000000
2020,9,21,12,0,21, -50.0000000000
2020,9,21,12,0,21, -50.0000000000
2020,9,21,12,0,22, -50.0000000000
2020,9,21,12,0,22, -50.0000000000
2020,9,21,12,0,22, -50.0000000000
2020,9,21,12,0,22, -50.0000000000
2020,9,21,12,0,23, -50.0000000000
2020,9,21,12,0,23, -50.0000000000
2020,9,21,12,0,23, -50.0000000000
2020,9,21,12,0,23, -50.0000000000
2020,9,21,12,0,24, -50.0000000000
2020,9,21,12,0,24, -50.0000000000
2020,9,21,12,0,24, -50.0000000000
2020,9,21,12,0,24, -50.0000000000
2020,9,21,12,0,25, -50.0000000000
2020,9,21,12,0,25, -50.0000000000
2020,9,21,12,0,25, -50.0000000000
2020,9,21,12,0,25, -50.0000000000
2020,9,21,12,0,26, -50.0000000000
2020,9,21,12,0,26, -50.0000000000
2020,9,21,12,0,26, -50.0000000000
2020,9,21,12,0,26, -50.0000000000
2020,9,21,12,0,27, -50.0000000000
2020,9,21,12,0,27, -50.0000000000
2020,9,21,12,0,27, -50.0000000000
2020,9,21,12,0,27, -50.0000000000
2020,9,21,12,0,28, -50.0000000000
2020,9,21,12,0,28, -50.0000000000
2020,9,21,12,0,28, -50.0000000000
2020,9,21,12,0,28, -50.0000000000
2020,9,21,12,0,29, -50.0000000000
2020,9,21,12,0,29, -50.0000000000
2020,9,21,12,0,29, -50.0000000000
2020,9,21,12,0,30, -50.0000000000
2020,9,21,12,0,30, -50.0000000000
2020,9,21,12,0,30, -50.0000000000
2020,9,21,12,0,30, -50.0000000000
2020,9,21,12,0,31, -50.0000000000
2020,9,21,12,0,31, -50.0000000000
2020,9,21,12,0,31, -50.0000000000
2020,9,21,12,0,31, -50.0000000000
2020,9,21,12,0,32, -50.0000000000
2020,9,21,12,0,32, -50.0000000000
2020,9,21,12,0,32, -50.0000000000
2020,9,21,12,0,32, -50.0000000000
2020,9,21,12,0,33, -50.0000000000
2020,9,21,12,0,33, -50.0000000000
2020,9,21,12,0,33, -50.0000000000
2020,9,21,12,0,33, -50.0000000000
2020,9,21,12,0,34, -50.0000000000
2020,9,21,12,0,34, -50.0000000000
2020,9,21,12,0,34, -50.0000000000
2020,9,21,12,0,34, -50.0000000000
2020,9,21,12,0,35, -50.0000000000
2020,9,21,12,0,35, -50.0000000000
2020,9,21,12,0,35, -50.0000000000
2020,9,21,12,0,35, -50.0000000000
2020,9,21,12,0,36, -50.0000000000
2020,9,21,12,0,36, -50.0000000000
2020,9,21,12,0,36, -50.0000000000
2020,9,21,12,0,36, -50.0000000000
2020,9,21,12,0,37, -50.0000000000
2020,9,21,12,0,37, -50.0000000000
2020,9,21,12,0,37, -50.0000000000
2020,9,21,12,0,37, -50.0000000000
2020,9,21,12,0,38, -50.0000000000
2020,9,21,12,0,38, -50.0000000000
2020,9,21,12,0,38, -50.0000000000
2020,9,21,12,0,38, -50.0000000000
2020,9,21,12,0,39, -50.0000000000
2020,9,21,12,0,39, -50.0000000000
2020,9,21,12,0,39, -50.0000000000
2020,9,21,12,0,39, -50.0000000000
2020,9,21,12,0,40, -50.0000000000
2020,9,21,12,0,40, -50.0000000000
2020,9,21,12,0,40, -50.0000000000
2020,9,21,12,0,40, -50.0000000000
2020,9,21,12,0,41, -50.0000000000
2020,9,21,12,0,41, -50.0000000000
2020,9,21,12,0,41, -50.0000000000
2020,9,21,12,0,41, -50.0000000000
2020,9,21,12,0,42, -50.0000000000
2020,9,21,12,0,42, -50.0000000000
2020,9,21,12,0,42, -50.0000000000
2020,9,21,12,0,42, -50.0000000000
2020,9,21,12,0,43, -50.0000000000
2020,9,21,12,0,43, -50.0000000000
2020,9,21,12,0,43, -50.0000000000
2020,9,21,12,0,43, -50.0000000000
2020,9,21,12,0,44, -50.0000000000
2020,9,21,12,0,44, -50.0000000000
2020,9,21,12,0,44, -50.0000000000
2020,9,21,12,0,44, -50.0000000000
2020,9,21,12,0,45, -50.0000000000
2020,9,21,12,0,45, -50.0000000000
2020,9,21,12,0,45, -50.0000000000
2020,9,21,12,0,45, -50.0000000000
2020,9,21,12,0,46, -50.0000000000
2020,9,21,12,0,46, -50.0000000000
2020,9,21,12,0,46, -50.0000000000
2020,9,21,12,0,46, -50.0000000000
2020,9,21,12,0,47, -50.0000000000
2020,9,21,12,0,47, -50.0000000000
2020,9,21,12,0,47, -50.0000000000
2020,9,21,12,0,47, -50.0000000000
2020,9,21,12,0,48, -50.0000000000
2020,9,21,12,0,48, -50.0000000000
2020,9,21,12,0,48, -50.0000000000
2020,9,21,12,0,48, -50.0000000000
2020,9,21,12,0,49, -50.0000000000
2020,9,21,12,0,49, -50.0000000000
2020,9,21,12,0,49, -50.0000000000
2020,9,21,12,0,49, -50.0000000000
2020,9,21,12,0,50, -50.0000000000
2020,9,21,12,0,50, -50.0000000000
2020,9,21,12,0,50, -50.0000000000
2020,9,21,12,0,50, -50.0000000000
2020,9,21,12,0,51, -50.0000000000
2020,9,21,12,0,51, -50.0000000000
2020,9,21,12,0,51, -50.0000000000
2020,9,21,12,0,51, -50.0000000000
2020,9,21,12,0,52, -50.0000000000
2020,9,21,12,0,52, -50.0000000000
2020,9,21,12,0,52, -50.0000000000
2020,9,21,12,0,52, -50.0000000000
2020,9,21,12,0,53, -50.0000000000
2020,9,21,12,0,53, -50.0000000000
2020,9,21,12,0,53, -50.0000000000
2020,9,21,12,0,54, -50.0000000000
2020,9,21,12,0,54, -50.0000000000
2020,9,21,12,0,54, -50.0000000000
2020,9,21,12,0,54, -50.0000000000
2020,9,21,12,0,55, -50.0000000000
2020,9,21,12,0,55, -50.0000000000
2020,9,21,12,0,55, -50.0000000000
2020,9,21,12,0,55, -50.0000000000
2020,9,21,12,0,56, -50.0000000000
2020,9,21,12,0,56, -50.0000000000
2020,9,21,12,0,56, -50.0000000000
2020,9,21,12,0,56, -50.0000000000
2020,9,21,12,0,57, -50.0000000000
2020,9,21,12,0,57, -50.0000000000
2020,9,21,12,0,57, -50.0000000000
2020,9,21,12,0,57, -50.0000000000
2020,9,21,12,0,58, -50.0000000000
2020,9,21,12,0,58, -50.0000000000
2020,9,21,12,0,58, -50.0000000000
2020,9,21,12,0,58, -50.0000000000
2020,9,21,12,0,59, -50.0000000000
2020,9,21,12,0,59, -50.0000000000
2020,9,21,12,0,59, -50.0000000000
2020,9,21,12,0,59, -50.0000000000
2020,9,21,12,1,0, -50.0000000000
2020,9,21,12,1,0, -50.0000000000
2020,9,21,12,1,0, -50.0000000000
2020,9,21,12,1,0, -50.0000000000
2020,9,21,12,1,1, -50.0000000000
2020,9,21,12,1,1, -50.0000000000
2020,9,21,12,1,1, -50.0000000000
2020,9,21,12,1,1, -50.0000000000
2020,9,21,12,1,2, -50.0000000000
2020,9,21,12,1,2, -50.0000000000
2020,9,21,12,1,2, -50.0000000000
2020,9,21,12,1,2, -50.0000000000
2020,9,21,12,1,3, -50.0000000000
2020,9,21,12,1,3, -50.0000000000
2020,9,21,12,1,3, -50.0000000000
2020,9,21,12,1,3, -50.0000000000
2020,9,21,12,1,4, -50.0000000000
2020,9,21,12,1,4, -50.0000000000
2020,9,21,12,1,4, -50.0000000000
2020,9,21,12,1,4, -50.0000000000
2020,9,21,12,1,5, -50.0000000000
2020,9,21,12,1,5, -50.0000000000
2020,9,21,12,1,5, -50.0000000000
2020,9,21,12,1,5, -50.0000000000
2020,9,21,12,1,6, -50.0000000000
2020,9,21,12,1,6, -50.0000000000
2020,9,21,12,1,6, -50.0000000000
2020,9,21,12,1,6, -50.0000000000
2020,9,21,12,1,7, -50.0000000000
2020,9,21,12,1,7, -50.0000000000
2020,9,21,12,1,7, -50.0000000000
2020,9,21,12,1,7, -50.0000000000
2020,9,21,12,1,8, -50.0000000000
2020,9,21,12,1,8, -50.0000000000
2020,9,21,12,1,8, -50.0000000000
2020,9,21,12,1,8, -50.0000000000
2020,9,21,12,1,9, -50.0000000000
2020,9,21,12,1,9, -50.0000000000
2020,9,21,12,1,9, -50.0000000000
2020,9,21,12,1,9, -50.0000000000
2020,9,21,12,1,10, -50.0000000000
2020,9,21,12,1,10, -50.0000000000
2020,9,21,12,1,10, -50.0000000000
2020,9,21,12,1,10, -50.0000000000
2020,9,21,12,1,11, -50.0000000000
2020,9,21,12,1,11, -50.0000000000
2020,9,21,12,1,11, -50.0000000000
2020,9,21,12,1,11, -50.0000000000
2020,9,21,12,1,12, -50.0000000000
2020,9,21,12,1,12, -50.0000000000
2020,9,21,12,1,12, -50.0000000000
2020,9,21,12,1,12, -50.0000000000
2020,9,21,12,1,13, -50.0000000000
2020,9,21,12,1,13, -50.0000000000
2020,9,21,12,1,13, -50.0000000000
2020,9,21,12,1,13, -50.0000000000
2020,9,21,12,1,14, -50.0000000000
2020,9,21,12,1,14, -50.0000000000
2020,9,21,12,1,14, -50.0000000000
2020,9,21,12,1,14, -50.0000000000
2020,9,21,12,1,15, -50.0000000000
2020,9,21,12,1,15, -50.0000000000
2020,9,21,12,1,15, -50.0000000000
2020,9,21,12,1,15, -50.0000000000
2020,9,21,12,1,16, -50.0000000000
2020,9,21,12,1,16, -50.0000000000
2020,9,21,12,1,16, -50.0000000000
2020,9,21,12,1,16, -50.0000000000
2020,9,21,12,1,17, -50.0000000000
2020,9,21,12,1,17, -50.0000000000
2020,9,21,12,1,17, -50.0000000000
2020,9,21,12,1,17, -50.0000000000
2020,9,21,12,1,18, -50.0000000000
2020,9,21,12,1,18, -50.0000000000
2020,9,21,12,1,18, -50.0000000000
2020,9,21,12,1,18, -50.0000000000
2020,9,21,12,1,19, -50.0000000000
2020,9,21,12,1,19, -50.0000000000
2020,9,21,12,1,19, -50.0000000000
2020,9,21,12,1,19, -50.0000000000
2020,9,21,12,1,20, -50.0000000000
2020,9,21,12,1,20, -50.0000000000
2020,9,21,12,1,20, -50.0000000000
2020,9,21,12,1,20, -50.0000000000
2020,9,21,12,1,21, -50.0000000000
2020,9,21,12,1,21, -50.0000000000
2020,9,21,12,1,21, -50.0000000000
2020,9,21,12,1,21, -50.0000000000
2020,9,21,12,1,22, -50.0000000000
2020,9,21,12,1,22, -50.0000000000
2020,9,21,12,1,22, -50.0000000000
2020,9,21,12,1,23, -50.0000000000
2020,9,21,12,1,23, -50.0000000000
2020,9,21,12,1,23, -50.0000000000
2020,9,21,12,1,23, -50.0000000000
2020,9,21,12,1,24, -50.0000000000
2020,9,21,12,1,24, -50.0000000000
2020,9,21,12,1,24, -50.0000000000
2020,9,21,12,1,24, -50.0000000000
2020,9,21,12,1,25, -50.0000000000
2020,9,21,12,1,25, -50.0000000000
2020,9,21,12,1,25, -50.0000000000
2020,9,21,12,1,26, -50.0000000000
2020,9,21,12,1,26, -50.0000000000
2020,9,21,12,1,26, -50.0000000000
2020,9,21,12,1,26, -50.0000000000
2020,9,21,12,1,27, -50.0000000000
2020,9,21,12,1,27, -50.0000000000
2020,9,21,12,1,27, -50.0000000000
2020,9,21,12,1,27, -50.0000000000
2020,9,21,12,1,28, -50.0000000000
2020,9,21,12,1,28, -50.0000000000
2020,9,21,12,1,28, -50.0000000000
2020,9,21,12,1,28, -50.0000000000
2020,9,21,12,1,29, -50.0000000000
2020,9,21,12,1,29, -50.0000000000
2020,9,21,12,1,29, -50.0000000000
2020,9,21,12,1,29, -50.0000000000
2020,9,21,12,1,30, -50.0000000000
2020,9,21,12,1,30, -50.0000000000
2020,9,21,12,1,30, -50.0000000000
2020,9,21,12,1,30, -50.0000000000
2020,9,21,12,1,31, -50.0000000000
2020,9,21,12,1,31, -50.0000000000
2020,9,21,12,1,31, -50.0000000000
2020,9,21,12,1,31, -50.0000000000
2020,9,21,12,1,32, -50.0000000000
2020,9,21,12,1,32, -50.0000000000
2020,9,21,12,1,32, -50.0000000000
2020,9,21,12,1,32, -50.0000000000
2020,9,21,12,1,33, -50.0000000000
2020,9,21,12,1,33, -50.0000000000
2020,9,21,12,1,33, -50.0000000000
2020,9,21,12,1,33, -50.0000000000
2020,9,21,12,1,34, -50.0000000000
2020,9,21,12,1,34, -50.0000000000
2020,9,21,12,1,34, -50.0000000000
2020,9,21,12,1,34, -50.0000000000
2020,9,21,12,1,35, -50.0000000000
2020,9,21,12,1,35, -50.0000000000
2020,9,21,12,1,35, -50.0000000000
2020,9,21,12,1,35, -50.0000000000
2020,9,21,12,1,36, -50.0000000000
2020,9,21,12,1,36, -50.0000000000
2020,9,21,12,1,36, -50.0000000000
2020,9,21,12,1,36, -50.0000000000
2020,9,21,12,1,37, -50.0000000000
2020,9,21,12,1,37, -50.0000000000
2020,9,21,12,1,37, -50.0000000000
2020,9,21,12,1,37, -50.0000000000
2020,9,21,12,1,38, -50.0000000000
2020,9,21,12,1,38, -50.0000000000
2020,9,21,12,1,38, -50.0000000000
2020,9,21,12,1,38, -50.0000000000
2020,9,21,12,1,39, -50.0000000000
2020,9,21,12,1,39, -50.0000000000
2020,9,21,12,1,39, -50.0000000000
2020,9,21,12,1,40, -50.0000000000
2020,9,21,12,1,40, -50.0000000000
2020,9,21,12,1,40, -50.0000000000
2020,9,21,12,1,41, -50.0000000000
2020,9,21,12,1,41, -50.0000000000
2020,9,21,12,1,41, -50.0000000000
2020,9,21,12,1,41, -50.0000000000
2020,9,21,12,1,42, -50.0000000000
2020,9,21,12,1,42, -50.0000000000
2020,9,21,12,1,42, -50.0000000000
2020,9,21,12,1,42, -50.0000000000
2020,9,21,12,1,43, -50.0000000000
2020,9,21,12,1,43, -50.0000000000
2020,9,21,12,1,43, -50.0000000000
2020,9,21,12,1,43, -50.0000000000
2020,9,21,12,1,44, -50.0000000000
2020,9,21,12,1,44, -50.0000000000
2020,9,21,12,1,44, -50.0000000000
2020,9,21,12,1,44, -50.0000000000
2020,9,21,12,1,45, -50.0000000000
2020,9,21,12,1,45, -50.0000000000
2020,9,21,12,1,45, -50.0000000000
2020,9,21,12,1,45, -50.0000000000
2020,9,21,12,1,46, -50.0000000000
2020,9,21,12,1,46, -50.0000000000
2020,9,21,12,1,46, -50.0000000000
2020,9,21,12,1,46, -50.0000000000
2020,9,21,12,1,47, -50.0000000000
2020,9,21,12,1,47, -50.0000000000
2020,9,21,12,1,47, -50.0000000000
2020,9,21,12,1,47, -50.0000000000
2020,9,21,12,1,48, -50.0000000000
2020,9,21,12,1,48, -50.0000000000
2020,9,21,12,1,48, -50.0000000000
2020,9,21,12,1,48, -50.0000000000
2020,9,21,12,1,49, -50.0000000000
2020,9,21,12,1,49, -50.0000000000
2020,9,21,12,1,49, -50.0000000000
2020,9,21,12,1,49, -50.0000000000
2020,9,21,12,1,50, -50.0000000000
2020,9,21,12,1,50, -50.0000000000
2020,9,21,12,1,50, -50.0000000000
2020,9,21,12,1,50, -50.0000000000
2020,9,21,12,1,51, -50.0000000000
2020,9,21,12,1,51, -50.0000000000
2020,9,21,12,1,51, -50.0000000000
2020,9,21,12,1,51, -50.0000000000
2020,9,21,12,1,52, -50.0000000000
2020,9,21,12,1,52, -50.0000000000
2020,9,21,12,1,52, -50.0000000000
2020,9,21,12,1,52, -50.0000000000
2020,9,21,12,1,53, -50.0000000000
2020,9,21,12,1,53, -50.0000000000
2020,9,21,12,1,53, -50.0000000000
2020,9,21,12,1,53, -50.0000000000
2020,9,21,12,1,54, -50.0000000000
2020,9,21,12,1,54, -50.0000000000
2020,9,21,12,1,54, -50.0000000000
2020,9,21,12,1,54, -50.0000000000
2020,9,21,12,1,55, -50.0000000000
2020,9,21,12,1,55, -50.0000000000
2020,9,21,12,1,55, -50.0000000000
2020,9,21,12,1,55, -50.0000000000
2020,9,21,12,1,56, -50.0000000000
2020,9,21,12,1,56, -50.0000000000
2020,9,21,12,1,56, -50.0000000000
2020,9,21,12,1,56, -50.0000000000
2020,9,21,12,1,57, -50.0000000000
2020,9,21,12,1,57, -50.0000000000
2020,9,21,12,1,57, -50.0000000000
2020,9,21,12,1,58, -50.0000000000
2020,9,21,12,1,58, -50.0000000000
2020,9,21,12,1,58, -50.0000000000
2020,9,21,12,1,58, -50.0000000000
2020,9,21,12,1,59, -50.0000000000
2020,9,21,12,1,59, -50.0000000000
2020,9,21,12,1,59, -50.0000000000
2020,9,21,12,1,59, -50.0000000000
2020,9,21,12,2,0, -50.0000000000
2020,9,21,12,2,0, -50.0000000000
2020,9,21,12,2,0, -50.0000000000
2020,9,21,12,2,0, -50.0000000000
2020,9,21,12,2,1, -50.0000000000
2020,9,21,12,2,1, -50.0000000000
2020,9,21,12,2,1, -50.0000000000
2020,9,21,12,2,1, -50.0000000000
2020,9,21,12,2,2, -50.0000000000
2020,9,21,12,2,2, -50.0000000000
2020,9,21,12,2,2, -50.0000000000
2020,9,21,12,2,2, -50.0000000000
2020,9,21,12,2,3, -50.0000000000
2020,9,21,12,2,3, -50.0000000000
2020,9,21,12,2,3, -50.0000000000
2020,9,21,12,2,3, -50.0000000000
2020,9,21,12,2,4, -50.0000000000
2020,9,21,12,2,4, -50.0000000000
2020,9,21,12,2,4, -50.0000000000
2020,9,21,12,2,4, -50.0000000000
2020,9,21,12,2,5, -50.0000000000
2020,9,21,12,2,5, -50.0000000000
2020,9,21,12,2,5, -50.0000000000
2020,9,21,12,2,5, -50.0000000000
2020,9,21,12,2,6, -50.0000000000
2020,9,21,12,2,6, -50.0000000000
2020,9,21,12,2,6, -50.0000000000
2020,9,21,12,2,6, -50.0000000000
2020,9,21,12,2,7, -50.0000000000
2020,9,21,12,2,7, -50.0000000000
2020,9,21,12,2,7, -50.0000000000
2020,9,21,12,2,7, -50.0000000000
2020,9,21,12,2,8, -50.0000000000
2020,9,21,12,2,8, -50.0000000000
2020,9,21,12,2,8, -50.0000000000
2020,9,21,12,2,8, -50.0000000000
2020,9,21,12,2,9, -50.0000000000
2020,9,21,12,2,9, -50.0000000000
2020,9,21,12,2,9, -50.0000000000
2020,9,21,12,2,9, -50.0000000000
2020,9,21,12,2,10, -50.0000000000
2020,9,21,12,2,10, -50.0000000000
2020,9,21,12,2,10, -50.0000000000
2020,9,21,12,2,10, -50.0000000000
2020,9,21,12,2,11, -50.0000000000
2020,9,21,12,2,11, -50.0000000000
2020,9,21,12,2,11, -50.0000000000
2020,9,21,12,2,11, -50.0000000000
2020,9,21,12,2,12, -50.0000000000
2020,9,21,12,2,12, -50.0000000000
2020,9,21,12,2,12, -50.0000000000
2020,9,21,12,2,12, -50.0000000000
2020,9,21,12,2,13, -50.0000000000
2020,9,21,12,2,13, -50.0000000000
2020,9,21,12,2,13, -50.0000000000
2020,9,21,12,2,13, -50.0000000000
2020,9,21,12,2,14, -50.0000000000
2020,9,21,12,2,14, -50.0000000000
2020,9,21,12,2,14, -50.0000000000
2020,9,21,12,2,14, -50.0000000000
2020,9,21,12,2,15, -50.0000000000
2020,9,21,12,2,15, -50.0000000000
2020,9,21,12,2,15, -50.0000000000
2020,9,21,12,2,15, -50.0000000000
2020,9,21,12,2,16, -50.0000000000
2020,9,21,12,2,16, -50.0000000000
2020,9,21,12,2,16, -50.0000000000
2020,9,21,12,2,16, -50.0000000000
2020,9,21,12,2,17, -50.0000000000
2020,9,21,12,2,17, -50.0000000000
2020,9,21,12,2,17, -50.0000000000
2020,9,21,12,2,17, -50.0000000000
2020,9,21,12,2,18, -50.0000000000
2020,9,21,12,2,18, -50.0000000000
2020,9,21,12,2,18, -50.0000000000
2020,9,21,12,2,18, -50.0000000000
2020,9,21,12,2,19, -50.0000000000
2020,9,21,12,2,19, -50.0000000000
2020,9,21,12,2,19, -50.0000000000
2020,9,21,12,2,19, -50.0000000000
2020,9,21,12,2,20, -50.0000000000
2020,9,21,12,2,20, -50.0000000000
2020,9,21,12,2,20, -50.0000000000
2020,9,21,12,2,20, -50.0000000000
2020,9,21,12,2,21, -50.0000000000
2020,9,21,12,2,21, -50.0000000000
2020,9,21,12,2,21, -50.0000000000
2020,9,21,12,2,21, -50.0000000000
2020,9,21,12,2,22, -50.0000000000
2020,9,21,12,2,22, -50.0000000000
2020,9,21,12,2,22, -50.0000000000
2020,9,21,12,2,22, -50.0000000000
2020,9,21,12,2,23, -50.0000000000
2020,9,21,12,2,23, -50.0000000000
2020,9,21,12,2,23, -50.0000000000
2020,9,21,12,2,23, -50.0000000000
2020,9,21,12,2,24, -50.0000000000
2020,9,21,12,2,24, -50.0000000000
2020,9,21,12,2,24, -50.0000000000
2020,9,21,12,2,24, -50.0000000000
2020,9,21,12,2,25, -50.0000000000
2020,9,21,12,2,25, -50.0000000000
2020,9,21,12,2,25, -50.0000000000
2020,9,21,12,2,25, -50.0000000000
2020,9,21,12,2,26, -50.0000000000
2020,9,21,12,2,26, -50.0000000000
2020,9,21,12,2,26, -50.0000000000
2020,9,21,12,2,26, -50.0000000000
2020,9,21,12,2,27, -50.0000000000
2020,9,21,12,2,27, -50.0000000000
2020,9,21,12,2,27, -50.0000000000
2020,9,21,12,2,27, -50.0000000000
2020,9,21,12,2,28, -50.0000000000
2020,9,21,12,2,28, -50.0000000000
2020,9,21,12,2,28, -50.0000000000
2020,9,21,12,2,28, -50.0000000000
2020,9,21,12,2,29, -50.0000000000
2020,9,21,12,2,29, -50.0000000000
2020,9,21,12,2,29, -50.0000000000
2020,9,21,12,2,30, -50.0000000000
2020,9,21,12,2,30, -50.0000000000
2020,9,21,12,2,30, -50.0000000000
2020,9,21,12,2,30, -50.0000000000
2020,9,21,12,2,31, -50.0000000000
2020,9,21,12,2,31, -50.0000000000
2020,9,21,12,2,31, -50.0000000000
2020,9,21,12,2,31, -50.0000000000
2020,9,21,12,2,32, -50.0000000000
2020,9,21,12,2,32, -50.0000000000
2020,9,21,12,2,32, -50.0000000000
2020,9,21,12,2,32, -50.0000000000
2020,9,21,12,2,33, -50.0000000000
2020,9,21,12,2,33, -50.0000000000
2020,9,21,12,2,33, -50.0000000000
2020,9,21,12,2,33, -50.0000000000
2020,9,21,12,2,34, -50.0000000000
2020,9,21,12,2,34, -50.0000000000
2020,9,21,12,2,34, -50.0000000000
2020,9,21,12,2,34, -50.0000000000
2020,9,21,12,2,35, -50.0000000000
2020,9,21,12,2,35, -50.0000000000
2020,9,21,12,2,35, -50.0000000000
2020,9,21,12,2,35, -50.0000000000
2020,9,21,12,2,36, -50.0000000000
2020,9,21,12,2,36, -50.0000000000
2020,9,21,12,2,36, -50.0000000000
2020,9,21,12,2,36, -50.0000000000
2020,9,21,12,2,37, -50.0000000000
2020,9,21,12,2,37, -50.0000000000
2020,9,21,12,2,37, -50.0000000000
2020,9,21,12,2,37, -50.0000000000
2020,9,21,12,2,38, -50.0000000000
2020,9,21,12,2,38, -50.0000000000
2020,9,21,12,2,38, -50.0000000000
2020,9,21,12,2,38, -50.0000000000
2020,9,21,12,2,39, -50.0000000000
2020,9,21,12,2,39, -50.0000000000
2020,9,21,12,2,39, -50.0000000000
2020,9,21,12,2,39, -50.0000000000
2020,9,21,12,2,40, -50.0000000000
2020,9,21,12,2,40, -50.0000000000
2020,9,21,12,2,40, -50.0000000000
2020,9,21,12,2,40, -50.0000000000
2020,9,21,12,2,41, -50.0000000000
2020,9,21,12,2,41, -50.0000000000
2020,9,21,12,2,41, -50.0000000000
2020,9,21,12,2,41, -50.0000000000
2020,9,21,12,2,42, -50.0000000000
2020,9,21,12,2,42, -50.0000000000
2020,9,21,12,2,42, -50.0000000000
2020,9,21,12,2,42, -50.0000000000
2020,9,21,12,2,43, -50.0000000000
2020,9,21,12,2,43, -50.0000000000
2020,9,21,12,2,43, -50.0000000000
2020,9,21,12,2,43, -50.0000000000
2020,9,21,12,2,44, -50.0000000000
2020,9,21,12,2,44, -50.0000000000
2020,9,21,12,2,44, -50.0000000000
2020,9,21,12,2,44, -50.0000000000
2020,9,21,12,2,45, -50.0000000000
2020,9,21,12,2,45, -50.0000000000
2020,9,21,12,2,45, -50.0000000000
2020,9,21,12,2,45, -50.0000000000
2020,9,21,12,2,46, -50.0000000000
2020,9,21,12,2,46, -50.0000000000
2020,9,21,12,2,46, -50.0000000000
2020,9,21,12,2,46, -50.0000000000
2020,9,21,12,2,47, -50.0000000000
2020,9,21,12,2,47, -50.0000000000
2020,9,21,12,2,47, -50.0000000000
2020,9,21,12,2,48, -50.0000000000
2020,9,21,12,2,48, -50.0000000000
2020,9,21,12,2,48, -50.0000000000
2020,9,21,12,2,48, -50.0000000000
2020,9,21,12,2,49, -50.0000000000
2020,9,21,12,2,49, -50.0000000000
2020,9,21,12,2,49, -50.0000000000
2020,9,21,12,2,49, -50.0000000000
2020,9,21,12,2,50, -50.0000000000
2020,9,21,12,2,50, -50.0000000000
2020,9,21,12,2,50, -50.0000000000
2020,9,21,12,2,50, -50.0000000000
2020,9,21,12,2,51, -50.0000000000
2020,9,21,12,2,51, -50.0000000000
2020,9,21,12,2,51, -50.0000000000
2020,9,21,12,2,51, -50.0000000000
2020,9,21,12,2,52, -50.0000000000
2020,9,21,12,2,52, -50.0000000000
2020,9,21,12,2,52, -50.0000000000
2020,9,21,12,2,52, -50.0000000000
2020,9,21,12,2,53, -50.0000000000
2020,9,21,12,2,53, -50.0000000000
2020,9,21,12,2,53, -50.0000000000
2020,9,21,12,2,53, -50.0000000000
2020,9,21,12,2,54, -50.0000000000
2020,9,21,12,2,54, -50.0000000000
2020,9,21,12,2,54, -50.0000000000
2020,9,21,12,2,54, -50.0000000000
2020,9,21,12,2,55, -50.0000000000
2020,9,21,12,2,55, -50.0000000000
2020,9,21,12,2,55, -50.0000000000
2020,9,21,12,2,55, -50.0000000000
2020,9,21,12,2,56, -50.0000000000
2020,9,21,12,2,56, -50.0000000000
2020,9,21,12,2,56, -50.0000000000
2020,9,21,12,2,56, -50.0000000000
2020,9,21,12,2,57, -50.0000000000
2020,9,21,12,2,57, -50.0000000000
2020,9,21,12,2,57, -50.0000000000
2020,9,21,12,2,57, -50.0000000000
2020,9,21,12,2,58, -50.0000000000
2020,9,21,12,2,58, -50.0000000000
2020,9,21,12,2,58, -50.0000000000
2020,9,21,12,2,58, -50.0000000000
2020,9,21,12,2,59, -50.0000000000
2020,9,21,12,2,59, -50.0000000000
2020,9,21,12,2,59, -50.0000000000
2020,9,21,12,2,59, -50.0000000000
2020,9,21,12,3,0, -50.0000000000
2020,9,21,12,3,0, -50.0000000000
2020,9,21,12,3,0, -50.0000000000
2020,9,21,12,3,0, -50.0000000000
2020,9,21,12,3,1, -50.0000000000
2020,9,21,12,3,2, -50.0000000000
2020,9,21,12,3,2, -50.0000000000
2020,9,21,12,3,2, -50.0000000000
2020,9,21,12,3,2, -50.0000000000
2020,9,21,12,3,3, -50.0000000000
2020,9,21,12,3,3, -50.0000000000
2020,9,21,12,3,3, -50.0000000000
2020,9,21,12,3,3, -50.0000000000
2020,9,21,12,3,4, -50.0000000000
2020,9,21,12,3,4, -50.0000000000
2020,9,21,12,3,4, -50.0000000000
2020,9,21,12,3,4, -50.0000000000
2020,9,21,12,3,5, -50.0000000000
2020,9,21,12,3,5, -50.0000000000
2020,9,21,12,3,5, -50.0000000000
2020,9,21,12,3,5, -50.0000000000
2020,9,21,12,3,6, -50.0000000000
2020,9,21,12,3,6, -50.0000000000
2020,9,21,12,3,6, -50.0000000000
2020,9,21,12,3,6, -50.0000000000
2020,9,21,12,3,7, -50.0000000000
2020,9,21,12,3,7, -50.0000000000
2020,9,21,12,3,7, -50.0000000000
2020,9,21,12,3,7, -50.0000000000
2020,9,21,12,3,8, -50.0000000000
2020,9,21,12,3,8, -50.0000000000
2020,9,21,12,3,8, -50.0000000000
2020,9,21,12,3,8, -50.0000000000
2020,9,21,12,3,9, -50.0000000000
2020,9,21,12,3,9, -50.0000000000
2020,9,21,12,3,9, -50.0000000000
2020,9,21,12,3,9, -50.0000000000
2020,9,21,12,3,10, -50.0000000000
2020,9,21,12,3,10, -50.0000000000
2020,9,21,12,3,10, -50.0000000000
2020,9,21,12,3,10, -50.0000000000
2020,9,21,12,3,11, -50.0000000000
2020,9,21,12,3,11, -50.0000000000
2020,9,21,12,3,11, -50.0000000000
2020,9,21,12,3,11, -50.0000000000
2020,9,21,12,3,12, -50.0000000000
2020,9,21,12,3,12, -50.0000000000
2020,9,21,12,3,12, -50.0000000000
2020,9,21,12,3,12, -50.0000000000
2020,9,21,12,3,13, -50.0000000000
2020,9,21,12,3,13, -50.0000000000
2020,9,21,12,3,13, -50.0000000000
2020,9,21,12,3,13, -50.0000000000
2020,9,21,12,3,14, -50.0000000000
2020,9,21,12,3,14, -50.0000000000
2020,9,21,12,3,14, -50.0000000000
2020,9,21,12,3,14, -50.0000000000
2020,9,21,12,3,15, -50.0000000000
2020,9,21,12,3,15, -50.0000000000
2020,9,21,12,3,15, -50.0000000000
2020,9,21,12,3,15, -50.0000000000
2020,9,21,12,3,16, -50.0000000000
2020,9,21,12,3,16, -50.0000000000
2020,9,21,12,3,16, -50.0000000000
2020,9,21,12,3,16, -50.0000000000
2020,9,21,12,3,17, -50.0000000000
2020,9,21,12,3,17, -50.0000000000
2020,9,21,12,3,17, -50.0000000000
2020,9,21,12,3,17, -50.0000000000
2020,9,21,12,3,18, -50.0000000000
2020,9,21,12,3,18, -50.0000000000
2020,9,21,12,3,18, -50.0000000000
2020,9,21,12,3,18, -50.0000000000
2020,9,21,12,3,19, -50.0000000000
2020,9,21,12,3,19, -50.0000000000
2020,9,21,12,3,19, -50.0000000000
2020,9,21,12,3,19, -50.0000000000
2020,9,21,12,3,20, -50.0000000000
2020,9,21,12,3,20, -50.0000000000
2020,9,21,12,3,20, -50.0000000000
2020,9,21,12,3,20, -50.0000000000
2020,9,21,12,3,21, -50.0000000000
2020,9,21,12,3,21, -50.0000000000
2020,9,21,12,3,21, -50.0000000000
2020,9,21,12,3,22, -50.0000000000
2020,9,21,12,3,22, -50.0000000000
2020,9,21,12,3,22, -50.0000000000
2020,9,21,12,3,22, -50.0000000000
2020,9,21,12,3,23, -50.0000000000
2020,9,21,12,3,23, -50.0000000000
2020,9,21,12,3,23, -50.0000000000
2020,9,21,12,3,23, -50.0000000000
2020,9,21,12,3,24, -50.0000000000
2020,9,21,12,3,24, -50.0000000000
2020,9,21,12,3,24, -50.0000000000
2020,9,21,12,3,24, -50.0000000000
2020,9,21,12,3,25, -50.0000000000
2020,9,21,12,3,25, -50.0000000000
2020,9,21,12,3,25, -50.0000000000
2020,9,21,12,3,25, -50.0000000000
2020,9,21,12,3,26, -50.0000000000
2020,9,21,12,3,26, -50.0000000000
2020,9,21,12,3,26, -50.0000000000
2020,9,21,12,3,26, -50.0000000000
2020,9,21,12,3,27, -50.0000000000
2020,9,21,12,3,27, -50.0000000000
2020,9,21,12,3,27, -50.0000000000
2020,9,21,12,3,27, -50.0000000000
2020,9,21,12,3,28, -50.0000000000
2020,9,21,12,3,28, -50.0000000000
2020,9,21,12,3,28, -50.0000000000
2020,9,21,12,3,28, -50.0000000000
2020,9,21,12,3,29, -50.0000000000
2020,9,21,12,3,29, -50.0000000000
2020,9,21,12,3,29, -50.0000000000
2020,9,21,12,3,29, -50.0000000000
2020,9,21,12,3,30, -50.0000000000
2020,9,21,12,3,30, -50.0000000000
2020,9,21,12,3,30, -50.0000000000
2020,9,21,12,3,30, -50.0000000000
2020,9,21,12,3,31, -50.0000000000
2020,9,21,12,3,31, -50.0000000000
2020,9,21,12,3,31, -50.0000000000
2020,9,21,12,3,31, -50.0000000000
2020,9,21,12,3,32, -50.0000000000
2020,9,21,12,3,32, -50.0000000000
2020,9,21,12,3,32, -50.0000000000
2020,9,21,12,3,32, -50.0000000000
2020,9,21,12,3,33, -50.0000000000
2020,9,21,12,3,33, -50.0000000000
2020,9,21,12,3,33, -50.0000000000
2020,9,21,12,3,33, -50.0000000000
2020,9,21,12,3,34, -50.0000000000
2020,9,21,12,3,34, -50.0000000000
2020,9,21,12,3,34, -50.0000000000
2020,9,21,12,3,34, -50.0000000000
2020,9,21,12,3,35, -50.0000000000
2020,9,21,12,3,35, -50.0000000000
2020,9,21,12,3,35, -50.0000000000
2020,9,21,12,3,35, -50.0000000000
2020,9,21,12,3,36, -50.0000000000
2020,9,21,12,3,36, -50.0000000000
2020,9,21,12,3,36, -50.0000000000
2020,9,21,12,3,36, -50.0000000000
2020,9,21,12,3,37, -50.0000000000
2020,9,21,12,3,37, -50.0000000000
2020,9,21,12,3,37, -50.0000000000
2020,9,21,12,3,37, -50.0000000000
2020,9,21,12,3,38, -50.0000000000
2020,9,21,12,3,38, -50.0000000000
2020,9,21,12,3,38, -50.0000000000
2020,9,21,12,3,38, -50.0000000000
2020,9,21,12,3,39, -50.0000000000
2020,9,21,12,3,39, -50.0000000000
2020,9,21,12,3,39, -50.0000000000
2020,9,21,12,3,39, -50.0000000000
2020,9,21,12,3,40, -50.0000000000
2020,9,21,12,3,40, -50.0000000000
2020,9,21,12,3,40, -50.0000000000
2020,9,21,12,3,40, -50.0000000000
2020,9,21,12,3,41, -50.0000000000
2020,9,21,12,3,44, -50.0000000000
2020,9,21,12,3,44, -50.0000000000
2020,9,21,12,3,44, -50.0000000000
2020,9,21,12,3,45, -50.0000000000
2020,9,21,12,3,45, -50.0000000000
2020,9,21,12,3,45, -50.0000000000
2020,9,21,12,3,45, -50.0000000000
2020,9,21,12,3,46, -50.0000000000
2020,9,21,12,3,46, -50.0000000000
2020,9,21,12,3,47, -50.0000000000
2020,9,21,12,3,47, -50.0000000000
2020,9,21,12,3,47, -50.0000000000
2020,9,21,12,3,47, -50.0000000000
2020,9,21,12,3,48, -50.0000000000
2020,9,21,12,3,48, -50.0000000000
2020,9,21,12,3,48, -50.0000000000
2020,9,21,12,3,48, -50.0000000000
2020,9,21,12,3,49, -50.0000000000
2020,9,21,12,3,49, -50.0000000000
2020,9,21,12,3,49, -50.0000000000
2020,9,21,12,3,49, -50.0000000000
2020,9,21,12,3,50, -50.0000000000
2020,9,21,12,3,50, -50.0000000000
2020,9,21,12,3,50, -50.0000000000
2020,9,21,12,3,50, -50.0000000000
2020,9,21,12,3,51, -50.0000000000
2020,9,21,12,3,51, -50.0000000000
2020,9,21,12,3,51, -50.0000000000
2020,9,21,12,3,51, -50.0000000000
2020,9,21,12,3,52, -50.0000000000
2020,9,21,12,3,52, -50.0000000000
2020,9,21,12,3,52, -50.0000000000
2020,9,21,12,3,52, -50.0000000000
2020,9,21,12,3,53, -50.0000000000
2020,9,21,12,3,53, -50.0000000000
2020,9,21,12,3,53, -50.0000000000
2020,9,21,12,3,53, -50.0000000000
2020,9,21,12,3,54, -50.0000000000
2020,9,21,12,3,54, -50.0000000000
2020,9,21,12,3,54, -50.0000000000
2020,9,21,12,3,54, -50.0000000000
2020,9,21,12,3,55, -50.0000000000
2020,9,21,12,3,55, -50.0000000000
2020,9,21,12,3,55, -50.0000000000
2020,9,21,12,3,55, -50.0000000000
2020,9,21,12,3,56, -50.0000000000
2020,9,21,12,3,56, -50.0000000000
2020,9,21,12,3,56, -50.0000000000
2020,9,21,12,3,56, -50.0000000000
2020,9,21,12,3,57, -50.0000000000
2020,9,21,12,3,57, -50.0000000000
2020,9,21,12,3,57, -50.0000000000
2020,9,21,12,3,57, -50.0000000000
2020,9,21,12,3,58, -50.0000000000
2020,9,21,12,3,58, -50.0000000000
2020,9,21,12,3,58, -50.0000000000
2020,9,21,12,3,58, -50.0000000000
2020,9,21,12,3,59, -50.0000000000
2020,9,21,12,3,59, -50.0000000000
2020,9,21,12,3,59, -50.0000000000
2020,9,21,12,3,59, -50.0000000000
2020,9,21,12,4,0, -50.0000000000
2020,9,21,12,4,0, -50.0000000000
2020,9,21,12,4,0, -50.0000000000
2020,9,21,12,4,0, -50.0000000000
2020,9,21,12,4,1, -50.0000000000
2020,9,21,12,4,1, -50.0000000000
2020,9,21,12,4,1, -50.0000000000
2020,9,21,12,4,1, -50.0000000000
2020,9,21,12,4,2, -50.0000000000
2020,9,21,12,4,2, -50.0000000000
2020,9,21,12,4,2, -50.0000000000
2020,9,21,12,4,2, -50.0000000000
2020,9,21,12,4,3, -50.0000000000
2020,9,21,12,4,3, -50.0000000000
2020,9,21,12,4,3, -50.0000000000
2020,9,21,12,4,3, -50.0000000000
2020,9,21,12,4,4, -50.0000000000
2020,9,21,12,4,4, -50.0000000000
2020,9,21,12,4,4, -50.0000000000
2020,9,21,12,4,4, -50.0000000000
2020,9,21,12,4,5, -50.0000000000
2020,9,21,12,4,5, -50.0000000000
2020,9,21,12,4,5, -50.0000000000
2020,9,21,12,4,5, -50.0000000000
2020,9,21,12,4,6, -50.0000000000
2020,9,21,12,4,9, -50.0000000000
2020,9,21,12,4,9, -50.0000000000
2020,9,21,12,4,10, -50.0000000000
2020,9,21,12,4,10, -50.0000000000
2020,9,21,12,4,10, -50.0000000000
2020,9,21,12,4,10, -50.0000000000
2020,9,21,12,4,11, -50.0000000000
2020,9,21,12,4,12, -50.0000000000
2020,9,21,12,4,12, -50.0000000000
2020,9,21,12,4,12, -50.0000000000
2020,9,21,12,4,12, -50.0000000000
2020,9,21,12,4,13, -50.0000000000
2020,9,21,12,4,13, -50.0000000000
2020,9,21,12,4,13, -50.0000000000
2020,9,21,12,4,13, -50.0000000000
2020,9,21,12,4,14, -50.0000000000
2020,9,21,12,4,14, -50.0000000000
2020,9,21,12,4,14, -50.0000000000
2020,9,21,12,4,14, -50.0000000000
2020,9,21,12,4,15, -50.0000000000
2020,9,21,12,4,15, -50.0000000000
2020,9,21,12,4,15, -50.0000000000
2020,9,21,12,4,15, -50.0000000000
2020,9,21,12,4,16, -50.0000000000
2020,9,21,12,4,16, -50.0000000000
2020,9,21,12,4,16, -50.0000000000
2020,9,21,12,4,16, -50.0000000000
2020,9,21,12,4,17, -50.0000000000
2020,9,21,12,4,17, -50.0000000000
2020,9,21,12,4,17, -50.0000000000
2020,9,21,12,4,17, -50.0000000000
2020,9,21,12,4,18, -50.0000000000
2020,9,21,12,4,18, -50.0000000000
2020,9,21,12,4,18, -50.0000000000
2020,9,21,12,4,18, -50.0000000000
2020,9,21,12,4,19, -50.0000000000
2020,9,21,12,4,19, -50.0000000000
2020,9,21,12,4,19, -50.0000000000
2020,9,21,12,4,19, -50.0000000000
2020,9,21,12,4,20, -50.0000000000
2020,9,21,12,4,20, -50.0000000000
2020,9,21,12,4,20, -50.0000000000
2020,9,21,12,4,20, -50.0000000000
2020,9,21,12,4,21, -50.0000000000
2020,9,21,12,4,21, -50.0000000000
2020,9,21,12,4,21, -50.0000000000
2020,9,21,12,4,21, -50.0000000000
2020,9,21,12,4,22, -50.0000000000
2020,9,21,12,4,22, -50.0000000000
2020,9,21,12,4,22, -50.0000000000
2020,9,21,12,4,22, -50.0000000000
2020,9,21,12,4,23, -50.0000000000
2020,9,21,12,4,23, -50.0000000000
2020,9,21,12,4,23, -50.0000000000
2020,9,21,12,4,23, -50.0000000000
2020,9,21,12,4,24, -50.0000000000
2020,9,21,12,4,24, -50.0000000000
2020,9,21,12,4,24, -50.0000000000
2020,9,21,12,4,24, -50.0000000000
2020,9,21,12,4,25, -50.0000000000
2020,9,21,12,4,25, -50.0000000000
2020,9,21,12,4,25, -50.0000000000
2020,9,21,12,4,25, -50.0000000000
2020,9,21,12,4,26, -50.0000000000
2020,9,21,12,4,26, -50.0000000000
2020,9,21,12,4,26, -50.0000000000
2020,9,21,12,4,26, -50.0000000000
2020,9,21,12,4,27, -50.0000000000
2020,9,21,12,4,27, -50.0000000000
2020,9,21,12,4,27, -50.0000000000
2020,9,21,12,4,27, -50.0000000000
2020,9,21,12,4,28, -50.0000000000
2020,9,21,12,4,28, -50.0000000000
2020,9,21,12,4,28, -50.0000000000
2020,9,21,12,4,28, -50.0000000000
2020,9,21,12,4,29, -50.0000000000
2020,9,21,12,4,29, -50.0000000000
2020,9,21,12,4,29, -50.0000000000
2020,9,21,12,4,29, -50.0000000000
2020,9,21,12,4,30, -50.0000000000
2020,9,21,12,4,30, -50.0000000000
2020,9,21,12,4,30, -50.0000000000
2020,9,21,12,4,30, -50.0000000000
2020,9,21,12,4,31, -50.0000000000
2020,9,21,12,4,31, -50.0000000000
2020,9,21,12,4,31, -50.0000000000
2020,9,21,12,4,32, -50.0000000000
2020,9,21,12,4,33, -50.0000000000
2020,9,21,12,4,33, -50.0000000000
2020,9,21,12,4,33, -50.0000000000
2020,9,21,12,4,33, -50.0000000000
2020,9,21,12,4,34, -50.0000000000
2020,9,21,12,4,34, -50.0000000000
2020,9,21,12,4,34, -50.0000000000
2020,9,21,12,4,34, -50.0000000000
2020,9,21,12,4,35, -50.0000000000
2020,9,21,12,4,35, -50.0000000000
2020,9,21,12,4,35, -50.0000000000
2020,9,21,12,4,35, -50.0000000000
2020,9,21,12,4,36, -50.0000000000
2020,9,21,12,4,36, -50.0000000000
2020,9,21,12,4,36, -50.0000000000
2020,9,21,12,4,39, -50.0000000000
2020,9,21,12,4,39, -50.0000000000
2020,9,21,12,4,40, -50.0000000000
2020,9,21,12,4,40, -50.0000000000
2020,9,21,12,4,40, -50.0000000000
2020,9,21,12,4,40, -50.0000000000
2020,9,21,12,4,41, -50.0000000000
2020,9,21,12,4,41, -50.0000000000
2020,9,21,12,4,41, -50.0000000000
2020,9,21,12,4,41, -50.0000000000
2020,9,21,12,4,42, -50.0000000000
2020,9,21,12,4,42, -50.0000000000
2020,9,21,12,4,42, -50.0000000000
2020,9,21,12,4,42, -50.0000000000
2020,9,21,12,4,43, -50.0000000000
2020,9,21,12,4,43, -50.0000000000
2020,9,21,12,4,43, -50.0000000000
2020,9,21,12,4,43, -50.0000000000
2020,9,21,12,4,44, -50.0000000000
2020,9,21,12,4,44, -50.0000000000
2020,9,21,12,4,44, -50.0000000000
2020,9,21,12,4,44, -50.0000000000
2020,9,21,12,4,45, -50.0000000000
2020,9,21,12,4,45, -50.0000000000
2020,9,21,12,4,45, -50.0000000000
2020,9,21,12,4,45, -50.0000000000
2020,9,21,12,4,46, -50.0000000000
2020,9,21,12,4,46, -50.0000000000
2020,9,21,12,4,46, -50.0000000000
2020,9,21,12,4,46, -50.0000000000
2020,9,21,12,4,47, -50.0000000000
2020,9,21,12,4,47, -50.0000000000
2020,9,21,12,4,47, -50.0000000000
2020,9,21,12,4,47, -50.0000000000
2020,9,21,12,4,48, -50.0000000000
2020,9,21,12,4,48, -50.0000000000
2020,9,21,12,4,48, -50.0000000000
2020,9,21,12,4,48, -50.0000000000
2020,9,21,12,4,49, -50.0000000000
2020,9,21,12,4,49, -50.0000000000
2020,9,21,12,4,49, -50.0000000000
2020,9,21,12,4,49, -50.0000000000
2020,9,21,12,4,50, -50.0000000000
2020,9,21,12,4,50, -50.0000000000
2020,9,21,12,4,50, -50.0000000000
2020,9,21,12,4,50, -50.0000000000
2020,9,21,12,4,51, -50.0000000000
2020,9,21,12,4,51, -50.0000000000
2020,9,21,12,4,51, -50.0000000000
2020,9,21,12,4,51, -50.0000000000
2020,9,21,12,4,52, -50.0000000000
2020,9,21,12,4,52, -50.0000000000
2020,9,21,12,4,52, -50.0000000000
2020,9,21,12,4,52, -50.0000000000
2020,9,21,12,4,53, -50.0000000000
2020,9,21,12,4,53, -50.0000000000
2020,9,21,12,4,53, -50.0000000000
2020,9,21,12,4,53, -50.0000000000
2020,9,21,12,4,54, -50.0000000000
2020,9,21,12,4,54, -50.0000000000
2020,9,21,12,4,54, -50.0000000000
2020,9,21,12,4,54, -50.0000000000
2020,9,21,12,4,55, -50.0000000000
2020,9,21,12,4,55, -50.0000000000
2020,9,21,12,4,55, -50.0000000000
2020,9,21,12,4,55, -50.0000000000
2020,9,21,12,4,56, -50.0000000000
2020,9,21,12,4,56, -50.0000000000
2020,9,21,12,4,56, -50.0000000000
2020,9,21,12,4,56, -50.0000000000
2020,9,21,12,4,57, -50.0000000000
2020,9,21,12,4,57, -50.0000000000
2020,9,21,12,4,57, -50.0000000000
2020,9,21,12,4,57, -50.0000000000
2020,9,21,12,4,58, -50.0000000000
2020,9,21,12,4,58, -50.0000000000
2020,9,21,12,4,58, -50.0000000000
2020,9,21,12,4,58, -50.0000000000
2020,9,21,12,4,59, -50.0000000000
2020,9,21,12,4,59, -50.0000000000
2020,9,21,12,4,59, -50.0000000000
2020,9,21,12,4,59, -50.0000000000
2020,9,21,12,5,0, -50.0000000000
2020,9,21,12,5,0, -50.0000000000
2020,9,21,12,5,0, -50.0000000000
2020,9,21,12,5,0, -50.0000000000
2020,9,21,12,5,1, -50.0000000000
2020,9,21,12,5,1, -50.0000000000
2020,9,21,12,5,1, -50.0000000000
2020,9,21,12,5,1, -50.0000000000
2020,9,21,12,5,2, -50.0000000000
2020,9,21,12,5,2, -50.0000000000
2020,9,21,12,5,2, -50.0000000000
2020,9,21,12,5,2, -50.0000000000
2020,9,21,12,5,3, -50.0000000000
2020,9,21,12,5,3, -50.0000000000
2020,9,21,12,5,3, -50.0000000000
2020,9,21,12,5,3, -50.0000000000
2020,9,21,12,5,4, -50.0000000000
2020,9,21,12,5,4, -50.0000000000
2020,9,21,12,5,4, -50.0000000000
2020,9,21,12,5,4, -50.0000000000
2020,9,21,12,5,5, -50.0000000000
2020,9,21,12,5,5, -50.0000000000
2020,9,21,12,5,5, -50.0000000000
2020,9,21,12,5,5, -50.0000000000
2020,9,21,12,5,6, -50.0000000000
2020,9,21,12,5,6, -50.0000000000
2020,9,21,12,5,6, -50.0000000000
2020,9,21,12,5,6, -50.0000000000
2020,9,21,12,5,7, -50.0000000000
2020,9,21,12,5,7, -50.0000000000
2020,9,21,12,5,7, -50.0000000000
2020,9,21,12,5,7, -50.0000000000
2020,9,21,12,5,8, -50.0000000000
2020,9,21,12,5,8, -50.0000000000
2020,9,21,12,5,8, -50.0000000000
2020,9,21,12,5,8, -50.0000000000
2020,9,21,12,5,9, -50.0000000000
2020,9,21,12,5,9, -50.0000000000
2020,9,21,12,5,9, -50.0000000000
2020,9,21,12,5,10, -50.0000000000
2020,9,21,12,5,10, -50.0000000000
2020,9,21,12,5,10, -50.0000000000
2020,9,21,12,5,10, -50.0000000000
2020,9,21,12,5,11, -50.0000000000
2020,9,21,12,5,11, -50.0000000000
2020,9,21,12,5,11, -50.0000000000
2020,9,21,12,5,11, -50.0000000000
2020,9,21,12,5,12, -50.0000000000
2020,9,21,12,5,12, -50.0000000000
2020,9,21,12,5,12, -50.0000000000
2020,9,21,12,5,12, -50.0000000000
2020,9,21,12,5,13, -50.0000000000
2020,9,21,12,5,13, -50.0000000000
2020,9,21,12,5,13, -50.0000000000
2020,9,21,12,5,13, -50.0000000000
2020,9,21,12,5,14, -50.0000000000
2020,9,21,12,5,14, -50.0000000000
2020,9,21,12,5,14, -50.0000000000
2020,9,21,12,5,14, -50.0000000000
2020,9,21,12,5,15, -50.0000000000
2020,9,21,12,5,15, -50.0000000000
2020,9,21,12,5,15, -50.0000000000
2020,9,21,12,5,15, -50.0000000000
2020,9,21,12,5,16, -50.0000000000
2020,9,21,12,5,16, -50.0000000000
2020,9,21,12,5,16, -50.0000000000
2020,9,21,12,5,16, -50.0000000000
2020,9,21,12,5,17, -50.0000000000
2020,9,21,12,5,17, -50.0000000000
2020,9,21,12,5,17, -50.0000000000
2020,9,21,12,5,17, -50.0000000000
2020,9,21,12,5,18, -50.0000000000
2020,9,21,12,5,18, -50.0000000000
2020,9,21,12,5,18, -50.0000000000
2020,9,21,12,5,18, -50.0000000000
2020,9,21,12,5,19, -50.0000000000
2020,9,21,12,5,19, -50.0000000000
2020,9,21,12,5,19, -50.0000000000
2020,9,21,12,5,19, -50.0000000000
2020,9,21,12,5,20, -50.0000000000
2020,9,21,12,5,20, -50.0000000000
2020,9,21,12,5,20, -50.0000000000
2020,9,21,12,5,20, -50.0000000000
2020,9,21,12,5,21, -50.0000000000
2020,9,21,12,5,21, -50.0000000000
2020,9,21,12,5,21, -50.0000000000
2020,9,21,12,5,21, -50.0000000000
2020,9,21,12,5,22, -50.0000000000
2020,9,21,12,5,22, -50.0000000000
2020,9,21,12,5,22, -50.0000000000
2020,9,21,12,5,22, -50.0000000000
2020,9,21,12,5,23, -50.0000000000
2020,9,21,12,5,23, -50.0000000000
2020,9,21,12,5,23, -50.0000000000
2020,9,21,12,5,23, -50.0000000000
2020,9,21,12,5,24, -50.0000000000
2020,9,21,12,5,24, -50.0000000000
2020,9,21,12,5,24, -50.0000000000
2020,9,21,12,5,24, -50.0000000000
2020,9,21,12,5,25, -50.0000000000
2020,9,21,12,5,25, -50.0000000000
2020,9,21,12,5,25, -50.0000000000
2020,9,21,12,5,25, -50.0000000000
2020,9,21,12,5,26, -50.0000000000
2020,9,21,12,5,26, -50.0000000000
2020,9,21,12,5,26, -50.0000000000
2020,9,21,12,5,26, -50.0000000000
2020,9,21,12,5,27, -50.0000000000
2020,9,21,12,5,27, -50.0000000000
2020,9,21,12,5,27, -50.0000000000
2020,9,21,12,5,27, -50.0000000000
2020,9,21,12,5,28, -50.0000000000
2020,9,21,12,5,28, -50.0000000000
2020,9,21,12,5,28, -50.0000000000
2020,9,21,12,5,28, -50.0000000000
2020,9,21,12,5,29, -50.0000000000
2020,9,21,12,5,29, -50.0000000000
2020,9,21,12,5,29, -50.0000000000
2020,9,21,12,5,29, -50.0000000000
2020,9,21,12,5,30, -50.0000000000
2020,9,21,12,5,30, -50.0000000000
2020,9,21,12,5,30, -50.0000000000
2020,9,21,12,5,30, -50.0000000000
2020,9,21,12,5,31, -50.0000000000
2020,9,21,12,5,31, -50.0000000000
2020,9,21,12,5,31, -50.0000000000
2020,9,21,12,5,31, -50.0000000000
2020,9,21,12,5,32, -50.0000000000
2020,9,21,12,5,32, -50.0000000000
2020,9,21,12,5,32, -50.0000000000
2020,9,21,12,5,32, -50.0000000000
2020,9,21,12,5,33, -50.0000000000
2020,9,21,12,5,33, -50.0000000000
2020,9,21,12,5,33, -50.0000000000
2020,9,21,12,5,33, -50.0000000000
2020,9,21,12,5,34, -50.0000000000
2020,9,21,12,5,34, -50.0000000000
2020,9,21,12,5,34, -50.0000000000
2020,9,21,12,5,34, -50.0000000000
2020,9,21,12,5,35, -50.0000000000
2020,9,21,12,5,35, -50.0000000000
2020,9,21,12,5,35, -50.0000000000
2020,9,21,12,5,35, -50.0000000000
2020,9,21,12,5,36, -50.0000000000
2020,9,21,12,5,36, -50.0000000000
2020,9,21,12,5,36, -50.0000000000
2020,9,21,12,5,36, -50.0000000000
2020,9,21,12,5,37, -50.0000000000
2020,9,21,12,5,37, -50.0000000000
2020,9,21,12,5,37, -50.0000000000
2020,9,21,12,5,37, -50.0000000000
2020,9,21,12,5,38, -50.0000000000
2020,9,21,12,5,38, -50.0000000000
2020,9,21,12,5,38, -50.0000000000
2020,9,21,12,5,38, -50.0000000000
2020,9,21,12,5,39, -50.0000000000
2020,9,21,12,5,39, -50.0000000000
2020,9,21,12,5,39, -50.0000000000
2020,9,21,12,5,39, -50.0000000000
2020,9,21,12,5,40, -50.0000000000
2020,9,21,12,5,40, -50.0000000000
2020,9,21,12,5,40, -50.0000000000
2020,9,21,12,5,41, -50.0000000000
2020,9,21,12,5,41, -50.0000000000
2020,9,21,12,5,41, -50.0000000000
2020,9,21,12,5,41, -50.0000000000
2020,9,21,12,5,42, -50.0000000000
2020,9,21,12,5,42, -50.0000000000
2020,9,21,12,5,42, -50.0000000000
2020,9,21,12,5,42, -50.0000000000
2020,9,21,12,5,43, -50.0000000000
2020,9,21,12,5,43, -50.0000000000
2020,9,21,12,5,43, -50.0000000000
2020,9,21,12,5,43, -50.0000000000
2020,9,21,12,5,44, -50.0000000000
2020,9,21,12,5,44, -50.0000000000
2020,9,21,12,5,44, -50.0000000000
2020,9,21,12,5,44, -50.0000000000
2020,9,21,12,5,45, -50.0000000000
2020,9,21,12,5,45, -50.0000000000
2020,9,21,12,5,45, -50.0000000000
2020,9,21,12,5,45, -50.0000000000
2020,9,21,12,5,46, -50.0000000000
2020,9,21,12,5,46, -50.0000000000
2020,9,21,12,5,46, -50.0000000000
2020,9,21,12,5,46, -50.0000000000
2020,9,21,12,5,47, -50.0000000000
2020,9,21,12,5,47, -50.0000000000
2020,9,21,12,5,47, -50.0000000000
2020,9,21,12,5,47, -50.0000000000
2020,9,21,12,5,48, -50.0000000000
2020,9,21,12,5,48, -50.0000000000
2020,9,21,12,5,48, -50.0000000000
2020,9,21,12,5,48, -50.0000000000
2020,9,21,12,5,49, -50.0000000000
2020,9,21,12,5,49, -50.0000000000
2020,9,21,12,5,49, -50.0000000000
2020,9,21,12,5,49, -50.0000000000
2020,9,21,12,5,50, -50.0000000000
2020,9,21,12,5,50, -50.0000000000
2020,9,21,12,5,50, -50.0000000000
2020,9,21,12,5,50, -50.0000000000
2020,9,21,12,5,51, -50.0000000000
2020,9,21,12,5,51, -50.0000000000
2020,9,21,12,5,51, -50.0000000000
2020,9,21,12,5,51, -50.0000000000
2020,9,21,12,5,52, -50.0000000000
2020,9,21,12,5,52, -50.0000000000
2020,9,21,12,5,52, -50.0000000000
2020,9,21,12,5,52, -50.0000000000
2020,9,21,12,5,53, -50.0000000000
2020,9,21,12,5,53, -50.0000000000
2020,9,21,12,5,53, -50.0000000000
2020,9,21,12,5,53, -50.0000000000
2020,9,21,12,5,54, -50.0000000000
2020,9,21,12,5,54, -50.0000000000
2020,9,21,12,5,54, -50.0000000000
2020,9,21,12,5,54, -50.0000000000
2020,9,21,12,5,55, -50.0000000000
2020,9,21,12,5,55, -50.0000000000
2020,9,21,12,5,55, -50.0000000000
2020,9,21,12,5,55, -50.0000000000
2020,9,21,12,5,56, -50.0000000000
2020,9,21,12,5,57, -50.0000000000
2020,9,21,12,5,57, -50.0000000000
2020,9,21,12,5,58, -50.0000000000
2020,9,21,12,5,58, -50.0000000000
2020,9,21,12,5,58, -50.0000000000
2020,9,21,12,5,58, -50.0000000000
2020,9,21,12,5,59, -50.0000000000
2020,9,21,12,5,59, -50.0000000000
2020,9,21,12,5,59, -50.0000000000
2020,9,21,12,5,59, -50.0000000000
2020,9,21,12,6,0, -50.0000000000
2020,9,21,12,6,0, -50.0000000000
2020,9,21,12,6,0, -50.0000000000
2020,9,21,12,6,0, -50.0000000000
2020,9,21,12,6,1, -50.0000000000
2020,9,21,12,6,1, -50.0000000000
2020,9,21,12,6,1, -50.0000000000
2020,9,21,12,6,1, -50.0000000000
2020,9,21,12,6,2, -50.0000000000
2020,9,21,12,6,2, -50.0000000000
2020,9,21,12,6,2, -50.0000000000
2020,9,21,12,6,2, -50.0000000000
2020,9,21,12,6,3, -50.0000000000
2020,9,21,12,6,3, -50.0000000000
2020,9,21,12,6,3, -50.0000000000
2020,9,21,12,6,3, -50.0000000000
2020,9,21,12,6,4, -50.0000000000
2020,9,21,12,6,4, -50.0000000000
2020,9,21,12,6,4, -50.0000000000
2020,9,21,12,6,4, -50.0000000000
2020,9,21,12,6,5, -50.0000000000
2020,9,21,12,6,5, -50.0000000000
2020,9,21,12,6,5, -50.0000000000
2020,9,21,12,6,5, -50.0000000000
2020,9,21,12,6,6, -50.0000000000
2020,9,21,12,6,6, -50.0000000000
2020,9,21,12,6,6, -50.0000000000
2020,9,21,12,6,6, -50.0000000000
2020,9,21,12,6,7, -50.0000000000
2020,9,21,12,6,7, -50.0000000000
2020,9,21,12,6,7, -50.0000000000
2020,9,21,12,6,7, -50.0000000000
2020,9,21,12,6,8, -50.0000000000
2020,9,21,12,6,8, -50.0000000000
2020,9,21,12,6,8, -50.0000000000
2020,9,21,12,6,8, -50.0000000000
2020,9,21,12,6,9, -50.0000000000
2020,9,21,12,6,9, -50.0000000000
2020,9,21,12,6,9, -50.0000000000
2020,9,21,12,6,9, -50.0000000000
2020,9,21,12,6,10, -50.0000000000
2020,9,21,12,6,10, -50.0000000000
2020,9,21,12,6,10, -50.0000000000
2020,9,21,12,6,10, -50.0000000000
2020,9,21,12,6,11, -50.0000000000
2020,9,21,12,6,11, -50.0000000000
2020,9,21,12,6,11, -50.0000000000
2020,9,21,12,6,11, -50.0000000000
2020,9,21,12,6,12, -50.0000000000
2020,9,21,12,6,12, -50.0000000000
2020,9,21,12,6,12, -50.0000000000
2020,9,21,12,6,13, -50.0000000000
2020,9,21,12,6,13, -50.0000000000
2020,9,21,12,6,13, -50.0000000000
2020,9,21,12,6,13, -50.0000000000
2020,9,21,12,6,14, -50.0000000000
2020,9,21,12,6,14, -50.0000000000
2020,9,21,12,6,14, -50.0000000000
2020,9,21,12,6,14, -50.0000000000
2020,9,21,12,6,15, -50.0000000000
2020,9,21,12,6,15, -50.0000000000
2020,9,21,12,6,15, -50.0000000000
2020,9,21,12,6,15, -50.0000000000
2020,9,21,12,6,16, -50.0000000000
2020,9,21,12,6,16, -50.0000000000
2020,9,21,12,6,16, -50.0000000000
2020,9,21,12,6,16, -50.0000000000
2020,9,21,12,6,17, -50.0000000000
2020,9,21,12,6,17, -50.0000000000
2020,9,21,12,6,17, -50.0000000000
2020,9,21,12,6,17, -50.0000000000
2020,9,21,12,6,18, -50.0000000000
2020,9,21,12,6,18, -50.0000000000
2020,9,21,12,6,18, -50.0000000000
2020,9,21,12,6,18, -50.0000000000
2020,9,21,12,6,19, -50.0000000000
2020,9,21,12,6,19, -50.0000000000
2020,9,21,12,6,19, -50.0000000000
2020,9,21,12,6,19, -50.0000000000
2020,9,21,12,6,20, -50.0000000000
2020,9,21,12,6,20, -50.0000000000
2020,9,21,12,6,20, -50.0000000000
2020,9,21,12,6,20, -50.0000000000
2020,9,21,12,6,21, -50.0000000000
2020,9,21,12,6,21, -50.0000000000
2020,9,21,12,6,21, -50.0000000000
2020,9,21,12,6,21, -50.0000000000
2020,9,21,12,6,22, -50.0000000000
2020,9,21,12,6,22, -50.0000000000
2020,9,21,12,6,22, -50.0000000000
2020,9,21,12,6,22, -50.0000000000
2020,9,21,12,6,23, -50.0000000000
2020,9,21,12,6,23, -50.0000000000
2020,9,21,12,6,23, -50.0000000000
2020,9,21,12,6,23, -50.0000000000
2020,9,21,12,6,24, -50.0000000000
2020,9,21,12,6,24, -50.0000000000
2020,9,21,12,6,24, -50.0000000000
2020,9,21,12,6,24, -50.0000000000
2020,9,21,12,6,25, -50.0000000000
2020,9,21,12,6,25, -50.0000000000
2020,9,21,12,6,25, -50.0000000000
2020,9,21,12,6,25, -50.0000000000
2020,9,21,12,6,26, -50.0000000000
2020,9,21,12,6,26, -50.0000000000
2020,9,21,12,6,26, -50.0000000000
2020,9,21,12,6,26, -50.0000000000
2020,9,21,12,6,27, -50.0000000000
2020,9,21,12,6,27, -50.0000000000
2020,9,21,12,6,27, -50.0000000000
2020,9,21,12,6,27, -50.0000000000
2020,9,21,12,6,28, -50.0000000000
2020,9,21,12,6,28, -50.0000000000
2020,9,21,12,6,28, -50.0000000000
2020,9,21,12,6,28, -50.0000000000
2020,9,21,12,6,29, -50.0000000000
2020,9,21,12,6,29, -50.0000000000
2020,9,21,12,6,29, -50.0000000000
2020,9,21,12,6,29, -50.0000000000
2020,9,21,12,6,30, -50.0000000000
2020,9,21,12,6,30, -50.0000000000
2020,9,21,12,6,30, -50.0000000000
2020,9,21,12,6,30, -50.0000000000
2020,9,21,12,6,31, -50.0000000000
2020,9,21,12,6,31, -50.0000000000
2020,9,21,12,6,31, -50.0000000000
2020,9,21,12,6,31, -50.0000000000
2020,9,21,12,6,32, -50.0000000000
2020,9,21,12,6,32, -50.0000000000
2020,9,21,12,6,32, -50.0000000000
2020,9,21,12,6,32, -50.0000000000
2020,9,21,12,6,33, -50.0000000000
2020,9,21,12,6,33, -50.0000000000
2020,9,21,12,6,33, -50.0000000000
2020,9,21,12,6,33, -50.0000000000
2020,9,21,12,6,34, -50.0000000000
2020,9,21,12,6,34, -50.0000000000
2020,9,21,12,6,34, -50.0000000000
2020,9,21,12,6,34, -50.0000000000
2020,9,21,12,6,35, -50.0000000000
2020,9,21,12,6,35, -50.0000000000
2020,9,21,12,6,35, -50.0000000000
2020,9,21,12,6,35, -50.0000000000
2020,9,21,12,6,36, -50.0000000000
2020,9,21,12,6,36, -50.0000000000
2020,9,21,12,6,36, -50.0000000000
2020,9,21,12,6,36, -50.0000000000
2020,9,21,12,6,37, -50.0000000000
2020,9,21,12,6,37, -50.0000000000
2020,9,21,12,6,37, -50.0000000000
2020,9,21,12,6,37, -50.0000000000
2020,9,21,12,6,38, -50.0000000000
2020,9,21,12,6,38, -50.0000000000
2020,9,21,12,6,38, -50.0000000000
2020,9,21,12,6,38, -50.0000000000
2020,9,21,12,6,39, -50.0000000000
2020,9,21,12,6,39, -50.0000000000
2020,9,21,12,6,39, -50.0000000000
2020,9,21,12,6,39, -50.0000000000
2020,9,21,12,6,40, -50.0000000000
2020,9,21,12,6,40, -50.0000000000
2020,9,21,12,6,40, -50.0000000000
2020,9,21,12,6,40, -50.0000000000
2020,9,21,12,6,41, -50.0000000000
2020,9,21,12,6,41, -50.0000000000
2020,9,21,12,6,41, -50.0000000000
2020,9,21,12,6,41, -50.0000000000
2020,9,21,12,6,42, -50.0000000000
2020,9,21,12,6,42, -50.0000000000
2020,9,21,12,6,42, -50.0000000000
2020,9,21,12,6,42, -50.0000000000
2020,9,21,12,6,43, -50.0000000000
2020,9,21,12,6,43, -50.0000000000
2020,9,21,12,6,43, -50.0000000000
2020,9,21,12,6,43, -50.0000000000
2020,9,21,12,6,44, -50.0000000000
2020,9,21,12,6,44, -50.0000000000
2020,9,21,12,6,44, -50.0000000000
2020,9,21,12,6,44, -50.0000000000
2020,9,21,12,6,45, -50.0000000000
2020,9,21,12,6,45, -50.0000000000
2020,9,21,12,6,45, -50.0000000000
2020,9,21,12,6,45, -50.0000000000
2020,9,21,12,6,46, -50.0000000000
2020,9,21,12,6,47, -50.0000000000
2020,9,21,12,6,47, -50.0000000000
2020,9,21,12,6,47, -50.0000000000
2020,9,21,12,6,48, -50.0000000000
2020,9,21,12,6,48, -50.0000000000
2020,9,21,12,6,48, -50.0000000000
2020,9,21,12,6,48, -50.0000000000
2020,9,21,12,6,49, -50.0000000000
2020,9,21,12,6,49, -50.0000000000
2020,9,21,12,6,49, -50.0000000000
2020,9,21,12,6,49, -50.0000000000
2020,9,21,12,6,50, -50.0000000000
2020,9,21,12,6,50, -50.0000000000
2020,9,21,12,6,50, -50.0000000000
2020,9,21,12,6,50, -50.0000000000
2020,9,21,12,6,51, -50.0000000000
2020,9,21,12,6,51, -50.0000000000
2020,9,21,12,6,51, -50.0000000000
2020,9,21,12,6,51, -50.0000000000
2020,9,21,12,6,52, -50.0000000000
2020,9,21,12,6,52, -50.0000000000
2020,9,21,12,6,52, -50.0000000000
2020,9,21,12,6,52, -50.0000000000
2020,9,21,12,6,53, -50.0000000000
2020,9,21,12,6,53, -50.0000000000
2020,9,21,12,6,53, -50.0000000000
2020,9,21,12,6,53, -50.0000000000
2020,9,21,12,6,54, -50.0000000000
2020,9,21,12,6,54, -50.0000000000
2020,9,21,12,6,54, -50.0000000000
2020,9,21,12,6,54, -50.0000000000
2020,9,21,12,6,55, -50.0000000000
2020,9,21,12,6,55, -50.0000000000
2020,9,21,12,6,55, -50.0000000000
2020,9,21,12,6,55, -50.0000000000
2020,9,21,12,6,56, -50.0000000000
2020,9,21,12,6,56, -50.0000000000
2020,9,21,12,6,56, -50.0000000000
2020,9,21,12,6,56, -50.0000000000
2020,9,21,12,6,57, -50.0000000000
2020,9,21,12,6,57, -50.0000000000
2020,9,21,12,6,57, -50.0000000000
2020,9,21,12,6,57, -50.0000000000
2020,9,21,12,6,58, -50.0000000000
2020,9,21,12,6,58, -50.0000000000
2020,9,21,12,6,58, -50.0000000000
2020,9,21,12,6,58, -50.0000000000
2020,9,21,12,6,59, -50.0000000000
2020,9,21,12,6,59, -50.0000000000
2020,9,21,12,6,59, -50.0000000000
2020,9,21,12,6,59, -50.0000000000
2020,9,21,12,7,0, -50.0000000000
2020,9,21,12,7,0, -50.0000000000
2020,9,21,12,7,0, -50.0000000000
2020,9,21,12,7,1, -50.0000000000
2020,9,21,12,7,1, -50.0000000000
2020,9,21,12,7,1, -50.0000000000
2020,9,21,12,7,1, -50.0000000000
2020,9,21,12,7,2, -50.0000000000
2020,9,21,12,7,2, -50.0000000000
2020,9,21,12,7,2, -50.0000000000
2020,9,21,12,7,2, -50.0000000000
2020,9,21,12,7,3, -50.0000000000
2020,9,21,12,7,3, -50.0000000000
2020,9,21,12,7,3, -50.0000000000
2020,9,21,12,7,3, -50.0000000000
2020,9,21,12,7,4, -50.0000000000
2020,9,21,12,7,4, -50.0000000000
2020,9,21,12,7,4, -50.0000000000
2020,9,21,12,7,4, -50.0000000000
2020,9,21,12,7,5, -50.0000000000
2020,9,21,12,7,5, -50.0000000000
2020,9,21,12,7,5, -50.0000000000
2020,9,21,12,7,5, -50.0000000000
2020,9,21,12,7,6, -50.0000000000
2020,9,21,12,7,6, -50.0000000000
2020,9,21,12,7,6, -50.0000000000
2020,9,21,12,7,6, -50.0000000000
2020,9,21,12,7,7, -50.0000000000
2020,9,21,12,7,7, -50.0000000000
2020,9,21,12,7,7, -50.0000000000
2020,9,21,12,7,7, -50.0000000000
2020,9,21,12,7,8, -50.0000000000
2020,9,21,12,7,8, -50.0000000000
2020,9,21,12,7,8, -50.0000000000
2020,9,21,12,7,8, -50.0000000000
2020,9,21,12,7,9, -50.0000000000
2020,9,21,12,7,9, -50.0000000000
2020,9,21,12,7,9, -50.0000000000
2020,9,21,12,7,9, -50.0000000000
2020,9,21,12,7,10, -50.0000000000
2020,9,21,12,7,10, -50.0000000000
2020,9,21,12,7,10, -50.0000000000
2020,9,21,12,7,10, -50.0000000000
2020,9,21,12,7,11, -50.0000000000
2020,9,21,12,7,11, -50.0000000000
2020,9,21,12,7,12, -50.0000000000
2020,9,21,12,7,12, -50.0000000000
2020,9,21,12,7,12, -50.0000000000
2020,9,21,12,7,12, -50.0000000000
2020,9,21,12,7,13, -50.0000000000
2020,9,21,12,7,13, -50.0000000000
2020,9,21,12,7,13, -50.0000000000
2020,9,21,12,7,13, -50.0000000000
2020,9,21,12,7,14, -50.0000000000
2020,9,21,12,7,14, -50.0000000000
2020,9,21,12,7,14, -50.0000000000
2020,9,21,12,7,14, -50.0000000000
2020,9,21,12,7,15, -50.0000000000
2020,9,21,12,7,15, -50.0000000000
2020,9,21,12,7,15, -50.0000000000
2020,9,21,12,7,15, -50.0000000000
2020,9,21,12,7,16, -50.0000000000
2020,9,21,12,7,16, -50.0000000000
2020,9,21,12,7,16, -50.0000000000
2020,9,21,12,7,16, -50.0000000000
2020,9,21,12,7,17, -50.0000000000
2020,9,21,12,7,17, -50.0000000000
2020,9,21,12,7,17, -50.0000000000
2020,9,21,12,7,17, -50.0000000000
2020,9,21,12,7,18, -50.0000000000
2020,9,21,12,7,18, -50.0000000000
2020,9,21,12,7,18, -50.0000000000
2020,9,21,12,7,18, -50.0000000000
2020,9,21,12,7,19, -50.0000000000
2020,9,21,12,7,19, -50.0000000000
2020,9,21,12,7,19, -50.0000000000
2020,9,21,12,7,19, -50.0000000000
2020,9,21,12,7,20, -50.0000000000
2020,9,21,12,7,20, -50.0000000000
2020,9,21,12,7,20, -50.0000000000
2020,9,21,12,7,20, -50.0000000000
2020,9,21,12,7,21, -50.0000000000
2020,9,21,12,7,21, -50.0000000000
2020,9,21,12,7,21, -50.0000000000
2020,9,21,12,7,21, -50.0000000000
2020,9,21,12,7,22, -50.0000000000
2020,9,21,12,7,22, -50.0000000000
2020,9,21,12,7,22, -50.0000000000
2020,9,21,12,7,22, -50.0000000000
2020,9,21,12,7,23, -50.0000000000
2020,9,21,12,7,23, -50.0000000000
2020,9,21,12,7,23, -50.0000000000
2020,9,21,12,7,23, -50.0000000000
2020,9,21,12,7,24, -50.0000000000
2020,9,21,12,7,24, -50.0000000000
2020,9,21,12,7,24, -50.0000000000
2020,9,21,12,7,24, -50.0000000000
2020,9,21,12,7,25, -50.0000000000
2020,9,21,12,7,25, -50.0000000000
2020,9,21,12,7,25, -50.0000000000
2020,9,21,12,7,25, -50.0000000000
2020,9,21,12,7,26, -50.0000000000
2020,9,21,12,7,26, -50.0000000000
2020,9,21,12,7,26, -50.0000000000
2020,9,21,12,7,26, -50.0000000000
2020,9,21,12,7,27, -50.0000000000
2020,9,21,12,7,27, -50.0000000000
2020,9,21,12,7,27, -50.0000000000
2020,9,21,12,7,27, -50.0000000000
2020,9,21,12,7,28, -50.0000000000
2020,9,21,12,7,28, -50.0000000000
2020,9,21,12,7,28, -50.0000000000
2020,9,21,12,7,28, -50.0000000000
2020,9,21,12,7,29, -50.0000000000
2020,9,21,12,7,29, -50.0000000000
2020,9,21,12,7,29, -50.0000000000
2020,9,21,12,7,29, -50.0000000000
2020,9,21,12,7,30, -50.0000000000
2020,9,21,12,7,30, -50.0000000000
2020,9,21,12,7,30, -50.0000000000
2020,9,21,12,7,30, -50.0000000000
2020,9,21,12,7,31, -50.0000000000
2020,9,21,12,7,32, -50.0000000000
2020,9,21,12,7,32, -50.0000000000
2020,9,21,12,7,32, -50.0000000000
2020,9,21,12,7,33, -50.0000000000
2020,9,21,12,7,33, -50.0000000000
2020,9,21,12,7,33, -50.0000000000
2020,9,21,12,7,33, -50.0000000000
2020,9,21,12,7,34, -50.0000000000
2020,9,21,12,7,34, -50.0000000000
2020,9,21,12,7,34, -50.0000000000
2020,9,21,12,7,34, -50.0000000000
2020,9,21,12,7,35, -50.0000000000
2020,9,21,12,7,35, -50.0000000000
2020,9,21,12,7,35, -50.0000000000
2020,9,21,12,7,35, -50.0000000000
2020,9,21,12,7,36, -50.0000000000
2020,9,21,12,7,36, -50.0000000000
2020,9,21,12,7,37, -50.0000000000
2020,9,21,12,7,37, -50.0000000000
2020,9,21,12,7,37, -50.0000000000
2020,9,21,12,7,37, -50.0000000000
2020,9,21,12,7,38, -50.0000000000
2020,9,21,12,7,38, -50.0000000000
2020,9,21,12,7,38, -50.0000000000
2020,9,21,12,7,38, -50.0000000000
2020,9,21,12,7,39, -50.0000000000
2020,9,21,12,7,39, -50.0000000000
2020,9,21,12,7,39, -50.0000000000
2020,9,21,12,7,39, -50.0000000000
2020,9,21,12,7,40, -50.0000000000
2020,9,21,12,7,40, -50.0000000000
2020,9,21,12,7,40, -50.0000000000
2020,9,21,12,7,40, -50.0000000000
2020,9,21,12,7,41, -50.0000000000
2020,9,21,12,7,41, -50.0000000000
2020,9,21,12,7,41, -50.0000000000
2020,9,21,12,7,41, -50.0000000000
2020,9,21,12,7,42, -50.0000000000
2020,9,21,12,7,42, -50.0000000000
2020,9,21,12,7,42, -50.0000000000
2020,9,21,12,7,42, -50.0000000000
2020,9,21,12,7,43, -50.0000000000
2020,9,21,12,7,43, -50.0000000000
2020,9,21,12,7,43, -50.0000000000
2020,9,21,12,7,43, -50.0000000000
2020,9,21,12,7,44, -50.0000000000
2020,9,21,12,7,44, -50.0000000000
2020,9,21,12,7,44, -50.0000000000
2020,9,21,12,7,44, -50.0000000000
2020,9,21,12,7,45, -50.0000000000
2020,9,21,12,7,45, -50.0000000000
2020,9,21,12,7,45, -50.0000000000
2020,9,21,12,7,45, -50.0000000000
2020,9,21,12,7,46, -50.0000000000
2020,9,21,12,7,46, -50.0000000000
2020,9,21,12,7,46, -50.0000000000
2020,9,21,12,7,46, -50.0000000000
2020,9,21,12,7,47, -50.0000000000
2020,9,21,12,7,47, -50.0000000000
2020,9,21,12,7,47, -50.0000000000
2020,9,21,12,7,47, -50.0000000000
2020,9,21,12,7,48, -50.0000000000
2020,9,21,12,7,48, -50.0000000000
2020,9,21,12,7,48, -50.0000000000
2020,9,21,12,7,48, -50.0000000000
2020,9,21,12,7,49, -50.0000000000
2020,9,21,12,7,49, -50.0000000000
2020,9,21,12,7,49, -50.0000000000
2020,9,21,12,7,49, -50.0000000000
2020,9,21,12,7,50, -50.0000000000
2020,9,21,12,7,50, -50.0000000000
2020,9,21,12,7,50, -50.0000000000
2020,9,21,12,7,50, -50.0000000000
2020,9,21,12,7,51, -50.0000000000
2020,9,21,12,7,51, -50.0000000000
2020,9,21,12,7,51, -50.0000000000
2020,9,21,12,7,51, -50.0000000000
2020,9,21,12,7,52, -50.0000000000
2020,9,21,12,7,52, -50.0000000000
2020,9,21,12,7,52, -50.0000000000
2020,9,21,12,7,52, -50.0000000000
2020,9,21,12,7,53, -50.0000000000
2020,9,21,12,7,53, -50.0000000000
2020,9,21,12,7,53, -50.0000000000
2020,9,21,12,7,53, -50.0000000000
2020,9,21,12,7,54, -50.0000000000
2020,9,21,12,7,54, -50.0000000000
2020,9,21,12,7,54, -50.0000000000
2020,9,21,12,7,54, -50.0000000000
2020,9,21,12,7,55, -50.0000000000
2020,9,21,12,7,55, -50.0000000000
2020,9,21,12,7,55, -50.0000000000
2020,9,21,12,7,55, -50.0000000000
2020,9,21,12,7,56, -50.0000000000
2020,9,21,12,7,57, -50.0000000000
2020,9,21,12,7,57, -50.0000000000
2020,9,21,12,7,57, -50.0000000000
2020,9,21,12,7,57, -50.0000000000
2020,9,21,12,7,58, -50.0000000000
2020,9,21,12,7,58, -50.0000000000
2020,9,21,12,7,58, -50.0000000000
2020,9,21,12,7,58, -50.0000000000
2020,9,21,12,7,59, -50.0000000000
2020,9,21,12,7,59, -50.0000000000
2020,9,21,12,7,59, -50.0000000000
2020,9,21,12,7,59, -50.0000000000
2020,9,21,12,8,0, -50.0000000000
2020,9,21,12,8,0, -50.0000000000
2020,9,21,12,8,0, -50.0000000000
2020,9,21,12,8,0, -50.0000000000
2020,9,21,12,8,1, -50.0000000000
2020,9,21,12,8,1, -50.0000000000
2020,9,21,12,8,1, -50.0000000000
2020,9,21,12,8,1, -50.0000000000
2020,9,21,12,8,2, -50.0000000000
2020,9,21,12,8,2, -50.0000000000
2020,9,21,12,8,2, -50.0000000000
2020,9,21,12,8,2, -50.0000000000
2020,9,21,12,8,3, -50.0000000000
2020,9,21,12,8,3, -50.0000000000
2020,9,21,12,8,3, -50.0000000000
2020,9,21,12,8,3, -50.0000000000
2020,9,21,12,8,4, -50.0000000000
2020,9,21,12,8,4, -50.0000000000
2020,9,21,12,8,4, -50.0000000000
2020,9,21,12,8,4, -50.0000000000
2020,9,21,12,8,5, -50.0000000000
2020,9,21,12,8,5, -50.0000000000
2020,9,21,12,8,5, -50.0000000000
2020,9,21,12,8,5, -50.0000000000
2020,9,21,12,8,6, -50.0000000000
2020,9,21,12,8,6, -50.0000000000
2020,9,21,12,8,6, -50.0000000000
2020,9,21,12,8,6, -50.0000000000
2020,9,21,12,8,7, -50.0000000000
2020,9,21,12,8,7, -50.0000000000
2020,9,21,12,8,7, -50.0000000000
2020,9,21,12,8,7, -50.0000000000
2020,9,21,12,8,8, -50.0000000000
2020,9,21,12,8,8, -50.0000000000
2020,9,21,12,8,8, -50.0000000000
2020,9,21,12,8,8, -50.0000000000
2020,9,21,12,8,9, -50.0000000000
2020,9,21,12,8,9, -50.0000000000
2020,9,21,12,8,9, -50.0000000000
2020,9,21,12,8,9, -50.0000000000
2020,9,21,12,8,10, -50.0000000000
2020,9,21,12,8,10, -50.0000000000
2020,9,21,12,8,10, -50.0000000000
2020,9,21,12,8,10, -50.0000000000
2020,9,21,12,8,11, -50.0000000000
2020,9,21,12,8,11, -50.0000000000
2020,9,21,12,8,11, -50.0000000000
2020,9,21,12,8,11, -50.0000000000
2020,9,21,12,8,12, -50.0000000000
2020,9,21,12,8,12, -50.0000000000
2020,9,21,12,8,12, -50.0000000000
2020,9,21,12,8,12, -50.0000000000
2020,9,21,12,8,13, -50.0000000000
2020,9,21,12,8,13, -50.0000000000
2020,9,21,12,8,13, -50.0000000000
2020,9,21,12,8,13, -50.0000000000
2020,9,21,12,8,14, -50.0000000000
2020,9,21,12,8,14, -50.0000000000
2020,9,21,12,8,14, -50.0000000000
2020,9,21,12,8,14, -50.0000000000
2020,9,21,12,8,15, -50.0000000000
2020,9,21,12,8,15, -50.0000000000
2020,9,21,12,8,15, -50.0000000000
2020,9,21,12,8,15, -50.0000000000
2020,9,21,12,8,16, -50.0000000000
2020,9,21,12,8,16, -50.0000000000
2020,9,21,12,8,16, -50.0000000000
2020,9,21,12,8,16, -50.0000000000
2020,9,21,12,8,17, -50.0000000000
2020,9,21,12,8,17, -50.0000000000
2020,9,21,12,8,17, -50.0000000000
2020,9,21,12,8,17, -50.0000000000
2020,9,21,12,8,18, -50.0000000000
2020,9,21,12,8,18, -50.0000000000
2020,9,21,12,8,18, -50.0000000000
2020,9,21,12,8,18, -50.0000000000
2020,9,21,12,8,19, -50.0000000000
2020,9,21,12,8,19, -50.0000000000
2020,9,21,12,8,19, -50.0000000000
2020,9,21,12,8,19, -50.0000000000
2020,9,21,12,8,20, -50.0000000000
2020,9,21,12,8,20, -50.0000000000
2020,9,21,12,8,20, -50.0000000000
2020,9,21,12,8,20, -50.0000000000
2020,9,21,12,8,21, -50.0000000000
2020,9,21,12,8,21, -50.0000000000
2020,9,21,12,8,21, -50.0000000000
2020,9,21,12,8,22, -50.0000000000
2020,9,21,12,8,22, -50.0000000000
2020,9,21,12,8,22, -50.0000000000
2020,9,21,12,8,22, -50.0000000000
2020,9,21,12,8,23, -50.0000000000
2020,9,21,12,8,23, -50.0000000000
2020,9,21,12,8,23, -50.0000000000
2020,9,21,12,8,23, -50.0000000000
2020,9,21,12,8,24, -50.0000000000
2020,9,21,12,8,24, -50.0000000000
2020,9,21,12,8,24, -50.0000000000
2020,9,21,12,8,24, -50.0000000000
2020,9,21,12,8,25, -50.0000000000
2020,9,21,12,8,25, -50.0000000000
2020,9,21,12,8,25, -50.0000000000
2020,9,21,12,8,25, -50.0000000000
2020,9,21,12,8,26, -50.0000000000
2020,9,21,12,8,26, -50.0000000000
2020,9,21,12,8,26, -50.0000000000
2020,9,21,12,8,26, -50.0000000000
2020,9,21,12,8,27, -50.0000000000
2020,9,21,12,8,27, -50.0000000000
2020,9,21,12,8,27, -50.0000000000
2020,9,21,12,8,27, -50.0000000000
2020,9,21,12,8,28, -50.0000000000
2020,9,21,12,8,28, -50.0000000000
2020,9,21,12,8,28, -50.0000000000
2020,9,21,12,8,28, -50.0000000000
2020,9,21,12,8,29, -50.0000000000
2020,9,21,12,8,29, -50.0000000000
2020,9,21,12,8,29, -50.0000000000
2020,9,21,12,8,29, -50.0000000000
2020,9,21,12,8,30, -50.0000000000
2020,9,21,12,8,30, -50.0000000000
2020,9,21,12,8,30, -50.0000000000
2020,9,21,12,8,30, -50.0000000000
2020,9,21,12,8,31, -50.0000000000
2020,9,21,12,8,31, -50.0000000000
2020,9,21,12,8,31, -50.0000000000
2020,9,21,12,8,31, -50.0000000000
2020,9,21,12,8,32, -50.0000000000
2020,9,21,12,8,32, -50.0000000000
2020,9,21,12,8,32, -50.0000000000
2020,9,21,12,8,32, -50.0000000000
2020,9,21,12,8,33, -50.0000000000
2020,9,21,12,8,33, -50.0000000000
2020,9,21,12,8,33, -50.0000000000
2020,9,21,12,8,33, -50.0000000000
2020,9,21,12,8,34, -50.0000000000
2020,9,21,12,8,34, -50.0000000000
2020,9,21,12,8,34, -50.0000000000
2020,9,21,12,8,34, -50.0000000000
2020,9,21,12,8,35, -50.0000000000
2020,9,21,12,8,35, -50.0000000000
2020,9,21,12,8,35, -50.0000000000
2020,9,21,12,8,35, -50.0000000000
2020,9,21,12,8,36, -50.0000000000
2020,9,21,12,8,36, -50.0000000000
2020,9,21,12,8,36, -50.0000000000
2020,9,21,12,8,36, -50.0000000000
2020,9,21,12,8,37, -50.0000000000
2020,9,21,12,8,37, -50.0000000000
2020,9,21,12,8,37, -50.0000000000
2020,9,21,12,8,37, -50.0000000000
2020,9,21,12,8,38, -50.0000000000
2020,9,21,12,8,38, -50.0000000000
2020,9,21,12,8,38, -50.0000000000
2020,9,21,12,8,38, -50.0000000000
2020,9,21,12,8,39, -50.0000000000
2020,9,21,12,8,39, -50.0000000000
2020,9,21,12,8,39, -50.0000000000
2020,9,21,12,8,39, -50.0000000000
2020,9,21,12,8,40, -50.0000000000
2020,9,21,12,8,40, -50.0000000000
2020,9,21,12,8,40, -50.0000000000
2020,9,21,12,8,40, -50.0000000000
2020,9,21,12,8,41, -50.0000000000
2020,9,21,12,8,42, -50.0000000000
2020,9,21,12,8,42, -50.0000000000
2020,9,21,12,8,43, -50.0000000000
2020,9,21,12,8,43, -50.0000000000
2020,9,21,12,8,43, -50.0000000000
2020,9,21,12,8,43, -50.0000000000
2020,9,21,12,8,44, -50.0000000000
2020,9,21,12,8,44, -50.0000000000
2020,9,21,12,8,44, -50.0000000000
2020,9,21,12,8,44, -50.0000000000
2020,9,21,12,8,45, -50.0000000000
2020,9,21,12,8,45, -50.0000000000
2020,9,21,12,8,45, -50.0000000000
2020,9,21,12,8,45, -50.0000000000
2020,9,21,12,8,46, -50.0000000000
2020,9,21,12,8,47, -50.0000000000
2020,9,21,12,8,47, -50.0000000000
2020,9,21,12,8,47, -50.0000000000
2020,9,21,12,8,47, -50.0000000000
2020,9,21,12,8,48, -50.0000000000
2020,9,21,12,8,48, -50.0000000000
2020,9,21,12,8,48, -50.0000000000
2020,9,21,12,8,48, -50.0000000000
2020,9,21,12,8,49, -50.0000000000
2020,9,21,12,8,49, -50.0000000000
2020,9,21,12,8,49, -50.0000000000
2020,9,21,12,8,49, -50.0000000000
2020,9,21,12,8,50, -50.0000000000
2020,9,21,12,8,50, -50.0000000000
2020,9,21,12,8,50, -50.0000000000
2020,9,21,12,8,50, -50.0000000000
2020,9,21,12,8,51, -50.0000000000
2020,9,21,12,8,51, -50.0000000000
2020,9,21,12,8,51, -50.0000000000
2020,9,21,12,8,51, -50.0000000000
2020,9,21,12,8,52, -50.0000000000
2020,9,21,12,8,52, -50.0000000000
2020,9,21,12,8,52, -50.0000000000
2020,9,21,12,8,52, -50.0000000000
2020,9,21,12,8,53, -50.0000000000
2020,9,21,12,8,53, -50.0000000000
2020,9,21,12,8,53, -50.0000000000
2020,9,21,12,8,53, -50.0000000000
2020,9,21,12,8,54, -50.0000000000
2020,9,21,12,8,54, -50.0000000000
2020,9,21,12,8,54, -50.0000000000
2020,9,21,12,8,54, -50.0000000000
2020,9,21,12,8,55, -50.0000000000
2020,9,21,12,8,55, -50.0000000000
2020,9,21,12,8,55, -50.0000000000
2020,9,21,12,8,55, -50.0000000000
