2020,9,21,14,36,0,   5.2280000000
2020,9,21,14,36,1,   5.2320000000
2020,9,21,14,36,1,   5.2280000000
2020,9,21,14,36,1,   5.2280000000
2020,9,21,14,36,1,   5.2280000000
2020,9,21,14,36,2,   5.2280000000
2020,9,21,14,36,2,   5.2280000000
2020,9,21,14,36,2,   5.2240000000
2020,9,21,14,36,2,   5.2280000000
2020,9,21,14,36,3,   5.2280000000
2020,9,21,14,36,3,   5.2280000000
2020,9,21,14,36,3,   5.2280000000
2020,9,21,14,36,3,   5.2280000000
2020,9,21,14,36,4,   5.2280000000
2020,9,21,14,36,4,   5.0880000000
2020,9,21,14,36,4,   5.2200000000
2020,9,21,14,36,5,   5.2280000000
2020,9,21,14,36,5,   5.2240000000
2020,9,21,14,36,5,   5.2320000000
2020,9,21,14,36,5,   5.2240000000
2020,9,21,14,36,6,   5.2280000000
2020,9,21,14,36,6,   5.2280000000
2020,9,21,14,36,6,   5.2280000000
2020,9,21,14,36,6,   5.2280000000
2020,9,21,14,36,7,   5.2280000000
2020,9,21,14,36,7,   5.2280000000
2020,9,21,14,36,7,   5.2240000000
2020,9,21,14,36,7,   5.2320000000
2020,9,21,14,36,8,   5.2280000000
2020,9,21,14,36,8,   5.2240000000
2020,9,21,14,36,8,   5.2280000000
2020,9,21,14,36,8,   5.2320000000
2020,9,21,14,36,9,   5.2240000000
2020,9,21,14,36,9,   5.2280000000
2020,9,21,14,36,9,   5.2280000000
2020,9,21,14,36,10,   5.2200000000
2020,9,21,14,36,10,   5.2280000000
2020,9,21,14,36,10,   5.2280000000
2020,9,21,14,36,10,   5.2320000000
2020,9,21,14,36,11,   5.2280000000
2020,9,21,14,36,11,   5.2280000000
2020,9,21,14,36,11,   5.2320000000
2020,9,21,14,36,12,   5.2280000000
2020,9,21,14,36,12,   5.2280000000
2020,9,21,14,36,12,   5.2280000000
2020,9,21,14,36,12,   5.2280000000
2020,9,21,14,36,13,   5.2280000000
2020,9,21,14,36,13,   5.2280000000
2020,9,21,14,36,13,   5.2360000000
2020,9,21,14,36,13,   5.2240000000
2020,9,21,14,36,14,   5.2280000000
2020,9,21,14,36,14,   5.2240000000
2020,9,21,14,36,14,   5.0880000000
2020,9,21,14,36,15,   5.2160000000
2020,9,21,14,36,15,   5.2280000000
2020,9,21,14,36,15,   5.2120000000
2020,9,21,14,36,15,   5.2240000000
2020,9,21,14,36,16,   5.2160000000
2020,9,21,14,36,16,   5.2280000000
2020,9,21,14,36,16,   5.2280000000
2020,9,21,14,36,17,   5.2280000000
2020,9,21,14,36,17,   5.2200000000
2020,9,21,14,36,17,   5.2320000000
2020,9,21,14,36,17,   5.2320000000
2020,9,21,14,36,18,   5.2240000000
2020,9,21,14,36,18,   5.2280000000
2020,9,21,14,36,18,   5.2240000000
2020,9,21,14,36,18,   5.2280000000
2020,9,21,14,36,19,   5.2240000000
2020,9,21,14,36,19,   5.2240000000
2020,9,21,14,36,19,   5.2280000000
2020,9,21,14,36,20,   5.2240000000
2020,9,21,14,36,20,   5.2200000000
2020,9,21,14,36,20,   5.2160000000
2020,9,21,14,36,20,   5.2280000000
2020,9,21,14,36,21,   5.2240000000
2020,9,21,14,36,21,   5.2280000000
2020,9,21,14,36,21,   5.2280000000
2020,9,21,14,36,21,   5.2280000000
2020,9,21,14,36,22,   5.2320000000
2020,9,21,14,36,22,   5.2280000000
2020,9,21,14,36,22,   5.2280000000
2020,9,21,14,36,23,   5.2280000000
2020,9,21,14,36,23,   5.2280000000
2020,9,21,14,36,23,   5.2320000000
2020,9,21,14,36,23,   5.2200000000
2020,9,21,14,36,24,   5.2320000000
2020,9,21,14,36,24,   5.2280000000
2020,9,21,14,36,24,   5.2280000000
2020,9,21,14,36,24,   5.2160000000
2020,9,21,14,36,25,   5.2240000000
2020,9,21,14,36,25,   5.2200000000
2020,9,21,14,36,25,   5.2160000000
2020,9,21,14,36,26,   5.2160000000
2020,9,21,14,36,26,   5.2240000000
2020,9,21,14,36,26,   5.2280000000
2020,9,21,14,36,26,   5.2240000000
2020,9,21,14,36,27,   5.2320000000
2020,9,21,14,36,27,   5.2240000000
2020,9,21,14,36,27,   5.2280000000
2020,9,21,14,36,27,   5.2320000000
2020,9,21,14,36,28,   5.2280000000
2020,9,21,14,36,28,   5.2240000000
2020,9,21,14,36,28,   5.2320000000
2020,9,21,14,36,29,   5.2280000000
2020,9,21,14,36,29,   5.2280000000
2020,9,21,14,36,29,   5.2280000000
2020,9,21,14,36,29,   5.2280000000
2020,9,21,14,36,30,   5.2280000000
2020,9,21,14,36,30,   5.2280000000
2020,9,21,14,36,30,   5.2280000000
2020,9,21,14,36,30,   5.2240000000
2020,9,21,14,36,31,   5.1000000000
2020,9,21,14,36,31,   5.2160000000
2020,9,21,14,36,31,   5.2280000000
2020,9,21,14,36,32,   5.2280000000
2020,9,21,14,36,32,   5.2280000000
2020,9,21,14,36,32,   5.2240000000
2020,9,21,14,36,32,   5.2320000000
2020,9,21,14,36,33,   5.2280000000
2020,9,21,14,36,33,   5.2280000000
2020,9,21,14,36,33,   5.2320000000
2020,9,21,14,36,34,   5.2240000000
2020,9,21,14,36,34,   5.2280000000
2020,9,21,14,36,34,   5.2240000000
2020,9,21,14,36,34,   5.2280000000
2020,9,21,14,36,35,   5.2280000000
2020,9,21,14,36,35,   5.2280000000
2020,9,21,14,36,35,   5.2280000000
2020,9,21,14,36,35,   5.2240000000
2020,9,21,14,36,36,   5.2280000000
2020,9,21,14,36,36,   5.2320000000
2020,9,21,14,36,36,   5.2200000000
2020,9,21,14,36,37,   5.2120000000
2020,9,21,14,36,37,   5.2280000000
2020,9,21,14,36,37,   5.2280000000
2020,9,21,14,36,37,   5.2280000000
2020,9,21,14,36,38,   5.2240000000
2020,9,21,14,36,38,   5.2240000000
2020,9,21,14,36,38,   5.2320000000
2020,9,21,14,36,39,   5.2280000000
2020,9,21,14,36,39,   5.2280000000
2020,9,21,14,36,39,   5.2280000000
2020,9,21,14,36,39,   5.2280000000
2020,9,21,14,36,40,   5.2280000000
2020,9,21,14,36,40,   5.2120000000
2020,9,21,14,36,40,   5.2280000000
2020,9,21,14,36,40,   5.2280000000
2020,9,21,14,36,41,   5.2280000000
2020,9,21,14,36,41,   5.2320000000
2020,9,21,14,36,41,   5.2320000000
2020,9,21,14,36,41,   5.2280000000
2020,9,21,14,36,42,   5.2160000000
2020,9,21,14,36,42,   5.2160000000
2020,9,21,14,36,42,   5.2240000000
2020,9,21,14,36,43,   5.2240000000
2020,9,21,14,36,43,   5.2320000000
2020,9,21,14,36,43,   5.2240000000
2020,9,21,14,36,43,   5.2240000000
2020,9,21,14,36,44,   5.2240000000
2020,9,21,14,36,44,   5.2280000000
2020,9,21,14,36,44,   5.2240000000
2020,9,21,14,36,44,   5.2280000000
2020,9,21,14,36,45,   5.2240000000
2020,9,21,14,36,45,   5.2360000000
2020,9,21,14,36,45,   5.2360000000
2020,9,21,14,36,46,   5.2240000000
2020,9,21,14,36,46,   5.2280000000
2020,9,21,14,36,46,   5.2280000000
2020,9,21,14,36,46,   5.2360000000
2020,9,21,14,36,47,   5.2320000000
2020,9,21,14,36,47,   5.2240000000
2020,9,21,14,36,47,   5.2240000000
2020,9,21,14,36,47,   5.2160000000
2020,9,21,14,36,48,   5.2120000000
2020,9,21,14,36,48,   5.2280000000
2020,9,21,14,36,48,   5.2240000000
2020,9,21,14,36,49,   5.2280000000
2020,9,21,14,36,49,   5.2320000000
2020,9,21,14,36,49,   5.2360000000
2020,9,21,14,36,49,   5.2240000000
2020,9,21,14,36,50,   5.2280000000
2020,9,21,14,36,50,   5.2280000000
2020,9,21,14,36,50,   5.2280000000
2020,9,21,14,36,50,   5.2320000000
2020,9,21,14,36,51,   5.2240000000
2020,9,21,14,36,51,   5.2240000000
2020,9,21,14,36,51,   5.2280000000
2020,9,21,14,36,52,   5.2280000000
2020,9,21,14,36,52,   5.2240000000
2020,9,21,14,36,52,   5.2240000000
2020,9,21,14,36,52,   5.2280000000
2020,9,21,14,36,53,   5.2240000000
2020,9,21,14,36,53,   5.1000000000
2020,9,21,14,36,53,   5.2120000000
2020,9,21,14,36,54,   5.2280000000
2020,9,21,14,36,54,   5.2280000000
2020,9,21,14,36,54,   5.2280000000
2020,9,21,14,36,54,   5.2280000000
2020,9,21,14,36,55,   5.2280000000
2020,9,21,14,36,55,   5.2280000000
2020,9,21,14,36,55,   5.2280000000
2020,9,21,14,36,55,   5.2240000000
2020,9,21,14,36,56,   5.2320000000
2020,9,21,14,36,56,   5.2280000000
2020,9,21,14,36,56,   5.2240000000
2020,9,21,14,36,57,   5.2280000000
2020,9,21,14,36,57,   5.2240000000
2020,9,21,14,36,57,   5.2280000000
2020,9,21,14,36,57,   5.2280000000
2020,9,21,14,36,58,   5.2280000000
2020,9,21,14,36,58,   5.2280000000
2020,9,21,14,36,58,   5.2280000000
2020,9,21,14,36,58,   5.2160000000
2020,9,21,14,36,59,   5.2160000000
2020,9,21,14,36,59,   5.2320000000
2020,9,21,14,36,59,   5.2280000000
2020,9,21,14,37,0,   5.2320000000
2020,9,21,14,37,0,   5.2240000000
2020,9,21,14,37,0,   5.2320000000
2020,9,21,14,37,0,   5.2280000000
2020,9,21,14,37,1,   5.2280000000
2020,9,21,14,37,1,   5.2280000000
2020,9,21,14,37,1,   5.2320000000
2020,9,21,14,37,1,   5.2360000000
2020,9,21,14,37,2,   5.2280000000
2020,9,21,14,37,2,   5.2280000000
2020,9,21,14,37,2,   5.2280000000
2020,9,21,14,37,2,   5.2280000000
2020,9,21,14,37,3,   5.2280000000
2020,9,21,14,37,3,   5.2320000000
2020,9,21,14,37,3,   5.2280000000
2020,9,21,14,37,3,   5.2240000000
2020,9,21,14,37,4,   5.2240000000
2020,9,21,14,37,4,   5.2200000000
2020,9,21,14,37,4,   5.2160000000
2020,9,21,14,37,5,   5.2240000000
2020,9,21,14,37,5,   5.2280000000
2020,9,21,14,37,5,   5.2280000000
2020,9,21,14,37,5,   5.2280000000
2020,9,21,14,37,6,   5.2280000000
2020,9,21,14,37,6,   5.2320000000
2020,9,21,14,37,6,   5.2280000000
2020,9,21,14,37,6,   5.2280000000
2020,9,21,14,37,7,   5.2320000000
2020,9,21,14,37,7,   5.2240000000
2020,9,21,14,37,7,   5.2320000000
2020,9,21,14,37,7,   5.2200000000
2020,9,21,14,37,8,   5.2240000000
2020,9,21,14,37,8,   5.2280000000
2020,9,21,14,37,8,   5.2280000000
2020,9,21,14,37,9,   5.2280000000
2020,9,21,14,37,9,   5.2240000000
2020,9,21,14,37,9,   5.2320000000
2020,9,21,14,37,9,   5.2280000000
2020,9,21,14,37,10,   5.2160000000
2020,9,21,14,37,10,   5.2120000000
2020,9,21,14,37,10,   5.2240000000
2020,9,21,14,37,10,   5.2200000000
2020,9,21,14,37,11,   5.2240000000
2020,9,21,14,37,11,   5.2240000000
2020,9,21,14,37,11,   5.2240000000
2020,9,21,14,37,11,   5.2240000000
2020,9,21,14,37,12,   5.2240000000
2020,9,21,14,37,12,   5.2240000000
2020,9,21,14,37,12,   5.2280000000
2020,9,21,14,37,12,   5.2320000000
2020,9,21,14,37,13,   5.2240000000
2020,9,21,14,37,13,   5.2240000000
2020,9,21,14,37,13,   5.2280000000
2020,9,21,14,37,14,   5.2280000000
2020,9,21,14,37,14,   5.2360000000
2020,9,21,14,37,14,   5.2280000000
2020,9,21,14,37,14,   5.1960000000
2020,9,21,14,37,15,   5.2160000000
2020,9,21,14,37,15,   5.2280000000
2020,9,21,14,37,15,   5.2280000000
2020,9,21,14,37,15,   5.2320000000
2020,9,21,14,37,16,   5.2280000000
22020,9,21,14,37,16,   5.20800000002020,9,21,14,37,16,   5.2280000000
2020,9,21,14,37,16,   5.2080000000
22020,9,21,14,37,17,   5.22400000002020,9,21,14,37,17,   5.2280000000
22020,9,21,14,37,17,   5.224000000022020,9,21,14,37,18,   5.22400000002020,9,21,14,37,18,   5.2240000000
22020,9,21,14,37,18,   5.228000000022020,9,21,14,37,18,   5.22400000002020,9,21,14,37,19,   5.2280000000
2020,9,21,14,37,19,   5.2280000000
22020,9,21,14,37,19,   5.22800000002020,9,21,14,37,19,   5.2240000000
22020,9,21,14,37,20,   5.22400000002020,9,21,14,37,20,   5.2200000000
2020,9,21,14,37,20,   5.2280000000
2020,9,21,14,37,21,   5.2280000000
2020,9,21,14,37,21,   5.2280000000
2020,9,21,14,37,21,   5.2280000000
22020,9,21,14,37,21,   5.224000000022020,9,21,14,37,22,   5.224000000022020,9,21,14,37,22,   5.22400000002020,9,21,14,37,22,   5.2240000000
22020,9,21,14,37,23,   5.224000000022020,9,21,14,37,23,   5.228000000022020,9,21,14,37,23,   5.22400000002020,9,21,14,37,23,   5.2280000000
2020,9,21,14,37,24,   5.2240000000
22020,9,21,14,37,24,   5.224000000022020,9,21,14,37,24,   5.22800000002020,9,21,14,37,24,   5.2280000000
22020,9,21,14,37,25,   5.224000000022020,9,21,14,37,25,   5.22400000002020,9,21,14,37,25,   5.2160000000
22020,9,21,14,37,26,   5.216000000022020,9,21,14,37,26,   5.22800000002020,9,21,14,37,26,   5.2280000000
22020,9,21,14,37,26,   5.228000000022020,9,21,14,37,27,   5.228000000022020,9,21,14,37,27,   5.224000000022020,9,21,14,37,27,   5.228000000022020,9,21,14,37,27,   5.228000000022020,9,21,14,37,28,   5.224000000022020,9,21,14,37,28,   5.23200000002020,9,21,14,37,28,   5.2240000000
2020,9,21,14,37,28,   5.2240000000
2020,9,21,14,37,29,   5.2280000000
22020,9,21,14,37,29,   5.22400000002020,9,21,14,37,29,   5.2240000000
2020,9,21,14,37,30,   5.2240000000
2020,9,21,14,37,30,   5.2280000000
2020,9,21,14,37,30,   5.2320000000
22020,9,21,14,37,30,   5.224000000022020,9,21,14,37,31,   5.224000000022020,9,21,14,37,31,   5.216000000022020,9,21,14,37,31,   5.224000000022020,9,21,14,37,32,   5.228000000022020,9,21,14,37,32,   5.224000000022020,9,21,14,37,32,   5.228000000022020,9,21,14,37,32,   5.232000000022020,9,21,14,37,33,   5.228000000022020,9,21,14,37,33,   5.224000000022020,9,21,14,37,33,   5.224000000022020,9,21,14,37,33,   5.228000000022020,9,21,14,37,34,   5.224000000022020,9,21,14,37,34,   5.22400000002020,9,21,14,37,34,   5.2280000000
2020,9,21,14,37,35,   5.2280000000
22020,9,21,14,37,35,   5.228000000022020,9,21,14,37,35,   5.22800000002020,9,21,14,37,35,   5.2280000000
2020,9,21,14,37,36,   5.2280000000
2020,9,21,14,37,36,   5.2240000000
2020,9,21,14,37,36,   5.2240000000
22020,9,21,14,37,36,   5.156000000022020,9,21,14,37,37,   5.192000000022020,9,21,14,37,37,   5.224000000022020,9,21,14,37,37,   5.228000000022020,9,21,14,37,38,   5.228000000022020,9,21,14,37,38,   5.228000000022020,9,21,14,37,38,   5.22800000002020,9,21,14,37,38,   5.2240000000
22020,9,21,14,37,39,   5.232000000022020,9,21,14,37,39,   5.228000000022020,9,21,14,37,39,   5.22800000002020,9,21,14,37,39,   5.2240000000
22020,9,21,14,37,40,   5.23200000002020,9,21,14,37,40,   5.2280000000
2020,9,21,14,37,40,   5.2240000000
22020,9,21,14,37,41,   5.228000000022020,9,21,14,37,41,   5.228000000022020,9,21,14,37,41,   5.224000000022020,9,21,14,37,41,   5.228000000022020,9,21,14,37,42,   5.228000000022020,9,21,14,37,42,   5.208000000022020,9,21,14,37,42,   5.216000000022020,9,21,14,37,43,   5.228000000022020,9,21,14,37,43,   5.228000000022020,9,21,14,37,43,   5.228000000022020,9,21,14,37,43,   5.232000000022020,9,21,14,37,44,   5.228000000022020,9,21,14,37,44,   5.228000000022020,9,21,14,37,44,   5.224000000022020,9,21,14,37,44,   5.228000000022020,9,21,14,37,45,   5.228000000022020,9,21,14,37,45,   5.228000000022020,9,21,14,37,45,   5.228000000022020,9,21,14,37,46,   5.228000000022020,9,21,14,37,46,   5.228000000022020,9,21,14,37,46,   5.232000000022020,9,21,14,37,46,   5.224000000022020,9,21,14,37,47,   5.228000000022020,9,21,14,37,47,   5.224000000022020,9,21,14,37,47,   5.224000000022020,9,21,14,37,47,   5.224000000022020,9,21,14,37,48,   5.212000000022020,9,21,14,37,48,   5.228000000022020,9,21,14,37,48,   5.228000000022020,9,21,14,37,48,   5.228000000022020,9,21,14,37,49,   5.224000000022020,9,21,14,37,49,   5.224000000022020,9,21,14,37,49,   5.232000000022020,9,21,14,37,49,   5.224000000022020,9,21,14,37,50,   5.228000000022020,9,21,14,37,50,   5.228000000022020,9,21,14,37,50,   5.228000000022020,9,21,14,37,51,   5.224000000022020,9,21,14,37,51,   5.22800000002020,9,21,14,37,51,   5.2240000000
2020,9,21,14,37,51,   5.2240000000
2020,9,21,14,37,52,   5.2280000000
2020,9,21,14,37,52,   5.2280000000
2020,9,21,14,37,52,   5.2280000000
2020,9,21,14,37,52,   5.2240000000
2020,9,21,14,37,53,   5.2280000000
22020,9,21,14,37,53,   5.21200000002020,9,21,14,37,53,   5.2200000000
22020,9,21,14,37,54,   5.22400000002020,9,21,14,37,54,   5.2280000000
22020,9,21,14,37,54,   5.224000000022020,9,21,14,37,54,   5.224000000022020,9,21,14,37,55,   5.228000000022020,9,21,14,37,55,   5.228000000022020,9,21,14,37,55,   5.22800000002020,9,21,14,37,56,   5.2240000000
2020,9,21,14,37,56,   5.2240000000
22020,9,21,14,37,56,   5.22800000002020,9,21,14,37,56,   5.2280000000
2020,9,21,14,37,57,   5.2280000000
22020,9,21,14,37,57,   5.228000000022020,9,21,14,37,57,   5.224000000022020,9,21,14,37,57,   5.22800000002020,9,21,14,37,58,   5.2240000000
22020,9,21,14,37,58,   5.22800000002020,9,21,14,37,58,   5.2280000000
22020,9,21,14,37,59,   5.21600000002020,9,21,14,37,59,   5.2120000000
2020,9,21,14,37,59,   5.2280000000
2020,9,21,14,37,59,   5.2240000000
22020,9,21,14,38,0,   5.228000000022020,9,21,14,38,0,   5.228000000022020,9,21,14,38,0,   5.232000000022020,9,21,14,38,0,   5.22400000002020,9,21,14,38,1,   5.2240000000
22020,9,21,14,38,1,   5.22800000002020,9,21,14,38,1,   5.2240000000
22020,9,21,14,38,2,   5.22800000002020,9,21,14,38,2,   5.2320000000
2020,9,21,14,38,2,   5.2240000000
22020,9,21,14,38,2,   5.232000000022020,9,21,14,38,3,   5.228000000022020,9,21,14,38,3,   5.228000000022020,9,21,14,38,3,   5.22800000002020,9,21,14,38,3,   5.2280000000
2020,9,21,14,38,4,   5.2280000000
2020,9,21,14,38,4,   5.2240000000
2020,9,21,14,38,4,   5.2200000000
2020,9,21,14,38,5,   5.2280000000
2020,9,21,14,38,5,   5.2280000000
2020,9,21,14,38,5,   5.2240000000
2020,9,21,14,38,5,   5.2280000000
2020,9,21,14,38,6,   5.2280000000
2020,9,21,14,38,6,   5.2280000000
2020,9,21,14,38,6,   5.2280000000
2020,9,21,14,38,6,   5.2240000000
2020,9,21,14,38,7,   5.2280000000
2020,9,21,14,38,7,   5.2240000000
2020,9,21,14,38,7,   5.2320000000
2020,9,21,14,38,7,   5.2320000000
2020,9,21,14,38,8,   5.2280000000
2020,9,21,14,38,8,   5.2240000000
2020,9,21,14,38,8,   5.2280000000
2020,9,21,14,38,9,   5.2240000000
2020,9,21,14,38,9,   5.2280000000
2020,9,21,14,38,9,   5.2280000000
2020,9,21,14,38,9,   5.2240000000
2020,9,21,14,38,10,   5.2200000000
2020,9,21,14,38,10,   5.2000000000
2020,9,21,14,38,10,   5.2280000000
2020,9,21,14,38,10,   5.2280000000
2020,9,21,14,38,11,   5.2320000000
2020,9,21,14,38,11,   5.2320000000
2020,9,21,14,38,11,   5.2280000000
2020,9,21,14,38,12,   5.2240000000
2020,9,21,14,38,12,   5.2240000000
2020,9,21,14,38,12,   5.2280000000
2020,9,21,14,38,12,   5.2280000000
2020,9,21,14,38,13,   5.2280000000
2020,9,21,14,38,13,   5.2240000000
2020,9,21,14,38,13,   5.2280000000
2020,9,21,14,38,13,   5.2320000000
2020,9,21,14,38,14,   5.2280000000
2020,9,21,14,38,14,   5.2200000000
2020,9,21,14,38,14,   5.2160000000
2020,9,21,14,38,14,   5.2160000000
2020,9,21,14,38,15,   5.2280000000
2020,9,21,14,38,15,   5.2240000000
2020,9,21,14,38,15,   5.2320000000
2020,9,21,14,38,15,   5.2280000000
2020,9,21,14,38,16,   5.2240000000
2020,9,21,14,38,16,   5.2280000000
2020,9,21,14,38,16,   5.2240000000
2020,9,21,14,38,17,   5.2280000000
2020,9,21,14,38,17,   5.2240000000
22020,9,21,14,38,17,   5.22400000002020,9,21,14,38,17,   5.2200000000
2020,9,21,14,38,18,   5.2320000000
2020,9,21,14,38,18,   5.2240000000
2020,9,21,14,38,18,   5.2280000000
2020,9,21,14,38,18,   5.2280000000
2020,9,21,14,38,19,   5.2240000000
2020,9,21,14,38,19,   5.2280000000
22020,9,21,14,38,19,   5.224000000022020,9,21,14,38,20,   5.22400000002020,9,21,14,38,20,   5.2120000000
22020,9,21,14,38,20,   5.096000000022020,9,21,14,38,20,   5.224000000022020,9,21,14,38,21,   5.228000000022020,9,21,14,38,21,   5.232000000022020,9,21,14,38,21,   5.228000000022020,9,21,14,38,21,   5.224000000022020,9,21,14,38,22,   5.224000000022020,9,21,14,38,22,   5.228000000022020,9,21,14,38,22,   5.228000000022020,9,21,14,38,23,   5.224000000022020,9,21,14,38,23,   5.228000000022020,9,21,14,38,23,   5.224000000022020,9,21,14,38,23,   5.224000000022020,9,21,14,38,24,   5.228000000022020,9,21,14,38,24,   5.228000000022020,9,21,14,38,24,   5.224000000022020,9,21,14,38,24,   5.224000000022020,9,21,14,38,25,   5.228000000022020,9,21,14,38,25,   5.228000000022020,9,21,14,38,25,   5.212000000022020,9,21,14,38,25,   5.220000000022020,9,21,14,38,26,   5.228000000022020,9,21,14,38,26,   5.224000000022020,9,21,14,38,26,   5.228000000022020,9,21,14,38,27,   5.228000000022020,9,21,14,38,27,   5.228000000022020,9,21,14,38,27,   5.228000000022020,9,21,14,38,27,   5.228000000022020,9,21,14,38,28,   5.228000000022020,9,21,14,38,28,   5.228000000022020,9,21,14,38,28,   5.232000000022020,9,21,14,38,28,   5.228000000022020,9,21,14,38,29,   5.232000000022020,9,21,14,38,29,   5.228000000022020,9,21,14,38,29,   5.224000000022020,9,21,14,38,29,   5.224000000022020,9,21,14,38,30,   5.224000000022020,9,21,14,38,30,   5.224000000022020,9,21,14,38,30,   5.232000000022020,9,21,14,38,31,   5.224000000022020,9,21,14,38,31,   5.220000000022020,9,21,14,38,31,   5.140000000022020,9,21,14,38,31,   5.224000000022020,9,21,14,38,32,   5.228000000022020,9,21,14,38,32,   5.224000000022020,9,21,14,38,32,   5.228000000022020,9,21,14,38,32,   5.232000000022020,9,21,14,38,33,   5.228000000022020,9,21,14,38,33,   5.228000000022020,9,21,14,38,33,   5.232000000022020,9,21,14,38,34,   5.228000000022020,9,21,14,38,34,   5.228000000022020,9,21,14,38,34,   5.228000000022020,9,21,14,38,34,   5.228000000022020,9,21,14,38,35,   5.236000000022020,9,21,14,38,35,   5.228000000022020,9,21,14,38,35,   5.224000000022020,9,21,14,38,35,   5.228000000022020,9,21,14,38,36,   5.228000000022020,9,21,14,38,36,   5.228000000022020,9,21,14,38,36,   5.228000000022020,9,21,14,38,36,   5.220000000022020,9,21,14,38,37,   5.216000000022020,9,21,14,38,37,   5.228000000022020,9,21,14,38,37,   5.224000000022020,9,21,14,38,38,   5.224000000022020,9,21,14,38,38,   5.228000000022020,9,21,14,38,38,   5.228000000022020,9,21,14,38,38,   5.220000000022020,9,21,14,38,39,   5.228000000022020,9,21,14,38,39,   5.228000000022020,9,21,14,38,39,   5.224000000022020,9,21,14,38,39,   5.232000000022020,9,21,14,38,40,   5.228000000022020,9,21,14,38,40,   5.228000000022020,9,21,14,38,40,   5.228000000022020,9,21,14,38,40,   5.224000000022020,9,21,14,38,41,   5.228000000022020,9,21,14,38,41,   5.228000000022020,9,21,14,38,41,   5.228000000022020,9,21,14,38,42,   5.228000000022020,9,21,14,38,42,   5.212000000022020,9,21,14,38,42,   5.092000000022020,9,21,14,38,42,   5.228000000022020,9,21,14,38,43,   5.224000000022020,9,21,14,38,43,   5.224000000022020,9,21,14,38,43,   5.228000000022020,9,21,14,38,43,   5.228000000022020,9,21,14,38,44,   5.228000000022020,9,21,14,38,44,   5.228000000022020,9,21,14,38,44,   5.232000000022020,9,21,14,38,44,   5.228000000022020,9,21,14,38,45,   5.224000000022020,9,21,14,38,45,   5.224000000022020,9,21,14,38,45,   5.228000000022020,9,21,14,38,46,   5.224000000022020,9,21,14,38,46,   5.228000000022020,9,21,14,38,46,   5.228000000022020,9,21,14,38,46,   5.228000000022020,9,21,14,38,47,   5.228000000022020,9,21,14,38,47,   5.228000000022020,9,21,14,38,47,   5.232000000022020,9,21,14,38,47,   5.100000000022020,9,21,14,38,48,   5.224000000022020,9,21,14,38,48,   5.236000000022020,9,21,14,38,48,   5.228000000022020,9,21,14,38,48,   5.228000000022020,9,21,14,38,49,   5.224000000022020,9,21,14,38,49,   5.228000000022020,9,21,14,38,49,   5.224000000022020,9,21,14,38,50,   5.228000000022020,9,21,14,38,50,   5.224000000022020,9,21,14,38,50,   5.224000000022020,9,21,14,38,50,   5.232000000022020,9,21,14,38,51,   5.224000000022020,9,21,14,38,51,   5.224000000022020,9,21,14,38,51,   5.224000000022020,9,21,14,38,51,   5.224000000022020,9,21,14,38,52,   5.228000000022020,9,21,14,38,52,   5.224000000022020,9,21,14,38,52,   5.224000000022020,9,21,14,38,52,   5.224000000022020,9,21,14,38,53,   5.228000000022020,9,21,14,38,53,   5.228000000022020,9,21,14,38,53,   5.220000000022020,9,21,14,38,53,   5.224000000022020,9,21,14,38,54,   5.224000000022020,9,21,14,38,54,   5.232000000022020,9,21,14,38,54,   5.224000000022020,9,21,14,38,55,   5.228000000022020,9,21,14,38,55,   5.22400000002020,9,21,14,38,55,   5.2320000000
2020,9,21,14,38,55,   5.2280000000
2020,9,21,14,38,56,   5.2280000000
22020,9,21,14,38,56,   5.22800000002020,9,21,14,38,56,   5.2320000000
2020,9,21,14,38,56,   5.2240000000
22020,9,21,14,38,57,   5.232000000022020,9,21,14,38,57,   5.224000000022020,9,21,14,38,57,   5.224000000022020,9,21,14,38,58,   5.22400000002020,9,21,14,38,58,   5.2280000000
22020,9,21,14,38,58,   5.224000000022020,9,21,14,38,58,   5.228000000022020,9,21,14,38,59,   5.216000000022020,9,21,14,38,59,   5.22400000002020,9,21,14,38,59,   5.2240000000
2020,9,21,14,38,59,   5.2320000000
22020,9,21,14,39,0,   5.22400000002020,9,21,14,39,0,   5.2280000000
22020,9,21,14,39,0,   5.228000000022020,9,21,14,39,1,   5.22400000002020,9,21,14,39,1,   5.2280000000
2020,9,21,14,39,1,   5.2280000000
22020,9,21,14,39,1,   5.23200000002020,9,21,14,39,2,   5.2320000000
2020,9,21,14,39,2,   5.2320000000
22020,9,21,14,39,2,   5.23200000002020,9,21,14,39,3,   5.2240000000
22020,9,21,14,39,3,   5.228000000022020,9,21,14,39,3,   5.228000000022020,9,21,14,39,3,   5.228000000022020,9,21,14,39,4,   5.224000000022020,9,21,14,39,4,   5.232000000022020,9,21,14,39,4,   5.216000000022020,9,21,14,39,4,   5.216000000022020,9,21,14,39,5,   5.224000000022020,9,21,14,39,5,   5.228000000022020,9,21,14,39,5,   5.224000000022020,9,21,14,39,5,   5.228000000022020,9,21,14,39,6,   5.228000000022020,9,21,14,39,6,   5.224000000022020,9,21,14,39,6,   5.228000000022020,9,21,14,39,7,   5.224000000022020,9,21,14,39,7,   5.228000000022020,9,21,14,39,7,   5.228000000022020,9,21,14,39,7,   5.228000000022020,9,21,14,39,8,   5.232000000022020,9,21,14,39,8,   5.232000000022020,9,21,14,39,8,   5.228000000022020,9,21,14,39,8,   5.224000000022020,9,21,14,39,9,   5.232000000022020,9,21,14,39,9,   5.228000000022020,9,21,14,39,9,   5.220000000022020,9,21,14,39,9,   5.220000000022020,9,21,14,39,10,   5.216000000022020,9,21,14,39,10,   5.228000000022020,9,21,14,39,10,   5.228000000022020,9,21,14,39,11,   5.224000000022020,9,21,14,39,11,   5.228000000022020,9,21,14,39,11,   5.224000000022020,9,21,14,39,11,   5.228000000022020,9,21,14,39,12,   5.228000000022020,9,21,14,39,12,   5.224000000022020,9,21,14,39,12,   5.224000000022020,9,21,14,39,12,   5.228000000022020,9,21,14,39,13,   5.236000000022020,9,21,14,39,13,   5.228000000022020,9,21,14,39,13,   5.224000000022020,9,21,14,39,14,   5.228000000022020,9,21,14,39,14,   5.228000000022020,9,21,14,39,14,   5.224000000022020,9,21,14,39,14,   5.092000000022020,9,21,14,39,15,   5.212000000022020,9,21,14,39,15,   5.228000000022020,9,21,14,39,15,   5.224000000022020,9,21,14,39,15,   5.220000000022020,9,21,14,39,16,   5.228000000022020,9,21,14,39,16,   5.224000000022020,9,21,14,39,16,   5.228000000022020,9,21,14,39,16,   5.232000000022020,9,21,14,39,17,   5.224000000022020,9,21,14,39,17,   5.224000000022020,9,21,14,39,17,   5.224000000022020,9,21,14,39,18,   5.232000000022020,9,21,14,39,18,   5.228000000022020,9,21,14,39,18,   5.232000000022020,9,21,14,39,18,   5.228000000022020,9,21,14,39,19,   5.228000000022020,9,21,14,39,19,   5.228000000022020,9,21,14,39,19,   5.224000000022020,9,21,14,39,19,   5.228000000022020,9,21,14,39,20,   5.212000000022020,9,21,14,39,20,   5.216000000022020,9,21,14,39,20,   5.228000000022020,9,21,14,39,21,   5.228000000022020,9,21,14,39,21,   5.232000000022020,9,21,14,39,21,   5.228000000022020,9,21,14,39,21,   5.224000000022020,9,21,14,39,22,   5.232000000022020,9,21,14,39,22,   5.232000000022020,9,21,14,39,22,   5.224000000022020,9,21,14,39,22,   5.228000000022020,9,21,14,39,23,   5.228000000022020,9,21,14,39,23,   5.224000000022020,9,21,14,39,23,   5.228000000022020,9,21,14,39,23,   5.228000000022020,9,21,14,39,24,   5.236000000022020,9,21,14,39,24,   5.228000000022020,9,21,14,39,24,   5.228000000022020,9,21,14,39,25,   5.228000000022020,9,21,14,39,25,   5.228000000022020,9,21,14,39,25,   5.228000000022020,9,21,14,39,25,   5.216000000022020,9,21,14,39,26,   5.216000000022020,9,21,14,39,26,   5.228000000022020,9,21,14,39,26,   5.224000000022020,9,21,14,39,26,   5.228000000022020,9,21,14,39,27,   5.228000000022020,9,21,14,39,27,   5.228000000022020,9,21,14,39,27,   5.228000000022020,9,21,14,39,27,   5.232000000022020,9,21,14,39,28,   5.224000000022020,9,21,14,39,28,   5.228000000022020,9,21,14,39,28,   5.228000000022020,9,21,14,39,28,   5.228000000022020,9,21,14,39,29,   5.232000000022020,9,21,14,39,29,   5.228000000022020,9,21,14,39,29,   5.228000000022020,9,21,14,39,30,   5.224000000022020,9,21,14,39,30,   5.220000000022020,9,21,14,39,30,   5.232000000022020,9,21,14,39,30,   5.224000000022020,9,21,14,39,31,   5.224000000022020,9,21,14,39,31,   5.216000000022020,9,21,14,39,31,   5.212000000022020,9,21,14,39,31,   5.232000000022020,9,21,14,39,32,   5.232000000022020,9,21,14,39,32,   5.232000000022020,9,21,14,39,32,   5.228000000022020,9,21,14,39,32,   5.228000000022020,9,21,14,39,33,   5.228000000022020,9,21,14,39,33,   5.228000000022020,9,21,14,39,33,   5.232000000022020,9,21,14,39,34,   5.228000000022020,9,21,14,39,34,   5.228000000022020,9,21,14,39,34,   5.224000000022020,9,21,14,39,34,   5.232000000022020,9,21,14,39,35,   5.232000000022020,9,21,14,39,35,   5.224000000022020,9,21,14,39,35,   5.232000000022020,9,21,14,39,35,   5.228000000022020,9,21,14,39,36,   5.224000000022020,9,21,14,39,36,   5.228000000022020,9,21,14,39,36,   5.228000000022020,9,21,14,39,36,   5.220000000022020,9,21,14,39,37,   5.212000000022020,9,21,14,39,37,   5.228000000022020,9,21,14,39,37,   5.228000000022020,9,21,14,39,37,   5.236000000022020,9,21,14,39,38,   5.224000000022020,9,21,14,39,38,   5.224000000022020,9,21,14,39,38,   5.232000000022020,9,21,14,39,39,   5.232000000022020,9,21,14,39,39,   5.228000000022020,9,21,14,39,39,   5.232000000022020,9,21,14,39,39,   5.224000000022020,9,21,14,39,40,   5.228000000022020,9,21,14,39,40,   5.224000000022020,9,21,14,39,40,   5.224000000022020,9,21,14,39,40,   5.228000000022020,9,21,14,39,41,   5.208000000022020,9,21,14,39,41,   5.228000000022020,9,21,14,39,41,   5.224000000022020,9,21,14,39,41,   5.228000000022020,9,21,14,39,42,   5.224000000022020,9,21,14,39,42,   5.220000000022020,9,21,14,39,42,   5.220000000022020,9,21,14,39,42,   5.228000000022020,9,21,14,39,43,   5.228000000022020,9,21,14,39,43,   5.224000000022020,9,21,14,39,43,   5.228000000022020,9,21,14,39,44,   5.228000000022020,9,21,14,39,44,   5.228000000022020,9,21,14,39,44,   5.228000000022020,9,21,14,39,44,   5.224000000022020,9,21,14,39,45,   5.224000000022020,9,21,14,39,45,   5.22800000002020,9,21,14,39,45,   5.2240000000
22020,9,21,14,39,45,   5.22800000002020,9,21,14,39,46,   5.2280000000
22020,9,21,14,39,46,   5.22400000002020,9,21,14,39,46,   5.2320000000
22020,9,21,14,39,46,   5.22800000002020,9,21,14,39,47,   5.2280000000
2020,9,21,14,39,47,   5.2240000000
22020,9,21,14,39,47,   5.224000000022020,9,21,14,39,48,   5.21600000002020,9,21,14,39,48,   5.2280000000
2020,9,21,14,39,48,   5.2240000000
22020,9,21,14,39,48,   5.22800000002020,9,21,14,39,49,   5.2280000000
2020,9,21,14,39,49,   5.2240000000
22020,9,21,14,39,49,   5.224000000022020,9,21,14,39,49,   5.224000000022020,9,21,14,39,50,   5.22400000002020,9,21,14,39,50,   5.2280000000
2020,9,21,14,39,50,   5.2240000000
22020,9,21,14,39,51,   5.224000000022020,9,21,14,39,51,   5.228000000022020,9,21,14,39,51,   5.224000000022020,9,21,14,39,51,   5.228000000022020,9,21,14,39,52,   5.232000000022020,9,21,14,39,52,   5.224000000022020,9,21,14,39,52,   5.232000000022020,9,21,14,39,52,   5.224000000022020,9,21,14,39,53,   5.228000000022020,9,21,14,39,53,   5.216000000022020,9,21,14,39,53,   5.220000000022020,9,21,14,39,54,   5.228000000022020,9,21,14,39,54,   5.224000000022020,9,21,14,39,54,   5.228000000022020,9,21,14,39,54,   5.224000000022020,9,21,14,39,55,   5.224000000022020,9,21,14,39,55,   5.224000000022020,9,21,14,39,55,   5.22400000002020,9,21,14,39,55,   5.2240000000
22020,9,21,14,39,56,   5.224000000022020,9,21,14,39,56,   5.22800000002020,9,21,14,39,56,   5.2240000000
2020,9,21,14,39,56,   5.2280000000
22020,9,21,14,39,57,   5.224000000022020,9,21,14,39,57,   5.228000000022020,9,21,14,39,57,   5.228000000022020,9,21,14,39,58,   5.22400000002020,9,21,14,39,58,   5.2240000000
2020,9,21,14,39,58,   5.2240000000
22020,9,21,14,39,58,   5.22800000002020,9,21,14,39,59,   5.2160000000
2020,9,21,14,39,59,   5.2240000000
22020,9,21,14,39,59,   5.22800000002020,9,21,14,39,59,   5.2240000000
2020,9,21,14,40,0,   5.2280000000
22020,9,21,14,40,0,   5.228000000022020,9,21,14,40,0,   5.224000000022020,9,21,14,40,1,   5.228000000022020,9,21,14,40,1,   5.22800000002020,9,21,14,40,1,   5.2240000000
22020,9,21,14,40,1,   5.22400000002020,9,21,14,40,2,   5.2240000000
2020,9,21,14,40,2,   5.2240000000
22020,9,21,14,40,2,   5.22800000002020,9,21,14,40,2,   5.2280000000
2020,9,21,14,40,3,   5.2280000000
2020,9,21,14,40,3,   5.2280000000
2020,9,21,14,40,3,   5.2240000000
2020,9,21,14,40,4,   5.2240000000
22020,9,21,14,40,4,   5.228000000022020,9,21,14,40,4,   5.21200000002020,9,21,14,40,4,   5.1400000000
22020,9,21,14,40,5,   5.22400000002020,9,21,14,40,5,   5.2280000000
2020,9,21,14,40,5,   5.2240000000
2020,9,21,14,40,5,   5.2280000000
2020,9,21,14,40,6,   5.2320000000
2020,9,21,14,40,6,   5.2240000000
22020,9,21,14,40,6,   5.22800000002020,9,21,14,40,7,   5.2240000000
2020,9,21,14,40,7,   5.2240000000
2020,9,21,14,40,7,   5.2240000000
2020,9,21,14,40,7,   5.2240000000
2020,9,21,14,40,8,   5.2320000000
2020,9,21,14,40,8,   5.2280000000
2020,9,21,14,40,8,   5.2320000000
2020,9,21,14,40,8,   5.2240000000
2020,9,21,14,40,9,   5.2280000000
2020,9,21,14,40,9,   5.2280000000
2020,9,21,14,40,9,   5.2280000000
2020,9,21,14,40,9,   5.2080000000
2020,9,21,14,40,10,   5.2160000000
2020,9,21,14,40,10,   5.2240000000
2020,9,21,14,40,10,   5.2320000000
2020,9,21,14,40,11,   5.2240000000
2020,9,21,14,40,11,   5.2240000000
2020,9,21,14,40,11,   5.2240000000
2020,9,21,14,40,11,   5.2280000000
2020,9,21,14,40,12,   5.2240000000
2020,9,21,14,40,12,   5.2280000000
2020,9,21,14,40,12,   5.2280000000
2020,9,21,14,40,12,   5.2320000000
2020,9,21,14,40,13,   5.2280000000
2020,9,21,14,40,13,   5.2280000000
2020,9,21,14,40,13,   5.2280000000
2020,9,21,14,40,14,   5.2280000000
2020,9,21,14,40,14,   5.2280000000
2020,9,21,14,40,14,   5.2240000000
2020,9,21,14,40,14,   5.2240000000
2020,9,21,14,40,15,   5.2160000000
2020,9,21,14,40,15,   5.2280000000
22020,9,21,14,40,15,   5.23600000002020,9,21,14,40,15,   5.2240000000
2020,9,21,14,40,16,   5.2280000000
22020,9,21,14,40,16,   5.22400000002020,9,21,14,40,16,   5.2280000000
2020,9,21,14,40,16,   5.2240000000
2020,9,21,14,40,17,   5.2280000000
22020,9,21,14,40,17,   5.22800000002020,9,21,14,40,17,   5.2280000000
22020,9,21,14,40,18,   5.22800000002020,9,21,14,40,18,   5.2240000000
22020,9,21,14,40,18,   5.22400000002020,9,21,14,40,18,   5.2280000000
2020,9,21,14,40,19,   5.2280000000
2020,9,21,14,40,19,   5.2280000000
2020,9,21,14,40,19,   5.2280000000
2020,9,21,14,40,19,   5.2280000000
2020,9,21,14,40,20,   5.2200000000
22020,9,21,14,40,20,   5.216000000022020,9,21,14,40,20,   5.228000000022020,9,21,14,40,20,   5.224000000022020,9,21,14,40,21,   5.228000000022020,9,21,14,40,21,   5.22400000002020,9,21,14,40,21,   5.2240000000
2020,9,21,14,40,22,   5.2280000000
22020,9,21,14,40,22,   5.224000000022020,9,21,14,40,22,   5.22800000002020,9,21,14,40,22,   5.2240000000
22020,9,21,14,40,23,   5.22400000002020,9,21,14,40,23,   5.2240000000
22020,9,21,14,40,23,   5.224000000022020,9,21,14,40,23,   5.224000000022020,9,21,14,40,24,   5.22800000002020,9,21,14,40,24,   5.2280000000
22020,9,21,14,40,24,   5.224000000022020,9,21,14,40,25,   5.228000000022020,9,21,14,40,25,   5.22800000002020,9,21,14,40,25,   5.2280000000
2020,9,21,14,40,25,   5.2160000000
22020,9,21,14,40,26,   5.22400000002020,9,21,14,40,26,   5.2280000000
2020,9,21,14,40,26,   5.2280000000
2020,9,21,14,40,27,   5.2240000000
22020,9,21,14,40,27,   5.232000000022020,9,21,14,40,27,   5.22400000002020,9,21,14,40,27,   5.2240000000
22020,9,21,14,40,28,   5.23200000002020,9,21,14,40,28,   5.2320000000
2020,9,21,14,40,28,   5.2280000000
22020,9,21,14,40,28,   5.22800000002020,9,21,14,40,29,   5.2240000000
2020,9,21,14,40,29,   5.2280000000
22020,9,21,14,40,29,   5.22800000002020,9,21,14,40,29,   5.2240000000
2020,9,21,14,40,30,   5.2280000000
2020,9,21,14,40,30,   5.2280000000
2020,9,21,14,40,30,   5.2280000000
22020,9,21,14,40,31,   5.224000000022020,9,21,14,40,31,   5.22000000002020,9,21,14,40,31,   5.2160000000
2020,9,21,14,40,31,   5.2240000000
22020,9,21,14,40,32,   5.22800000002020,9,21,14,40,32,   5.2280000000
2020,9,21,14,40,32,   5.2240000000
22020,9,21,14,40,32,   5.22400000002020,9,21,14,40,33,   5.2240000000
2020,9,21,14,40,33,   5.2280000000
22020,9,21,14,40,33,   5.228000000022020,9,21,14,40,34,   5.22400000002020,9,21,14,40,34,   5.2280000000
22020,9,21,14,40,34,   5.228000000022020,9,21,14,40,34,   5.22800000002020,9,21,14,40,35,   5.2280000000
22020,9,21,14,40,35,   5.22800000002020,9,21,14,40,35,   5.2280000000
2020,9,21,14,40,35,   5.2280000000
22020,9,21,14,40,36,   5.22400000002020,9,21,14,40,36,   5.2040000000
22020,9,21,14,40,36,   5.21600000002020,9,21,14,40,37,   5.2200000000
2020,9,21,14,40,37,   5.2240000000
22020,9,21,14,40,37,   5.224000000022020,9,21,14,40,37,   5.224000000022020,9,21,14,40,38,   5.228000000022020,9,21,14,40,38,   5.228000000022020,9,21,14,40,38,   5.232000000022020,9,21,14,40,38,   5.22800000002020,9,21,14,40,39,   5.2280000000
2020,9,21,14,40,39,   5.2320000000
2020,9,21,14,40,39,   5.2280000000
2020,9,21,14,40,40,   5.2200000000
2020,9,21,14,40,40,   5.2240000000
2020,9,21,14,40,40,   5.2280000000
2020,9,21,14,40,40,   5.2280000000
22020,9,21,14,40,41,   5.22800000002020,9,21,14,40,41,   5.2320000000
22020,9,21,14,40,41,   5.22800000002020,9,21,14,40,41,   5.2320000000
2020,9,21,14,40,42,   5.2280000000
22020,9,21,14,40,42,   5.21200000002020,9,21,14,40,42,   5.1880000000
2020,9,21,14,40,43,   5.2240000000
22020,9,21,14,40,43,   5.22400000002020,9,21,14,40,43,   5.2240000000
22020,9,21,14,40,43,   5.23200000002020,9,21,14,40,44,   5.2280000000
22020,9,21,14,40,44,   5.224000000022020,9,21,14,40,44,   5.22400000002020,9,21,14,40,44,   5.2320000000
2020,9,21,14,40,45,   5.2200000000
2020,9,21,14,40,45,   5.2320000000
2020,9,21,14,40,45,   5.2280000000
2020,9,21,14,40,45,   5.2240000000
2020,9,21,14,40,46,   5.2280000000
22020,9,21,14,40,46,   5.22800000002020,9,21,14,40,46,   5.2280000000
22020,9,21,14,40,47,   5.22400000002020,9,21,14,40,47,   5.2200000000
2020,9,21,14,40,47,   5.2280000000
2020,9,21,14,40,47,   5.2200000000
22020,9,21,14,40,48,   5.20800000002020,9,21,14,40,48,   5.2280000000
22020,9,21,14,40,48,   5.22400000002020,9,21,14,40,49,   5.2240000000
22020,9,21,14,40,49,   5.22800000002020,9,21,14,40,49,   5.2240000000
22020,9,21,14,40,49,   5.22800000002020,9,21,14,40,50,   5.2240000000
22020,9,21,14,40,50,   5.22400000002020,9,21,14,40,50,   5.2280000000
2020,9,21,14,40,50,   5.2280000000
2020,9,21,14,40,51,   5.2280000000
22020,9,21,14,40,51,   5.22400000002020,9,21,14,40,51,   5.2240000000
2020,9,21,14,40,52,   5.2280000000
22020,9,21,14,40,52,   5.22400000002020,9,21,14,40,52,   5.2240000000
22020,9,21,14,40,52,   5.22400000002020,9,21,14,40,53,   5.2280000000
22020,9,21,14,40,53,   5.20400000002020,9,21,14,40,53,   5.0960000000
22020,9,21,14,40,53,   5.228000000022020,9,21,14,40,54,   5.228000000022020,9,21,14,40,54,   5.224000000022020,9,21,14,40,54,   5.228000000022020,9,21,14,40,55,   5.22800000002020,9,21,14,40,55,   5.2240000000
22020,9,21,14,40,55,   5.22800000002020,9,21,14,40,55,   5.2240000000
2020,9,21,14,40,56,   5.2280000000
22020,9,21,14,40,56,   5.22400000002020,9,21,14,40,56,   5.2280000000
2020,9,21,14,40,56,   5.2320000000
2020,9,21,14,40,57,   5.2240000000
2020,9,21,14,40,57,   5.2280000000
22020,9,21,14,40,57,   5.228000000022020,9,21,14,40,58,   5.232000000022020,9,21,14,40,58,   5.228000000022020,9,21,14,40,58,   5.232000000022020,9,21,14,40,58,   5.21600000002020,9,21,14,40,59,   5.2160000000
22020,9,21,14,40,59,   5.228000000022020,9,21,14,40,59,   5.228000000022020,9,21,14,41,0,   5.22800000002020,9,21,14,41,0,   5.2280000000
2020,9,21,14,41,0,   5.2280000000
2020,9,21,14,41,0,   5.2240000000
22020,9,21,14,41,1,   5.22400000002020,9,21,14,41,1,   5.2280000000
2020,9,21,14,41,1,   5.2240000000
2020,9,21,14,41,1,   5.2240000000
2020,9,21,14,41,2,   5.2280000000
2020,9,21,14,41,2,   5.2240000000
2020,9,21,14,41,2,   5.2240000000
2020,9,21,14,41,3,   5.2240000000
2020,9,21,14,41,3,   5.2280000000
2020,9,21,14,41,3,   5.2280000000
2020,9,21,14,41,3,   5.2280000000
2020,9,21,14,41,4,   5.2320000000
2020,9,21,14,41,4,   5.2320000000
2020,9,21,14,41,4,   5.2240000000
2020,9,21,14,41,4,   5.2280000000
2020,9,21,14,41,5,   5.2320000000
2020,9,21,14,41,5,   5.2280000000
2020,9,21,14,41,5,   5.2320000000
2020,9,21,14,41,6,   5.2280000000
2020,9,21,14,41,6,   5.2280000000
2020,9,21,14,41,6,   5.2320000000
2020,9,21,14,41,6,   5.2200000000
2020,9,21,14,41,7,   5.2280000000
2020,9,21,14,41,7,   5.2280000000
2020,9,21,14,41,7,   5.2280000000
2020,9,21,14,41,7,   5.2240000000
2020,9,21,14,41,8,   5.2240000000
2020,9,21,14,41,8,   5.2280000000
2020,9,21,14,41,8,   5.2360000000
2020,9,21,14,41,8,   5.2320000000
2020,9,21,14,41,9,   5.2240000000
2020,9,21,14,41,9,   5.2320000000
2020,9,21,14,41,9,   5.2280000000
2020,9,21,14,41,9,   5.2160000000
2020,9,21,14,41,10,   5.2240000000
22020,9,21,14,41,10,   5.224000000022020,9,21,14,41,10,   5.22800000002020,9,21,14,41,11,   5.2240000000
2020,9,21,14,41,11,   5.2280000000
2020,9,21,14,41,11,   5.2240000000
2020,9,21,14,41,11,   5.2320000000
22020,9,21,14,41,12,   5.22400000002020,9,21,14,41,12,   5.2280000000
2020,9,21,14,41,12,   5.2280000000
2020,9,21,14,41,12,   5.2320000000
22020,9,21,14,41,13,   5.224000000022020,9,21,14,41,13,   5.22400000002020,9,21,14,41,13,   5.2280000000
22020,9,21,14,41,14,   5.23200000002020,9,21,14,41,14,   5.2280000000
22020,9,21,14,41,14,   5.22000000002020,9,21,14,41,14,   5.2120000000
2020,9,21,14,41,15,   5.2240000000
2020,9,21,14,41,15,   5.2280000000
2020,9,21,14,41,15,   5.2240000000
2020,9,21,14,41,15,   5.2280000000
2020,9,21,14,41,16,   5.2280000000
2020,9,21,14,41,16,   5.2280000000
2020,9,21,14,41,16,   5.2280000000
2020,9,21,14,41,17,   5.2280000000
2020,9,21,14,41,17,   5.2280000000
2020,9,21,14,41,17,   5.2320000000
2020,9,21,14,41,17,   5.2240000000
22020,9,21,14,41,18,   5.22800000002020,9,21,14,41,18,   5.2240000000
2020,9,21,14,41,18,   5.2280000000
2020,9,21,14,41,18,   5.2280000000
2020,9,21,14,41,19,   5.2240000000
2020,9,21,14,41,19,   5.2280000000
2020,9,21,14,41,19,   5.2240000000
22020,9,21,14,41,19,   5.20400000002020,9,21,14,41,20,   5.2120000000
22020,9,21,14,41,20,   5.08800000002020,9,21,14,41,20,   5.2280000000
22020,9,21,14,41,21,   5.23200000002020,9,21,14,41,21,   5.2280000000
2020,9,21,14,41,21,   5.2280000000
22020,9,21,14,41,21,   5.228000000022020,9,21,14,41,22,   5.22800000002020,9,21,14,41,22,   5.2240000000
22020,9,21,14,41,22,   5.224000000022020,9,21,14,41,22,   5.228000000022020,9,21,14,41,23,   5.224000000022020,9,21,14,41,23,   5.228000000022020,9,21,14,41,23,   5.22800000002020,9,21,14,41,24,   5.2240000000
22020,9,21,14,41,24,   5.22800000002020,9,21,14,41,24,   5.2240000000
2020,9,21,14,41,24,   5.2240000000
2020,9,21,14,41,25,   5.2280000000
22020,9,21,14,41,25,   5.22800000002020,9,21,14,41,25,   5.2240000000
2020,9,21,14,41,25,   5.2120000000
2020,9,21,14,41,26,   5.2120000000
2020,9,21,14,41,26,   5.2240000000
2020,9,21,14,41,26,   5.2280000000
2020,9,21,14,41,27,   5.2240000000
2020,9,21,14,41,27,   5.2240000000
2020,9,21,14,41,27,   5.2240000000
2020,9,21,14,41,27,   5.2280000000
2020,9,21,14,41,28,   5.2240000000
2020,9,21,14,41,28,   5.2280000000
2020,9,21,14,41,28,   5.2320000000
2020,9,21,14,41,28,   5.2280000000
2020,9,21,14,41,29,   5.2280000000
2020,9,21,14,41,29,   5.2280000000
2020,9,21,14,41,29,   5.2280000000
2020,9,21,14,41,29,   5.2280000000
2020,9,21,14,41,30,   5.2280000000
2020,9,21,14,41,30,   5.2320000000
2020,9,21,14,41,30,   5.2240000000
2020,9,21,14,41,30,   5.2320000000
2020,9,21,14,41,31,   5.2200000000
2020,9,21,14,41,31,   5.2200000000
2020,9,21,14,41,31,   5.2200000000
2020,9,21,14,41,32,   5.2280000000
2020,9,21,14,41,32,   5.2240000000
2020,9,21,14,41,32,   5.2280000000
22020,9,21,14,41,32,   5.232000000022020,9,21,14,41,33,   5.224000000022020,9,21,14,41,33,   5.232000000022020,9,21,14,41,33,   5.228000000022020,9,21,14,41,33,   5.22800000002020,9,21,14,41,34,   5.2360000000
22020,9,21,14,41,34,   5.232000000022020,9,21,14,41,34,   5.22800000002020,9,21,14,41,35,   5.2240000000
22020,9,21,14,41,35,   5.22400000002020,9,21,14,41,35,   5.2280000000
22020,9,21,14,41,35,   5.228000000022020,9,21,14,41,36,   5.22400000002020,9,21,14,41,36,   5.2240000000
22020,9,21,14,41,36,   5.224000000022020,9,21,14,41,36,   5.216000000022020,9,21,14,41,37,   5.20400000002020,9,21,14,41,37,   5.2320000000
2020,9,21,14,41,37,   5.2240000000
2020,9,21,14,41,38,   5.2360000000
22020,9,21,14,41,38,   5.22800000002020,9,21,14,41,38,   5.2280000000
22020,9,21,14,41,38,   5.228000000022020,9,21,14,41,39,   5.22400000002020,9,21,14,41,39,   5.2320000000
22020,9,21,14,41,39,   5.224000000022020,9,21,14,41,39,   5.228000000022020,9,21,14,41,40,   5.228000000022020,9,21,14,41,40,   5.22400000002020,9,21,14,41,40,   5.2320000000
22020,9,21,14,41,41,   5.23200000002020,9,21,14,41,41,   5.2280000000
22020,9,21,14,41,41,   5.22400000002020,9,21,14,41,41,   5.2280000000
2020,9,21,14,41,42,   5.2120000000
2020,9,21,14,41,42,   5.2120000000
2020,9,21,14,41,42,   5.2000000000
2020,9,21,14,41,42,   5.2280000000
22020,9,21,14,41,43,   5.22400000002020,9,21,14,41,43,   5.2240000000
22020,9,21,14,41,43,   5.228000000022020,9,21,14,41,43,   5.22400000002020,9,21,14,41,44,   5.2280000000
2020,9,21,14,41,44,   5.2280000000
22020,9,21,14,41,44,   5.228000000022020,9,21,14,41,45,   5.228000000022020,9,21,14,41,45,   5.228000000022020,9,21,14,41,45,   5.224000000022020,9,21,14,41,45,   5.228000000022020,9,21,14,41,46,   5.22800000002020,9,21,14,41,46,   5.2280000000
2020,9,21,14,41,46,   5.2240000000
2020,9,21,14,41,46,   5.2280000000
22020,9,21,14,41,47,   5.228000000022020,9,21,14,41,47,   5.224000000022020,9,21,14,41,47,   5.22400000002020,9,21,14,41,48,   5.2200000000
2020,9,21,14,41,48,   5.1800000000
22020,9,21,14,41,48,   5.22400000002020,9,21,14,41,48,   5.2320000000
2020,9,21,14,41,49,   5.2360000000
2020,9,21,14,41,49,   5.2280000000
2020,9,21,14,41,49,   5.2280000000
2020,9,21,14,41,49,   5.2320000000
2020,9,21,14,41,50,   5.2280000000
2020,9,21,14,41,50,   5.2280000000
2020,9,21,14,41,50,   5.2320000000
2020,9,21,14,41,51,   5.2320000000
2020,9,21,14,41,51,   5.2240000000
2020,9,21,14,41,51,   5.2280000000
2020,9,21,14,41,51,   5.2280000000
2020,9,21,14,41,52,   5.2280000000
2020,9,21,14,41,52,   5.2280000000
2020,9,21,14,41,52,   5.2280000000
2020,9,21,14,41,52,   5.2280000000
2020,9,21,14,41,53,   5.2360000000
2020,9,21,14,41,53,   5.2200000000
2020,9,21,14,41,53,   5.2240000000
2020,9,21,14,41,53,   5.2240000000
2020,9,21,14,41,54,   5.2280000000
2020,9,21,14,41,54,   5.2280000000
2020,9,21,14,41,54,   5.2280000000
2020,9,21,14,41,55,   5.2280000000
2020,9,21,14,41,55,   5.2280000000
2020,9,21,14,41,55,   5.2280000000
2020,9,21,14,41,55,   5.2280000000
2020,9,21,14,41,56,   5.2240000000
2020,9,21,14,41,56,   5.2320000000
2020,9,21,14,41,56,   5.2280000000
2020,9,21,14,41,56,   5.2280000000
2020,9,21,14,41,57,   5.2320000000
2020,9,21,14,41,57,   5.2280000000
2020,9,21,14,41,57,   5.2280000000
2020,9,21,14,41,57,   5.2280000000
2020,9,21,14,41,58,   5.2280000000
2020,9,21,14,41,58,   5.2280000000
2020,9,21,14,41,58,   5.2280000000
2020,9,21,14,41,59,   5.2160000000
2020,9,21,14,41,59,   5.2160000000
2020,9,21,14,41,59,   5.2280000000
2020,9,21,14,41,59,   5.2240000000
2020,9,21,14,42,0,   5.2280000000
2020,9,21,14,42,0,   5.2280000000
2020,9,21,14,42,0,   5.2280000000
2020,9,21,14,42,0,   5.2320000000
2020,9,21,14,42,1,   5.2280000000
2020,9,21,14,42,1,   5.2280000000
2020,9,21,14,42,1,   5.2280000000
2020,9,21,14,42,1,   5.2240000000
2020,9,21,14,42,2,   5.2280000000
2020,9,21,14,42,2,   5.2280000000
2020,9,21,14,42,2,   5.2320000000
2020,9,21,14,42,3,   5.2280000000
2020,9,21,14,42,3,   5.2280000000
2020,9,21,14,42,3,   5.2240000000
2020,9,21,14,42,3,   5.2280000000
2020,9,21,14,42,4,   5.2280000000
2020,9,21,14,42,4,   5.2360000000
2020,9,21,14,42,4,   5.2200000000
2020,9,21,14,42,4,   5.2240000000
2020,9,21,14,42,5,   5.2240000000
2020,9,21,14,42,5,   5.2280000000
2020,9,21,14,42,5,   5.2320000000
2020,9,21,14,42,5,   5.2280000000
2020,9,21,14,42,6,   5.2240000000
2020,9,21,14,42,6,   5.2240000000
2020,9,21,14,42,6,   5.2240000000
2020,9,21,14,42,6,   5.2280000000
2020,9,21,14,42,7,   5.2280000000
2020,9,21,14,42,7,   5.2280000000
2020,9,21,14,42,7,   5.2280000000
2020,9,21,14,42,8,   5.2280000000
2020,9,21,14,42,8,   5.2280000000
2020,9,21,14,42,8,   5.2320000000
2020,9,21,14,42,8,   5.2280000000
2020,9,21,14,42,9,   5.2280000000
2020,9,21,14,42,9,   5.2320000000
2020,9,21,14,42,9,   5.2280000000
2020,9,21,14,42,9,   5.2320000000
2020,9,21,14,42,10,   5.2200000000
2020,9,21,14,42,10,   5.2200000000
2020,9,21,14,42,10,   5.2280000000
2020,9,21,14,42,10,   5.2280000000
2020,9,21,14,42,11,   5.2200000000
2020,9,21,14,42,11,   5.2280000000
2020,9,21,14,42,11,   5.2320000000
2020,9,21,14,42,12,   5.2280000000
2020,9,21,14,42,12,   5.2280000000
2020,9,21,14,42,12,   5.2280000000
2020,9,21,14,42,12,   5.2280000000
2020,9,21,14,42,13,   5.2240000000
2020,9,21,14,42,13,   5.2280000000
2020,9,21,14,42,13,   5.2280000000
2020,9,21,14,42,13,   5.2240000000
2020,9,21,14,42,14,   5.2280000000
2020,9,21,14,42,14,   5.2280000000
2020,9,21,14,42,14,   5.2200000000
2020,9,21,14,42,14,   5.2160000000
2020,9,21,14,42,15,   5.2320000000
2020,9,21,14,42,15,   5.2280000000
2020,9,21,14,42,15,   5.2240000000
2020,9,21,14,42,16,   5.2240000000
2020,9,21,14,42,16,   5.2280000000
22020,9,21,14,42,16,   5.22400000002020,9,21,14,42,16,   5.2240000000
2020,9,21,14,42,17,   5.2280000000
2020,9,21,14,42,17,   5.2200000000
2020,9,21,14,42,17,   5.2280000000
22020,9,21,14,42,17,   5.23200000002020,9,21,14,42,18,   5.2240000000
22020,9,21,14,42,18,   5.23200000002020,9,21,14,42,18,   5.2280000000
22020,9,21,14,42,19,   5.22800000002020,9,21,14,42,19,   5.2240000000
22020,9,21,14,42,19,   5.22400000002020,9,21,14,42,19,   5.2240000000
22020,9,21,14,42,20,   5.23200000002020,9,21,14,42,20,   5.2160000000
22020,9,21,14,42,20,   5.22000000002020,9,21,14,42,20,   5.2320000000
2020,9,21,14,42,21,   5.2280000000
22020,9,21,14,42,21,   5.232000000022020,9,21,14,42,21,   5.22400000002020,9,21,14,42,21,   5.2280000000
22020,9,21,14,42,22,   5.22800000002020,9,21,14,42,22,   5.2240000000
22020,9,21,14,42,22,   5.232000000022020,9,21,14,42,23,   5.228000000022020,9,21,14,42,23,   5.22400000002020,9,21,14,42,23,   5.2240000000
22020,9,21,14,42,23,   5.224000000022020,9,21,14,42,24,   5.228000000022020,9,21,14,42,24,   5.23200000002020,9,21,14,42,24,   5.2280000000
22020,9,21,14,42,24,   5.22800000002020,9,21,14,42,25,   5.2320000000
22020,9,21,14,42,25,   5.228000000022020,9,21,14,42,25,   5.224000000022020,9,21,14,42,25,   5.21600000002020,9,21,14,42,26,   5.2240000000
2020,9,21,14,42,26,   5.2240000000
2020,9,21,14,42,26,   5.2240000000
2020,9,21,14,42,27,   5.2280000000
22020,9,21,14,42,27,   5.22400000002020,9,21,14,42,27,   5.2280000000
2020,9,21,14,42,27,   5.2320000000
2020,9,21,14,42,28,   5.2280000000
22020,9,21,14,42,28,   5.22800000002020,9,21,14,42,28,   5.2200000000
22020,9,21,14,42,28,   5.22800000002020,9,21,14,42,29,   5.2280000000
22020,9,21,14,42,29,   5.224000000022020,9,21,14,42,29,   5.224000000022020,9,21,14,42,30,   5.224000000022020,9,21,14,42,30,   5.22800000002020,9,21,14,42,30,   5.2280000000
2020,9,21,14,42,30,   5.2280000000
2020,9,21,14,42,31,   5.2320000000
2020,9,21,14,42,31,   5.2120000000
2020,9,21,14,42,31,   5.2160000000
22020,9,21,14,42,31,   5.224000000022020,9,21,14,42,32,   5.22800000002020,9,21,14,42,32,   5.2280000000
2020,9,21,14,42,32,   5.2280000000
2020,9,21,14,42,32,   5.2280000000
22020,9,21,14,42,33,   5.232000000022020,9,21,14,42,33,   5.232000000022020,9,21,14,42,33,   5.224000000022020,9,21,14,42,34,   5.228000000022020,9,21,14,42,34,   5.228000000022020,9,21,14,42,34,   5.232000000022020,9,21,14,42,34,   5.22400000002020,9,21,14,42,35,   5.2280000000
22020,9,21,14,42,35,   5.22800000002020,9,21,14,42,35,   5.2280000000
2020,9,21,14,42,35,   5.2240000000
22020,9,21,14,42,36,   5.22400000002020,9,21,14,42,36,   5.2280000000
22020,9,21,14,42,36,   5.22400000002020,9,21,14,42,36,   5.2120000000
2020,9,21,14,42,37,   5.2160000000
2020,9,21,14,42,37,   5.2280000000
2020,9,21,14,42,37,   5.2240000000
22020,9,21,14,42,38,   5.232000000022020,9,21,14,42,38,   5.224000000022020,9,21,14,42,38,   5.22800000002020,9,21,14,42,38,   5.2280000000
22020,9,21,14,42,39,   5.22800000002020,9,21,14,42,39,   5.2320000000
22020,9,21,14,42,39,   5.22800000002020,9,21,14,42,39,   5.2320000000
22020,9,21,14,42,40,   5.22800000002020,9,21,14,42,40,   5.2280000000
22020,9,21,14,42,40,   5.22400000002020,9,21,14,42,40,   5.2280000000
2020,9,21,14,42,41,   5.2280000000
2020,9,21,14,42,41,   5.2240000000
22020,9,21,14,42,41,   5.22400000002020,9,21,14,42,42,   5.2320000000
2020,9,21,14,42,42,   5.2280000000
2020,9,21,14,42,42,   5.1320000000
22020,9,21,14,42,42,   5.21200000002020,9,21,14,42,43,   5.2280000000
2020,9,21,14,42,43,   5.2240000000
2020,9,21,14,42,43,   5.2240000000
2020,9,21,14,42,43,   5.2240000000
22020,9,21,14,42,44,   5.228000000022020,9,21,14,42,44,   5.22800000002020,9,21,14,42,44,   5.2240000000
22020,9,21,14,42,44,   5.22400000002020,9,21,14,42,45,   5.2240000000
22020,9,21,14,42,45,   5.22400000002020,9,21,14,42,45,   5.2320000000
22020,9,21,14,42,46,   5.22800000002020,9,21,14,42,46,   5.2240000000
22020,9,21,14,42,46,   5.22800000002020,9,21,14,42,46,   5.2240000000
22020,9,21,14,42,47,   5.224000000022020,9,21,14,42,47,   5.22800000002020,9,21,14,42,47,   5.2240000000
22020,9,21,14,42,47,   5.21200000002020,9,21,14,42,48,   5.2120000000
22020,9,21,14,42,48,   5.22800000002020,9,21,14,42,48,   5.2360000000
22020,9,21,14,42,49,   5.22400000002020,9,21,14,42,49,   5.2280000000
22020,9,21,14,42,49,   5.22800000002020,9,21,14,42,49,   5.2240000000
2020,9,21,14,42,50,   5.2280000000
2020,9,21,14,42,50,   5.2280000000
2020,9,21,14,42,50,   5.2320000000
2020,9,21,14,42,50,   5.2280000000
2020,9,21,14,42,51,   5.2240000000
2020,9,21,14,42,51,   5.2320000000
2020,9,21,14,42,51,   5.2280000000
2020,9,21,14,42,51,   5.2240000000
2020,9,21,14,42,52,   5.2240000000
2020,9,21,14,42,52,   5.2280000000
2020,9,21,14,42,52,   5.2240000000
2020,9,21,14,42,53,   5.2280000000
2020,9,21,14,42,53,   5.2280000000
2020,9,21,14,42,53,   5.2200000000
2020,9,21,14,42,53,   5.2160000000
2020,9,21,14,42,54,   5.2280000000
2020,9,21,14,42,54,   5.2320000000
2020,9,21,14,42,54,   5.2320000000
2020,9,21,14,42,54,   5.2320000000
2020,9,21,14,42,55,   5.2360000000
2020,9,21,14,42,55,   5.2280000000
2020,9,21,14,42,55,   5.2320000000
2020,9,21,14,42,55,   5.2320000000
2020,9,21,14,42,56,   5.2280000000
2020,9,21,14,42,56,   5.2280000000
2020,9,21,14,42,56,   5.2320000000
2020,9,21,14,42,57,   5.2280000000
2020,9,21,14,42,57,   5.2280000000
2020,9,21,14,42,57,   5.2240000000
2020,9,21,14,42,57,   5.2240000000
2020,9,21,14,42,58,   5.2280000000
2020,9,21,14,42,58,   5.2200000000
2020,9,21,14,42,58,   5.2280000000
2020,9,21,14,42,58,   5.2240000000
2020,9,21,14,42,59,   5.2080000000
2020,9,21,14,42,59,   5.2080000000
2020,9,21,14,42,59,   5.2280000000
2020,9,21,14,42,59,   5.2280000000
2020,9,21,14,43,0,   5.2240000000
2020,9,21,14,43,0,   5.2200000000
2020,9,21,14,43,0,   5.2320000000
2020,9,21,14,43,0,   5.2280000000
2020,9,21,14,43,1,   5.2280000000
2020,9,21,14,43,1,   5.2320000000
2020,9,21,14,43,1,   5.2280000000
2020,9,21,14,43,2,   5.2280000000
2020,9,21,14,43,2,   5.2280000000
2020,9,21,14,43,2,   5.2320000000
2020,9,21,14,43,2,   5.2280000000
2020,9,21,14,43,3,   5.2280000000
2020,9,21,14,43,3,   5.2240000000
2020,9,21,14,43,3,   5.2240000000
2020,9,21,14,43,3,   5.2280000000
2020,9,21,14,43,4,   5.2240000000
2020,9,21,14,43,4,   5.2280000000
2020,9,21,14,43,4,   5.2160000000
2020,9,21,14,43,4,   5.0920000000
2020,9,21,14,43,5,   5.2280000000
2020,9,21,14,43,5,   5.2080000000
2020,9,21,14,43,5,   5.2280000000
2020,9,21,14,43,6,   5.2280000000
2020,9,21,14,43,6,   5.2280000000
2020,9,21,14,43,6,   5.2240000000
2020,9,21,14,43,6,   5.2280000000
2020,9,21,14,43,7,   5.2280000000
2020,9,21,14,43,7,   5.2320000000
2020,9,21,14,43,7,   5.2280000000
2020,9,21,14,43,7,   5.2240000000
2020,9,21,14,43,8,   5.2320000000
2020,9,21,14,43,8,   5.2280000000
2020,9,21,14,43,8,   5.2320000000
2020,9,21,14,43,8,   5.2240000000
2020,9,21,14,43,9,   5.2280000000
2020,9,21,14,43,9,   5.2320000000
2020,9,21,14,43,9,   5.2280000000
2020,9,21,14,43,9,   5.2240000000
2020,9,21,14,43,10,   5.2200000000
2020,9,21,14,43,10,   5.2160000000
2020,9,21,14,43,10,   5.2320000000
2020,9,21,14,43,11,   5.2280000000
2020,9,21,14,43,11,   5.2320000000
2020,9,21,14,43,11,   5.2280000000
2020,9,21,14,43,11,   5.2280000000
2020,9,21,14,43,12,   5.2240000000
2020,9,21,14,43,12,   5.2280000000
2020,9,21,14,43,12,   5.2240000000
2020,9,21,14,43,12,   5.2280000000
2020,9,21,14,43,13,   5.2280000000
2020,9,21,14,43,13,   5.2280000000
2020,9,21,14,43,13,   5.2280000000
2020,9,21,14,43,13,   5.2280000000
2020,9,21,14,43,14,   5.2320000000
2020,9,21,14,43,14,   5.2280000000
2020,9,21,14,43,14,   5.2280000000
2020,9,21,14,43,14,   5.1280000000
2020,9,21,14,43,15,   5.2240000000
2020,9,21,14,43,15,   5.2280000000
2020,9,21,14,43,15,   5.2280000000
2020,9,21,14,43,16,   5.2280000000
2020,9,21,14,43,16,   5.2280000000
2020,9,21,14,43,16,   5.2280000000
2020,9,21,14,43,16,   5.2280000000
2020,9,21,14,43,17,   5.2240000000
2020,9,21,14,43,17,   5.2280000000
2020,9,21,14,43,17,   5.2280000000
2020,9,21,14,43,17,   5.2240000000
2020,9,21,14,43,18,   5.2360000000
2020,9,21,14,43,18,   5.2280000000
2020,9,21,14,43,18,   5.2320000000
2020,9,21,14,43,18,   5.2280000000
2020,9,21,14,43,19,   5.2320000000
2020,9,21,14,43,19,   5.2280000000
2020,9,21,14,43,19,   5.2280000000
2020,9,21,14,43,20,   5.2280000000
2020,9,21,14,43,20,   5.2160000000
2020,9,21,14,43,20,   5.2160000000
2020,9,21,14,43,20,   5.2240000000
2020,9,21,14,43,21,   5.2280000000
2020,9,21,14,43,21,   5.2240000000
2020,9,21,14,43,21,   5.2280000000
2020,9,21,14,43,21,   5.2320000000
2020,9,21,14,43,22,   5.2280000000
2020,9,21,14,43,22,   5.2240000000
2020,9,21,14,43,22,   5.2280000000
2020,9,21,14,43,22,   5.2320000000
2020,9,21,14,43,23,   5.2280000000
2020,9,21,14,43,23,   5.2280000000
2020,9,21,14,43,23,   5.2280000000
2020,9,21,14,43,23,   5.2360000000
2020,9,21,14,43,24,   5.2320000000
2020,9,21,14,43,24,   5.2320000000
2020,9,21,14,43,24,   5.2280000000
2020,9,21,14,43,25,   5.2280000000
2020,9,21,14,43,25,   5.2280000000
2020,9,21,14,43,25,   5.2280000000
2020,9,21,14,43,25,   5.2200000000
2020,9,21,14,43,26,   5.2200000000
2020,9,21,14,43,26,   5.2280000000
2020,9,21,14,43,26,   5.2240000000
2020,9,21,14,43,26,   5.2320000000
2020,9,21,14,43,27,   5.2240000000
2020,9,21,14,43,27,   5.2320000000
2020,9,21,14,43,27,   5.2240000000
2020,9,21,14,43,27,   5.2280000000
2020,9,21,14,43,28,   5.2280000000
2020,9,21,14,43,28,   5.2280000000
2020,9,21,14,43,28,   5.2360000000
2020,9,21,14,43,28,   5.2240000000
22020,9,21,14,43,29,   5.22800000002020,9,21,14,43,29,   5.2240000000
22020,9,21,14,43,29,   5.224000000022020,9,21,14,43,30,   5.232000000022020,9,21,14,43,30,   5.224000000022020,9,21,14,43,30,   5.22800000002020,9,21,14,43,30,   5.2240000000
22020,9,21,14,43,31,   5.22800000002020,9,21,14,43,31,   5.2120000000
22020,9,21,14,43,31,   5.21600000002020,9,21,14,43,31,   5.2280000000
22020,9,21,14,43,32,   5.22400000002020,9,21,14,43,32,   5.2240000000
22020,9,21,14,43,32,   5.232000000022020,9,21,14,43,32,   5.23200000002020,9,21,14,43,33,   5.2240000000
2020,9,21,14,43,33,   5.2320000000
22020,9,21,14,43,33,   5.232000000022020,9,21,14,43,34,   5.232000000022020,9,21,14,43,34,   5.228000000022020,9,21,14,43,34,   5.22400000002020,9,21,14,43,34,   5.2280000000
22020,9,21,14,43,35,   5.228000000022020,9,21,14,43,35,   5.23200000002020,9,21,14,43,35,   5.2280000000
22020,9,21,14,43,35,   5.228000000022020,9,21,14,43,36,   5.22800000002020,9,21,14,43,36,   5.2240000000
2020,9,21,14,43,36,   5.2280000000
2020,9,21,14,43,37,   5.2160000000
2020,9,21,14,43,37,   5.2120000000
2020,9,21,14,43,37,   5.2280000000
2020,9,21,14,43,37,   5.2280000000
22020,9,21,14,43,38,   5.224000000022020,9,21,14,43,38,   5.232000000022020,9,21,14,43,38,   5.224000000022020,9,21,14,43,38,   5.224000000022020,9,21,14,43,39,   5.22800000002020,9,21,14,43,39,   5.2280000000
22020,9,21,14,43,39,   5.228000000022020,9,21,14,43,39,   5.236000000022020,9,21,14,43,40,   5.228000000022020,9,21,14,43,40,   5.228000000022020,9,21,14,43,40,   5.228000000022020,9,21,14,43,41,   5.228000000022020,9,21,14,43,41,   5.228000000022020,9,21,14,43,41,   5.228000000022020,9,21,14,43,41,   5.232000000022020,9,21,14,43,42,   5.228000000022020,9,21,14,43,42,   5.22800000002020,9,21,14,43,42,   5.2160000000
2020,9,21,14,43,42,   5.0760000000
22020,9,21,14,43,43,   5.232000000022020,9,21,14,43,43,   5.228000000022020,9,21,14,43,43,   5.22800000002020,9,21,14,43,43,   5.2240000000
2020,9,21,14,43,44,   5.2080000000
22020,9,21,14,43,44,   5.22800000002020,9,21,14,43,44,   5.2240000000
2020,9,21,14,43,45,   5.2240000000
22020,9,21,14,43,45,   5.22800000002020,9,21,14,43,45,   5.2280000000
22020,9,21,14,43,45,   5.228000000022020,9,21,14,43,46,   5.22400000002020,9,21,14,43,46,   5.2280000000
2020,9,21,14,43,46,   5.2240000000
22020,9,21,14,43,46,   5.22800000002020,9,21,14,43,47,   5.2320000000
2020,9,21,14,43,47,   5.2280000000
2020,9,21,14,43,47,   5.2320000000
2020,9,21,14,43,48,   5.1600000000
2020,9,21,14,43,48,   5.2240000000
2020,9,21,14,43,48,   5.2280000000
2020,9,21,14,43,48,   5.2280000000
22020,9,21,14,43,49,   5.224000000022020,9,21,14,43,49,   5.232000000022020,9,21,14,43,49,   5.22400000002020,9,21,14,43,49,   5.2240000000
22020,9,21,14,43,50,   5.228000000022020,9,21,14,43,50,   5.22800000002020,9,21,14,43,50,   5.2240000000
22020,9,21,14,43,50,   5.22800000002020,9,21,14,43,51,   5.2280000000
2020,9,21,14,43,51,   5.2280000000
22020,9,21,14,43,51,   5.22800000002020,9,21,14,43,52,   5.2280000000
22020,9,21,14,43,52,   5.228000000022020,9,21,14,43,52,   5.228000000022020,9,21,14,43,52,   5.228000000022020,9,21,14,43,53,   5.228000000022020,9,21,14,43,53,   5.228000000022020,9,21,14,43,53,   5.216000000022020,9,21,14,43,53,   5.212000000022020,9,21,14,43,54,   5.228000000022020,9,21,14,43,54,   5.22400000002020,9,21,14,43,54,   5.2280000000
2020,9,21,14,43,54,   5.2320000000
2020,9,21,14,43,55,   5.2240000000
22020,9,21,14,43,55,   5.22800000002020,9,21,14,43,55,   5.2320000000
22020,9,21,14,43,56,   5.22800000002020,9,21,14,43,56,   5.2240000000
22020,9,21,14,43,56,   5.224000000022020,9,21,14,43,56,   5.22800000002020,9,21,14,43,57,   5.2240000000
2020,9,21,14,43,57,   5.2280000000
2020,9,21,14,43,57,   5.2280000000
2020,9,21,14,43,57,   5.2240000000
2020,9,21,14,43,58,   5.2280000000
2020,9,21,14,43,58,   5.2320000000
2020,9,21,14,43,58,   5.2280000000
2020,9,21,14,43,59,   5.2160000000
2020,9,21,14,43,59,   5.2200000000
2020,9,21,14,43,59,   5.2280000000
2020,9,21,14,43,59,   5.2240000000
2020,9,21,14,44,0,   5.2280000000
2020,9,21,14,44,0,   5.2280000000
2020,9,21,14,44,0,   5.2280000000
2020,9,21,14,44,0,   5.2320000000
2020,9,21,14,44,1,   5.2280000000
2020,9,21,14,44,1,   5.2280000000
2020,9,21,14,44,1,   5.2280000000
2020,9,21,14,44,2,   5.2360000000
2020,9,21,14,44,2,   5.2280000000
2020,9,21,14,44,2,   5.2320000000
2020,9,21,14,44,2,   5.2280000000
2020,9,21,14,44,3,   5.2280000000
2020,9,21,14,44,3,   5.2280000000
2020,9,21,14,44,3,   5.2280000000
2020,9,21,14,44,3,   5.2240000000
2020,9,21,14,44,4,   5.2320000000
2020,9,21,14,44,4,   5.2280000000
2020,9,21,14,44,4,   5.2200000000
2020,9,21,14,44,4,   5.2160000000
2020,9,21,14,44,5,   5.2320000000
2020,9,21,14,44,5,   5.2280000000
2020,9,21,14,44,5,   5.2240000000
2020,9,21,14,44,6,   5.2320000000
2020,9,21,14,44,6,   5.2280000000
2020,9,21,14,44,6,   5.2280000000
2020,9,21,14,44,6,   5.2280000000
2020,9,21,14,44,7,   5.2280000000
2020,9,21,14,44,7,   5.2320000000
2020,9,21,14,44,7,   5.2240000000
2020,9,21,14,44,7,   5.2320000000
2020,9,21,14,44,8,   5.2280000000
2020,9,21,14,44,8,   5.2280000000
2020,9,21,14,44,8,   5.2280000000
2020,9,21,14,44,8,   5.2320000000
2020,9,21,14,44,9,   5.2280000000
2020,9,21,14,44,9,   5.2320000000
2020,9,21,14,44,9,   5.2240000000
2020,9,21,14,44,9,   5.2280000000
2020,9,21,14,44,10,   5.2240000000
2020,9,21,14,44,10,   5.2160000000
2020,9,21,14,44,10,   5.2280000000
2020,9,21,14,44,11,   5.2280000000
2020,9,21,14,44,11,   5.2240000000
2020,9,21,14,44,11,   5.2240000000
2020,9,21,14,44,11,   5.2320000000
2020,9,21,14,44,12,   5.2280000000
2020,9,21,14,44,12,   5.2280000000
2020,9,21,14,44,12,   5.2280000000
22020,9,21,14,44,12,   5.22800000002020,9,21,14,44,13,   5.2240000000
2020,9,21,14,44,13,   5.2240000000
22020,9,21,14,44,13,   5.22800000002020,9,21,14,44,13,   5.2280000000
22020,9,21,14,44,14,   5.224000000022020,9,21,14,44,14,   5.23200000002020,9,21,14,44,14,   5.2160000000
22020,9,21,14,44,15,   5.208000000022020,9,21,14,44,15,   5.228000000022020,9,21,14,44,15,   5.232000000022020,9,21,14,44,15,   5.228000000022020,9,21,14,44,16,   5.22400000002020,9,21,14,44,16,   5.2280000000
22020,9,21,14,44,16,   5.22400000002020,9,21,14,44,16,   5.2240000000
2020,9,21,14,44,17,   5.2320000000
22020,9,21,14,44,17,   5.224000000022020,9,21,14,44,17,   5.22800000002020,9,21,14,44,17,   5.2240000000
22020,9,21,14,44,18,   5.22400000002020,9,21,14,44,18,   5.2240000000
22020,9,21,14,44,18,   5.22800000002020,9,21,14,44,19,   5.2240000000
22020,9,21,14,44,19,   5.22800000002020,9,21,14,44,19,   5.2280000000
22020,9,21,14,44,19,   5.22400000002020,9,21,14,44,20,   5.2280000000
22020,9,21,14,44,20,   5.212000000022020,9,21,14,44,20,   5.21600000002020,9,21,14,44,20,   5.2240000000
2020,9,21,14,44,21,   5.2280000000
22020,9,21,14,44,21,   5.22000000002020,9,21,14,44,21,   5.2240000000
2020,9,21,14,44,22,   5.2240000000
22020,9,21,14,44,22,   5.22400000002020,9,21,14,44,22,   5.2280000000
2020,9,21,14,44,22,   5.2240000000
2020,9,21,14,44,23,   5.2280000000
2020,9,21,14,44,23,   5.2280000000
22020,9,21,14,44,23,   5.22400000002020,9,21,14,44,23,   5.2240000000
2020,9,21,14,44,24,   5.2280000000
2020,9,21,14,44,24,   5.2320000000
2020,9,21,14,44,24,   5.2280000000
22020,9,21,14,44,25,   5.23200000002020,9,21,14,44,25,   5.2280000000
2020,9,21,14,44,25,   5.2240000000
2020,9,21,14,44,25,   5.2160000000
2020,9,21,14,44,26,   5.2120000000
2020,9,21,14,44,26,   5.2240000000
2020,9,21,14,44,26,   5.2240000000
2020,9,21,14,44,26,   5.2240000000
22020,9,21,14,44,27,   5.224000000022020,9,21,14,44,27,   5.22400000002020,9,21,14,44,27,   5.2280000000
22020,9,21,14,44,28,   5.22800000002020,9,21,14,44,28,   5.2280000000
22020,9,21,14,44,28,   5.224000000022020,9,21,14,44,28,   5.22800000002020,9,21,14,44,29,   5.2240000000
2020,9,21,14,44,29,   5.2280000000
22020,9,21,14,44,29,   5.228000000022020,9,21,14,44,29,   5.228000000022020,9,21,14,44,30,   5.22800000002020,9,21,14,44,30,   5.2280000000
22020,9,21,14,44,30,   5.22800000002020,9,21,14,44,31,   5.2240000000
2020,9,21,14,44,31,   5.2120000000
22020,9,21,14,44,31,   5.092000000022020,9,21,14,44,31,   5.228000000022020,9,21,14,44,32,   5.224000000022020,9,21,14,44,32,   5.224000000022020,9,21,14,44,32,   5.228000000022020,9,21,14,44,33,   5.232000000022020,9,21,14,44,33,   5.224000000022020,9,21,14,44,33,   5.228000000022020,9,21,14,44,33,   5.224000000022020,9,21,14,44,34,   5.224000000022020,9,21,14,44,34,   5.224000000022020,9,21,14,44,34,   5.228000000022020,9,21,14,44,34,   5.224000000022020,9,21,14,44,35,   5.224000000022020,9,21,14,44,35,   5.224000000022020,9,21,14,44,35,   5.228000000022020,9,21,14,44,35,   5.228000000022020,9,21,14,44,36,   5.228000000022020,9,21,14,44,36,   5.224000000022020,9,21,14,44,36,   5.224000000022020,9,21,14,44,37,   5.216000000022020,9,21,14,44,37,   5.132000000022020,9,21,14,44,37,   5.228000000022020,9,21,14,44,37,   5.232000000022020,9,21,14,44,38,   5.228000000022020,9,21,14,44,38,   5.228000000022020,9,21,14,44,38,   5.224000000022020,9,21,14,44,38,   5.212000000022020,9,21,14,44,39,   5.224000000022020,9,21,14,44,39,   5.228000000022020,9,21,14,44,39,   5.224000000022020,9,21,14,44,39,   5.228000000022020,9,21,14,44,40,   5.228000000022020,9,21,14,44,40,   5.232000000022020,9,21,14,44,40,   5.224000000022020,9,21,14,44,41,   5.228000000022020,9,21,14,44,41,   5.228000000022020,9,21,14,44,41,   5.224000000022020,9,21,14,44,41,   5.228000000022020,9,21,14,44,42,   5.224000000022020,9,21,14,44,42,   5.220000000022020,9,21,14,44,42,   5.216000000022020,9,21,14,44,42,   5.224000000022020,9,21,14,44,43,   5.228000000022020,9,21,14,44,43,   5.224000000022020,9,21,14,44,43,   5.224000000022020,9,21,14,44,43,   5.224000000022020,9,21,14,44,44,   5.228000000022020,9,21,14,44,44,   5.232000000022020,9,21,14,44,44,   5.228000000022020,9,21,14,44,45,   5.232000000022020,9,21,14,44,45,   5.224000000022020,9,21,14,44,45,   5.228000000022020,9,21,14,44,45,   5.228000000022020,9,21,14,44,46,   5.224000000022020,9,21,14,44,46,   5.228000000022020,9,21,14,44,46,   5.228000000022020,9,21,14,44,46,   5.232000000022020,9,21,14,44,47,   5.236000000022020,9,21,14,44,47,   5.228000000022020,9,21,14,44,47,   5.228000000022020,9,21,14,44,47,   5.212000000022020,9,21,14,44,48,   5.21600000002020,9,21,14,44,48,   5.2320000000
22020,9,21,14,44,48,   5.228000000022020,9,21,14,44,48,   5.224000000022020,9,21,14,44,49,   5.22400000002020,9,21,14,44,49,   5.2240000000
22020,9,21,14,44,49,   5.224000000022020,9,21,14,44,50,   5.228000000022020,9,21,14,44,50,   5.228000000022020,9,21,14,44,50,   5.228000000022020,9,21,14,44,50,   5.224000000022020,9,21,14,44,51,   5.22800000002020,9,21,14,44,51,   5.2240000000
22020,9,21,14,44,51,   5.22400000002020,9,21,14,44,51,   5.2240000000
2020,9,21,14,44,52,   5.2240000000
2020,9,21,14,44,52,   5.2320000000
22020,9,21,14,44,52,   5.22400000002020,9,21,14,44,53,   5.2240000000
22020,9,21,14,44,53,   5.22400000002020,9,21,14,44,53,   5.2120000000
2020,9,21,14,44,53,   5.2200000000
2020,9,21,14,44,54,   5.2240000000
22020,9,21,14,44,54,   5.228000000022020,9,21,14,44,54,   5.22800000002020,9,21,14,44,54,   5.2240000000
22020,9,21,14,44,55,   5.22800000002020,9,21,14,44,55,   5.2240000000
22020,9,21,14,44,55,   5.22800000002020,9,21,14,44,56,   5.2240000000
22020,9,21,14,44,56,   5.22400000002020,9,21,14,44,56,   5.2240000000
2020,9,21,14,44,56,   5.2280000000
2020,9,21,14,44,57,   5.2280000000
22020,9,21,14,44,57,   5.22400000002020,9,21,14,44,57,   5.2280000000
2020,9,21,14,44,57,   5.2280000000
2020,9,21,14,44,58,   5.2280000000
2020,9,21,14,44,58,   5.2240000000
22020,9,21,14,44,58,   5.22400000002020,9,21,14,44,58,   5.2120000000
2020,9,21,14,44,59,   5.2120000000
22020,9,21,14,44,59,   5.224000000022020,9,21,14,44,59,   5.228000000022020,9,21,14,45,0,   5.224000000022020,9,21,14,45,0,   5.228000000022020,9,21,14,45,0,   5.224000000022020,9,21,14,45,0,   5.228000000022020,9,21,14,45,1,   5.224000000022020,9,21,14,45,1,   5.232000000022020,9,21,14,45,1,   5.228000000022020,9,21,14,45,1,   5.228000000022020,9,21,14,45,2,   5.228000000022020,9,21,14,45,2,   5.224000000022020,9,21,14,45,2,   5.224000000022020,9,21,14,45,2,   5.224000000022020,9,21,14,45,3,   5.228000000022020,9,21,14,45,3,   5.228000000022020,9,21,14,45,3,   5.224000000022020,9,21,14,45,4,   5.224000000022020,9,21,14,45,4,   5.224000000022020,9,21,14,45,4,   5.216000000022020,9,21,14,45,4,   5.220000000022020,9,21,14,45,5,   5.228000000022020,9,21,14,45,5,   5.228000000022020,9,21,14,45,5,   5.224000000022020,9,21,14,45,5,   5.232000000022020,9,21,14,45,6,   5.224000000022020,9,21,14,45,6,   5.220000000022020,9,21,14,45,6,   5.224000000022020,9,21,14,45,6,   5.228000000022020,9,21,14,45,7,   5.228000000022020,9,21,14,45,7,   5.224000000022020,9,21,14,45,7,   5.228000000022020,9,21,14,45,7,   5.224000000022020,9,21,14,45,8,   5.228000000022020,9,21,14,45,8,   5.228000000022020,9,21,14,45,8,   5.228000000022020,9,21,14,45,9,   5.228000000022020,9,21,14,45,9,   5.228000000022020,9,21,14,45,9,   5.228000000022020,9,21,14,45,9,   5.224000000022020,9,21,14,45,10,   5.220000000022020,9,21,14,45,10,   5.212000000022020,9,21,14,45,10,   5.228000000022020,9,21,14,45,10,   5.224000000022020,9,21,14,45,11,   5.228000000022020,9,21,14,45,11,   5.228000000022020,9,21,14,45,11,   5.2320000000
