2020,9,21,13,36,0,   5.2280000000
2020,9,21,13,36,0,   5.2240000000
2020,9,21,13,36,1,   5.2240000000
2020,9,21,13,36,1,   5.2240000000
2020,9,21,13,36,1,   5.2240000000
2020,9,21,13,36,1,   5.2320000000
2020,9,21,13,36,2,   5.2240000000
2020,9,21,13,36,2,   5.2240000000
2020,9,21,13,36,2,   5.2240000000
2020,9,21,13,36,2,   5.2240000000
2020,9,21,13,36,3,   5.2240000000
2020,9,21,13,36,3,   5.2240000000
2020,9,21,13,36,3,   5.2280000000
2020,9,21,13,36,3,   5.2240000000
2020,9,21,13,36,4,   5.2280000000
2020,9,21,13,36,4,   5.2160000000
2020,9,21,13,36,4,   5.2160000000
2020,9,21,13,36,4,   5.2240000000
2020,9,21,13,36,5,   5.2240000000
2020,9,21,13,36,5,   5.2280000000
2020,9,21,13,36,5,   5.2280000000
2020,9,21,13,36,6,   5.2280000000
2020,9,21,13,36,6,   5.2200000000
2020,9,21,13,36,6,   5.2240000000
2020,9,21,13,36,6,   5.2320000000
2020,9,21,13,36,7,   5.2280000000
2020,9,21,13,36,7,   5.2240000000
2020,9,21,13,36,7,   5.2240000000
2020,9,21,13,36,7,   5.2280000000
2020,9,21,13,36,8,   5.2240000000
2020,9,21,13,36,8,   5.2280000000
2020,9,21,13,36,8,   5.2240000000
2020,9,21,13,36,8,   5.2240000000
2020,9,21,13,36,9,   5.2280000000
2020,9,21,13,36,9,   5.2280000000
2020,9,21,13,36,9,   5.2240000000
2020,9,21,13,36,9,   5.2160000000
2020,9,21,13,36,10,   5.2200000000
2020,9,21,13,36,10,   5.2280000000
2020,9,21,13,36,10,   5.2240000000
2020,9,21,13,36,11,   5.2240000000
2020,9,21,13,36,11,   5.2320000000
2020,9,21,13,36,11,   5.2240000000
2020,9,21,13,36,11,   5.2240000000
2020,9,21,13,36,12,   5.2280000000
2020,9,21,13,36,12,   5.2240000000
2020,9,21,13,36,12,   5.2240000000
2020,9,21,13,36,12,   5.2320000000
2020,9,21,13,36,13,   5.2240000000
2020,9,21,13,36,13,   5.2240000000
2020,9,21,13,36,13,   5.2240000000
2020,9,21,13,36,13,   5.2280000000
2020,9,21,13,36,14,   5.2240000000
2020,9,21,13,36,14,   5.2200000000
2020,9,21,13,36,14,   5.2160000000
2020,9,21,13,36,14,   5.2120000000
2020,9,21,13,36,15,   5.2240000000
2020,9,21,13,36,15,   5.2240000000
2020,9,21,13,36,15,   5.2240000000
2020,9,21,13,36,16,   5.2240000000
2020,9,21,13,36,16,   5.2240000000
2020,9,21,13,36,16,   5.2280000000
2020,9,21,13,36,16,   5.2240000000
2020,9,21,13,36,17,   5.2240000000
2020,9,21,13,36,17,   5.2240000000
2020,9,21,13,36,17,   5.2280000000
2020,9,21,13,36,17,   5.2240000000
2020,9,21,13,36,18,   5.2240000000
2020,9,21,13,36,18,   5.2240000000
2020,9,21,13,36,18,   5.2240000000
2020,9,21,13,36,18,   5.2280000000
2020,9,21,13,36,19,   5.2240000000
2020,9,21,13,36,19,   5.2240000000
2020,9,21,13,36,19,   5.2280000000
2020,9,21,13,36,19,   5.2240000000
2020,9,21,13,36,20,   5.2080000000
2020,9,21,13,36,20,   5.2120000000
2020,9,21,13,36,20,   5.2280000000
2020,9,21,13,36,21,   5.2280000000
2020,9,21,13,36,21,   5.2240000000
2020,9,21,13,36,21,   5.2280000000
2020,9,21,13,36,21,   5.2240000000
2020,9,21,13,36,22,   5.2240000000
2020,9,21,13,36,22,   5.2240000000
2020,9,21,13,36,22,   5.2280000000
2020,9,21,13,36,22,   5.2240000000
2020,9,21,13,36,23,   5.2240000000
2020,9,21,13,36,23,   5.2240000000
2020,9,21,13,36,23,   5.2240000000
2020,9,21,13,36,23,   5.2240000000
2020,9,21,13,36,24,   5.2280000000
2020,9,21,13,36,24,   5.2320000000
2020,9,21,13,36,24,   5.2240000000
2020,9,21,13,36,24,   5.2280000000
2020,9,21,13,36,25,   5.2240000000
2020,9,21,13,36,25,   5.2240000000
2020,9,21,13,36,25,   5.2160000000
2020,9,21,13,36,26,   5.2160000000
2020,9,21,13,36,26,   5.2320000000
2020,9,21,13,36,26,   5.2240000000
2020,9,21,13,36,26,   5.2280000000
2020,9,21,13,36,27,   5.2240000000
2020,9,21,13,36,27,   5.2240000000
2020,9,21,13,36,27,   5.2280000000
2020,9,21,13,36,27,   5.2320000000
2020,9,21,13,36,28,   5.2480000000
2020,9,21,13,36,28,   5.2560000000
2020,9,21,13,36,28,   5.2240000000
2020,9,21,13,36,28,   5.2200000000
2020,9,21,13,36,29,   5.2240000000
2020,9,21,13,36,29,   5.2520000000
2020,9,21,13,36,29,   5.2480000000
2020,9,21,13,36,29,   5.2280000000
2020,9,21,13,36,30,   5.2240000000
2020,9,21,13,36,30,   5.2520000000
2020,9,21,13,36,30,   5.2520000000
2020,9,21,13,36,30,   5.2240000000
2020,9,21,13,36,31,   5.2000000000
2020,9,21,13,36,31,   5.1800000000
2020,9,21,13,36,31,   5.2240000000
2020,9,21,13,36,32,   5.2280000000
2020,9,21,13,36,32,   5.2480000000
2020,9,21,13,36,32,   5.2240000000
2020,9,21,13,36,32,   5.2240000000
2020,9,21,13,36,33,   5.2240000000
2020,9,21,13,36,33,   5.2240000000
2020,9,21,13,36,33,   5.2280000000
2020,9,21,13,36,33,   5.2240000000
2020,9,21,13,36,34,   5.2240000000
2020,9,21,13,36,34,   5.2280000000
2020,9,21,13,36,34,   5.2240000000
2020,9,21,13,36,34,   5.2240000000
2020,9,21,13,36,35,   5.2240000000
2020,9,21,13,36,35,   5.2240000000
2020,9,21,13,36,35,   5.2240000000
2020,9,21,13,36,36,   5.2240000000
2020,9,21,13,36,36,   5.2240000000
2020,9,21,13,36,36,   5.2240000000
2020,9,21,13,36,36,   5.2120000000
2020,9,21,13,36,37,   5.2120000000
2020,9,21,13,36,37,   5.2240000000
2020,9,21,13,36,37,   5.2280000000
2020,9,21,13,36,37,   5.2240000000
2020,9,21,13,36,38,   5.2280000000
2020,9,21,13,36,38,   5.2240000000
2020,9,21,13,36,38,   5.2240000000
2020,9,21,13,36,38,   5.2280000000
2020,9,21,13,36,39,   5.2280000000
2020,9,21,13,36,39,   5.2320000000
2020,9,21,13,36,39,   5.2280000000
2020,9,21,13,36,39,   5.2280000000
2020,9,21,13,36,40,   5.2240000000
2020,9,21,13,36,40,   5.2240000000
2020,9,21,13,36,40,   5.2240000000
2020,9,21,13,36,41,   5.2280000000
2020,9,21,13,36,41,   5.2240000000
2020,9,21,13,36,41,   5.2280000000
2020,9,21,13,36,41,   5.2280000000
2020,9,21,13,36,42,   5.2280000000
2020,9,21,13,36,42,   5.2200000000
2020,9,21,13,36,42,   5.0960000000
2020,9,21,13,36,42,   5.2240000000
2020,9,21,13,36,43,   5.2320000000
2020,9,21,13,36,43,   5.2320000000
2020,9,21,13,36,43,   5.2240000000
2020,9,21,13,36,43,   5.2320000000
2020,9,21,13,36,44,   5.2240000000
2020,9,21,13,36,44,   5.2240000000
2020,9,21,13,36,44,   5.2280000000
2020,9,21,13,36,44,   5.2280000000
2020,9,21,13,36,45,   5.2240000000
2020,9,21,13,36,45,   5.2280000000
2020,9,21,13,36,45,   5.2280000000
2020,9,21,13,36,46,   5.2240000000
2020,9,21,13,36,46,   5.2040000000
2020,9,21,13,36,46,   5.2240000000
2020,9,21,13,36,46,   5.2240000000
2020,9,21,13,36,47,   5.2240000000
2020,9,21,13,36,47,   5.2360000000
2020,9,21,13,36,47,   5.2240000000
2020,9,21,13,36,47,   5.2160000000
2020,9,21,13,36,48,   5.2200000000
2020,9,21,13,36,48,   5.2240000000
2020,9,21,13,36,48,   5.2240000000
2020,9,21,13,36,48,   5.2320000000
2020,9,21,13,36,49,   5.2240000000
2020,9,21,13,36,49,   5.2280000000
2020,9,21,13,36,49,   5.2240000000
2020,9,21,13,36,49,   5.2280000000
2020,9,21,13,36,50,   5.2240000000
2020,9,21,13,36,50,   5.2240000000
2020,9,21,13,36,50,   5.2280000000
2020,9,21,13,36,51,   5.2360000000
2020,9,21,13,36,51,   5.2240000000
2020,9,21,13,36,51,   5.2280000000
2020,9,21,13,36,51,   5.2280000000
2020,9,21,13,36,52,   5.2240000000
2020,9,21,13,36,52,   5.2320000000
2020,9,21,13,36,52,   5.2240000000
2020,9,21,13,36,52,   5.2280000000
2020,9,21,13,36,53,   5.2320000000
2020,9,21,13,36,53,   5.2080000000
2020,9,21,13,36,53,   5.2160000000
2020,9,21,13,36,53,   5.2240000000
2020,9,21,13,36,54,   5.2280000000
2020,9,21,13,36,54,   5.2280000000
2020,9,21,13,36,54,   5.2240000000
2020,9,21,13,36,54,   5.2280000000
2020,9,21,13,36,55,   5.2280000000
2020,9,21,13,36,55,   5.2240000000
2020,9,21,13,36,55,   5.2240000000
2020,9,21,13,36,56,   5.2240000000
2020,9,21,13,36,56,   5.2240000000
2020,9,21,13,36,56,   5.2240000000
2020,9,21,13,36,56,   5.2240000000
2020,9,21,13,36,57,   5.2240000000
2020,9,21,13,36,57,   5.2320000000
2020,9,21,13,36,57,   5.2280000000
2020,9,21,13,36,57,   5.2240000000
2020,9,21,13,36,58,   5.2240000000
2020,9,21,13,36,58,   5.2320000000
2020,9,21,13,36,58,   5.2280000000
2020,9,21,13,36,58,   5.2120000000
2020,9,21,13,36,59,   5.2160000000
2020,9,21,13,36,59,   5.2240000000
2020,9,21,13,36,59,   5.2240000000
2020,9,21,13,36,59,   5.2240000000
2020,9,21,13,37,0,   5.2240000000
2020,9,21,13,37,0,   5.2320000000
2020,9,21,13,37,0,   5.2280000000
2020,9,21,13,37,1,   5.2240000000
2020,9,21,13,37,1,   5.2240000000
2020,9,21,13,37,1,   5.2280000000
2020,9,21,13,37,1,   5.2240000000
2020,9,21,13,37,2,   5.2280000000
2020,9,21,13,37,2,   5.2320000000
2020,9,21,13,37,2,   5.2240000000
2020,9,21,13,37,2,   5.2280000000
2020,9,21,13,37,3,   5.2240000000
2020,9,21,13,37,3,   5.2240000000
2020,9,21,13,37,3,   5.2240000000
2020,9,21,13,37,3,   5.2280000000
2020,9,21,13,37,4,   5.2240000000
2020,9,21,13,37,4,   5.2160000000
2020,9,21,13,37,4,   5.2080000000
2020,9,21,13,37,5,   5.2280000000
2020,9,21,13,37,5,   5.2280000000
2020,9,21,13,37,5,   5.2240000000
2020,9,21,13,37,5,   5.2240000000
2020,9,21,13,37,6,   5.2280000000
2020,9,21,13,37,6,   5.2320000000
2020,9,21,13,37,6,   5.2240000000
2020,9,21,13,37,6,   5.2280000000
2020,9,21,13,37,7,   5.2280000000
2020,9,21,13,37,7,   5.2240000000
2020,9,21,13,37,7,   5.2320000000
2020,9,21,13,37,7,   5.2240000000
2020,9,21,13,37,8,   5.2280000000
2020,9,21,13,37,8,   5.2240000000
2020,9,21,13,37,8,   5.2280000000
2020,9,21,13,37,9,   5.2240000000
2020,9,21,13,37,9,   5.2280000000
2020,9,21,13,37,9,   5.2240000000
2020,9,21,13,37,9,   5.2240000000
2020,9,21,13,37,10,   5.2240000000
2020,9,21,13,37,10,   5.2000000000
2020,9,21,13,37,10,   5.2280000000
2020,9,21,13,37,10,   5.2240000000
2020,9,21,13,37,11,   5.2280000000
2020,9,21,13,37,11,   5.2240000000
2020,9,21,13,37,11,   5.2240000000
2020,9,21,13,37,11,   5.2240000000
2020,9,21,13,37,12,   5.2280000000
2020,9,21,13,37,12,   5.2240000000
2020,9,21,13,37,12,   5.2280000000
2020,9,21,13,37,13,   5.2240000000
2020,9,21,13,37,13,   5.2240000000
2020,9,21,13,37,13,   5.2280000000
2020,9,21,13,37,13,   5.2240000000
2020,9,21,13,37,14,   5.2320000000
2020,9,21,13,37,14,   5.2280000000
2020,9,21,13,37,14,   5.2160000000
2020,9,21,13,37,14,   5.0920000000
2020,9,21,13,37,15,   5.2240000000
2020,9,21,13,37,15,   5.2280000000
2020,9,21,13,37,15,   5.2240000000
2020,9,21,13,37,15,   5.2280000000
2020,9,21,13,37,16,   5.2240000000
2020,9,21,13,37,16,   5.2240000000
2020,9,21,13,37,16,   5.2240000000
2020,9,21,13,37,16,   5.2240000000
2020,9,21,13,37,17,   5.2240000000
2020,9,21,13,37,17,   5.2280000000
2020,9,21,13,37,17,   5.2280000000
2020,9,21,13,37,18,   5.2280000000
2020,9,21,13,37,18,   5.2240000000
2020,9,21,13,37,18,   5.2280000000
2020,9,21,13,37,18,   5.2200000000
2020,9,21,13,37,19,   5.2240000000
2020,9,21,13,37,19,   5.2280000000
2020,9,21,13,37,19,   5.2240000000
2020,9,21,13,37,19,   5.2280000000
2020,9,21,13,37,20,   5.1880000000
2020,9,21,13,37,20,   5.2120000000
2020,9,21,13,37,20,   5.2240000000
2020,9,21,13,37,20,   5.2240000000
2020,9,21,13,37,21,   5.2240000000
2020,9,21,13,37,21,   5.2240000000
2020,9,21,13,37,21,   5.2280000000
2020,9,21,13,37,21,   5.2240000000
2020,9,21,13,37,22,   5.2320000000
2020,9,21,13,37,22,   5.2280000000
2020,9,21,13,37,22,   5.2280000000
2020,9,21,13,37,23,   5.2320000000
2020,9,21,13,37,23,   5.2280000000
2020,9,21,13,37,23,   5.2280000000
2020,9,21,13,37,23,   5.2280000000
2020,9,21,13,37,24,   5.2280000000
2020,9,21,13,37,24,   5.2280000000
2020,9,21,13,37,24,   5.2320000000
2020,9,21,13,37,24,   5.2280000000
2020,9,21,13,37,25,   5.2200000000
2020,9,21,13,37,25,   5.2280000000
2020,9,21,13,37,25,   5.2120000000
2020,9,21,13,37,25,   5.2160000000
2020,9,21,13,37,26,   5.2240000000
2020,9,21,13,37,26,   5.2320000000
2020,9,21,13,37,26,   5.2240000000
2020,9,21,13,37,26,   5.2240000000
2020,9,21,13,37,27,   5.2240000000
2020,9,21,13,37,27,   5.2280000000
2020,9,21,13,37,27,   5.2240000000
2020,9,21,13,37,28,   5.2320000000
2020,9,21,13,37,28,   5.2240000000
2020,9,21,13,37,28,   5.2240000000
2020,9,21,13,37,28,   5.2320000000
2020,9,21,13,37,29,   5.2280000000
2020,9,21,13,37,29,   5.2240000000
2020,9,21,13,37,29,   5.2280000000
2020,9,21,13,37,29,   5.2280000000
2020,9,21,13,37,30,   5.2240000000
2020,9,21,13,37,30,   5.2280000000
2020,9,21,13,37,30,   5.2240000000
2020,9,21,13,37,30,   5.2240000000
2020,9,21,13,37,31,   5.2120000000
2020,9,21,13,37,31,   5.2160000000
2020,9,21,13,37,31,   5.2320000000
2020,9,21,13,37,31,   5.2240000000
2020,9,21,13,37,32,   5.2240000000
2020,9,21,13,37,32,   5.2280000000
2020,9,21,13,37,32,   5.2240000000
2020,9,21,13,37,33,   5.2280000000
2020,9,21,13,37,33,   5.2280000000
2020,9,21,13,37,33,   5.2320000000
2020,9,21,13,37,33,   5.2240000000
2020,9,21,13,37,34,   5.2360000000
2020,9,21,13,37,34,   5.2280000000
2020,9,21,13,37,34,   5.2320000000
2020,9,21,13,37,34,   5.2280000000
2020,9,21,13,37,35,   5.2240000000
2020,9,21,13,37,35,   5.2320000000
2020,9,21,13,37,35,   5.2280000000
2020,9,21,13,37,35,   5.2240000000
2020,9,21,13,37,36,   5.2320000000
2020,9,21,13,37,36,   5.2280000000
2020,9,21,13,37,36,   5.1880000000
2020,9,21,13,37,36,   5.2160000000
2020,9,21,13,37,37,   5.2240000000
2020,9,21,13,37,37,   5.2280000000
2020,9,21,13,37,37,   5.2240000000
2020,9,21,13,37,38,   5.2240000000
2020,9,21,13,37,38,   5.2320000000
2020,9,21,13,37,38,   5.2240000000
2020,9,21,13,37,38,   5.2240000000
2020,9,21,13,37,39,   5.2280000000
2020,9,21,13,37,39,   5.2240000000
2020,9,21,13,37,39,   5.2280000000
2020,9,21,13,37,39,   5.2280000000
2020,9,21,13,37,40,   5.2240000000
2020,9,21,13,37,40,   5.2240000000
2020,9,21,13,37,40,   5.2320000000
2020,9,21,13,37,40,   5.2240000000
2020,9,21,13,37,41,   5.2240000000
2020,9,21,13,37,41,   5.2240000000
2020,9,21,13,37,41,   5.2280000000
2020,9,21,13,37,41,   5.2280000000
2020,9,21,13,37,42,   5.2120000000
2020,9,21,13,37,42,   5.2160000000
2020,9,21,13,37,42,   5.2240000000
2020,9,21,13,37,43,   5.2280000000
2020,9,21,13,37,43,   5.2280000000
2020,9,21,13,37,43,   5.2280000000
2020,9,21,13,37,43,   5.2320000000
2020,9,21,13,37,44,   5.2240000000
2020,9,21,13,37,44,   5.2280000000
2020,9,21,13,37,44,   5.2280000000
2020,9,21,13,37,44,   5.2240000000
2020,9,21,13,37,45,   5.2320000000
2020,9,21,13,37,45,   5.2240000000
2020,9,21,13,37,45,   5.2280000000
2020,9,21,13,37,45,   5.2240000000
2020,9,21,13,37,46,   5.2320000000
2020,9,21,13,37,46,   5.2240000000
2020,9,21,13,37,46,   5.2280000000
2020,9,21,13,37,46,   5.2240000000
2020,9,21,13,37,47,   5.2280000000
2020,9,21,13,37,47,   5.2280000000
2020,9,21,13,37,47,   5.2120000000
2020,9,21,13,37,48,   5.2120000000
2020,9,21,13,37,48,   5.2240000000
2020,9,21,13,37,48,   5.2280000000
2020,9,21,13,37,48,   5.2240000000
2020,9,21,13,37,49,   5.2240000000
2020,9,21,13,37,49,   5.2240000000
2020,9,21,13,37,49,   5.2240000000
2020,9,21,13,37,49,   5.2280000000
2020,9,21,13,37,50,   5.2200000000
2020,9,21,13,37,50,   5.2280000000
2020,9,21,13,37,50,   5.2240000000
2020,9,21,13,37,50,   5.2240000000
2020,9,21,13,37,51,   5.2240000000
2020,9,21,13,37,51,   5.2240000000
2020,9,21,13,37,51,   5.2240000000
2020,9,21,13,37,51,   5.2280000000
2020,9,21,13,37,52,   5.2280000000
2020,9,21,13,37,52,   5.2280000000
2020,9,21,13,37,52,   5.2200000000
2020,9,21,13,37,53,   5.2240000000
2020,9,21,13,37,53,   5.2160000000
2020,9,21,13,37,53,   5.2120000000
2020,9,21,13,37,53,   5.2240000000
2020,9,21,13,37,54,   5.2240000000
2020,9,21,13,37,54,   5.2280000000
2020,9,21,13,37,54,   5.2240000000
2020,9,21,13,37,54,   5.2320000000
2020,9,21,13,37,55,   5.2240000000
2020,9,21,13,37,55,   5.2240000000
2020,9,21,13,37,55,   5.2240000000
2020,9,21,13,37,55,   5.2240000000
2020,9,21,13,37,56,   5.2240000000
2020,9,21,13,37,56,   5.2200000000
2020,9,21,13,37,56,   5.2240000000
2020,9,21,13,37,56,   5.2280000000
2020,9,21,13,37,57,   5.2320000000
2020,9,21,13,37,57,   5.2240000000
2020,9,21,13,37,57,   5.2240000000
2020,9,21,13,37,58,   5.2280000000
2020,9,21,13,37,58,   5.2240000000
2020,9,21,13,37,58,   5.2240000000
2020,9,21,13,37,58,   5.2240000000
2020,9,21,13,37,59,   5.2120000000
2020,9,21,13,37,59,   5.2280000000
2020,9,21,13,37,59,   5.2280000000
2020,9,21,13,37,59,   5.2280000000
2020,9,21,13,38,0,   5.2240000000
2020,9,21,13,38,0,   5.2240000000
2020,9,21,13,38,0,   5.2280000000
2020,9,21,13,38,0,   5.2240000000
2020,9,21,13,38,1,   5.2280000000
2020,9,21,13,38,1,   5.2200000000
2020,9,21,13,38,1,   5.2240000000
2020,9,21,13,38,1,   5.2280000000
2020,9,21,13,38,2,   5.2280000000
2020,9,21,13,38,2,   5.2280000000
2020,9,21,13,38,2,   5.2280000000
2020,9,21,13,38,2,   5.2280000000
2020,9,21,13,38,3,   5.2280000000
2020,9,21,13,38,3,   5.2280000000
2020,9,21,13,38,3,   5.2320000000
2020,9,21,13,38,4,   5.2280000000
2020,9,21,13,38,4,   5.2160000000
2020,9,21,13,38,4,   5.0880000000
2020,9,21,13,38,4,   5.2280000000
2020,9,21,13,38,5,   5.2320000000
2020,9,21,13,38,5,   5.2240000000
2020,9,21,13,38,5,   5.2240000000
2020,9,21,13,38,5,   5.2280000000
2020,9,21,13,38,6,   5.2280000000
2020,9,21,13,38,6,   5.2280000000
2020,9,21,13,38,6,   5.2280000000
2020,9,21,13,38,6,   5.2240000000
2020,9,21,13,38,7,   5.2280000000
2020,9,21,13,38,7,   5.2240000000
2020,9,21,13,38,7,   5.2320000000
2020,9,21,13,38,8,   5.2240000000
2020,9,21,13,38,8,   5.2280000000
2020,9,21,13,38,8,   5.2240000000
2020,9,21,13,38,8,   5.2280000000
2020,9,21,13,38,9,   5.2240000000
2020,9,21,13,38,9,   5.2320000000
2020,9,21,13,38,9,   5.2280000000
2020,9,21,13,38,9,   5.2240000000
2020,9,21,13,38,10,   5.2080000000
2020,9,21,13,38,10,   5.2240000000
2020,9,21,13,38,10,   5.2240000000
2020,9,21,13,38,10,   5.2280000000
2020,9,21,13,38,11,   5.2240000000
2020,9,21,13,38,11,   5.2240000000
2020,9,21,13,38,11,   5.2240000000
2020,9,21,13,38,11,   5.2240000000
2020,9,21,13,38,12,   5.2320000000
2020,9,21,13,38,12,   5.2240000000
2020,9,21,13,38,12,   5.2280000000
2020,9,21,13,38,13,   5.2240000000
2020,9,21,13,38,13,   5.2280000000
2020,9,21,13,38,13,   5.2320000000
2020,9,21,13,38,13,   5.2240000000
2020,9,21,13,38,14,   5.2280000000
2020,9,21,13,38,14,   5.2200000000
2020,9,21,13,38,14,   5.2120000000
2020,9,21,13,38,14,   5.2200000000
2020,9,21,13,38,15,   5.2280000000
2020,9,21,13,38,15,   5.2240000000
2020,9,21,13,38,15,   5.2280000000
2020,9,21,13,38,15,   5.2280000000
2020,9,21,13,38,16,   5.2280000000
2020,9,21,13,38,16,   5.2160000000
2020,9,21,13,38,16,   5.2240000000
2020,9,21,13,38,16,   5.2240000000
2020,9,21,13,38,17,   5.2280000000
2020,9,21,13,38,17,   5.2240000000
2020,9,21,13,38,17,   5.2280000000
2020,9,21,13,38,18,   5.2320000000
2020,9,21,13,38,18,   5.2240000000
2020,9,21,13,38,18,   5.2240000000
2020,9,21,13,38,18,   5.2240000000
2020,9,21,13,38,19,   5.2240000000
2020,9,21,13,38,19,   5.2320000000
2020,9,21,13,38,19,   5.2240000000
2020,9,21,13,38,19,   5.2200000000
2020,9,21,13,38,20,   5.2160000000
2020,9,21,13,38,20,   5.2160000000
2020,9,21,13,38,20,   5.2240000000
2020,9,21,13,38,20,   5.2240000000
2020,9,21,13,38,21,   5.2280000000
2020,9,21,13,38,21,   5.2240000000
2020,9,21,13,38,21,   5.2280000000
2020,9,21,13,38,21,   5.2240000000
2020,9,21,13,38,22,   5.2280000000
2020,9,21,13,38,22,   5.2280000000
2020,9,21,13,38,22,   5.2280000000
2020,9,21,13,38,23,   5.2280000000
2020,9,21,13,38,23,   5.2320000000
2020,9,21,13,38,23,   5.2280000000
2020,9,21,13,38,23,   5.2240000000
2020,9,21,13,38,24,   5.2240000000
2020,9,21,13,38,24,   5.2240000000
2020,9,21,13,38,24,   5.2240000000
2020,9,21,13,38,24,   5.2240000000
2020,9,21,13,38,25,   5.2280000000
2020,9,21,13,38,25,   5.2280000000
2020,9,21,13,38,25,   5.2240000000
2020,9,21,13,38,25,   5.2120000000
2020,9,21,13,38,26,   5.2240000000
2020,9,21,13,38,26,   5.2280000000
2020,9,21,13,38,26,   5.2240000000
2020,9,21,13,38,26,   5.2240000000
2020,9,21,13,38,27,   5.2240000000
2020,9,21,13,38,27,   5.2280000000
2020,9,21,13,38,27,   5.2240000000
2020,9,21,13,38,28,   5.2240000000
2020,9,21,13,38,28,   5.2240000000
2020,9,21,13,38,28,   5.2240000000
2020,9,21,13,38,28,   5.2240000000
2020,9,21,13,38,29,   5.2240000000
2020,9,21,13,38,29,   5.2280000000
2020,9,21,13,38,29,   5.2240000000
2020,9,21,13,38,29,   5.2280000000
2020,9,21,13,38,30,   5.2280000000
2020,9,21,13,38,30,   5.2240000000
2020,9,21,13,38,30,   5.2320000000
2020,9,21,13,38,30,   5.2240000000
2020,9,21,13,38,31,   5.2200000000
2020,9,21,13,38,31,   5.2160000000
2020,9,21,13,38,31,   5.2280000000
2020,9,21,13,38,31,   5.2240000000
2020,9,21,13,38,32,   5.2240000000
2020,9,21,13,38,32,   5.2280000000
2020,9,21,13,38,32,   5.2240000000
2020,9,21,13,38,33,   5.2240000000
2020,9,21,13,38,33,   5.2320000000
2020,9,21,13,38,33,   5.2240000000
2020,9,21,13,38,33,   5.2280000000
2020,9,21,13,38,34,   5.2240000000
2020,9,21,13,38,34,   5.2280000000
2020,9,21,13,38,34,   5.2280000000
2020,9,21,13,38,34,   5.2240000000
2020,9,21,13,38,35,   5.2240000000
2020,9,21,13,38,35,   5.2280000000
2020,9,21,13,38,35,   5.2240000000
2020,9,21,13,38,35,   5.2320000000
2020,9,21,13,38,36,   5.2280000000
2020,9,21,13,38,36,   5.2120000000
2020,9,21,13,38,36,   5.2200000000
2020,9,21,13,38,36,   5.2160000000
2020,9,21,13,38,37,   5.2240000000
2020,9,21,13,38,37,   5.2240000000
2020,9,21,13,38,37,   5.2240000000
2020,9,21,13,38,38,   5.2200000000
2020,9,21,13,38,38,   5.2280000000
2020,9,21,13,38,38,   5.2240000000
2020,9,21,13,38,38,   5.2240000000
2020,9,21,13,38,39,   5.2240000000
2020,9,21,13,38,39,   5.2240000000
2020,9,21,13,38,39,   5.2240000000
2020,9,21,13,38,39,   5.2240000000
2020,9,21,13,38,40,   5.2240000000
2020,9,21,13,38,40,   5.2280000000
2020,9,21,13,38,40,   5.2280000000
2020,9,21,13,38,40,   5.2240000000
2020,9,21,13,38,41,   5.2280000000
2020,9,21,13,38,41,   5.2240000000
2020,9,21,13,38,41,   5.2320000000
2020,9,21,13,38,42,   5.2240000000
2020,9,21,13,38,42,   5.2120000000
2020,9,21,13,38,42,   5.1200000000
2020,9,21,13,38,42,   5.2280000000
2020,9,21,13,38,43,   5.2280000000
2020,9,21,13,38,43,   5.2280000000
2020,9,21,13,38,43,   5.2240000000
2020,9,21,13,38,43,   5.2240000000
2020,9,21,13,38,44,   5.2240000000
2020,9,21,13,38,44,   5.2240000000
2020,9,21,13,38,44,   5.2320000000
2020,9,21,13,38,44,   5.2240000000
2020,9,21,13,38,45,   5.2280000000
2020,9,21,13,38,45,   5.2320000000
2020,9,21,13,38,45,   5.2280000000
2020,9,21,13,38,45,   5.2240000000
2020,9,21,13,38,46,   5.2240000000
2020,9,21,13,38,46,   5.2280000000
2020,9,21,13,38,46,   5.2280000000
2020,9,21,13,38,47,   5.2280000000
2020,9,21,13,38,47,   5.2320000000
2020,9,21,13,38,47,   5.2240000000
2020,9,21,13,38,47,   5.2160000000
2020,9,21,13,38,48,   5.2160000000
2020,9,21,13,38,48,   5.2240000000
2020,9,21,13,38,48,   5.2280000000
2020,9,21,13,38,48,   5.2240000000
2020,9,21,13,38,49,   5.2240000000
2020,9,21,13,38,49,   5.2280000000
2020,9,21,13,38,49,   5.2240000000
2020,9,21,13,38,49,   5.2240000000
2020,9,21,13,38,50,   5.2240000000
2020,9,21,13,38,50,   5.2240000000
2020,9,21,13,38,50,   5.2240000000
2020,9,21,13,38,51,   5.2240000000
2020,9,21,13,38,51,   5.2240000000
2020,9,21,13,38,51,   5.2280000000
2020,9,21,13,38,51,   5.2240000000
2020,9,21,13,38,52,   5.2240000000
2020,9,21,13,38,52,   5.2280000000
2020,9,21,13,38,52,   5.2240000000
2020,9,21,13,38,52,   5.2240000000
2020,9,21,13,38,53,   5.2280000000
2020,9,21,13,38,53,   5.2160000000
2020,9,21,13,38,53,   5.2200000000
2020,9,21,13,38,53,   5.2240000000
2020,9,21,13,38,54,   5.2280000000
2020,9,21,13,38,54,   5.2240000000
2020,9,21,13,38,54,   5.2240000000
2020,9,21,13,38,54,   5.2240000000
2020,9,21,13,38,55,   5.2240000000
2020,9,21,13,38,55,   5.2240000000
2020,9,21,13,38,55,   5.2240000000
2020,9,21,13,38,56,   5.2240000000
2020,9,21,13,38,56,   5.2280000000
2020,9,21,13,38,56,   5.2240000000
2020,9,21,13,38,56,   5.2320000000
2020,9,21,13,38,57,   5.2240000000
2020,9,21,13,38,57,   5.2280000000
2020,9,21,13,38,57,   5.2320000000
2020,9,21,13,38,57,   5.2240000000
2020,9,21,13,38,58,   5.2240000000
2020,9,21,13,38,58,   5.2240000000
2020,9,21,13,38,58,   5.2280000000
2020,9,21,13,38,58,   5.2120000000
2020,9,21,13,38,59,   5.2120000000
2020,9,21,13,38,59,   5.2240000000
2020,9,21,13,38,59,   5.2280000000
2020,9,21,13,38,59,   5.2280000000
2020,9,21,13,39,0,   5.2280000000
2020,9,21,13,39,0,   5.2240000000
2020,9,21,13,39,0,   5.2280000000
2020,9,21,13,39,1,   5.2280000000
2020,9,21,13,39,1,   5.2320000000
2020,9,21,13,39,1,   5.2240000000
2020,9,21,13,39,1,   5.2240000000
2020,9,21,13,39,2,   5.2200000000
2020,9,21,13,39,2,   5.2320000000
2020,9,21,13,39,2,   5.2240000000
2020,9,21,13,39,2,   5.2240000000
2020,9,21,13,39,3,   5.2240000000
2020,9,21,13,39,3,   5.2320000000
2020,9,21,13,39,3,   5.2240000000
2020,9,21,13,39,3,   5.2280000000
2020,9,21,13,39,4,   5.2280000000
2020,9,21,13,39,4,   5.2120000000
2020,9,21,13,39,4,   5.2160000000
2020,9,21,13,39,4,   5.2240000000
2020,9,21,13,39,5,   5.2280000000
2020,9,21,13,39,5,   5.2280000000
2020,9,21,13,39,5,   5.2280000000
2020,9,21,13,39,6,   5.2280000000
2020,9,21,13,39,6,   5.2240000000
2020,9,21,13,39,6,   5.2280000000
2020,9,21,13,39,6,   5.2280000000
2020,9,21,13,39,7,   5.2280000000
2020,9,21,13,39,7,   5.2240000000
2020,9,21,13,39,7,   5.2240000000
2020,9,21,13,39,7,   5.2280000000
2020,9,21,13,39,8,   5.2240000000
2020,9,21,13,39,8,   5.2280000000
2020,9,21,13,39,8,   5.2360000000
2020,9,21,13,39,8,   5.2240000000
2020,9,21,13,39,9,   5.2280000000
2020,9,21,13,39,9,   5.2240000000
2020,9,21,13,39,9,   5.2240000000
2020,9,21,13,39,9,   5.2120000000
2020,9,21,13,39,10,   5.2120000000
2020,9,21,13,39,10,   5.2280000000
2020,9,21,13,39,10,   5.2280000000
2020,9,21,13,39,11,   5.2240000000
2020,9,21,13,39,11,   5.2240000000
2020,9,21,13,39,11,   5.2280000000
2020,9,21,13,39,11,   5.2240000000
2020,9,21,13,39,12,   5.2280000000
2020,9,21,13,39,12,   5.2240000000
2020,9,21,13,39,12,   5.2240000000
2020,9,21,13,39,12,   5.2240000000
2020,9,21,13,39,13,   5.2240000000
2020,9,21,13,39,13,   5.2280000000
2020,9,21,13,39,13,   5.2280000000
2020,9,21,13,39,13,   5.2240000000
2020,9,21,13,39,14,   5.2240000000
2020,9,21,13,39,14,   5.2280000000
2020,9,21,13,39,14,   5.2160000000
2020,9,21,13,39,14,   5.2200000000
2020,9,21,13,39,15,   5.2280000000
2020,9,21,13,39,15,   5.2320000000
2020,9,21,13,39,15,   5.2240000000
2020,9,21,13,39,15,   5.2280000000
2020,9,21,13,39,16,   5.2240000000
2020,9,21,13,39,16,   5.2280000000
2020,9,21,13,39,16,   5.2280000000
2020,9,21,13,39,17,   5.2240000000
2020,9,21,13,39,17,   5.2280000000
2020,9,21,13,39,17,   5.2240000000
2020,9,21,13,39,17,   5.2280000000
2020,9,21,13,39,18,   5.2240000000
2020,9,21,13,39,18,   5.2280000000
2020,9,21,13,39,18,   5.2240000000
2020,9,21,13,39,18,   5.2320000000
2020,9,21,13,39,19,   5.2240000000
2020,9,21,13,39,19,   5.2240000000
2020,9,21,13,39,19,   5.2240000000
2020,9,21,13,39,19,   5.2240000000
2020,9,21,13,39,20,   5.2200000000
2020,9,21,13,39,20,   5.2120000000
2020,9,21,13,39,20,   5.2280000000
2020,9,21,13,39,20,   5.2280000000
2020,9,21,13,39,21,   5.2240000000
2020,9,21,13,39,21,   5.2240000000
2020,9,21,13,39,21,   5.2240000000
2020,9,21,13,39,22,   5.2320000000
2020,9,21,13,39,22,   5.2240000000
2020,9,21,13,39,22,   5.2160000000
2020,9,21,13,39,22,   5.2320000000
2020,9,21,13,39,23,   5.2240000000
2020,9,21,13,39,23,   5.2240000000
2020,9,21,13,39,23,   5.2280000000
2020,9,21,13,39,23,   5.2240000000
2020,9,21,13,39,24,   5.2240000000
2020,9,21,13,39,24,   5.2240000000
2020,9,21,13,39,24,   5.2280000000
2020,9,21,13,39,24,   5.2280000000
2020,9,21,13,39,25,   5.2320000000
2020,9,21,13,39,25,   5.2240000000
2020,9,21,13,39,25,   5.2280000000
2020,9,21,13,39,25,   5.2160000000
2020,9,21,13,39,26,   5.2320000000
2020,9,21,13,39,26,   5.2240000000
2020,9,21,13,39,26,   5.2240000000
2020,9,21,13,39,27,   5.2240000000
2020,9,21,13,39,27,   5.2240000000
2020,9,21,13,39,27,   5.2240000000
2020,9,21,13,39,27,   5.2240000000
2020,9,21,13,39,28,   5.2240000000
2020,9,21,13,39,28,   5.2320000000
2020,9,21,13,39,28,   5.2240000000
2020,9,21,13,39,28,   5.2240000000
2020,9,21,13,39,29,   5.2240000000
2020,9,21,13,39,29,   5.2280000000
2020,9,21,13,39,29,   5.2280000000
2020,9,21,13,39,29,   5.2240000000
2020,9,21,13,39,30,   5.2240000000
2020,9,21,13,39,30,   5.2240000000
2020,9,21,13,39,30,   5.2320000000
2020,9,21,13,39,30,   5.2240000000
2020,9,21,13,39,31,   5.2200000000
2020,9,21,13,39,31,   5.2160000000
2020,9,21,13,39,31,   5.2240000000
2020,9,21,13,39,32,   5.2240000000
2020,9,21,13,39,32,   5.2240000000
2020,9,21,13,39,32,   5.2240000000
2020,9,21,13,39,32,   5.2240000000
2020,9,21,13,39,33,   5.2240000000
2020,9,21,13,39,33,   5.2240000000
2020,9,21,13,39,33,   5.2240000000
2020,9,21,13,39,33,   5.2320000000
2020,9,21,13,39,34,   5.2240000000
2020,9,21,13,39,34,   5.2240000000
2020,9,21,13,39,34,   5.2280000000
2020,9,21,13,39,34,   5.2280000000
2020,9,21,13,39,35,   5.2240000000
2020,9,21,13,39,35,   5.2240000000
2020,9,21,13,39,35,   5.2240000000
2020,9,21,13,39,35,   5.2280000000
2020,9,21,13,39,36,   5.2240000000
2020,9,21,13,39,36,   5.2240000000
2020,9,21,13,39,36,   5.2080000000
2020,9,21,13,39,37,   5.2160000000
2020,9,21,13,39,37,   5.2240000000
2020,9,21,13,39,37,   5.2280000000
2020,9,21,13,39,37,   5.2240000000
2020,9,21,13,39,38,   5.2240000000
2020,9,21,13,39,38,   5.2240000000
2020,9,21,13,39,38,   5.2320000000
2020,9,21,13,39,38,   5.2240000000
2020,9,21,13,39,39,   5.2320000000
2020,9,21,13,39,39,   5.2240000000
2020,9,21,13,39,39,   5.2280000000
2020,9,21,13,39,39,   5.2320000000
2020,9,21,13,39,40,   5.2240000000
2020,9,21,13,39,40,   5.2240000000
2020,9,21,13,39,40,   5.2280000000
2020,9,21,13,39,40,   5.2320000000
2020,9,21,13,39,41,   5.2240000000
2020,9,21,13,39,41,   5.2320000000
2020,9,21,13,39,41,   5.2240000000
2020,9,21,13,39,42,   5.2240000000
2020,9,21,13,39,42,   5.2200000000
2020,9,21,13,39,42,   5.2120000000
2020,9,21,13,39,42,   5.2240000000
2020,9,21,13,39,43,   5.2240000000
2020,9,21,13,39,43,   5.2320000000
2020,9,21,13,39,43,   5.2240000000
2020,9,21,13,39,43,   5.2280000000
2020,9,21,13,39,44,   5.2280000000
2020,9,21,13,39,44,   5.2240000000
2020,9,21,13,39,44,   5.2240000000
2020,9,21,13,39,44,   5.2240000000
2020,9,21,13,39,45,   5.2240000000
2020,9,21,13,39,45,   5.2240000000
2020,9,21,13,39,45,   5.2280000000
2020,9,21,13,39,46,   5.2320000000
2020,9,21,13,39,46,   5.2240000000
2020,9,21,13,39,46,   5.2240000000
2020,9,21,13,39,46,   5.2240000000
2020,9,21,13,39,47,   5.2240000000
2020,9,21,13,39,47,   5.2280000000
2020,9,21,13,39,47,   5.2240000000
2020,9,21,13,39,47,   5.2200000000
2020,9,21,13,39,48,   5.2160000000
2020,9,21,13,39,48,   5.2280000000
2020,9,21,13,39,48,   5.2240000000
2020,9,21,13,39,48,   5.2240000000
2020,9,21,13,39,49,   5.2240000000
2020,9,21,13,39,49,   5.2320000000
2020,9,21,13,39,49,   5.2240000000
2020,9,21,13,39,49,   5.2240000000
2020,9,21,13,39,50,   5.2240000000
2020,9,21,13,39,50,   5.2280000000
2020,9,21,13,39,50,   5.2280000000
2020,9,21,13,39,50,   5.2240000000
2020,9,21,13,39,51,   5.2240000000
2020,9,21,13,39,51,   5.2240000000
2020,9,21,13,39,51,   5.2240000000
2020,9,21,13,39,52,   5.2240000000
2020,9,21,13,39,52,   5.2320000000
2020,9,21,13,39,52,   5.2200000000
2020,9,21,13,39,52,   5.2240000000
2020,9,21,13,39,53,   5.2240000000
2020,9,21,13,39,53,   5.2120000000
2020,9,21,13,39,53,   5.2160000000
2020,9,21,13,39,53,   5.2240000000
2020,9,21,13,39,54,   5.2320000000
2020,9,21,13,39,54,   5.2280000000
2020,9,21,13,39,54,   5.2240000000
2020,9,21,13,39,54,   5.2280000000
2020,9,21,13,39,55,   5.2280000000
2020,9,21,13,39,55,   5.2240000000
2020,9,21,13,39,55,   5.2240000000
2020,9,21,13,39,55,   5.2240000000
2020,9,21,13,39,56,   5.2240000000
2020,9,21,13,39,56,   5.2240000000
2020,9,21,13,39,56,   5.2240000000
2020,9,21,13,39,56,   5.2280000000
2020,9,21,13,39,57,   5.2280000000
2020,9,21,13,39,57,   5.2280000000
2020,9,21,13,39,57,   5.2240000000
2020,9,21,13,39,58,   5.2320000000
2020,9,21,13,39,58,   5.2320000000
2020,9,21,13,39,58,   5.2280000000
2020,9,21,13,39,58,   5.2160000000
2020,9,21,13,39,59,   5.2160000000
2020,9,21,13,39,59,   5.2200000000
2020,9,21,13,39,59,   5.2280000000
2020,9,21,13,39,59,   5.2240000000
2020,9,21,13,40,0,   5.2240000000
2020,9,21,13,40,0,   5.2240000000
2020,9,21,13,40,0,   5.2240000000
2020,9,21,13,40,0,   5.2280000000
2020,9,21,13,40,1,   5.2240000000
2020,9,21,13,40,1,   5.2320000000
2020,9,21,13,40,1,   5.2240000000
2020,9,21,13,40,2,   5.2240000000
2020,9,21,13,40,2,   5.2240000000
2020,9,21,13,40,2,   5.2240000000
2020,9,21,13,40,2,   5.2240000000
2020,9,21,13,40,3,   5.2240000000
2020,9,21,13,40,3,   5.2240000000
2020,9,21,13,40,3,   5.2240000000
2020,9,21,13,40,3,   5.2280000000
2020,9,21,13,40,4,   5.2240000000
2020,9,21,13,40,4,   5.2240000000
2020,9,21,13,40,4,   5.2200000000
2020,9,21,13,40,4,   5.2240000000
2020,9,21,13,40,5,   5.2240000000
2020,9,21,13,40,5,   5.2240000000
2020,9,21,13,40,5,   5.2240000000
2020,9,21,13,40,5,   5.2240000000
2020,9,21,13,40,6,   5.2280000000
2020,9,21,13,40,6,   5.2240000000
2020,9,21,13,40,6,   5.2240000000
2020,9,21,13,40,7,   5.2240000000
2020,9,21,13,40,7,   5.2280000000
2020,9,21,13,40,7,   5.2240000000
2020,9,21,13,40,7,   5.2320000000
2020,9,21,13,40,8,   5.2280000000
2020,9,21,13,40,8,   5.2240000000
2020,9,21,13,40,8,   5.2240000000
2020,9,21,13,40,8,   5.2240000000
2020,9,21,13,40,9,   5.2240000000
2020,9,21,13,40,9,   5.2280000000
2020,9,21,13,40,9,   5.2280000000
2020,9,21,13,40,9,   5.2120000000
2020,9,21,13,40,10,   5.0960000000
2020,9,21,13,40,10,   5.2280000000
2020,9,21,13,40,10,   5.2240000000
2020,9,21,13,40,10,   5.2240000000
2020,9,21,13,40,11,   5.2240000000
2020,9,21,13,40,11,   5.2320000000
2020,9,21,13,40,11,   5.2240000000
2020,9,21,13,40,11,   5.2240000000
2020,9,21,13,40,12,   5.2240000000
2020,9,21,13,40,12,   5.2320000000
2020,9,21,13,40,12,   5.2240000000
2020,9,21,13,40,13,   5.2280000000
2020,9,21,13,40,13,   5.2240000000
2020,9,21,13,40,13,   5.2280000000
2020,9,21,13,40,13,   5.2280000000
2020,9,21,13,40,14,   5.2240000000
2020,9,21,13,40,14,   5.2240000000
2020,9,21,13,40,14,   5.2160000000
2020,9,21,13,40,14,   5.2080000000
2020,9,21,13,40,15,   5.2240000000
2020,9,21,13,40,15,   5.2280000000
2020,9,21,13,40,15,   5.2240000000
2020,9,21,13,40,15,   5.2280000000
2020,9,21,13,40,16,   5.2240000000
2020,9,21,13,40,16,   5.2240000000
2020,9,21,13,40,16,   5.2240000000
2020,9,21,13,40,16,   5.2280000000
2020,9,21,13,40,17,   5.2240000000
2020,9,21,13,40,17,   5.2240000000
2020,9,21,13,40,17,   5.2240000000
2020,9,21,13,40,17,   5.2080000000
2020,9,21,13,40,18,   5.2240000000
2020,9,21,13,40,18,   5.2240000000
2020,9,21,13,40,18,   5.2280000000
2020,9,21,13,40,19,   5.2280000000
2020,9,21,13,40,19,   5.2280000000
2020,9,21,13,40,19,   5.2240000000
2020,9,21,13,40,19,   5.2240000000
2020,9,21,13,40,20,   5.1280000000
2020,9,21,13,40,20,   5.2160000000
2020,9,21,13,40,20,   5.2240000000
2020,9,21,13,40,20,   5.2240000000
2020,9,21,13,40,21,   5.2280000000
2020,9,21,13,40,21,   5.2240000000
2020,9,21,13,40,21,   5.2200000000
2020,9,21,13,40,21,   5.2280000000
2020,9,21,13,40,22,   5.2240000000
2020,9,21,13,40,22,   5.2280000000
2020,9,21,13,40,22,   5.2280000000
2020,9,21,13,40,22,   5.2240000000
2020,9,21,13,40,23,   5.2240000000
2020,9,21,13,40,23,   5.2240000000
2020,9,21,13,40,23,   5.2240000000
2020,9,21,13,40,24,   5.2240000000
2020,9,21,13,40,24,   5.2280000000
2020,9,21,13,40,24,   5.2280000000
2020,9,21,13,40,24,   5.2280000000
2020,9,21,13,40,25,   5.2240000000
2020,9,21,13,40,25,   5.2200000000
2020,9,21,13,40,25,   5.2120000000
2020,9,21,13,40,25,   5.2120000000
2020,9,21,13,40,26,   5.2240000000
2020,9,21,13,40,26,   5.2240000000
2020,9,21,13,40,26,   5.2240000000
2020,9,21,13,40,26,   5.2240000000
2020,9,21,13,40,27,   5.2280000000
2020,9,21,13,40,27,   5.2240000000
2020,9,21,13,40,27,   5.2240000000
2020,9,21,13,40,27,   5.2320000000
2020,9,21,13,40,28,   5.2240000000
2020,9,21,13,40,28,   5.2280000000
2020,9,21,13,40,28,   5.2240000000
2020,9,21,13,40,29,   5.2240000000
2020,9,21,13,40,29,   5.2280000000
2020,9,21,13,40,29,   5.2280000000
2020,9,21,13,40,29,   5.2240000000
2020,9,21,13,40,30,   5.2280000000
2020,9,21,13,40,30,   5.2240000000
2020,9,21,13,40,30,   5.2240000000
2020,9,21,13,40,30,   5.2240000000
2020,9,21,13,40,31,   5.2200000000
2020,9,21,13,40,31,   5.2120000000
2020,9,21,13,40,31,   5.2280000000
2020,9,21,13,40,31,   5.2280000000
2020,9,21,13,40,32,   5.2240000000
2020,9,21,13,40,32,   5.2240000000
2020,9,21,13,40,32,   5.2240000000
2020,9,21,13,40,33,   5.2280000000
2020,9,21,13,40,33,   5.2280000000
2020,9,21,13,40,33,   5.2240000000
2020,9,21,13,40,33,   5.2240000000
2020,9,21,13,40,34,   5.2240000000
2020,9,21,13,40,34,   5.2200000000
2020,9,21,13,40,34,   5.2280000000
2020,9,21,13,40,34,   5.2320000000
2020,9,21,13,40,35,   5.2240000000
2020,9,21,13,40,35,   5.2240000000
2020,9,21,13,40,35,   5.2240000000
2020,9,21,13,40,35,   5.2320000000
2020,9,21,13,40,36,   5.2240000000
2020,9,21,13,40,36,   5.2320000000
2020,9,21,13,40,36,   5.2160000000
2020,9,21,13,40,36,   5.2080000000
2020,9,21,13,40,37,   5.2240000000
2020,9,21,13,40,37,   5.2280000000
2020,9,21,13,40,37,   5.2240000000
2020,9,21,13,40,37,   5.2240000000
2020,9,21,13,40,38,   5.2280000000
2020,9,21,13,40,38,   5.2240000000
2020,9,21,13,40,38,   5.2280000000
2020,9,21,13,40,39,   5.2240000000
2020,9,21,13,40,39,   5.2280000000
2020,9,21,13,40,39,   5.2280000000
2020,9,21,13,40,39,   5.2240000000
2020,9,21,13,40,40,   5.2240000000
2020,9,21,13,40,40,   5.2320000000
2020,9,21,13,40,40,   5.2240000000
2020,9,21,13,40,40,   5.2280000000
2020,9,21,13,40,41,   5.2280000000
2020,9,21,13,40,41,   5.2280000000
2020,9,21,13,40,41,   5.2320000000
2020,9,21,13,40,41,   5.2280000000
2020,9,21,13,40,42,   5.2280000000
2020,9,21,13,40,42,   5.2160000000
2020,9,21,13,40,42,   5.2240000000
2020,9,21,13,40,43,   5.2240000000
2020,9,21,13,40,43,   5.2280000000
2020,9,21,13,40,43,   5.2240000000
2020,9,21,13,40,43,   5.2240000000
2020,9,21,13,40,44,   5.2240000000
2020,9,21,13,40,44,   5.2280000000
2020,9,21,13,40,44,   5.2240000000
2020,9,21,13,40,44,   5.2240000000
2020,9,21,13,40,45,   5.2240000000
2020,9,21,13,40,45,   5.2280000000
2020,9,21,13,40,45,   5.2240000000
2020,9,21,13,40,45,   5.2240000000
2020,9,21,13,40,46,   5.2320000000
2020,9,21,13,40,46,   5.2240000000
2020,9,21,13,40,46,   5.2280000000
2020,9,21,13,40,46,   5.2240000000
2020,9,21,13,40,47,   5.2240000000
2020,9,21,13,40,47,   5.2280000000
2020,9,21,13,40,47,   5.2240000000
2020,9,21,13,40,47,   5.2160000000
2020,9,21,13,40,48,   5.2160000000
2020,9,21,13,40,48,   5.2280000000
2020,9,21,13,40,48,   5.2280000000
2020,9,21,13,40,49,   5.2280000000
2020,9,21,13,40,49,   5.2280000000
2020,9,21,13,40,49,   5.2240000000
2020,9,21,13,40,49,   5.2280000000
2020,9,21,13,40,50,   5.2240000000
2020,9,21,13,40,50,   5.2240000000
2020,9,21,13,40,50,   5.2320000000
2020,9,21,13,40,50,   5.2240000000
2020,9,21,13,40,51,   5.2240000000
2020,9,21,13,40,51,   5.2240000000
2020,9,21,13,40,51,   5.2120000000
2020,9,21,13,40,51,   5.2240000000
2020,9,21,13,40,52,   5.2280000000
2020,9,21,13,40,52,   5.2280000000
2020,9,21,13,40,52,   5.2280000000
2020,9,21,13,40,53,   5.2320000000
2020,9,21,13,40,53,   5.1080000000
2020,9,21,13,40,53,   5.2200000000
2020,9,21,13,40,53,   5.2200000000
2020,9,21,13,40,54,   5.2280000000
2020,9,21,13,40,54,   5.2280000000
2020,9,21,13,40,54,   5.2240000000
2020,9,21,13,40,54,   5.2240000000
2020,9,21,13,40,55,   5.2160000000
2020,9,21,13,40,55,   5.2320000000
2020,9,21,13,40,55,   5.2240000000
2020,9,21,13,40,55,   5.2280000000
2020,9,21,13,40,56,   5.2320000000
2020,9,21,13,40,56,   5.2280000000
2020,9,21,13,40,56,   5.2240000000
2020,9,21,13,40,56,   5.2240000000
2020,9,21,13,40,57,   5.2240000000
2020,9,21,13,40,57,   5.2280000000
2020,9,21,13,40,57,   5.2280000000
2020,9,21,13,40,58,   5.2280000000
2020,9,21,13,40,58,   5.2280000000
2020,9,21,13,40,58,   5.2320000000
2020,9,21,13,40,58,   5.2160000000
2020,9,21,13,40,59,   5.2160000000
2020,9,21,13,40,59,   5.2240000000
2020,9,21,13,40,59,   5.2240000000
2020,9,21,13,40,59,   5.2320000000
2020,9,21,13,41,0,   5.2240000000
2020,9,21,13,41,0,   5.2240000000
2020,9,21,13,41,0,   5.2240000000
2020,9,21,13,41,0,   5.2240000000
2020,9,21,13,41,1,   5.2240000000
2020,9,21,13,41,1,   5.2280000000
2020,9,21,13,41,1,   5.2240000000
2020,9,21,13,41,1,   5.2320000000
2020,9,21,13,41,2,   5.2240000000
2020,9,21,13,41,2,   5.2280000000
2020,9,21,13,41,2,   5.2280000000
2020,9,21,13,41,3,   5.2320000000
2020,9,21,13,41,3,   5.2280000000
2020,9,21,13,41,3,   5.2280000000
2020,9,21,13,41,3,   5.2240000000
2020,9,21,13,41,4,   5.2280000000
2020,9,21,13,41,4,   5.2280000000
2020,9,21,13,41,4,   5.2080000000
2020,9,21,13,41,4,   5.2160000000
2020,9,21,13,41,5,   5.2320000000
2020,9,21,13,41,5,   5.2280000000
2020,9,21,13,41,5,   5.2240000000
2020,9,21,13,41,5,   5.2280000000
2020,9,21,13,41,6,   5.2280000000
2020,9,21,13,41,6,   5.2280000000
2020,9,21,13,41,6,   5.2240000000
2020,9,21,13,41,6,   5.2280000000
2020,9,21,13,41,7,   5.2280000000
2020,9,21,13,41,7,   5.2240000000
2020,9,21,13,41,7,   5.2240000000
2020,9,21,13,41,8,   5.2280000000
2020,9,21,13,41,8,   5.2240000000
2020,9,21,13,41,8,   5.2240000000
2020,9,21,13,41,8,   5.2280000000
2020,9,21,13,41,9,   5.2240000000
2020,9,21,13,41,9,   5.2280000000
2020,9,21,13,41,9,   5.2240000000
2020,9,21,13,41,9,   5.2160000000
2020,9,21,13,41,10,   5.2200000000
2020,9,21,13,41,10,   5.2240000000
2020,9,21,13,41,10,   5.2240000000
2020,9,21,13,41,10,   5.2240000000
2020,9,21,13,41,11,   5.2240000000
2020,9,21,13,41,11,   5.2240000000
2020,9,21,13,41,11,   5.2240000000
2020,9,21,13,41,11,   5.2240000000
2020,9,21,13,41,12,   5.2280000000
2020,9,21,13,41,12,   5.2280000000
2020,9,21,13,41,12,   5.2320000000
2020,9,21,13,41,13,   5.2280000000
2020,9,21,13,41,13,   5.2240000000
2020,9,21,13,41,13,   5.2240000000
2020,9,21,13,41,13,   5.2360000000
2020,9,21,13,41,14,   5.2240000000
2020,9,21,13,41,14,   5.2280000000
2020,9,21,13,41,14,   5.2120000000
2020,9,21,13,41,14,   5.2120000000
2020,9,21,13,41,15,   5.2240000000
2020,9,21,13,41,15,   5.2280000000
2020,9,21,13,41,15,   5.2240000000
2020,9,21,13,41,15,   5.2240000000
2020,9,21,13,41,16,   5.2240000000
2020,9,21,13,41,16,   5.2240000000
2020,9,21,13,41,16,   5.2280000000
2020,9,21,13,41,16,   5.2240000000
2020,9,21,13,41,17,   5.2320000000
2020,9,21,13,41,17,   5.2280000000
2020,9,21,13,41,17,   5.2240000000
2020,9,21,13,41,18,   5.2240000000
2020,9,21,13,41,18,   5.2240000000
2020,9,21,13,41,18,   5.2280000000
2020,9,21,13,41,18,   5.2240000000
2020,9,21,13,41,19,   5.2240000000
2020,9,21,13,41,19,   5.2280000000
2020,9,21,13,41,19,   5.2280000000
2020,9,21,13,41,19,   5.2200000000
2020,9,21,13,41,20,   5.2160000000
2020,9,21,13,41,20,   5.2160000000
2020,9,21,13,41,20,   5.2240000000
2020,9,21,13,41,20,   5.2240000000
2020,9,21,13,41,21,   5.2320000000
2020,9,21,13,41,21,   5.2280000000
2020,9,21,13,41,21,   5.2280000000
2020,9,21,13,41,21,   5.2240000000
2020,9,21,13,41,22,   5.2240000000
2020,9,21,13,41,22,   5.2240000000
2020,9,21,13,41,22,   5.2240000000
2020,9,21,13,41,23,   5.2280000000
2020,9,21,13,41,23,   5.2280000000
2020,9,21,13,41,23,   5.2240000000
2020,9,21,13,41,23,   5.2280000000
2020,9,21,13,41,24,   5.2240000000
2020,9,21,13,41,24,   5.2320000000
2020,9,21,13,41,24,   5.2240000000
2020,9,21,13,41,24,   5.2320000000
2020,9,21,13,41,25,   5.2240000000
2020,9,21,13,41,25,   5.2240000000
2020,9,21,13,41,25,   5.2160000000
2020,9,21,13,41,25,   5.0920000000
2020,9,21,13,41,26,   5.2320000000
2020,9,21,13,41,26,   5.2240000000
2020,9,21,13,41,26,   5.2280000000
2020,9,21,13,41,26,   5.2280000000
2020,9,21,13,41,27,   5.2240000000
2020,9,21,13,41,27,   5.2280000000
2020,9,21,13,41,27,   5.2240000000
2020,9,21,13,41,28,   5.2280000000
2020,9,21,13,41,28,   5.2240000000
2020,9,21,13,41,28,   5.2320000000
2020,9,21,13,41,28,   5.2240000000
2020,9,21,13,41,29,   5.2240000000
2020,9,21,13,41,29,   5.2320000000
2020,9,21,13,41,29,   5.2240000000
2020,9,21,13,41,29,   5.2240000000
2020,9,21,13,41,30,   5.2280000000
2020,9,21,13,41,30,   5.2240000000
2020,9,21,13,41,30,   5.2280000000
2020,9,21,13,41,30,   5.2280000000
2020,9,21,13,41,31,   5.2120000000
2020,9,21,13,41,31,   5.2120000000
2020,9,21,13,41,31,   5.2280000000
2020,9,21,13,41,31,   5.2280000000
2020,9,21,13,41,32,   5.2280000000
2020,9,21,13,41,32,   5.2280000000
2020,9,21,13,41,32,   5.2240000000
2020,9,21,13,41,33,   5.2320000000
2020,9,21,13,41,33,   5.2280000000
2020,9,21,13,41,33,   5.2280000000
2020,9,21,13,41,33,   5.2280000000
2020,9,21,13,41,34,   5.2240000000
2020,9,21,13,41,34,   5.2280000000
2020,9,21,13,41,34,   5.2280000000
2020,9,21,13,41,34,   5.2280000000
2020,9,21,13,41,35,   5.2240000000
2020,9,21,13,41,35,   5.2280000000
2020,9,21,13,41,35,   5.2240000000
2020,9,21,13,41,35,   5.2280000000
2020,9,21,13,41,36,   5.2320000000
2020,9,21,13,41,36,   5.2240000000
2020,9,21,13,41,36,   5.2160000000
2020,9,21,13,41,36,   5.0960000000
2020,9,21,13,41,37,   5.2280000000
2020,9,21,13,41,37,   5.2240000000
2020,9,21,13,41,37,   5.2240000000
2020,9,21,13,41,38,   5.2240000000
2020,9,21,13,41,38,   5.2240000000
2020,9,21,13,41,38,   5.2280000000
2020,9,21,13,41,38,   5.2320000000
2020,9,21,13,41,39,   5.2280000000
2020,9,21,13,41,39,   5.2280000000
2020,9,21,13,41,39,   5.2280000000
2020,9,21,13,41,39,   5.2280000000
2020,9,21,13,41,40,   5.2240000000
2020,9,21,13,41,40,   5.2240000000
2020,9,21,13,41,40,   5.2280000000
2020,9,21,13,41,40,   5.2240000000
2020,9,21,13,41,41,   5.2280000000
2020,9,21,13,41,41,   5.2320000000
2020,9,21,13,41,41,   5.2240000000
2020,9,21,13,41,41,   5.2320000000
2020,9,21,13,41,42,   5.2240000000
2020,9,21,13,41,42,   5.2120000000
2020,9,21,13,41,42,   5.2200000000
2020,9,21,13,41,42,   5.2280000000
2020,9,21,13,41,43,   5.2240000000
2020,9,21,13,41,43,   5.2280000000
2020,9,21,13,41,43,   5.2280000000
2020,9,21,13,41,44,   5.2240000000
2020,9,21,13,41,44,   5.2240000000
2020,9,21,13,41,44,   5.2280000000
2020,9,21,13,41,44,   5.2280000000
2020,9,21,13,41,45,   5.2240000000
2020,9,21,13,41,45,   5.2240000000
2020,9,21,13,41,45,   5.2280000000
2020,9,21,13,41,45,   5.2240000000
2020,9,21,13,41,46,   5.2240000000
2020,9,21,13,41,46,   5.2240000000
2020,9,21,13,41,46,   5.2280000000
2020,9,21,13,41,46,   5.2240000000
2020,9,21,13,41,47,   5.2280000000
2020,9,21,13,41,47,   5.2240000000
2020,9,21,13,41,47,   5.2280000000
2020,9,21,13,41,47,   5.2120000000
2020,9,21,13,41,48,   5.2120000000
2020,9,21,13,41,48,   5.2240000000
2020,9,21,13,41,48,   5.2240000000
2020,9,21,13,41,49,   5.2320000000
2020,9,21,13,41,49,   5.2240000000
2020,9,21,13,41,49,   5.2280000000
2020,9,21,13,41,49,   5.2280000000
2020,9,21,13,41,50,   5.2240000000
2020,9,21,13,41,50,   5.2240000000
2020,9,21,13,41,50,   5.2240000000
2020,9,21,13,41,50,   5.2240000000
2020,9,21,13,41,51,   5.2280000000
2020,9,21,13,41,51,   5.2280000000
2020,9,21,13,41,51,   5.2240000000
2020,9,21,13,41,51,   5.2320000000
2020,9,21,13,41,52,   5.2240000000
2020,9,21,13,41,52,   5.2240000000
2020,9,21,13,41,52,   5.2280000000
2020,9,21,13,41,52,   5.2240000000
2020,9,21,13,41,53,   5.2240000000
2020,9,21,13,41,53,   5.2160000000
2020,9,21,13,41,53,   5.0760000000
2020,9,21,13,41,54,   5.2240000000
2020,9,21,13,41,54,   5.2240000000
2020,9,21,13,41,54,   5.2280000000
2020,9,21,13,41,54,   5.2240000000
2020,9,21,13,41,55,   5.2240000000
2020,9,21,13,41,55,   5.2280000000
2020,9,21,13,41,55,   5.2240000000
2020,9,21,13,41,55,   5.2240000000
2020,9,21,13,41,56,   5.2240000000
2020,9,21,13,41,56,   5.2280000000
2020,9,21,13,41,56,   5.2320000000
2020,9,21,13,41,56,   5.2280000000
2020,9,21,13,41,57,   5.2280000000
2020,9,21,13,41,57,   5.2240000000
2020,9,21,13,41,57,   5.2240000000
2020,9,21,13,41,57,   5.2320000000
2020,9,21,13,41,58,   5.2240000000
2020,9,21,13,41,58,   5.2280000000
2020,9,21,13,41,58,   5.2280000000
2020,9,21,13,41,58,   5.0920000000
2020,9,21,13,41,59,   5.2120000000
2020,9,21,13,41,59,   5.2280000000
2020,9,21,13,41,59,   5.2280000000
2020,9,21,13,42,0,   5.2280000000
2020,9,21,13,42,0,   5.2280000000
2020,9,21,13,42,0,   5.2280000000
2020,9,21,13,42,0,   5.2280000000
2020,9,21,13,42,1,   5.2320000000
2020,9,21,13,42,1,   5.2320000000
2020,9,21,13,42,1,   5.2280000000
2020,9,21,13,42,1,   5.2280000000
2020,9,21,13,42,2,   5.2240000000
2020,9,21,13,42,2,   5.2240000000
2020,9,21,13,42,2,   5.2240000000
2020,9,21,13,42,2,   5.2280000000
2020,9,21,13,42,3,   5.2240000000
2020,9,21,13,42,3,   5.2280000000
2020,9,21,13,42,3,   5.2240000000
2020,9,21,13,42,4,   5.2240000000
2020,9,21,13,42,4,   5.1160000000
2020,9,21,13,42,4,   5.2200000000
2020,9,21,13,42,4,   5.2240000000
2020,9,21,13,42,5,   5.2240000000
2020,9,21,13,42,5,   5.2240000000
2020,9,21,13,42,5,   5.2280000000
2020,9,21,13,42,5,   5.2240000000
2020,9,21,13,42,6,   5.2280000000
2020,9,21,13,42,6,   5.2240000000
2020,9,21,13,42,6,   5.2240000000
2020,9,21,13,42,7,   5.2240000000
2020,9,21,13,42,7,   5.2320000000
2020,9,21,13,42,7,   5.2280000000
2020,9,21,13,42,7,   5.2280000000
2020,9,21,13,42,8,   5.2320000000
2020,9,21,13,42,8,   5.2320000000
2020,9,21,13,42,8,   5.2240000000
2020,9,21,13,42,8,   5.2280000000
2020,9,21,13,42,9,   5.2240000000
2020,9,21,13,42,9,   5.2320000000
2020,9,21,13,42,9,   5.2280000000
2020,9,21,13,42,9,   5.2120000000
2020,9,21,13,42,10,   5.2120000000
2020,9,21,13,42,10,   5.2240000000
2020,9,21,13,42,10,   5.2280000000
2020,9,21,13,42,10,   5.2240000000
2020,9,21,13,42,11,   5.2280000000
2020,9,21,13,42,11,   5.2280000000
2020,9,21,13,42,11,   5.2240000000
2020,9,21,13,42,11,   5.2280000000
2020,9,21,13,42,12,   5.2320000000
2020,9,21,13,42,12,   5.2280000000
2020,9,21,13,42,12,   5.2280000000
2020,9,21,13,42,13,   5.2360000000
2020,9,21,13,42,13,   5.2360000000
2020,9,21,13,42,13,   5.2280000000
2020,9,21,13,42,13,   5.2280000000
2020,9,21,13,42,14,   5.2280000000
2020,9,21,13,42,14,   5.2240000000
2020,9,21,13,42,14,   5.2160000000
2020,9,21,13,42,14,   5.2120000000
2020,9,21,13,42,15,   5.2240000000
2020,9,21,13,42,15,   5.2280000000
2020,9,21,13,42,15,   5.2240000000
2020,9,21,13,42,15,   5.2240000000
2020,9,21,13,42,16,   5.2280000000
2020,9,21,13,42,16,   5.2280000000
2020,9,21,13,42,16,   5.2320000000
2020,9,21,13,42,17,   5.2240000000
2020,9,21,13,42,17,   5.2240000000
2020,9,21,13,42,17,   5.2280000000
2020,9,21,13,42,17,   5.2240000000
2020,9,21,13,42,18,   5.2280000000
2020,9,21,13,42,18,   5.2240000000
2020,9,21,13,42,18,   5.2280000000
2020,9,21,13,42,18,   5.2240000000
2020,9,21,13,42,19,   5.2240000000
2020,9,21,13,42,19,   5.2240000000
2020,9,21,13,42,19,   5.2320000000
2020,9,21,13,42,19,   5.2240000000
2020,9,21,13,42,20,   5.1760000000
2020,9,21,13,42,20,   5.2120000000
2020,9,21,13,42,20,   5.2240000000
2020,9,21,13,42,20,   5.2240000000
2020,9,21,13,42,21,   5.2280000000
2020,9,21,13,42,21,   5.2240000000
2020,9,21,13,42,21,   5.2280000000
2020,9,21,13,42,21,   5.2320000000
2020,9,21,13,42,22,   5.2240000000
2020,9,21,13,42,22,   5.2240000000
2020,9,21,13,42,22,   5.2240000000
2020,9,21,13,42,23,   5.2320000000
2020,9,21,13,42,23,   5.2240000000
2020,9,21,13,42,23,   5.2240000000
2020,9,21,13,42,23,   5.2240000000
2020,9,21,13,42,24,   5.2240000000
2020,9,21,13,42,24,   5.2280000000
2020,9,21,13,42,24,   5.2280000000
2020,9,21,13,42,24,   5.2240000000
2020,9,21,13,42,25,   5.2240000000
2020,9,21,13,42,25,   5.2240000000
2020,9,21,13,42,25,   5.2200000000
2020,9,21,13,42,25,   5.2160000000
2020,9,21,13,42,26,   5.2200000000
2020,9,21,13,42,26,   5.2280000000
2020,9,21,13,42,26,   5.2280000000
2020,9,21,13,42,27,   5.2240000000
2020,9,21,13,42,27,   5.2280000000
2020,9,21,13,42,27,   5.2280000000
2020,9,21,13,42,27,   5.2240000000
2020,9,21,13,42,28,   5.2320000000
2020,9,21,13,42,28,   5.2240000000
2020,9,21,13,42,28,   5.2280000000
2020,9,21,13,42,28,   5.2240000000
2020,9,21,13,42,29,   5.2240000000
2020,9,21,13,42,29,   5.2320000000
2020,9,21,13,42,29,   5.2240000000
2020,9,21,13,42,29,   5.2240000000
2020,9,21,13,42,30,   5.2240000000
2020,9,21,13,42,30,   5.2320000000
2020,9,21,13,42,30,   5.2240000000
2020,9,21,13,42,30,   5.2240000000
2020,9,21,13,42,31,   5.2120000000
2020,9,21,13,42,31,   5.2160000000
2020,9,21,13,42,31,   5.2240000000
2020,9,21,13,42,32,   5.2240000000
2020,9,21,13,42,32,   5.2240000000
2020,9,21,13,42,32,   5.2240000000
2020,9,21,13,42,32,   5.2240000000
2020,9,21,13,42,33,   5.2240000000
2020,9,21,13,42,33,   5.2240000000
2020,9,21,13,42,33,   5.2240000000
2020,9,21,13,42,33,   5.2280000000
2020,9,21,13,42,34,   5.2240000000
2020,9,21,13,42,34,   5.2280000000
2020,9,21,13,42,34,   5.2240000000
2020,9,21,13,42,34,   5.2280000000
2020,9,21,13,42,35,   5.2240000000
2020,9,21,13,42,35,   5.2280000000
2020,9,21,13,42,35,   5.2240000000
2020,9,21,13,42,35,   5.2280000000
2020,9,21,13,42,36,   5.2320000000
2020,9,21,13,42,36,   5.2280000000
2020,9,21,13,42,36,   5.2120000000
2020,9,21,13,42,37,   5.2120000000
2020,9,21,13,42,37,   5.2240000000
2020,9,21,13,42,37,   5.2240000000
2020,9,21,13,42,37,   5.2240000000
2020,9,21,13,42,38,   5.2280000000
2020,9,21,13,42,38,   5.2280000000
2020,9,21,13,42,38,   5.2240000000
2020,9,21,13,42,38,   5.2240000000
2020,9,21,13,42,39,   5.2120000000
2020,9,21,13,42,39,   5.2240000000
2020,9,21,13,42,39,   5.2200000000
2020,9,21,13,42,39,   5.2280000000
2020,9,21,13,42,40,   5.2240000000
2020,9,21,13,42,40,   5.2280000000
2020,9,21,13,42,40,   5.2240000000
2020,9,21,13,42,40,   5.2240000000
2020,9,21,13,42,41,   5.2240000000
2020,9,21,13,42,41,   5.2320000000
2020,9,21,13,42,41,   5.2280000000
2020,9,21,13,42,41,   5.2320000000
2020,9,21,13,42,42,   5.2200000000
2020,9,21,13,42,42,   5.2200000000
2020,9,21,13,42,42,   5.2240000000
2020,9,21,13,42,43,   5.2240000000
2020,9,21,13,42,43,   5.2320000000
2020,9,21,13,42,43,   5.2240000000
2020,9,21,13,42,43,   5.2320000000
2020,9,21,13,42,44,   5.2280000000
2020,9,21,13,42,44,   5.2240000000
2020,9,21,13,42,44,   5.2280000000
2020,9,21,13,42,44,   5.2240000000
2020,9,21,13,42,45,   5.2280000000
2020,9,21,13,42,45,   5.2240000000
2020,9,21,13,42,45,   5.2240000000
2020,9,21,13,42,45,   5.2240000000
2020,9,21,13,42,46,   5.2240000000
2020,9,21,13,42,46,   5.2280000000
2020,9,21,13,42,46,   5.2280000000
2020,9,21,13,42,47,   5.2240000000
2020,9,21,13,42,47,   5.2240000000
2020,9,21,13,42,47,   5.2240000000
2020,9,21,13,42,47,   5.2080000000
2020,9,21,13,42,48,   5.0920000000
2020,9,21,13,42,48,   5.2200000000
2020,9,21,13,42,48,   5.2240000000
2020,9,21,13,42,48,   5.2280000000
2020,9,21,13,42,49,   5.2240000000
2020,9,21,13,42,49,   5.2240000000
2020,9,21,13,42,49,   5.2280000000
2020,9,21,13,42,49,   5.2280000000
2020,9,21,13,42,50,   5.2240000000
2020,9,21,13,42,50,   5.2280000000
2020,9,21,13,42,50,   5.2240000000
2020,9,21,13,42,50,   5.2280000000
2020,9,21,13,42,51,   5.2280000000
2020,9,21,13,42,51,   5.2280000000
2020,9,21,13,42,51,   5.2280000000
2020,9,21,13,42,52,   5.2240000000
2020,9,21,13,42,52,   5.2280000000
2020,9,21,13,42,52,   5.2280000000
2020,9,21,13,42,52,   5.2240000000
2020,9,21,13,42,53,   5.2240000000
2020,9,21,13,42,53,   5.2240000000
2020,9,21,13,42,53,   5.2160000000
2020,9,21,13,42,53,   5.2200000000
2020,9,21,13,42,54,   5.2240000000
2020,9,21,13,42,54,   5.2280000000
2020,9,21,13,42,54,   5.2240000000
2020,9,21,13,42,54,   5.2240000000
2020,9,21,13,42,55,   5.2320000000
2020,9,21,13,42,55,   5.2240000000
2020,9,21,13,42,55,   5.2280000000
2020,9,21,13,42,55,   5.2240000000
2020,9,21,13,42,56,   5.2240000000
2020,9,21,13,42,56,   5.2280000000
2020,9,21,13,42,56,   5.2240000000
2020,9,21,13,42,56,   5.2280000000
2020,9,21,13,42,57,   5.2240000000
2020,9,21,13,42,57,   5.2240000000
2020,9,21,13,42,57,   5.2240000000
2020,9,21,13,42,58,   5.2240000000
2020,9,21,13,42,58,   5.2240000000
2020,9,21,13,42,58,   5.2280000000
2020,9,21,13,42,58,   5.2240000000
2020,9,21,13,42,59,   5.2120000000
2020,9,21,13,42,59,   5.2120000000
2020,9,21,13,42,59,   5.2280000000
2020,9,21,13,42,59,   5.2240000000
2020,9,21,13,43,0,   5.2240000000
2020,9,21,13,43,0,   5.2240000000
2020,9,21,13,43,0,   5.2240000000
2020,9,21,13,43,0,   5.2240000000
2020,9,21,13,43,1,   5.2280000000
2020,9,21,13,43,1,   5.2240000000
2020,9,21,13,43,1,   5.2240000000
2020,9,21,13,43,1,   5.2200000000
2020,9,21,13,43,2,   5.2240000000
2020,9,21,13,43,2,   5.2280000000
2020,9,21,13,43,2,   5.2280000000
2020,9,21,13,43,3,   5.2240000000
2020,9,21,13,43,3,   5.2280000000
2020,9,21,13,43,3,   5.2280000000
2020,9,21,13,43,3,   5.2240000000
2020,9,21,13,43,4,   5.2280000000
2020,9,21,13,43,4,   5.2240000000
2020,9,21,13,43,4,   5.2160000000
2020,9,21,13,43,4,   5.2160000000
2020,9,21,13,43,5,   5.2240000000
2020,9,21,13,43,5,   5.2240000000
2020,9,21,13,43,5,   5.2240000000
2020,9,21,13,43,5,   5.2240000000
2020,9,21,13,43,6,   5.2280000000
2020,9,21,13,43,6,   5.2280000000
2020,9,21,13,43,6,   5.2320000000
2020,9,21,13,43,6,   5.2240000000
2020,9,21,13,43,7,   5.2240000000
2020,9,21,13,43,7,   5.2240000000
2020,9,21,13,43,7,   5.2320000000
2020,9,21,13,43,7,   5.2280000000
2020,9,21,13,43,8,   5.2280000000
2020,9,21,13,43,8,   5.2240000000
2020,9,21,13,43,8,   5.2240000000
2020,9,21,13,43,9,   5.2280000000
2020,9,21,13,43,9,   5.2240000000
2020,9,21,13,43,9,   5.2240000000
2020,9,21,13,43,9,   5.2240000000
2020,9,21,13,43,10,   5.2160000000
2020,9,21,13,43,10,   5.2200000000
2020,9,21,13,43,10,   5.2240000000
2020,9,21,13,43,10,   5.2240000000
2020,9,21,13,43,11,   5.2240000000
2020,9,21,13,43,11,   5.2240000000
2020,9,21,13,43,11,   5.2240000000
2020,9,21,13,43,11,   5.2240000000
2020,9,21,13,43,12,   5.2240000000
2020,9,21,13,43,12,   5.2240000000
2020,9,21,13,43,12,   5.2240000000
2020,9,21,13,43,12,   5.2240000000
2020,9,21,13,43,13,   5.2240000000
2020,9,21,13,43,13,   5.2280000000
2020,9,21,13,43,13,   5.2240000000
2020,9,21,13,43,14,   5.2240000000
2020,9,21,13,43,14,   5.2280000000
2020,9,21,13,43,14,   5.2240000000
2020,9,21,13,43,14,   5.2200000000
2020,9,21,13,43,15,   5.2120000000
2020,9,21,13,43,15,   5.2240000000
2020,9,21,13,43,15,   5.2240000000
2020,9,21,13,43,15,   5.2280000000
2020,9,21,13,43,16,   5.2240000000
2020,9,21,13,43,16,   5.2240000000
2020,9,21,13,43,16,   5.2280000000
2020,9,21,13,43,16,   5.2240000000
2020,9,21,13,43,17,   5.2240000000
2020,9,21,13,43,17,   5.2240000000
2020,9,21,13,43,17,   5.2240000000
2020,9,21,13,43,17,   5.2320000000
2020,9,21,13,43,18,   5.2320000000
2020,9,21,13,43,18,   5.2240000000
2020,9,21,13,43,18,   5.2240000000
2020,9,21,13,43,19,   5.2240000000
2020,9,21,13,43,19,   5.2280000000
2020,9,21,13,43,19,   5.2240000000
2020,9,21,13,43,19,   5.2240000000
2020,9,21,13,43,20,   5.2280000000
2020,9,21,13,43,20,   5.2160000000
2020,9,21,13,43,20,   5.2160000000
2020,9,21,13,43,20,   5.2320000000
2020,9,21,13,43,21,   5.2320000000
2020,9,21,13,43,21,   5.2280000000
2020,9,21,13,43,21,   5.2280000000
2020,9,21,13,43,21,   5.2240000000
2020,9,21,13,43,22,   5.2240000000
2020,9,21,13,43,22,   5.2240000000
2020,9,21,13,43,22,   5.2240000000
2020,9,21,13,43,22,   5.2240000000
2020,9,21,13,43,23,   5.2240000000
2020,9,21,13,43,23,   5.2240000000
2020,9,21,13,43,23,   5.2240000000
2020,9,21,13,43,23,   5.2240000000
2020,9,21,13,43,24,   5.2240000000
2020,9,21,13,43,24,   5.2240000000
2020,9,21,13,43,24,   5.2280000000
2020,9,21,13,43,25,   5.2240000000
2020,9,21,13,43,25,   5.2240000000
2020,9,21,13,43,25,   5.2320000000
2020,9,21,13,43,25,   5.2160000000
2020,9,21,13,43,26,   5.2120000000
2020,9,21,13,43,26,   5.2320000000
2020,9,21,13,43,26,   5.2240000000
2020,9,21,13,43,26,   5.2240000000
2020,9,21,13,43,27,   5.2280000000
2020,9,21,13,43,27,   5.2280000000
2020,9,21,13,43,27,   5.2240000000
2020,9,21,13,43,27,   5.2240000000
2020,9,21,13,43,28,   5.2280000000
2020,9,21,13,43,28,   5.2240000000
2020,9,21,13,43,28,   5.2320000000
2020,9,21,13,43,28,   5.2240000000
2020,9,21,13,43,29,   5.2240000000
2020,9,21,13,43,29,   5.2240000000
2020,9,21,13,43,29,   5.2240000000
2020,9,21,13,43,30,   5.2240000000
2020,9,21,13,43,30,   5.2240000000
2020,9,21,13,43,30,   5.2240000000
2020,9,21,13,43,30,   5.2280000000
2020,9,21,13,43,31,   5.2240000000
2020,9,21,13,43,31,   5.1200000000
2020,9,21,13,43,31,   5.2080000000
2020,9,21,13,43,31,   5.2240000000
2020,9,21,13,43,32,   5.2240000000
2020,9,21,13,43,32,   5.2240000000
2020,9,21,13,43,32,   5.2280000000
2020,9,21,13,43,32,   5.2280000000
2020,9,21,13,43,33,   5.2240000000
2020,9,21,13,43,33,   5.2240000000
2020,9,21,13,43,33,   5.2280000000
2020,9,21,13,43,33,   5.2280000000
2020,9,21,13,43,34,   5.2280000000
2020,9,21,13,43,34,   5.2240000000
2020,9,21,13,43,34,   5.2320000000
2020,9,21,13,43,35,   5.2240000000
2020,9,21,13,43,35,   5.2280000000
2020,9,21,13,43,35,   5.2240000000
2020,9,21,13,43,35,   5.2240000000
2020,9,21,13,43,36,   5.2320000000
2020,9,21,13,43,36,   5.2320000000
2020,9,21,13,43,36,   5.2280000000
2020,9,21,13,43,36,   5.2200000000
2020,9,21,13,43,37,   5.0920000000
2020,9,21,13,43,37,   5.2280000000
2020,9,21,13,43,37,   5.2240000000
2020,9,21,13,43,37,   5.2240000000
2020,9,21,13,43,38,   5.2240000000
2020,9,21,13,43,38,   5.2240000000
2020,9,21,13,43,38,   5.2240000000
2020,9,21,13,43,38,   5.2320000000
2020,9,21,13,43,39,   5.2240000000
2020,9,21,13,43,39,   5.2280000000
2020,9,21,13,43,39,   5.2240000000
2020,9,21,13,43,40,   5.2240000000
2020,9,21,13,43,40,   5.2240000000
2020,9,21,13,43,40,   5.2280000000
2020,9,21,13,43,40,   5.2200000000
2020,9,21,13,43,41,   5.2320000000
2020,9,21,13,43,41,   5.2240000000
2020,9,21,13,43,41,   5.2280000000
2020,9,21,13,43,41,   5.2240000000
2020,9,21,13,43,42,   5.2200000000
2020,9,21,13,43,42,   5.2160000000
2020,9,21,13,43,42,   5.2120000000
2020,9,21,13,43,42,   5.2240000000
2020,9,21,13,43,43,   5.2240000000
2020,9,21,13,43,43,   5.2320000000
2020,9,21,13,43,43,   5.2240000000
2020,9,21,13,43,43,   5.2240000000
2020,9,21,13,43,44,   5.2240000000
2020,9,21,13,43,44,   5.2240000000
2020,9,21,13,43,44,   5.2240000000
2020,9,21,13,43,45,   5.2240000000
2020,9,21,13,43,45,   5.2240000000
2020,9,21,13,43,45,   5.2280000000
2020,9,21,13,43,45,   5.2280000000
2020,9,21,13,43,46,   5.2240000000
2020,9,21,13,43,46,   5.2280000000
2020,9,21,13,43,46,   5.2240000000
2020,9,21,13,43,46,   5.2240000000
2020,9,21,13,43,47,   5.2240000000
2020,9,21,13,43,47,   5.2320000000
2020,9,21,13,43,47,   5.2280000000
2020,9,21,13,43,47,   5.2160000000
2020,9,21,13,43,48,   5.2240000000
2020,9,21,13,43,48,   5.2280000000
2020,9,21,13,43,48,   5.2280000000
2020,9,21,13,43,49,   5.2240000000
2020,9,21,13,43,49,   5.2240000000
2020,9,21,13,43,49,   5.2240000000
2020,9,21,13,43,49,   5.2320000000
2020,9,21,13,43,50,   5.2280000000
2020,9,21,13,43,50,   5.2240000000
2020,9,21,13,43,50,   5.2280000000
2020,9,21,13,43,50,   5.2280000000
2020,9,21,13,43,51,   5.2240000000
2020,9,21,13,43,51,   5.2240000000
2020,9,21,13,43,51,   5.2280000000
2020,9,21,13,43,51,   5.2240000000
2020,9,21,13,43,52,   5.2280000000
2020,9,21,13,43,52,   5.2280000000
2020,9,21,13,43,52,   5.2240000000
2020,9,21,13,43,52,   5.2280000000
2020,9,21,13,43,53,   5.2240000000
2020,9,21,13,43,53,   5.2120000000
2020,9,21,13,43,53,   5.2160000000
2020,9,21,13,43,54,   5.2240000000
2020,9,21,13,43,54,   5.2320000000
2020,9,21,13,43,54,   5.2240000000
2020,9,21,13,43,54,   5.2280000000
2020,9,21,13,43,55,   5.2280000000
2020,9,21,13,43,55,   5.2240000000
2020,9,21,13,43,55,   5.2280000000
2020,9,21,13,43,55,   5.2240000000
2020,9,21,13,43,56,   5.2240000000
2020,9,21,13,43,56,   5.2280000000
2020,9,21,13,43,56,   5.2280000000
2020,9,21,13,43,56,   5.2320000000
2020,9,21,13,43,57,   5.2240000000
2020,9,21,13,43,57,   5.2280000000
2020,9,21,13,43,57,   5.2240000000
2020,9,21,13,43,58,   5.2240000000
2020,9,21,13,43,58,   5.2280000000
2020,9,21,13,43,58,   5.2320000000
2020,9,21,13,43,58,   5.2240000000
2020,9,21,13,43,59,   5.2120000000
2020,9,21,13,43,59,   5.2120000000
2020,9,21,13,43,59,   5.2240000000
2020,9,21,13,43,59,   5.2240000000
2020,9,21,13,44,0,   5.2280000000
2020,9,21,13,44,0,   5.2280000000
2020,9,21,13,44,0,   5.2320000000
2020,9,21,13,44,0,   5.2240000000
2020,9,21,13,44,1,   5.2240000000
2020,9,21,13,44,1,   5.2280000000
2020,9,21,13,44,1,   5.2240000000
2020,9,21,13,44,1,   5.2240000000
2020,9,21,13,44,2,   5.2240000000
2020,9,21,13,44,2,   5.2200000000
2020,9,21,13,44,2,   5.2280000000
2020,9,21,13,44,3,   5.2280000000
2020,9,21,13,44,3,   5.2200000000
2020,9,21,13,44,3,   5.2240000000
2020,9,21,13,44,3,   5.2280000000
2020,9,21,13,44,4,   5.2280000000
2020,9,21,13,44,4,   5.2280000000
2020,9,21,13,44,4,   5.2160000000
2020,9,21,13,44,4,   5.2080000000
2020,9,21,13,44,5,   5.2280000000
2020,9,21,13,44,5,   5.2240000000
2020,9,21,13,44,5,   5.2240000000
2020,9,21,13,44,5,   5.2320000000
2020,9,21,13,44,6,   5.2280000000
2020,9,21,13,44,6,   5.2280000000
2020,9,21,13,44,6,   5.2240000000
2020,9,21,13,44,6,   5.2240000000
2020,9,21,13,44,7,   5.2280000000
2020,9,21,13,44,7,   5.2240000000
2020,9,21,13,44,7,   5.2240000000
2020,9,21,13,44,7,   5.2320000000
2020,9,21,13,44,8,   5.2240000000
2020,9,21,13,44,8,   5.2240000000
2020,9,21,13,44,8,   5.2240000000
2020,9,21,13,44,9,   5.2240000000
2020,9,21,13,44,9,   5.2240000000
2020,9,21,13,44,9,   5.2240000000
2020,9,21,13,44,9,   5.2240000000
2020,9,21,13,44,10,   5.2040000000
2020,9,21,13,44,10,   5.2160000000
2020,9,21,13,44,10,   5.2320000000
2020,9,21,13,44,10,   5.2320000000
2020,9,21,13,44,11,   5.2320000000
2020,9,21,13,44,11,   5.2320000000
2020,9,21,13,44,11,   5.2320000000
2020,9,21,13,44,11,   5.2320000000
2020,9,21,13,44,12,   5.2240000000
2020,9,21,13,44,12,   5.2280000000
2020,9,21,13,44,12,   5.2280000000
2020,9,21,13,44,12,   5.2320000000
2020,9,21,13,44,13,   5.2320000000
2020,9,21,13,44,13,   5.2320000000
2020,9,21,13,44,13,   5.2320000000
2020,9,21,13,44,14,   5.2280000000
2020,9,21,13,44,14,   5.2320000000
2020,9,21,13,44,14,   5.2320000000
2020,9,21,13,44,14,   5.1000000000
2020,9,21,13,44,15,   5.2200000000
2020,9,21,13,44,15,   5.2320000000
2020,9,21,13,44,15,   5.2280000000
2020,9,21,13,44,15,   5.2320000000
2020,9,21,13,44,16,   5.2320000000
2020,9,21,13,44,16,   5.2320000000
2020,9,21,13,44,16,   5.2280000000
2020,9,21,13,44,16,   5.2320000000
2020,9,21,13,44,17,   5.2320000000
2020,9,21,13,44,17,   5.2280000000
2020,9,21,13,44,17,   5.2320000000
2020,9,21,13,44,17,   5.2280000000
2020,9,21,13,44,18,   5.2320000000
2020,9,21,13,44,18,   5.2320000000
2020,9,21,13,44,18,   5.2320000000
2020,9,21,13,44,18,   5.2320000000
2020,9,21,13,44,19,   5.2320000000
2020,9,21,13,44,19,   5.2320000000
2020,9,21,13,44,19,   5.2320000000
2020,9,21,13,44,19,   5.2320000000
2020,9,21,13,44,20,   5.2240000000
2020,9,21,13,44,20,   5.2200000000
2020,9,21,13,44,20,   5.2320000000
2020,9,21,13,44,21,   5.2320000000
2020,9,21,13,44,21,   5.2320000000
2020,9,21,13,44,21,   5.2320000000
2020,9,21,13,44,21,   5.2320000000
2020,9,21,13,44,22,   5.2320000000
2020,9,21,13,44,22,   5.2320000000
2020,9,21,13,44,22,   5.2320000000
2020,9,21,13,44,22,   5.2320000000
2020,9,21,13,44,23,   5.2320000000
2020,9,21,13,44,23,   5.2320000000
2020,9,21,13,44,23,   5.2280000000
2020,9,21,13,44,23,   5.2320000000
2020,9,21,13,44,24,   5.2320000000
2020,9,21,13,44,24,   5.2320000000
2020,9,21,13,44,24,   5.2320000000
2020,9,21,13,44,24,   5.2280000000
2020,9,21,13,44,25,   5.2320000000
2020,9,21,13,44,25,   5.2320000000
2020,9,21,13,44,25,   5.2200000000
2020,9,21,13,44,25,   5.2200000000
2020,9,21,13,44,26,   5.2320000000
2020,9,21,13,44,26,   5.2320000000
2020,9,21,13,44,26,   5.2320000000
2020,9,21,13,44,27,   5.2320000000
2020,9,21,13,44,27,   5.2320000000
2020,9,21,13,44,27,   5.2320000000
2020,9,21,13,44,27,   5.2320000000
2020,9,21,13,44,28,   5.2280000000
2020,9,21,13,44,28,   5.2320000000
2020,9,21,13,44,28,   5.2280000000
2020,9,21,13,44,28,   5.2320000000
2020,9,21,13,44,29,   5.2280000000
2020,9,21,13,44,29,   5.2320000000
2020,9,21,13,44,29,   5.2280000000
2020,9,21,13,44,29,   5.2320000000
2020,9,21,13,44,30,   5.2320000000
2020,9,21,13,44,30,   5.2280000000
2020,9,21,13,44,30,   5.2320000000
2020,9,21,13,44,30,   5.2320000000
2020,9,21,13,44,31,   5.2200000000
2020,9,21,13,44,31,   5.2200000000
2020,9,21,13,44,31,   5.2320000000
2020,9,21,13,44,31,   5.2320000000
2020,9,21,13,44,32,   5.2320000000
2020,9,21,13,44,32,   5.2320000000
2020,9,21,13,44,32,   5.2320000000
2020,9,21,13,44,33,   5.2320000000
2020,9,21,13,44,33,   5.2320000000
2020,9,21,13,44,33,   5.2360000000
2020,9,21,13,44,33,   5.2360000000
2020,9,21,13,44,34,   5.2320000000
2020,9,21,13,44,34,   5.2280000000
2020,9,21,13,44,34,   5.2320000000
2020,9,21,13,44,34,   5.2320000000
2020,9,21,13,44,35,   5.2320000000
2020,9,21,13,44,35,   5.2320000000
2020,9,21,13,44,35,   5.2320000000
2020,9,21,13,44,35,   5.2320000000
2020,9,21,13,44,36,   5.2320000000
2020,9,21,13,44,36,   5.2320000000
2020,9,21,13,44,36,   5.2240000000
2020,9,21,13,44,36,   5.2200000000
2020,9,21,13,44,37,   5.2280000000
2020,9,21,13,44,37,   5.2320000000
2020,9,21,13,44,37,   5.2320000000
2020,9,21,13,44,38,   5.2240000000
2020,9,21,13,44,38,   5.2320000000
2020,9,21,13,44,38,   5.2320000000
2020,9,21,13,44,38,   5.2320000000
2020,9,21,13,44,39,   5.2320000000
2020,9,21,13,44,39,   5.2320000000
2020,9,21,13,44,39,   5.2320000000
2020,9,21,13,44,39,   5.2320000000
2020,9,21,13,44,40,   5.2320000000
2020,9,21,13,44,40,   5.2360000000
2020,9,21,13,44,40,   5.2320000000
2020,9,21,13,44,40,   5.2360000000
2020,9,21,13,44,41,   5.2320000000
2020,9,21,13,44,41,   5.2320000000
2020,9,21,13,44,41,   5.2320000000
2020,9,21,13,44,41,   5.2280000000
2020,9,21,13,44,42,   5.2320000000
2020,9,21,13,44,42,   5.2240000000
2020,9,21,13,44,42,   5.2160000000
2020,9,21,13,44,42,   5.2320000000
2020,9,21,13,44,43,   5.2320000000
2020,9,21,13,44,43,   5.2320000000
2020,9,21,13,44,43,   5.2320000000
2020,9,21,13,44,44,   5.2320000000
2020,9,21,13,44,44,   5.2320000000
2020,9,21,13,44,44,   5.2320000000
2020,9,21,13,44,44,   5.2320000000
2020,9,21,13,44,45,   5.2320000000
2020,9,21,13,44,45,   5.2320000000
2020,9,21,13,44,45,   5.2320000000
2020,9,21,13,44,45,   5.2320000000
2020,9,21,13,44,46,   5.2320000000
2020,9,21,13,44,46,   5.2280000000
2020,9,21,13,44,46,   5.2320000000
2020,9,21,13,44,46,   5.2320000000
2020,9,21,13,44,47,   5.2320000000
2020,9,21,13,44,47,   5.2320000000
2020,9,21,13,44,47,   5.2320000000
2020,9,21,13,44,47,   5.2200000000
2020,9,21,13,44,48,   5.2200000000
2020,9,21,13,44,48,   5.2320000000
2020,9,21,13,44,48,   5.2320000000
2020,9,21,13,44,48,   5.2320000000
2020,9,21,13,44,49,   5.2320000000
2020,9,21,13,44,49,   5.2280000000
2020,9,21,13,44,49,   5.2320000000
2020,9,21,13,44,50,   5.2320000000
2020,9,21,13,44,50,   5.2320000000
2020,9,21,13,44,50,   5.2320000000
2020,9,21,13,44,50,   5.2320000000
2020,9,21,13,44,51,   5.2320000000
2020,9,21,13,44,51,   5.2320000000
2020,9,21,13,44,51,   5.2320000000
2020,9,21,13,44,51,   5.2320000000
2020,9,21,13,44,52,   5.2320000000
2020,9,21,13,44,52,   5.2320000000
2020,9,21,13,44,52,   5.2320000000
2020,9,21,13,44,52,   5.2320000000
2020,9,21,13,44,53,   5.2280000000
2020,9,21,13,44,53,   5.2200000000
2020,9,21,13,44,53,   5.2200000000
2020,9,21,13,44,53,   5.2320000000
2020,9,21,13,44,54,   5.2280000000
2020,9,21,13,44,54,   5.2320000000
2020,9,21,13,44,54,   5.2320000000
2020,9,21,13,44,54,   5.2320000000
2020,9,21,13,44,55,   5.2320000000
2020,9,21,13,44,55,   5.2320000000
2020,9,21,13,44,55,   5.2320000000
2020,9,21,13,44,56,   5.2280000000
2020,9,21,13,44,56,   5.2320000000
2020,9,21,13,44,56,   5.2320000000
2020,9,21,13,44,56,   5.2280000000
2020,9,21,13,44,57,   5.2360000000
2020,9,21,13,44,57,   5.2320000000
2020,9,21,13,44,57,   5.2320000000
2020,9,21,13,44,57,   5.2320000000
2020,9,21,13,44,58,   5.2280000000
2020,9,21,13,44,58,   5.2280000000
2020,9,21,13,44,58,   5.2320000000
2020,9,21,13,44,58,   5.2200000000
