2020,11,12,11,48,0, -45.1613000000
2020,11,12,11,48,0, -48.3871000000
2020,11,12,11,48,1, -50.0000000000
2020,11,12,11,48,1, -47.4194000000
2020,11,12,11,48,1, -50.0000000000
2020,11,12,11,48,1, -48.0645000000
2020,11,12,11,48,2, -48.3871000000
2020,11,12,11,48,2, -50.0000000000
2020,11,12,11,48,2, -50.0000000000
2020,11,12,11,48,3, -47.7419000000
2020,11,12,11,48,3, -50.0000000000
2020,11,12,11,48,3, -50.0000000000
2020,11,12,11,48,3, -48.3871000000
2020,11,12,11,48,4, -50.0000000000
2020,11,12,11,48,4, -47.7419000000
2020,11,12,11,48,4, -50.0000000000
2020,11,12,11,48,4, -49.0323000000
2020,11,12,11,48,5, -49.6774000000
2020,11,12,11,48,5, -48.7097000000
2020,11,12,11,48,5, -50.0000000000
2020,11,12,11,48,5, -48.3871000000
2020,11,12,11,48,6, -49.6774000000
2020,11,12,11,48,6, -50.0000000000
2020,11,12,11,48,6, -47.7419000000
2020,11,12,11,48,6, -50.0000000000
2020,11,12,11,48,7, -50.0000000000
2020,11,12,11,48,7, -47.4194000000
2020,11,12,11,48,7, -50.0000000000
2020,11,12,11,48,7, -49.0323000000
2020,11,12,11,48,8, -49.3548000000
2020,11,12,11,48,8, -49.0323000000
2020,11,12,11,48,8, -50.0000000000
2020,11,12,11,48,8, -50.0000000000
2020,11,12,11,48,9, -47.7419000000
2020,11,12,11,48,9, -50.0000000000
2020,11,12,11,48,9, -47.7419000000
2020,11,12,11,48,9, -50.0000000000
2020,11,12,11,48,10, -49.0323000000
2020,11,12,11,48,10, -49.6774000000
2020,11,12,11,48,10, -50.0000000000
2020,11,12,11,48,10, -48.0645000000
2020,11,12,11,48,11, -50.0000000000
2020,11,12,11,48,11, -47.7419000000
2020,11,12,11,48,11, -50.0000000000
2020,11,12,11,48,12, -50.0000000000
2020,11,12,11,48,12, -47.7419000000
2020,11,12,11,48,12, -50.0000000000
2020,11,12,11,48,12, -50.0000000000
2020,11,12,11,48,13, -47.7419000000
2020,11,12,11,48,13, -50.0000000000
2020,11,12,11,48,13, -49.3548000000
2020,11,12,11,48,13, -49.0323000000
2020,11,12,11,48,14, -50.0000000000
2020,11,12,11,48,14, -47.7419000000
2020,11,12,11,48,14, -50.0000000000
2020,11,12,11,48,14, -47.7419000000
2020,11,12,11,48,15, -50.0000000000
2020,11,12,11,48,15, -49.0323000000
2020,11,12,11,48,15, -50.0000000000
2020,11,12,11,48,15, -47.7419000000
2020,11,12,11,48,16, -50.0000000000
2020,11,12,11,48,16, -49.6774000000
2020,11,12,11,48,16, -49.0323000000
2020,11,12,11,48,16, -50.0000000000
2020,11,12,11,48,17, -47.7419000000
2020,11,12,11,48,17, -50.0000000000
2020,11,12,11,48,17, -49.3548000000
2020,11,12,11,48,17, -48.0645000000
2020,11,12,11,48,18, -50.0000000000
2020,11,12,11,48,18, -49.3548000000
2020,11,12,11,48,18, -48.7097000000
2020,11,12,11,48,18, -50.0000000000
2020,11,12,11,48,19, -47.7419000000
2020,11,12,11,48,19, -50.0000000000
2020,11,12,11,48,19, -48.7097000000
2020,11,12,11,48,19, -49.6774000000
2020,11,12,11,48,20, -50.0000000000
2020,11,12,11,48,20, -47.7419000000
2020,11,12,11,48,20, -50.0000000000
2020,11,12,11,48,20, -48.7097000000
2020,11,12,11,48,21, -50.0000000000
2020,11,12,11,48,21, -48.0645000000
2020,11,12,11,48,21, -49.6774000000
2020,11,12,11,48,22, -50.0000000000
2020,11,12,11,48,22, -47.7419000000
2020,11,12,11,48,22, -50.0000000000
2020,11,12,11,48,22, -48.0645000000
2020,11,12,11,48,23, -50.0000000000
2020,11,12,11,48,23, -47.7419000000
2020,11,12,11,48,23, -50.0000000000
2020,11,12,11,48,23, -50.0000000000
2020,11,12,11,48,24, -47.7419000000
2020,11,12,11,48,24, -50.0000000000
2020,11,12,11,48,24, -48.7097000000
2020,11,12,11,48,24, -50.0000000000
2020,11,12,11,48,25, -47.7419000000
2020,11,12,11,48,25, -50.0000000000
2020,11,12,11,48,25, -50.0000000000
2020,11,12,11,48,25, -47.7419000000
2020,11,12,11,48,26, -50.0000000000
2020,11,12,11,48,26, -48.0645000000
2020,11,12,11,48,26, -50.0000000000
2020,11,12,11,48,26, -50.0000000000
2020,11,12,11,48,27, -48.0645000000
2020,11,12,11,48,27, -50.0000000000
2020,11,12,11,48,27, -47.7419000000
2020,11,12,11,48,27, -50.0000000000
2020,11,12,11,48,28, -47.7419000000
2020,11,12,11,48,28, -50.0000000000
2020,11,12,11,48,28, -49.6774000000
2020,11,12,11,48,28, -48.0645000000
2020,11,12,11,48,29, -50.0000000000
2020,11,12,11,48,29, -48.7097000000
2020,11,12,11,48,29, -49.6774000000
2020,11,12,11,48,29, -50.0000000000
2020,11,12,11,48,30, -48.0645000000
2020,11,12,11,48,30, -48.7097000000
2020,11,12,11,48,30, -50.0000000000
2020,11,12,11,48,31, -49.6774000000
2020,11,12,11,48,31, -49.0323000000
2020,11,12,11,48,31, -50.0000000000
2020,11,12,11,48,31, -47.7419000000
2020,11,12,11,48,32, -50.0000000000
2020,11,12,11,48,32, -48.7097000000
2020,11,12,11,48,32, -49.0323000000
2020,11,12,11,48,32, -50.0000000000
2020,11,12,11,48,33, -48.0645000000
2020,11,12,11,48,33, -49.6774000000
2020,11,12,11,48,33, -50.0000000000
2020,11,12,11,48,33, -47.7419000000
2020,11,12,11,48,34, -50.0000000000
2020,11,12,11,48,34, -50.0000000000
2020,11,12,11,48,34, -49.3548000000
2020,11,12,11,48,34, -50.0000000000
2020,11,12,11,48,35, -50.0000000000
2020,11,12,11,48,35, -47.7419000000
2020,11,12,11,48,35, -50.0000000000
2020,11,12,11,48,35, -48.3871000000
2020,11,12,11,48,36, -50.0000000000
2020,11,12,11,48,36, -47.4194000000
2020,11,12,11,48,36, -50.0000000000
2020,11,12,11,48,36, -48.3871000000
2020,11,12,11,48,37, -50.0000000000
2020,11,12,11,48,37, -50.0000000000
2020,11,12,11,48,37, -50.0000000000
2020,11,12,11,48,37, -48.3871000000
2020,11,12,11,48,38, -49.3548000000
2020,11,12,11,48,38, -50.0000000000
2020,11,12,11,48,38, -47.7419000000
2020,11,12,11,48,39, -50.0000000000
2020,11,12,11,48,39, -48.0645000000
2020,11,12,11,48,39, -50.0000000000
2020,11,12,11,48,39, -49.3548000000
2020,11,12,11,48,40, -50.0000000000
2020,11,12,11,48,40, -50.0000000000
2020,11,12,11,48,40, -47.7419000000
2020,11,12,11,48,40, -50.0000000000
2020,11,12,11,48,41, -50.0000000000
2020,11,12,11,48,41, -47.7419000000
2020,11,12,11,48,41, -50.0000000000
2020,11,12,11,48,41, -48.3871000000
2020,11,12,11,48,42, -50.0000000000
2020,11,12,11,48,42, -48.0645000000
2020,11,12,11,48,42, -50.0000000000
2020,11,12,11,48,42, -50.0000000000
2020,11,12,11,48,43, -50.0000000000
2020,11,12,11,48,43, -48.7097000000
2020,11,12,11,48,43, -49.3548000000
2020,11,12,11,48,43, -48.7097000000
2020,11,12,11,48,44, -48.7097000000
2020,11,12,11,48,44, -50.0000000000
2020,11,12,11,48,44, -50.0000000000
2020,11,12,11,48,44, -50.0000000000
2020,11,12,11,48,45, -48.7097000000
2020,11,12,11,48,45, -48.0645000000
2020,11,12,11,48,45, -50.0000000000
2020,11,12,11,48,46, -48.3871000000
2020,11,12,11,48,46, -49.0323000000
2020,11,12,11,48,46, -49.6774000000
2020,11,12,11,48,46, -50.0000000000
2020,11,12,11,48,47, -48.3871000000
2020,11,12,11,48,47, -50.0000000000
2020,11,12,11,48,47, -49.6774000000
2020,11,12,11,48,47, -48.7097000000
2020,11,12,11,48,48, -50.0000000000
2020,11,12,11,48,48, -47.7419000000
2020,11,12,11,48,48, -48.7097000000
2020,11,12,11,48,48, -48.7097000000
2020,11,12,11,48,49, -50.0000000000
2020,11,12,11,48,49, -50.0000000000
2020,11,12,11,48,49, -47.7419000000
2020,11,12,11,48,49, -50.0000000000
2020,11,12,11,48,50, -48.0645000000
2020,11,12,11,48,50, -48.7097000000
2020,11,12,11,48,50, -50.0000000000
2020,11,12,11,48,51, -50.0000000000
2020,11,12,11,48,51, -50.0000000000
2020,11,12,11,48,51, -50.0000000000
2020,11,12,11,48,51, -49.0323000000
2020,11,12,11,48,52, -47.7419000000
2020,11,12,11,48,52, -48.3871000000
2020,11,12,11,48,52, -50.0000000000
2020,11,12,11,48,52, -50.0000000000
2020,11,12,11,48,53, -50.0000000000
2020,11,12,11,48,53, -50.0000000000
2020,11,12,11,48,53, -47.7419000000
2020,11,12,11,48,53, -48.7097000000
2020,11,12,11,48,54, -49.6774000000
2020,11,12,11,48,54, -49.6774000000
2020,11,12,11,48,54, -50.0000000000
2020,11,12,11,48,54, -49.3548000000
2020,11,12,11,48,55, -49.0323000000
2020,11,12,11,48,55, -48.3871000000
2020,11,12,11,48,55, -50.0000000000
2020,11,12,11,48,56, -48.0645000000
2020,11,12,11,48,56, -49.0323000000
2020,11,12,11,48,56, -50.0000000000
2020,11,12,11,48,56, -48.0645000000
2020,11,12,11,48,57, -49.6774000000
2020,11,12,11,48,57, -50.0000000000
2020,11,12,11,48,57, -48.0645000000
2020,11,12,11,48,57, -50.0000000000
2020,11,12,11,48,58, -50.0000000000
2020,11,12,11,48,58, -48.0645000000
2020,11,12,11,48,58, -50.0000000000
2020,11,12,11,48,58, -48.0645000000
2020,11,12,11,48,59, -50.0000000000
2020,11,12,11,48,59, -50.0000000000
2020,11,12,11,48,59, -48.3871000000
2020,11,12,11,48,59, -50.0000000000
2020,11,12,11,49,0, -47.7419000000
2020,11,12,11,49,0, -50.0000000000
2020,11,12,11,49,0, -50.0000000000
2020,11,12,11,49,0, -50.0000000000
2020,11,12,11,49,1, -48.0645000000
2020,11,12,11,49,1, -50.0000000000
2020,11,12,11,49,1, -49.3548000000
2020,11,12,11,49,1, -50.0000000000
2020,11,12,11,49,2, -47.7419000000
2020,11,12,11,49,2, -49.6774000000
2020,11,12,11,49,2, -50.0000000000
2020,11,12,11,49,3, -47.7419000000
2020,11,12,11,49,3, -50.0000000000
2020,11,12,11,49,3, -50.0000000000
2020,11,12,11,49,3, -48.7097000000
2020,11,12,11,49,4, -50.0000000000
2020,11,12,11,49,4, -47.7419000000
2020,11,12,11,49,4, -50.0000000000
2020,11,12,11,49,4, -50.0000000000
2020,11,12,11,49,5, -47.7419000000
2020,11,12,11,49,5, -50.0000000000
2020,11,12,11,49,5, -48.0645000000
2020,11,12,11,49,5, -50.0000000000
2020,11,12,11,49,6, -47.4194000000
2020,11,12,11,49,6, -50.0000000000
2020,11,12,11,49,6, -48.3871000000
2020,11,12,11,49,6, -50.0000000000
2020,11,12,11,49,7, -50.0000000000
2020,11,12,11,49,7, -48.0645000000
2020,11,12,11,49,7, -50.0000000000
2020,11,12,11,49,7, -47.7419000000
2020,11,12,11,49,8, -50.0000000000
2020,11,12,11,49,8, -50.0000000000
2020,11,12,11,49,8, -47.7419000000
2020,11,12,11,49,8, -50.0000000000
2020,11,12,11,49,9, -50.0000000000
2020,11,12,11,49,9, -47.7419000000
2020,11,12,11,49,9, -50.0000000000
2020,11,12,11,49,9, -49.0323000000
2020,11,12,11,49,10, -50.0000000000
2020,11,12,11,49,10, -48.0645000000
2020,11,12,11,49,10, -50.0000000000
2020,11,12,11,49,10, -50.0000000000
2020,11,12,11,49,11, -48.3871000000
2020,11,12,11,49,11, -50.0000000000
2020,11,12,11,49,11, -50.0000000000
2020,11,12,11,49,12, -48.0645000000
2020,11,12,11,49,12, -50.0000000000
2020,11,12,11,49,12, -48.0645000000
2020,11,12,11,49,12, -50.0000000000
2020,11,12,11,49,13, -48.3871000000
2020,11,12,11,49,13, -50.0000000000
2020,11,12,11,49,13, -48.0645000000
2020,11,12,11,49,13, -49.6774000000
2020,11,12,11,49,14, -50.0000000000
2020,11,12,11,49,14, -48.0645000000
2020,11,12,11,49,14, -49.6774000000
2020,11,12,11,49,14, -50.0000000000
2020,11,12,11,49,15, -47.7419000000
2020,11,12,11,49,15, -50.0000000000
2020,11,12,11,49,15, -48.0645000000
2020,11,12,11,49,15, -50.0000000000
2020,11,12,11,49,16, -50.0000000000
2020,11,12,11,49,16, -48.7097000000
2020,11,12,11,49,16, -50.0000000000
2020,11,12,11,49,16, -50.0000000000
2020,11,12,11,49,17, -49.3548000000
2020,11,12,11,49,17, -47.7419000000
2020,11,12,11,49,17, -50.0000000000
2020,11,12,11,49,17, -50.0000000000
2020,11,12,11,49,18, -47.7419000000
2020,11,12,11,49,18, -49.3548000000
2020,11,12,11,49,18, -50.0000000000
2020,11,12,11,49,19, -49.6774000000
2020,11,12,11,49,19, -49.6774000000
2020,11,12,11,49,19, -48.0645000000
2020,11,12,11,49,19, -50.0000000000
2020,11,12,11,49,20, -47.7419000000
2020,11,12,11,49,20, -50.0000000000
2020,11,12,11,49,20, -50.0000000000
2020,11,12,11,49,20, -48.3871000000
2020,11,12,11,49,21, -50.0000000000
2020,11,12,11,49,21, -47.7419000000
2020,11,12,11,49,21, -50.0000000000
2020,11,12,11,49,21, -50.0000000000
2020,11,12,11,49,22, -47.7419000000
2020,11,12,11,49,22, -50.0000000000
2020,11,12,11,49,22, -49.6774000000
2020,11,12,11,49,22, -48.0645000000
2020,11,12,11,49,23, -50.0000000000
2020,11,12,11,49,23, -47.7419000000
2020,11,12,11,49,23, -50.0000000000
2020,11,12,11,49,23, -48.7097000000
2020,11,12,11,49,24, -49.3548000000
2020,11,12,11,49,24, -48.0645000000
2020,11,12,11,49,24, -50.0000000000
2020,11,12,11,49,24, -50.0000000000
2020,11,12,11,49,25, -50.0000000000
2020,11,12,11,49,25, -47.7419000000
2020,11,12,11,49,25, -50.0000000000
2020,11,12,11,49,25, -49.6774000000
2020,11,12,11,49,26, -48.7097000000
2020,11,12,11,49,26, -50.0000000000
2020,11,12,11,49,26, -47.7419000000
2020,11,12,11,49,26, -50.0000000000
2020,11,12,11,49,27, -48.3871000000
2020,11,12,11,49,27, -50.0000000000
2020,11,12,11,49,27, -50.0000000000
2020,11,12,11,49,28, -49.0323000000
2020,11,12,11,49,28, -49.3548000000
2020,11,12,11,49,28, -49.6774000000
2020,11,12,11,49,28, -50.0000000000
2020,11,12,11,49,29, -47.7419000000
2020,11,12,11,49,29, -50.0000000000
2020,11,12,11,49,29, -48.0645000000
2020,11,12,11,49,29, -50.0000000000
2020,11,12,11,49,30, -50.0000000000
2020,11,12,11,49,30, -48.0645000000
2020,11,12,11,49,30, -50.0000000000
2020,11,12,11,49,30, -49.6774000000
2020,11,12,11,49,31, -48.7097000000
2020,11,12,11,49,31, -50.0000000000
2020,11,12,11,49,31, -48.0645000000
2020,11,12,11,49,31, -50.0000000000
2020,11,12,11,49,32, -50.0000000000
2020,11,12,11,49,32, -48.0645000000
2020,11,12,11,49,32, -50.0000000000
2020,11,12,11,49,32, -47.7419000000
2020,11,12,11,49,33, -50.0000000000
2020,11,12,11,49,33, -48.0645000000
2020,11,12,11,49,33, -50.0000000000
2020,11,12,11,49,33, -47.7419000000
2020,11,12,11,49,34, -50.0000000000
2020,11,12,11,49,34, -48.0645000000
2020,11,12,11,49,34, -50.0000000000
2020,11,12,11,49,34, -50.0000000000
2020,11,12,11,49,35, -47.7419000000
2020,11,12,11,49,35, -50.0000000000
2020,11,12,11,49,35, -48.7097000000
2020,11,12,11,49,35, -50.0000000000
2020,11,12,11,49,36, -48.7097000000
2020,11,12,11,49,36, -48.7097000000
2020,11,12,11,49,36, -50.0000000000
2020,11,12,11,49,37, -48.3871000000
2020,11,12,11,49,37, -49.6774000000
2020,11,12,11,49,37, -50.0000000000
2020,11,12,11,49,37, -47.7419000000
2020,11,12,11,49,38, -50.0000000000
2020,11,12,11,49,38, -48.0645000000
2020,11,12,11,49,38, -50.0000000000
2020,11,12,11,49,38, -49.6774000000
2020,11,12,11,49,39, -48.7097000000
2020,11,12,11,49,39, -50.0000000000
2020,11,12,11,49,39, -47.7419000000
2020,11,12,11,49,39, -50.0000000000
2020,11,12,11,49,40, -48.7097000000
2020,11,12,11,49,40, -50.0000000000
2020,11,12,11,49,40, -50.0000000000
2020,11,12,11,49,40, -50.0000000000
2020,11,12,11,49,41, -50.0000000000
2020,11,12,11,49,41, -48.7097000000
2020,11,12,11,49,41, -50.0000000000
2020,11,12,11,49,41, -50.0000000000
2020,11,12,11,49,42, -48.0645000000
2020,11,12,11,49,42, -48.7097000000
2020,11,12,11,49,42, -50.0000000000
2020,11,12,11,49,42, -50.0000000000
2020,11,12,11,49,43, -48.3871000000
2020,11,12,11,49,43, -50.0000000000
2020,11,12,11,49,43, -47.7419000000
2020,11,12,11,49,43, -50.0000000000
2020,11,12,11,49,44, -48.3871000000
2020,11,12,11,49,44, -50.0000000000
2020,11,12,11,49,44, -50.0000000000
2020,11,12,11,49,44, -47.7419000000
2020,11,12,11,49,45, -50.0000000000
2020,11,12,11,49,45, -49.3548000000
2020,11,12,11,49,45, -48.0645000000
2020,11,12,11,49,46, -50.0000000000
2020,11,12,11,49,46, -48.0645000000
2020,11,12,11,49,46, -49.6774000000
2020,11,12,11,49,46, -50.0000000000
2020,11,12,11,49,47, -48.0645000000
2020,11,12,11,49,47, -50.0000000000
2020,11,12,11,49,47, -47.7419000000
2020,11,12,11,49,47, -50.0000000000
2020,11,12,11,49,48, -50.0000000000
2020,11,12,11,49,48, -48.0645000000
2020,11,12,11,49,48, -50.0000000000
2020,11,12,11,49,48, -49.0323000000
2020,11,12,11,49,49, -48.3871000000
2020,11,12,11,49,49, -50.0000000000
2020,11,12,11,49,49, -49.0323000000
2020,11,12,11,49,49, -48.7097000000
2020,11,12,11,49,50, -50.0000000000
2020,11,12,11,49,50, -47.7419000000
2020,11,12,11,49,50, -50.0000000000
2020,11,12,11,49,50, -48.7097000000
2020,11,12,11,49,51, -49.3548000000
2020,11,12,11,49,51, -50.0000000000
2020,11,12,11,49,51, -48.0645000000
2020,11,12,11,49,51, -49.6774000000
2020,11,12,11,49,52, -48.7097000000
2020,11,12,11,49,52, -48.3871000000
2020,11,12,11,49,52, -50.0000000000
2020,11,12,11,49,52, -49.0323000000
2020,11,12,11,49,53, -49.6774000000
2020,11,12,11,49,53, -49.6774000000
2020,11,12,11,49,53, -50.0000000000
2020,11,12,11,49,53, -48.7097000000
2020,11,12,11,49,54, -49.6774000000
2020,11,12,11,49,54, -50.0000000000
2020,11,12,11,49,54, -48.0645000000
2020,11,12,11,49,55, -48.7097000000
2020,11,12,11,49,55, -50.0000000000
2020,11,12,11,49,55, -49.6774000000
2020,11,12,11,49,55, -47.7419000000
2020,11,12,11,49,56, -50.0000000000
2020,11,12,11,49,56, -49.6774000000
2020,11,12,11,49,56, -49.3548000000
2020,11,12,11,49,56, -49.0323000000
2020,11,12,11,49,57, -50.0000000000
2020,11,12,11,49,57, -48.0645000000
2020,11,12,11,49,57, -50.0000000000
2020,11,12,11,49,57, -50.0000000000
2020,11,12,11,49,58, -47.7419000000
2020,11,12,11,49,58, -50.0000000000
2020,11,12,11,49,58, -50.0000000000
2020,11,12,11,49,58, -47.7419000000
2020,11,12,11,49,59, -50.0000000000
2020,11,12,11,49,59, -48.3871000000
2020,11,12,11,49,59, -50.0000000000
2020,11,12,11,49,59, -50.0000000000
2020,11,12,11,50,0, -48.7097000000
2020,11,12,11,50,0, -50.0000000000
2020,11,12,11,50,0, -48.0645000000
2020,11,12,11,50,0, -50.0000000000
2020,11,12,11,50,1, -50.0000000000
2020,11,12,11,50,1, -50.0000000000
2020,11,12,11,50,1, -48.3871000000
2020,11,12,11,50,1, -49.6774000000
2020,11,12,11,50,2, -48.7097000000
2020,11,12,11,50,2, -49.6774000000
2020,11,12,11,50,2, -50.0000000000
2020,11,12,11,50,2, -48.0645000000
2020,11,12,11,50,3, -50.0000000000
2020,11,12,11,50,3, -50.0000000000
2020,11,12,11,50,3, -50.0000000000
2020,11,12,11,50,4, -47.7419000000
2020,11,12,11,50,4, -50.0000000000
2020,11,12,11,50,4, -50.0000000000
2020,11,12,11,50,4, -48.0645000000
2020,11,12,11,50,5, -50.0000000000
2020,11,12,11,50,5, -47.7419000000
2020,11,12,11,50,5, -49.6774000000
2020,11,12,11,50,5, -50.0000000000
2020,11,12,11,50,6, -47.7419000000
2020,11,12,11,50,6, -50.0000000000
2020,11,12,11,50,6, -48.7097000000
2020,11,12,11,50,6, -49.6774000000
2020,11,12,11,50,7, -50.0000000000
2020,11,12,11,50,7, -48.0645000000
2020,11,12,11,50,7, -50.0000000000
2020,11,12,11,50,7, -47.7419000000
2020,11,12,11,50,8, -50.0000000000
2020,11,12,11,50,8, -49.6774000000
2020,11,12,11,50,8, -48.0645000000
2020,11,12,11,50,8, -50.0000000000
2020,11,12,11,50,9, -47.7419000000
2020,11,12,11,50,9, -50.0000000000
2020,11,12,11,50,9, -50.0000000000
2020,11,12,11,50,9, -47.7419000000
2020,11,12,11,50,10, -50.0000000000
2020,11,12,11,50,10, -47.7419000000
2020,11,12,11,50,10, -50.0000000000
2020,11,12,11,50,10, -49.6774000000
2020,11,12,11,50,11, -48.7097000000
2020,11,12,11,50,11, -50.0000000000
2020,11,12,11,50,11, -50.0000000000
2020,11,12,11,50,12, -49.3548000000
2020,11,12,11,50,12, -48.7097000000
2020,11,12,11,50,12, -50.0000000000
2020,11,12,11,50,12, -47.4194000000
2020,11,12,11,50,13, -50.0000000000
2020,11,12,11,50,13, -49.6774000000
2020,11,12,11,50,13, -48.0645000000
2020,11,12,11,50,13, -50.0000000000
2020,11,12,11,50,14, -48.3871000000
2020,11,12,11,50,14, -49.3548000000
2020,11,12,11,50,14, -50.0000000000
2020,11,12,11,50,14, -48.0645000000
2020,11,12,11,50,15, -50.0000000000
2020,11,12,11,50,15, -49.0323000000
2020,11,12,11,50,15, -49.0323000000
2020,11,12,11,50,15, -50.0000000000
2020,11,12,11,50,16, -48.0645000000
2020,11,12,11,50,16, -49.6774000000
2020,11,12,11,50,16, -50.0000000000
2020,11,12,11,50,16, -48.3871000000
2020,11,12,11,50,17, -50.0000000000
2020,11,12,11,50,17, -50.0000000000
2020,11,12,11,50,17, -48.3871000000
2020,11,12,11,50,17, -50.0000000000
2020,11,12,11,50,18, -47.7419000000
2020,11,12,11,50,18, -50.0000000000
2020,11,12,11,50,18, -49.0323000000
2020,11,12,11,50,18, -48.7097000000
2020,11,12,11,50,19, -50.0000000000
2020,11,12,11,50,19, -48.3871000000
2020,11,12,11,50,19, -49.3548000000
2020,11,12,11,50,19, -49.3548000000
2020,11,12,11,50,20, -50.0000000000
2020,11,12,11,50,20, -50.0000000000
2020,11,12,11,50,20, -47.7419000000
2020,11,12,11,50,21, -50.0000000000
2020,11,12,11,50,21, -50.0000000000
2020,11,12,11,50,21, -48.3871000000
2020,11,12,11,50,21, -50.0000000000
2020,11,12,11,50,22, -47.7419000000
2020,11,12,11,50,22, -50.0000000000
2020,11,12,11,50,22, -49.3548000000
2020,11,12,11,50,22, -49.0323000000
2020,11,12,11,50,23, -50.0000000000
2020,11,12,11,50,23, -50.0000000000
2020,11,12,11,50,23, -50.0000000000
2020,11,12,11,50,23, -48.3871000000
2020,11,12,11,50,24, -50.0000000000
2020,11,12,11,50,24, -47.7419000000
2020,11,12,11,50,24, -50.0000000000
2020,11,12,11,50,24, -50.0000000000
2020,11,12,11,50,25, -48.0645000000
2020,11,12,11,50,25, -49.0323000000
2020,11,12,11,50,25, -49.3548000000
2020,11,12,11,50,25, -50.0000000000
2020,11,12,11,50,26, -48.0645000000
2020,11,12,11,50,26, -50.0000000000
2020,11,12,11,50,26, -48.0645000000
2020,11,12,11,50,26, -50.0000000000
2020,11,12,11,50,27, -47.7419000000
2020,11,12,11,50,27, -50.0000000000
2020,11,12,11,50,27, -49.6774000000
2020,11,12,11,50,27, -49.0323000000
2020,11,12,11,50,28, -50.0000000000
2020,11,12,11,50,28, -47.7419000000
2020,11,12,11,50,28, -50.0000000000
2020,11,12,11,50,29, -48.3871000000
2020,11,12,11,50,29, -50.0000000000
2020,11,12,11,50,29, -47.7419000000
2020,11,12,11,50,29, -50.0000000000
2020,11,12,11,50,30, -48.3871000000
2020,11,12,11,50,30, -50.0000000000
2020,11,12,11,50,30, -48.7097000000
2020,11,12,11,50,30, -48.7097000000
2020,11,12,11,50,31, -50.0000000000
2020,11,12,11,50,31, -48.0645000000
2020,11,12,11,50,31, -50.0000000000
2020,11,12,11,50,31, -50.0000000000
2020,11,12,11,50,32, -48.3871000000
2020,11,12,11,50,32, -50.0000000000
2020,11,12,11,50,32, -47.7419000000
2020,11,12,11,50,32, -50.0000000000
2020,11,12,11,50,33, -49.6774000000
2020,11,12,11,50,33, -48.0645000000
2020,11,12,11,50,33, -50.0000000000
2020,11,12,11,50,33, -47.7419000000
2020,11,12,11,50,34, -50.0000000000
2020,11,12,11,50,34, -49.0323000000
2020,11,12,11,50,34, -50.0000000000
2020,11,12,11,50,34, -49.3548000000
2020,11,12,11,50,35, -50.0000000000
2020,11,12,11,50,35, -48.0645000000
2020,11,12,11,50,35, -50.0000000000
2020,11,12,11,50,35, -50.0000000000
2020,11,12,11,50,36, -48.0645000000
2020,11,12,11,50,36, -50.0000000000
2020,11,12,11,50,36, -48.0645000000
2020,11,12,11,50,37, -49.6774000000
2020,11,12,11,50,37, -50.0000000000
2020,11,12,11,50,37, -49.3548000000
2020,11,12,11,50,37, -50.0000000000
2020,11,12,11,50,38, -47.7419000000
2020,11,12,11,50,38, -50.0000000000
2020,11,12,11,50,38, -48.0645000000
2020,11,12,11,50,38, -49.6774000000
2020,11,12,11,50,39, -50.0000000000
2020,11,12,11,50,39, -47.7419000000
2020,11,12,11,50,39, -50.0000000000
2020,11,12,11,50,39, -50.0000000000
2020,11,12,11,50,40, -47.7419000000
2020,11,12,11,50,40, -50.0000000000
2020,11,12,11,50,40, -48.7097000000
2020,11,12,11,50,40, -49.6774000000
2020,11,12,11,50,41, -50.0000000000
2020,11,12,11,50,41, -48.3871000000
2020,11,12,11,50,41, -50.0000000000
2020,11,12,11,50,41, -48.3871000000
2020,11,12,11,50,42, -49.0323000000
2020,11,12,11,50,42, -50.0000000000
2020,11,12,11,50,42, -48.0645000000
2020,11,12,11,50,42, -49.6774000000
2020,11,12,11,50,43, -50.0000000000
2020,11,12,11,50,43, -47.4194000000
2020,11,12,11,50,43, -50.0000000000
2020,11,12,11,50,43, -47.7419000000
2020,11,12,11,50,44, -50.0000000000
2020,11,12,11,50,44, -48.3871000000
2020,11,12,11,50,44, -50.0000000000
2020,11,12,11,50,44, -50.0000000000
2020,11,12,11,50,45, -48.3871000000
2020,11,12,11,50,45, -50.0000000000
2020,11,12,11,50,45, -47.7419000000
2020,11,12,11,50,46, -50.0000000000
2020,11,12,11,50,46, -50.0000000000
2020,11,12,11,50,46, -47.4194000000
2020,11,12,11,50,46, -50.0000000000
2020,11,12,11,50,47, -48.7097000000
2020,11,12,11,50,47, -49.6774000000
2020,11,12,11,50,47, -49.3548000000
2020,11,12,11,50,47, -50.0000000000
2020,11,12,11,50,48, -48.0645000000
2020,11,12,11,50,48, -50.0000000000
2020,11,12,11,50,48, -50.0000000000
2020,11,12,11,50,48, -47.4194000000
2020,11,12,11,50,49, -50.0000000000
2020,11,12,11,50,49, -48.3871000000
2020,11,12,11,50,49, -50.0000000000
2020,11,12,11,50,49, -50.0000000000
2020,11,12,11,50,50, -50.0000000000
2020,11,12,11,50,50, -48.0645000000
2020,11,12,11,50,50, -49.6774000000
2020,11,12,11,50,50, -50.0000000000
2020,11,12,11,50,51, -48.0645000000
2020,11,12,11,50,51, -50.0000000000
2020,11,12,11,50,51, -48.0645000000
2020,11,12,11,50,51, -50.0000000000
2020,11,12,11,50,52, -50.0000000000
2020,11,12,11,50,52, -47.7419000000
2020,11,12,11,50,52, -50.0000000000
2020,11,12,11,50,52, -50.0000000000
2020,11,12,11,50,53, -47.7419000000
2020,11,12,11,50,53, -50.0000000000
2020,11,12,11,50,53, -50.0000000000
2020,11,12,11,50,53, -47.7419000000
2020,11,12,11,50,54, -50.0000000000
2020,11,12,11,50,54, -47.7419000000
2020,11,12,11,50,54, -50.0000000000
2020,11,12,11,50,54, -49.6774000000
2020,11,12,11,50,55, -48.7097000000
2020,11,12,11,50,55, -50.0000000000
2020,11,12,11,50,55, -47.4194000000
2020,11,12,11,50,56, -50.0000000000
2020,11,12,11,50,56, -47.7419000000
2020,11,12,11,50,56, -50.0000000000
2020,11,12,11,50,56, -49.6774000000
2020,11,12,11,50,57, -50.0000000000
2020,11,12,11,50,57, -48.0645000000
2020,11,12,11,50,57, -50.0000000000
2020,11,12,11,50,57, -49.3548000000
2020,11,12,11,50,58, -49.3548000000
2020,11,12,11,50,58, -50.0000000000
2020,11,12,11,50,58, -48.3871000000
2020,11,12,11,50,58, -50.0000000000
2020,11,12,11,50,59, -48.0645000000
2020,11,12,11,50,59, -50.0000000000
2020,11,12,11,50,59, -50.0000000000
2020,11,12,11,50,59, -47.0968000000
2020,11,12,11,51,0, -49.0323000000
2020,11,12,11,51,0, -50.0000000000
2020,11,12,11,51,0, -49.3548000000
2020,11,12,11,51,0, -48.3871000000
2020,11,12,11,51,1, -50.0000000000
2020,11,12,11,51,1, -50.0000000000
2020,11,12,11,51,1, -49.0323000000
2020,11,12,11,51,2, -48.3871000000
2020,11,12,11,51,2, -50.0000000000
2020,11,12,11,51,2, -47.4194000000
2020,11,12,11,51,2, -50.0000000000
2020,11,12,11,51,3, -49.0323000000
2020,11,12,11,51,3, -50.0000000000
2020,11,12,11,51,3, -50.0000000000
2020,11,12,11,51,3, -48.0645000000
2020,11,12,11,51,4, -50.0000000000
2020,11,12,11,51,4, -47.7419000000
2020,11,12,11,51,4, -50.0000000000
2020,11,12,11,51,4, -50.0000000000
2020,11,12,11,51,5, -47.7419000000
2020,11,12,11,51,5, -50.0000000000
2020,11,12,11,51,5, -49.0323000000
2020,11,12,11,51,5, -49.3548000000
2020,11,12,11,51,6, -50.0000000000
2020,11,12,11,51,6, -48.3871000000
2020,11,12,11,51,6, -50.0000000000
2020,11,12,11,51,6, -48.0645000000
2020,11,12,11,51,7, -49.6774000000
2020,11,12,11,51,7, -50.0000000000
2020,11,12,11,51,7, -48.0645000000
2020,11,12,11,51,7, -50.0000000000
2020,11,12,11,51,8, -50.0000000000
2020,11,12,11,51,8, -47.7419000000
2020,11,12,11,51,8, -50.0000000000
2020,11,12,11,51,8, -48.3871000000
2020,11,12,11,51,9, -49.3548000000
2020,11,12,11,51,9, -50.0000000000
2020,11,12,11,51,9, -47.7419000000
2020,11,12,11,51,9, -49.6774000000
2020,11,12,11,51,10, -48.3871000000
2020,11,12,11,51,10, -50.0000000000
2020,11,12,11,51,10, -49.6774000000
2020,11,12,11,51,11, -48.7097000000
2020,11,12,11,51,11, -50.0000000000
2020,11,12,11,51,11, -47.7419000000
2020,11,12,11,51,11, -50.0000000000
2020,11,12,11,51,12, -48.0645000000
2020,11,12,11,51,12, -50.0000000000
2020,11,12,11,51,12, -50.0000000000
2020,11,12,11,51,12, -48.3871000000
2020,11,12,11,51,13, -50.0000000000
2020,11,12,11,51,13, -47.4194000000
2020,11,12,11,51,13, -50.0000000000
2020,11,12,11,51,13, -48.7097000000
2020,11,12,11,51,14, -49.6774000000
2020,11,12,11,51,14, -50.0000000000
2020,11,12,11,51,14, -47.7419000000
2020,11,12,11,51,14, -50.0000000000
2020,11,12,11,51,15, -47.4194000000
2020,11,12,11,51,15, -50.0000000000
2020,11,12,11,51,15, -49.6774000000
2020,11,12,11,51,15, -47.7419000000
2020,11,12,11,51,16, -50.0000000000
2020,11,12,11,51,16, -48.3871000000
2020,11,12,11,51,16, -49.3548000000
2020,11,12,11,51,16, -50.0000000000
2020,11,12,11,51,17, -48.0645000000
2020,11,12,11,51,17, -50.0000000000
2020,11,12,11,51,17, -50.0000000000
2020,11,12,11,51,17, -47.7419000000
2020,11,12,11,51,18, -50.0000000000
2020,11,12,11,51,18, -48.3871000000
2020,11,12,11,51,18, -50.0000000000
2020,11,12,11,51,18, -47.4194000000
2020,11,12,11,51,19, -50.0000000000
2020,11,12,11,51,19, -48.3871000000
2020,11,12,11,51,19, -50.0000000000
2020,11,12,11,51,20, -50.0000000000
2020,11,12,11,51,20, -48.0645000000
2020,11,12,11,51,20, -50.0000000000
2020,11,12,11,51,20, -47.7419000000
2020,11,12,11,51,21, -50.0000000000
2020,11,12,11,51,21, -50.0000000000
2020,11,12,11,51,21, -47.7419000000
2020,11,12,11,51,21, -50.0000000000
2020,11,12,11,51,22, -48.0645000000
2020,11,12,11,51,22, -50.0000000000
2020,11,12,11,51,22, -50.0000000000
2020,11,12,11,51,22, -48.3871000000
2020,11,12,11,51,23, -50.0000000000
2020,11,12,11,51,23, -47.7419000000
2020,11,12,11,51,23, -50.0000000000
2020,11,12,11,51,23, -48.7097000000
2020,11,12,11,51,24, -49.6774000000
2020,11,12,11,51,24, -50.0000000000
2020,11,12,11,51,24, -48.0645000000
2020,11,12,11,51,24, -48.3871000000
2020,11,12,11,51,25, -48.7097000000
2020,11,12,11,51,25, -49.6774000000
2020,11,12,11,51,25, -49.6774000000
2020,11,12,11,51,25, -50.0000000000
2020,11,12,11,51,26, -48.3871000000
2020,11,12,11,51,26, -49.3548000000
2020,11,12,11,51,26, -50.0000000000
2020,11,12,11,51,26, -48.0645000000
2020,11,12,11,51,27, -50.0000000000
2020,11,12,11,51,27, -49.3548000000
2020,11,12,11,51,27, -50.0000000000
2020,11,12,11,51,28, -47.7419000000
2020,11,12,11,51,28, -49.6774000000
2020,11,12,11,51,28, -50.0000000000
2020,11,12,11,51,28, -47.7419000000
2020,11,12,11,51,29, -50.0000000000
2020,11,12,11,51,29, -48.7097000000
2020,11,12,11,51,29, -49.6774000000
2020,11,12,11,51,29, -50.0000000000
2020,11,12,11,51,30, -48.0645000000
2020,11,12,11,51,30, -50.0000000000
2020,11,12,11,51,30, -48.0645000000
2020,11,12,11,51,30, -50.0000000000
2020,11,12,11,51,31, -50.0000000000
2020,11,12,11,51,31, -49.3548000000
2020,11,12,11,51,31, -50.0000000000
2020,11,12,11,51,31, -47.7419000000
2020,11,12,11,51,32, -50.0000000000
2020,11,12,11,51,32, -49.6774000000
2020,11,12,11,51,32, -48.3871000000
2020,11,12,11,51,32, -48.7097000000
2020,11,12,11,51,33, -50.0000000000
2020,11,12,11,51,33, -49.6774000000
2020,11,12,11,51,33, -49.0323000000
2020,11,12,11,51,33, -50.0000000000
2020,11,12,11,51,34, -47.7419000000
2020,11,12,11,51,34, -50.0000000000
2020,11,12,11,51,34, -48.3871000000
2020,11,12,11,51,34, -50.0000000000
2020,11,12,11,51,35, -50.0000000000
2020,11,12,11,51,35, -48.3871000000
2020,11,12,11,51,35, -50.0000000000
2020,11,12,11,51,35, -47.7419000000
2020,11,12,11,51,36, -50.0000000000
2020,11,12,11,51,36, -49.3548000000
2020,11,12,11,51,36, -49.0323000000
2020,11,12,11,51,36, -50.0000000000
2020,11,12,11,51,37, -48.3871000000
2020,11,12,11,51,37, -49.3548000000
2020,11,12,11,51,37, -49.0323000000
2020,11,12,11,51,38, -50.0000000000
2020,11,12,11,51,38, -47.7419000000
2020,11,12,11,51,38, -50.0000000000
2020,11,12,11,51,38, -49.0323000000
2020,11,12,11,51,39, -49.3548000000
2020,11,12,11,51,39, -50.0000000000
2020,11,12,11,51,39, -47.7419000000
2020,11,12,11,51,39, -50.0000000000
2020,11,12,11,51,40, -48.0645000000
2020,11,12,11,51,40, -50.0000000000
2020,11,12,11,51,40, -49.3548000000
2020,11,12,11,51,40, -49.0323000000
2020,11,12,11,51,41, -50.0000000000
2020,11,12,11,51,41, -47.4194000000
2020,11,12,11,51,41, -50.0000000000
2020,11,12,11,51,41, -49.6774000000
2020,11,12,11,51,42, -48.0645000000
2020,11,12,11,51,42, -50.0000000000
2020,11,12,11,51,42, -47.7419000000
2020,11,12,11,51,42, -50.0000000000
2020,11,12,11,51,43, -50.0000000000
2020,11,12,11,51,43, -47.7419000000
2020,11,12,11,51,43, -50.0000000000
2020,11,12,11,51,43, -48.0645000000
2020,11,12,11,51,44, -50.0000000000
2020,11,12,11,51,44, -50.0000000000
2020,11,12,11,51,44, -48.3871000000
2020,11,12,11,51,44, -50.0000000000
2020,11,12,11,51,45, -47.7419000000
2020,11,12,11,51,45, -50.0000000000
2020,11,12,11,51,45, -50.0000000000
2020,11,12,11,51,46, -47.7419000000
2020,11,12,11,51,46, -48.7097000000
2020,11,12,11,51,46, -50.0000000000
2020,11,12,11,51,46, -49.6774000000
2020,11,12,11,51,47, -50.0000000000
2020,11,12,11,51,47, -50.0000000000
2020,11,12,11,51,47, -47.4194000000
2020,11,12,11,51,47, -50.0000000000
2020,11,12,11,51,48, -49.6774000000
2020,11,12,11,51,48, -50.0000000000
2020,11,12,11,51,48, -49.6774000000
2020,11,12,11,51,48, -48.0645000000
2020,11,12,11,51,49, -50.0000000000
2020,11,12,11,51,49, -48.0645000000
2020,11,12,11,51,49, -49.3548000000
2020,11,12,11,51,49, -50.0000000000
2020,11,12,11,51,50, -47.4194000000
2020,11,12,11,51,50, -50.0000000000
2020,11,12,11,51,50, -48.3871000000
2020,11,12,11,51,50, -49.6774000000
2020,11,12,11,51,51, -50.0000000000
2020,11,12,11,51,51, -48.0645000000
2020,11,12,11,51,51, -50.0000000000
2020,11,12,11,51,51, -47.7419000000
2020,11,12,11,51,52, -50.0000000000
2020,11,12,11,51,52, -49.3548000000
2020,11,12,11,51,52, -49.0323000000
2020,11,12,11,51,53, -50.0000000000
2020,11,12,11,51,53, -47.7419000000
2020,11,12,11,51,53, -50.0000000000
2020,11,12,11,51,53, -48.3871000000
2020,11,12,11,51,54, -49.0323000000
2020,11,12,11,51,54, -50.0000000000
2020,11,12,11,51,54, -48.0645000000
2020,11,12,11,51,54, -49.6774000000
2020,11,12,11,51,55, -50.0000000000
2020,11,12,11,51,55, -48.0645000000
2020,11,12,11,51,55, -50.0000000000
2020,11,12,11,51,55, -50.0000000000
2020,11,12,11,51,56, -48.0645000000
2020,11,12,11,51,56, -50.0000000000
2020,11,12,11,51,56, -47.7419000000
2020,11,12,11,51,56, -50.0000000000
2020,11,12,11,51,57, -49.3548000000
2020,11,12,11,51,57, -50.0000000000
2020,11,12,11,51,57, -47.4194000000
2020,11,12,11,51,57, -50.0000000000
2020,11,12,11,51,58, -50.0000000000
2020,11,12,11,51,58, -47.7419000000
2020,11,12,11,51,58, -50.0000000000
2020,11,12,11,51,58, -49.0323000000
2020,11,12,11,51,59, -49.6774000000
2020,11,12,11,51,59, -50.0000000000
2020,11,12,11,51,59, -50.0000000000
2020,11,12,11,51,59, -48.0645000000
2020,11,12,11,52,0, -49.0323000000
2020,11,12,11,52,0, -50.0000000000
2020,11,12,11,52,0, -48.0645000000
2020,11,12,11,52,0, -50.0000000000
2020,11,12,11,52,1, -50.0000000000
2020,11,12,11,52,1, -48.3871000000
2020,11,12,11,52,1, -50.0000000000
2020,11,12,11,52,1, -47.7419000000
2020,11,12,11,52,2, -50.0000000000
2020,11,12,11,52,2, -47.7419000000
2020,11,12,11,52,2, -49.6774000000
2020,11,12,11,52,3, -49.0323000000
2020,11,12,11,52,3, -48.7097000000
2020,11,12,11,52,3, -50.0000000000
2020,11,12,11,52,3, -50.0000000000
2020,11,12,11,52,4, -47.7419000000
2020,11,12,11,52,4, -50.0000000000
2020,11,12,11,52,4, -48.3871000000
2020,11,12,11,52,4, -48.3871000000
2020,11,12,11,52,5, -50.0000000000
2020,11,12,11,52,5, -48.0645000000
2020,11,12,11,52,5, -50.0000000000
2020,11,12,11,52,5, -50.0000000000
2020,11,12,11,52,6, -47.7419000000
2020,11,12,11,52,6, -50.0000000000
2020,11,12,11,52,6, -49.3548000000
2020,11,12,11,52,6, -49.0323000000
2020,11,12,11,52,7, -50.0000000000
2020,11,12,11,52,7, -49.0323000000
2020,11,12,11,52,7, -50.0000000000
2020,11,12,11,52,7, -48.0645000000
2020,11,12,11,52,8, -50.0000000000
2020,11,12,11,52,8, -47.7419000000
2020,11,12,11,52,8, -50.0000000000
2020,11,12,11,52,8, -49.3548000000
2020,11,12,11,52,9, -49.0323000000
2020,11,12,11,52,9, -49.3548000000
2020,11,12,11,52,9, -49.6774000000
2020,11,12,11,52,9, -50.0000000000
2020,11,12,11,52,10, -47.7419000000
2020,11,12,11,52,10, -50.0000000000
2020,11,12,11,52,10, -50.0000000000
2020,11,12,11,52,11, -48.3871000000
2020,11,12,11,52,11, -48.3871000000
2020,11,12,11,52,11, -50.0000000000
2020,11,12,11,52,11, -48.3871000000
2020,11,12,11,52,12, -49.6774000000
2020,11,12,11,52,12, -50.0000000000
2020,11,12,11,52,12, -47.7419000000
2020,11,12,11,52,12, -50.0000000000
2020,11,12,11,52,13, -48.3871000000
2020,11,12,11,52,13, -50.0000000000
2020,11,12,11,52,13, -48.0645000000
2020,11,12,11,52,13, -50.0000000000
2020,11,12,11,52,14, -50.0000000000
2020,11,12,11,52,14, -47.7419000000
2020,11,12,11,52,14, -50.0000000000
2020,11,12,11,52,14, -50.0000000000
2020,11,12,11,52,15, -47.7419000000
2020,11,12,11,52,15, -50.0000000000
2020,11,12,11,52,15, -50.0000000000
2020,11,12,11,52,15, -48.3871000000
2020,11,12,11,52,16, -50.0000000000
2020,11,12,11,52,16, -48.3871000000
2020,11,12,11,52,16, -49.0323000000
2020,11,12,11,52,16, -50.0000000000
2020,11,12,11,52,17, -47.7419000000
2020,11,12,11,52,17, -50.0000000000
2020,11,12,11,52,17, -48.3871000000
2020,11,12,11,52,17, -50.0000000000
2020,11,12,11,52,18, -48.3871000000
2020,11,12,11,52,18, -50.0000000000
2020,11,12,11,52,18, -47.7419000000
2020,11,12,11,52,19, -50.0000000000
2020,11,12,11,52,19, -49.3548000000
2020,11,12,11,52,19, -49.0323000000
2020,11,12,11,52,19, -50.0000000000
2020,11,12,11,52,20, -47.7419000000
2020,11,12,11,52,20, -50.0000000000
2020,11,12,11,52,20, -48.3871000000
2020,11,12,11,52,20, -50.0000000000
2020,11,12,11,52,21, -50.0000000000
2020,11,12,11,52,21, -48.3871000000
2020,11,12,11,52,21, -50.0000000000
2020,11,12,11,52,21, -48.3871000000
2020,11,12,11,52,22, -49.3548000000
2020,11,12,11,52,22, -50.0000000000
2020,11,12,11,52,22, -47.7419000000
2020,11,12,11,52,22, -50.0000000000
2020,11,12,11,52,23, -48.3871000000
2020,11,12,11,52,23, -50.0000000000
2020,11,12,11,52,23, -50.0000000000
2020,11,12,11,52,23, -48.0645000000
2020,11,12,11,52,24, -50.0000000000
2020,11,12,11,52,24, -50.0000000000
2020,11,12,11,52,24, -50.0000000000
2020,11,12,11,52,24, -48.7097000000
2020,11,12,11,52,25, -50.0000000000
2020,11,12,11,52,25, -47.7419000000
2020,11,12,11,52,25, -50.0000000000
2020,11,12,11,52,25, -49.0323000000
2020,11,12,11,52,26, -49.6774000000
2020,11,12,11,52,26, -50.0000000000
2020,11,12,11,52,26, -48.0645000000
2020,11,12,11,52,26, -50.0000000000
2020,11,12,11,52,27, -49.0323000000
2020,11,12,11,52,27, -48.7097000000
2020,11,12,11,52,27, -50.0000000000
2020,11,12,11,52,28, -48.3871000000
2020,11,12,11,52,28, -49.6774000000
2020,11,12,11,52,28, -47.7419000000
2020,11,12,11,52,28, -50.0000000000
2020,11,12,11,52,29, -48.3871000000
2020,11,12,11,52,29, -49.6774000000
2020,11,12,11,52,29, -50.0000000000
2020,11,12,11,52,29, -48.0645000000
2020,11,12,11,52,30, -50.0000000000
2020,11,12,11,52,30, -47.7419000000
2020,11,12,11,52,30, -48.3871000000
2020,11,12,11,52,30, -50.0000000000
2020,11,12,11,52,31, -48.7097000000
2020,11,12,11,52,31, -50.0000000000
2020,11,12,11,52,31, -50.0000000000
2020,11,12,11,52,31, -47.7419000000
2020,11,12,11,52,32, -50.0000000000
2020,11,12,11,52,32, -49.0323000000
2020,11,12,11,52,32, -48.3871000000
2020,11,12,11,52,32, -50.0000000000
2020,11,12,11,52,33, -47.7419000000
2020,11,12,11,52,33, -50.0000000000
2020,11,12,11,52,33, -49.3548000000
2020,11,12,11,52,33, -48.7097000000
2020,11,12,11,52,34, -50.0000000000
2020,11,12,11,52,34, -48.7097000000
2020,11,12,11,52,34, -49.3548000000
2020,11,12,11,52,34, -50.0000000000
2020,11,12,11,52,35, -47.7419000000
2020,11,12,11,52,35, -49.0323000000
2020,11,12,11,52,35, -48.3871000000
2020,11,12,11,52,36, -50.0000000000
2020,11,12,11,52,36, -49.6774000000
2020,11,12,11,52,36, -48.7097000000
2020,11,12,11,52,36, -49.0323000000
2020,11,12,11,52,37, -50.0000000000
2020,11,12,11,52,37, -47.7419000000
2020,11,12,11,52,37, -50.0000000000
2020,11,12,11,52,37, -48.0645000000
2020,11,12,11,52,38, -49.6774000000
2020,11,12,11,52,38, -50.0000000000
2020,11,12,11,52,38, -48.0645000000
2020,11,12,11,52,38, -50.0000000000
2020,11,12,11,52,39, -48.3871000000
2020,11,12,11,52,39, -50.0000000000
2020,11,12,11,52,39, -49.0323000000
2020,11,12,11,52,39, -48.7097000000
2020,11,12,11,52,40, -50.0000000000
2020,11,12,11,52,40, -47.4194000000
2020,11,12,11,52,40, -50.0000000000
2020,11,12,11,52,40, -48.7097000000
2020,11,12,11,52,41, -49.6774000000
2020,11,12,11,52,41, -50.0000000000
2020,11,12,11,52,41, -50.0000000000
2020,11,12,11,52,41, -47.4194000000
2020,11,12,11,52,42, -50.0000000000
2020,11,12,11,52,42, -48.3871000000
2020,11,12,11,52,42, -50.0000000000
2020,11,12,11,52,42, -50.0000000000
2020,11,12,11,52,43, -48.3871000000
2020,11,12,11,52,43, -50.0000000000
2020,11,12,11,52,43, -48.0645000000
2020,11,12,11,52,44, -50.0000000000
2020,11,12,11,52,44, -49.0323000000
2020,11,12,11,52,44, -49.0323000000
2020,11,12,11,52,44, -50.0000000000
2020,11,12,11,52,45, -48.0645000000
2020,11,12,11,52,45, -49.6774000000
2020,11,12,11,52,45, -50.0000000000
2020,11,12,11,52,45, -47.7419000000
2020,11,12,11,52,46, -50.0000000000
2020,11,12,11,52,46, -48.0645000000
2020,11,12,11,52,46, -50.0000000000
2020,11,12,11,52,46, -50.0000000000
2020,11,12,11,52,47, -48.7097000000
2020,11,12,11,52,47, -50.0000000000
2020,11,12,11,52,47, -47.7419000000
2020,11,12,11,52,47, -50.0000000000
2020,11,12,11,52,48, -47.7419000000
2020,11,12,11,52,48, -50.0000000000
2020,11,12,11,52,48, -50.0000000000
2020,11,12,11,52,48, -47.7419000000
2020,11,12,11,52,49, -50.0000000000
2020,11,12,11,52,49, -48.0645000000
2020,11,12,11,52,49, -48.3871000000
2020,11,12,11,52,49, -50.0000000000
2020,11,12,11,52,50, -50.0000000000
2020,11,12,11,52,50, -48.3871000000
2020,11,12,11,52,50, -50.0000000000
2020,11,12,11,52,50, -47.7419000000
2020,11,12,11,52,51, -50.0000000000
2020,11,12,11,52,51, -47.7419000000
2020,11,12,11,52,51, -50.0000000000
2020,11,12,11,52,51, -48.0645000000
2020,11,12,11,52,52, -50.0000000000
2020,11,12,11,52,52, -50.0000000000
2020,11,12,11,52,52, -47.7419000000
2020,11,12,11,52,53, -50.0000000000
2020,11,12,11,52,53, -50.0000000000
2020,11,12,11,52,53, -48.3871000000
2020,11,12,11,52,53, -48.3871000000
2020,11,12,11,52,54, -50.0000000000
2020,11,12,11,52,54, -49.0323000000
2020,11,12,11,52,54, -49.6774000000
2020,11,12,11,52,54, -50.0000000000
2020,11,12,11,52,55, -48.0645000000
2020,11,12,11,52,55, -50.0000000000
2020,11,12,11,52,55, -48.3871000000
2020,11,12,11,52,55, -50.0000000000
2020,11,12,11,52,56, -47.7419000000
2020,11,12,11,52,56, -50.0000000000
2020,11,12,11,52,56, -49.3548000000
2020,11,12,11,52,56, -49.3548000000
2020,11,12,11,52,57, -50.0000000000
2020,11,12,11,52,57, -47.7419000000
2020,11,12,11,52,57, -50.0000000000
2020,11,12,11,52,57, -48.0645000000
2020,11,12,11,52,58, -50.0000000000
2020,11,12,11,52,58, -48.0645000000
2020,11,12,11,52,58, -50.0000000000
2020,11,12,11,52,58, -49.0323000000
2020,11,12,11,52,59, -49.3548000000
2020,11,12,11,52,59, -48.7097000000
2020,11,12,11,52,59, -50.0000000000
2020,11,12,11,52,59, -48.3871000000
2020,11,12,11,53,0, -49.6774000000
2020,11,12,11,53,0, -50.0000000000
2020,11,12,11,53,0, -50.0000000000
2020,11,12,11,53,1, -50.0000000000
2020,11,12,11,53,1, -47.7419000000
2020,11,12,11,53,1, -50.0000000000
2020,11,12,11,53,1, -49.0323000000
2020,11,12,11,53,2, -48.3871000000
2020,11,12,11,53,2, -49.3548000000
2020,11,12,11,53,2, -50.0000000000
2020,11,12,11,53,2, -48.0645000000
2020,11,12,11,53,3, -50.0000000000
2020,11,12,11,53,3, -50.0000000000
2020,11,12,11,53,3, -47.7419000000
2020,11,12,11,53,3, -50.0000000000
2020,11,12,11,53,4, -48.7097000000
2020,11,12,11,53,4, -49.0323000000
2020,11,12,11,53,4, -50.0000000000
2020,11,12,11,53,4, -47.7419000000
2020,11,12,11,53,5, -50.0000000000
2020,11,12,11,53,5, -49.0323000000
2020,11,12,11,53,5, -49.3548000000
2020,11,12,11,53,5, -50.0000000000
2020,11,12,11,53,6, -48.0645000000
2020,11,12,11,53,6, -50.0000000000
2020,11,12,11,53,6, -50.0000000000
2020,11,12,11,53,6, -47.4194000000
2020,11,12,11,53,7, -48.3871000000
2020,11,12,11,53,7, -48.7097000000
2020,11,12,11,53,7, -49.6774000000
2020,11,12,11,53,8, -50.0000000000
2020,11,12,11,53,8, -48.0645000000
2020,11,12,11,53,8, -50.0000000000
2020,11,12,11,53,8, -50.0000000000
2020,11,12,11,53,9, -47.4194000000
2020,11,12,11,53,9, -48.3871000000
2020,11,12,11,53,9, -50.0000000000
2020,11,12,11,53,9, -49.6774000000
2020,11,12,11,53,10, -50.0000000000
2020,11,12,11,53,10, -50.0000000000
2020,11,12,11,53,10, -49.0323000000
2020,11,12,11,53,10, -50.0000000000
2020,11,12,11,53,11, -48.0645000000
2020,11,12,11,53,11, -50.0000000000
2020,11,12,11,53,11, -48.3871000000
2020,11,12,11,53,11, -50.0000000000
2020,11,12,11,53,12, -49.3548000000
2020,11,12,11,53,12, -48.3871000000
2020,11,12,11,53,12, -50.0000000000
2020,11,12,11,53,13, -49.0323000000
2020,11,12,11,53,13, -49.3548000000
2020,11,12,11,53,13, -50.0000000000
2020,11,12,11,53,13, -47.7419000000
2020,11,12,11,53,14, -48.3871000000
2020,11,12,11,53,14, -50.0000000000
2020,11,12,11,53,14, -50.0000000000
2020,11,12,11,53,14, -48.3871000000
2020,11,12,11,53,15, -50.0000000000
2020,11,12,11,53,15, -47.4194000000
2020,11,12,11,53,15, -50.0000000000
2020,11,12,11,53,15, -47.7419000000
2020,11,12,11,53,16, -50.0000000000
2020,11,12,11,53,16, -48.7097000000
2020,11,12,11,53,16, -49.6774000000
2020,11,12,11,53,16, -49.6774000000
2020,11,12,11,53,17, -49.0323000000
2020,11,12,11,53,17, -48.7097000000
2020,11,12,11,53,17, -50.0000000000
2020,11,12,11,53,17, -47.7419000000
2020,11,12,11,53,18, -50.0000000000
2020,11,12,11,53,18, -47.7419000000
2020,11,12,11,53,18, -50.0000000000
2020,11,12,11,53,18, -50.0000000000
2020,11,12,11,53,19, -48.0645000000
2020,11,12,11,53,19, -50.0000000000
2020,11,12,11,53,19, -48.0645000000
2020,11,12,11,53,19, -50.0000000000
2020,11,12,11,53,20, -49.6774000000
2020,11,12,11,53,20, -48.7097000000
2020,11,12,11,53,20, -50.0000000000
2020,11,12,11,53,20, -47.7419000000
2020,11,12,11,53,21, -50.0000000000
2020,11,12,11,53,21, -48.7097000000
2020,11,12,11,53,21, -49.6774000000
2020,11,12,11,53,22, -50.0000000000
2020,11,12,11,53,22, -49.0323000000
2020,11,12,11,53,22, -48.0645000000
2020,11,12,11,53,22, -50.0000000000
2020,11,12,11,53,23, -49.6774000000
2020,11,12,11,53,23, -48.0645000000
2020,11,12,11,53,23, -50.0000000000
2020,11,12,11,53,23, -47.7419000000
2020,11,12,11,53,24, -50.0000000000
2020,11,12,11,53,24, -48.3871000000
2020,11,12,11,53,24, -50.0000000000
2020,11,12,11,53,24, -47.7419000000
2020,11,12,11,53,25, -50.0000000000
2020,11,12,11,53,25, -47.7419000000
2020,11,12,11,53,25, -50.0000000000
2020,11,12,11,53,25, -49.0323000000
2020,11,12,11,53,26, -49.6774000000
2020,11,12,11,53,26, -50.0000000000
2020,11,12,11,53,26, -48.7097000000
2020,11,12,11,53,26, -50.0000000000
2020,11,12,11,53,27, -47.7419000000
2020,11,12,11,53,27, -50.0000000000
2020,11,12,11,53,27, -48.7097000000
2020,11,12,11,53,27, -49.3548000000
2020,11,12,11,53,28, -50.0000000000
2020,11,12,11,53,28, -47.4194000000
2020,11,12,11,53,28, -48.3871000000
2020,11,12,11,53,28, -50.0000000000
2020,11,12,11,53,29, -50.0000000000
2020,11,12,11,53,29, -47.4194000000
2020,11,12,11,53,29, -50.0000000000
2020,11,12,11,53,29, -49.3548000000
2020,11,12,11,53,30, -48.0645000000
2020,11,12,11,53,30, -50.0000000000
2020,11,12,11,53,30, -48.0645000000
2020,11,12,11,53,31, -49.6774000000
2020,11,12,11,53,31, -50.0000000000
2020,11,12,11,53,31, -47.7419000000
2020,11,12,11,53,31, -50.0000000000
2020,11,12,11,53,32, -49.3548000000
2020,11,12,11,53,32, -49.0323000000
2020,11,12,11,53,32, -50.0000000000
2020,11,12,11,53,32, -47.7419000000
2020,11,12,11,53,33, -50.0000000000
2020,11,12,11,53,33, -47.7419000000
2020,11,12,11,53,33, -50.0000000000
2020,11,12,11,53,33, -50.0000000000
2020,11,12,11,53,34, -47.7419000000
2020,11,12,11,53,34, -50.0000000000
2020,11,12,11,53,34, -50.0000000000
2020,11,12,11,53,34, -47.7419000000
2020,11,12,11,53,35, -50.0000000000
2020,11,12,11,53,35, -47.7419000000
2020,11,12,11,53,35, -50.0000000000
2020,11,12,11,53,35, -47.7419000000
2020,11,12,11,53,36, -50.0000000000
2020,11,12,11,53,36, -50.0000000000
2020,11,12,11,53,36, -47.7419000000
2020,11,12,11,53,36, -50.0000000000
2020,11,12,11,53,37, -49.0323000000
2020,11,12,11,53,37, -50.0000000000
2020,11,12,11,53,37, -48.0645000000
2020,11,12,11,53,37, -50.0000000000
2020,11,12,11,53,38, -50.0000000000
2020,11,12,11,53,38, -48.0645000000
2020,11,12,11,53,38, -48.7097000000
2020,11,12,11,53,39, -50.0000000000
2020,11,12,11,53,39, -48.7097000000
2020,11,12,11,53,39, -50.0000000000
2020,11,12,11,53,39, -49.0323000000
2020,11,12,11,53,40, -48.3871000000
2020,11,12,11,53,40, -50.0000000000
2020,11,12,11,53,40, -48.0645000000
2020,11,12,11,53,40, -49.3548000000
2020,11,12,11,53,41, -50.0000000000
2020,11,12,11,53,41, -47.7419000000
2020,11,12,11,53,41, -50.0000000000
2020,11,12,11,53,41, -50.0000000000
2020,11,12,11,53,42, -50.0000000000
2020,11,12,11,53,42, -47.7419000000
2020,11,12,11,53,42, -50.0000000000
2020,11,12,11,53,42, -49.6774000000
2020,11,12,11,53,43, -48.7097000000
2020,11,12,11,53,43, -50.0000000000
2020,11,12,11,53,43, -47.7419000000
2020,11,12,11,53,43, -50.0000000000
2020,11,12,11,53,44, -48.0645000000
2020,11,12,11,53,44, -50.0000000000
2020,11,12,11,53,44, -49.6774000000
2020,11,12,11,53,44, -50.0000000000
2020,11,12,11,53,45, -47.4194000000
2020,11,12,11,53,45, -50.0000000000
2020,11,12,11,53,45, -48.7097000000
2020,11,12,11,53,45, -49.6774000000
2020,11,12,11,53,46, -50.0000000000
2020,11,12,11,53,46, -48.0645000000
2020,11,12,11,53,46, -50.0000000000
2020,11,12,11,53,47, -47.7419000000
2020,11,12,11,53,47, -50.0000000000
2020,11,12,11,53,47, -49.6774000000
2020,11,12,11,53,47, -48.7097000000
2020,11,12,11,53,48, -50.0000000000
2020,11,12,11,53,48, -47.7419000000
2020,11,12,11,53,48, -50.0000000000
2020,11,12,11,53,48, -48.0645000000
2020,11,12,11,53,49, -50.0000000000
2020,11,12,11,53,49, -50.0000000000
2020,11,12,11,53,49, -47.7419000000
2020,11,12,11,53,49, -50.0000000000
2020,11,12,11,53,50, -48.0645000000
2020,11,12,11,53,50, -50.0000000000
2020,11,12,11,53,50, -49.3548000000
2020,11,12,11,53,50, -48.3871000000
2020,11,12,11,53,51, -50.0000000000
2020,11,12,11,53,51, -48.7097000000
2020,11,12,11,53,51, -50.0000000000
2020,11,12,11,53,51, -47.7419000000
2020,11,12,11,53,52, -50.0000000000
2020,11,12,11,53,52, -47.7419000000
2020,11,12,11,53,52, -50.0000000000
2020,11,12,11,53,52, -48.0645000000
2020,11,12,11,53,53, -50.0000000000
2020,11,12,11,53,53, -49.6774000000
2020,11,12,11,53,53, -48.7097000000
2020,11,12,11,53,53, -50.0000000000
2020,11,12,11,53,54, -47.7419000000
2020,11,12,11,53,54, -50.0000000000
2020,11,12,11,53,54, -48.3871000000
2020,11,12,11,53,54, -50.0000000000
2020,11,12,11,53,55, -47.7419000000
2020,11,12,11,53,55, -50.0000000000
2020,11,12,11,53,55, -48.3871000000
2020,11,12,11,53,56, -49.3548000000
2020,11,12,11,53,56, -48.3871000000
2020,11,12,11,53,56, -50.0000000000
2020,11,12,11,53,56, -50.0000000000
2020,11,12,11,53,57, -47.7419000000
2020,11,12,11,53,57, -50.0000000000
2020,11,12,11,53,57, -48.7097000000
2020,11,12,11,53,57, -49.6774000000
2020,11,12,11,53,58, -50.0000000000
2020,11,12,11,53,58, -48.0645000000
2020,11,12,11,53,58, -50.0000000000
2020,11,12,11,53,58, -47.7419000000
2020,11,12,11,53,59, -48.3871000000
2020,11,12,11,53,59, -50.0000000000
2020,11,12,11,53,59, -49.6774000000
2020,11,12,11,53,59, -48.3871000000
2020,11,12,11,54,0, -50.0000000000
2020,11,12,11,54,0, -48.3871000000
2020,11,12,11,54,0, -50.0000000000
2020,11,12,11,54,0, -50.0000000000
2020,11,12,11,54,1, -48.7097000000
2020,11,12,11,54,1, -49.0323000000
2020,11,12,11,54,1, -50.0000000000
2020,11,12,11,54,1, -50.0000000000
2020,11,12,11,54,2, -48.0645000000
2020,11,12,11,54,2, -49.3548000000
2020,11,12,11,54,2, -50.0000000000
2020,11,12,11,54,2, -48.0645000000
2020,11,12,11,54,3, -50.0000000000
2020,11,12,11,54,3, -50.0000000000
2020,11,12,11,54,3, -50.0000000000
2020,11,12,11,54,4, -50.0000000000
2020,11,12,11,54,4, -47.4194000000
2020,11,12,11,54,4, -49.3548000000
2020,11,12,11,54,4, -50.0000000000
2020,11,12,11,54,5, -48.3871000000
2020,11,12,11,54,5, -50.0000000000
2020,11,12,11,54,5, -50.0000000000
2020,11,12,11,54,5, -48.0645000000
2020,11,12,11,54,6, -48.7097000000
2020,11,12,11,54,6, -50.0000000000
2020,11,12,11,54,6, -48.3871000000
2020,11,12,11,54,6, -49.3548000000
2020,11,12,11,54,7, -50.0000000000
2020,11,12,11,54,7, -48.0645000000
2020,11,12,11,54,7, -49.6774000000
2020,11,12,11,54,7, -50.0000000000
2020,11,12,11,54,8, -47.4194000000
2020,11,12,11,54,8, -50.0000000000
2020,11,12,11,54,8, -47.7419000000
2020,11,12,11,54,8, -50.0000000000
2020,11,12,11,54,9, -50.0000000000
2020,11,12,11,54,9, -49.3548000000
2020,11,12,11,54,9, -47.7419000000
2020,11,12,11,54,10, -50.0000000000
2020,11,12,11,54,10, -50.0000000000
2020,11,12,11,54,10, -47.7419000000
2020,11,12,11,54,10, -50.0000000000
2020,11,12,11,54,11, -48.3871000000
2020,11,12,11,54,11, -49.3548000000
2020,11,12,11,54,11, -49.0323000000
2020,11,12,11,54,11, -50.0000000000
2020,11,12,11,54,12, -50.0000000000
2020,11,12,11,54,12, -47.7419000000
2020,11,12,11,54,12, -50.0000000000
2020,11,12,11,54,12, -50.0000000000
2020,11,12,11,54,13, -48.3871000000
2020,11,12,11,54,13, -50.0000000000
2020,11,12,11,54,13, -47.7419000000
2020,11,12,11,54,13, -50.0000000000
2020,11,12,11,54,14, -48.7097000000
2020,11,12,11,54,14, -49.3548000000
2020,11,12,11,54,14, -50.0000000000
2020,11,12,11,54,14, -47.7419000000
2020,11,12,11,54,15, -50.0000000000
2020,11,12,11,54,15, -50.0000000000
2020,11,12,11,54,15, -48.7097000000
2020,11,12,11,54,15, -50.0000000000
2020,11,12,11,54,16, -49.0323000000
2020,11,12,11,54,16, -50.0000000000
2020,11,12,11,54,16, -47.7419000000
2020,11,12,11,54,16, -50.0000000000
2020,11,12,11,54,17, -48.3871000000
2020,11,12,11,54,17, -49.0323000000
2020,11,12,11,54,17, -50.0000000000
2020,11,12,11,54,17, -48.3871000000
2020,11,12,11,54,18, -49.0323000000
2020,11,12,11,54,18, -50.0000000000
2020,11,12,11,54,18, -47.7419000000
2020,11,12,11,54,18, -50.0000000000
2020,11,12,11,54,19, -48.0645000000
2020,11,12,11,54,19, -50.0000000000
2020,11,12,11,54,19, -49.0323000000
2020,11,12,11,54,20, -48.7097000000
2020,11,12,11,54,20, -50.0000000000
2020,11,12,11,54,20, -47.7419000000
2020,11,12,11,54,20, -50.0000000000
2020,11,12,11,54,21, -49.3548000000
2020,11,12,11,54,21, -49.0323000000
2020,11,12,11,54,21, -50.0000000000
2020,11,12,11,54,21, -47.7419000000
2020,11,12,11,54,22, -50.0000000000
2020,11,12,11,54,22, -48.0645000000
2020,11,12,11,54,22, -50.0000000000
2020,11,12,11,54,22, -50.0000000000
2020,11,12,11,54,23, -48.0645000000
2020,11,12,11,54,23, -50.0000000000
2020,11,12,11,54,23, -49.0323000000
2020,11,12,11,54,23, -48.7097000000
2020,11,12,11,54,24, -50.0000000000
2020,11,12,11,54,24, -47.7419000000
2020,11,12,11,54,24, -50.0000000000
2020,11,12,11,54,24, -48.0645000000
2020,11,12,11,54,25, -50.0000000000
2020,11,12,11,54,25, -47.7419000000
2020,11,12,11,54,25, -50.0000000000
2020,11,12,11,54,25, -48.0645000000
2020,11,12,11,54,26, -50.0000000000
2020,11,12,11,54,26, -49.6774000000
2020,11,12,11,54,26, -48.3871000000
2020,11,12,11,54,26, -50.0000000000
2020,11,12,11,54,27, -47.4194000000
2020,11,12,11,54,27, -50.0000000000
2020,11,12,11,54,27, -49.0323000000
2020,11,12,11,54,27, -49.3548000000
2020,11,12,11,54,28, -50.0000000000
2020,11,12,11,54,28, -47.7419000000
2020,11,12,11,54,28, -50.0000000000
2020,11,12,11,54,29, -48.7097000000
2020,11,12,11,54,29, -50.0000000000
2020,11,12,11,54,29, -48.7097000000
2020,11,12,11,54,29, -49.0323000000
2020,11,12,11,54,30, -50.0000000000
2020,11,12,11,54,30, -47.4194000000
2020,11,12,11,54,30, -50.0000000000
2020,11,12,11,54,30, -47.7419000000
2020,11,12,11,54,31, -50.0000000000
2020,11,12,11,54,31, -50.0000000000
2020,11,12,11,54,31, -48.3871000000
2020,11,12,11,54,31, -48.3871000000
2020,11,12,11,54,32, -50.0000000000
2020,11,12,11,54,32, -50.0000000000
2020,11,12,11,54,32, -47.4194000000
2020,11,12,11,54,32, -50.0000000000
2020,11,12,11,54,33, -50.0000000000
2020,11,12,11,54,33, -48.0645000000
2020,11,12,11,54,33, -49.3548000000
2020,11,12,11,54,33, -49.6774000000
2020,11,12,11,54,34, -50.0000000000
2020,11,12,11,54,34, -47.7419000000
2020,11,12,11,54,34, -48.7097000000
2020,11,12,11,54,35, -49.6774000000
2020,11,12,11,54,35, -50.0000000000
2020,11,12,11,54,35, -50.0000000000
2020,11,12,11,54,35, -50.0000000000
2020,11,12,11,54,36, -47.4194000000
2020,11,12,11,54,36, -49.6774000000
2020,11,12,11,54,36, -50.0000000000
2020,11,12,11,54,36, -48.3871000000
2020,11,12,11,54,37, -50.0000000000
2020,11,12,11,54,37, -47.7419000000
2020,11,12,11,54,37, -48.7097000000
2020,11,12,11,54,37, -50.0000000000
2020,11,12,11,54,38, -50.0000000000
2020,11,12,11,54,38, -47.4194000000
2020,11,12,11,54,38, -50.0000000000
2020,11,12,11,54,38, -48.7097000000
2020,11,12,11,54,39, -50.0000000000
2020,11,12,11,54,39, -50.0000000000
2020,11,12,11,54,39, -50.0000000000
2020,11,12,11,54,39, -47.7419000000
2020,11,12,11,54,40, -50.0000000000
2020,11,12,11,54,40, -50.0000000000
2020,11,12,11,54,40, -47.7419000000
2020,11,12,11,54,40, -48.3871000000
2020,11,12,11,54,41, -50.0000000000
2020,11,12,11,54,41, -50.0000000000
2020,11,12,11,54,41, -47.7419000000
2020,11,12,11,54,42, -50.0000000000
2020,11,12,11,54,42, -48.0645000000
2020,11,12,11,54,42, -50.0000000000
2020,11,12,11,54,42, -50.0000000000
2020,11,12,11,54,43, -48.3871000000
2020,11,12,11,54,43, -50.0000000000
2020,11,12,11,54,43, -47.4194000000
2020,11,12,11,54,43, -50.0000000000
2020,11,12,11,54,44, -48.7097000000
2020,11,12,11,54,44, -49.6774000000
2020,11,12,11,54,44, -50.0000000000
2020,11,12,11,54,44, -48.0645000000
2020,11,12,11,54,45, -50.0000000000
2020,11,12,11,54,45, -48.0645000000
2020,11,12,11,54,45, -50.0000000000
2020,11,12,11,54,45, -50.0000000000
2020,11,12,11,54,46, -47.4194000000
2020,11,12,11,54,46, -50.0000000000
2020,11,12,11,54,46, -50.0000000000
2020,11,12,11,54,46, -47.7419000000
2020,11,12,11,54,47, -50.0000000000
2020,11,12,11,54,47, -49.3548000000
2020,11,12,11,54,47, -48.7097000000
2020,11,12,11,54,47, -50.0000000000
2020,11,12,11,54,48, -47.7419000000
2020,11,12,11,54,48, -50.0000000000
2020,11,12,11,54,48, -48.0645000000
2020,11,12,11,54,48, -50.0000000000
2020,11,12,11,54,49, -50.0000000000
2020,11,12,11,54,49, -48.3871000000
2020,11,12,11,54,49, -48.3871000000
2020,11,12,11,54,49, -50.0000000000
2020,11,12,11,54,50, -50.0000000000
2020,11,12,11,54,50, -50.0000000000
2020,11,12,11,54,50, -48.7097000000
2020,11,12,11,54,51, -49.0323000000
2020,11,12,11,54,51, -50.0000000000
2020,11,12,11,54,51, -50.0000000000
2020,11,12,11,54,51, -47.7419000000
2020,11,12,11,54,52, -50.0000000000
2020,11,12,11,54,52, -48.7097000000
2020,11,12,11,54,52, -50.0000000000
2020,11,12,11,54,52, -50.0000000000
2020,11,12,11,54,53, -48.0645000000
2020,11,12,11,54,53, -50.0000000000
2020,11,12,11,54,53, -47.7419000000
2020,11,12,11,54,53, -50.0000000000
2020,11,12,11,54,54, -49.3548000000
2020,11,12,11,54,54, -49.0323000000
2020,11,12,11,54,54, -50.0000000000
2020,11,12,11,54,54, -47.7419000000
2020,11,12,11,54,55, -50.0000000000
2020,11,12,11,54,55, -47.7419000000
2020,11,12,11,54,55, -50.0000000000
2020,11,12,11,54,55, -48.0645000000
2020,11,12,11,54,56, -50.0000000000
2020,11,12,11,54,56, -48.3871000000
2020,11,12,11,54,56, -50.0000000000
2020,11,12,11,54,56, -47.4194000000
2020,11,12,11,54,57, -50.0000000000
2020,11,12,11,54,57, -49.6774000000
2020,11,12,11,54,57, -48.0645000000
2020,11,12,11,54,57, -50.0000000000
2020,11,12,11,54,58, -48.3871000000
2020,11,12,11,54,58, -50.0000000000
2020,11,12,11,54,58, -50.0000000000
2020,11,12,11,54,59, -48.0645000000
2020,11,12,11,54,59, -50.0000000000
2020,11,12,11,54,59, -47.7419000000
2020,11,12,11,54,59, -50.0000000000
2020,11,12,11,55,0, -50.0000000000
2020,11,12,11,55,0, -48.0645000000
2020,11,12,11,55,0, -50.0000000000
2020,11,12,11,55,0, -49.6774000000
2020,11,12,11,55,1, -48.7097000000
2020,11,12,11,55,1, -50.0000000000
2020,11,12,11,55,1, -49.6774000000
2020,11,12,11,55,1, -47.7419000000
2020,11,12,11,55,2, -50.0000000000
2020,11,12,11,55,2, -50.0000000000
2020,11,12,11,55,2, -48.3871000000
2020,11,12,11,55,2, -48.3871000000
2020,11,12,11,55,3, -48.7097000000
2020,11,12,11,55,3, -50.0000000000
2020,11,12,11,55,3, -48.3871000000
2020,11,12,11,55,3, -50.0000000000
2020,11,12,11,55,4, -47.7419000000
2020,11,12,11,55,4, -50.0000000000
2020,11,12,11,55,4, -49.6774000000
2020,11,12,11,55,4, -48.7097000000
2020,11,12,11,55,5, -50.0000000000
2020,11,12,11,55,5, -47.7419000000
2020,11,12,11,55,5, -50.0000000000
2020,11,12,11,55,6, -49.6774000000
2020,11,12,11,55,6, -50.0000000000
2020,11,12,11,55,6, -48.0645000000
2020,11,12,11,55,6, -50.0000000000
2020,11,12,11,55,7, -47.7419000000
2020,11,12,11,55,7, -50.0000000000
2020,11,12,11,55,7, -48.3871000000
2020,11,12,11,55,7, -49.3548000000
2020,11,12,11,55,8, -50.0000000000
2020,11,12,11,55,8, -47.7419000000
2020,11,12,11,55,8, -50.0000000000
2020,11,12,11,55,8, -50.0000000000
2020,11,12,11,55,9, -49.0323000000
2020,11,12,11,55,9, -49.6774000000
2020,11,12,11,55,9, -49.0323000000
2020,11,12,11,55,9, -50.0000000000
2020,11,12,11,55,10, -49.6774000000
2020,11,12,11,55,10, -48.3871000000
2020,11,12,11,55,10, -50.0000000000
2020,11,12,11,55,10, -50.0000000000
2020,11,12,11,55,11, -49.0323000000
2020,11,12,11,55,11, -49.0323000000
2020,11,12,11,55,11, -50.0000000000
2020,11,12,11,55,11, -47.4194000000
2020,11,12,11,55,12, -50.0000000000
2020,11,12,11,55,12, -48.0645000000
2020,11,12,11,55,12, -50.0000000000
2020,11,12,11,55,12, -50.0000000000
2020,11,12,11,55,13, -47.7419000000
2020,11,12,11,55,13, -50.0000000000
2020,11,12,11,55,13, -50.0000000000
2020,11,12,11,55,13, -47.7419000000
2020,11,12,11,55,14, -50.0000000000
2020,11,12,11,55,14, -49.6774000000
2020,11,12,11,55,14, -48.3871000000
2020,11,12,11,55,15, -50.0000000000
2020,11,12,11,55,15, -47.7419000000
2020,11,12,11,55,15, -50.0000000000
2020,11,12,11,55,15, -48.7097000000
2020,11,12,11,55,16, -49.6774000000
2020,11,12,11,55,16, -50.0000000000
2020,11,12,11,55,16, -47.7419000000
2020,11,12,11,55,16, -50.0000000000
2020,11,12,11,55,17, -50.0000000000
2020,11,12,11,55,17, -48.0645000000
2020,11,12,11,55,17, -50.0000000000
2020,11,12,11,55,17, -47.7419000000
2020,11,12,11,55,18, -50.0000000000
2020,11,12,11,55,18, -49.6774000000
2020,11,12,11,55,18, -50.0000000000
2020,11,12,11,55,18, -48.0645000000
2020,11,12,11,55,19, -49.6774000000
2020,11,12,11,55,19, -50.0000000000
2020,11,12,11,55,19, -47.4194000000
2020,11,12,11,55,19, -50.0000000000
2020,11,12,11,55,20, -48.7097000000
2020,11,12,11,55,20, -48.7097000000
2020,11,12,11,55,20, -50.0000000000
2020,11,12,11,55,20, -48.3871000000
2020,11,12,11,55,21, -50.0000000000
2020,11,12,11,55,21, -50.0000000000
2020,11,12,11,55,21, -48.0645000000
2020,11,12,11,55,21, -50.0000000000
2020,11,12,11,55,22, -47.7419000000
2020,11,12,11,55,22, -50.0000000000
2020,11,12,11,55,22, -49.6774000000
2020,11,12,11,55,22, -50.0000000000
2020,11,12,11,55,23, -48.3871000000
2020,11,12,11,55,23, -50.0000000000
2020,11,12,11,55,23, -47.7419000000
2020,11,12,11,55,24, -50.0000000000
2020,11,12,11,55,24, -50.0000000000
2020,11,12,11,55,24, -50.0000000000
2020,11,12,11,55,24, -47.7419000000
2020,11,12,11,55,25, -50.0000000000
2020,11,12,11,55,25, -49.6774000000
2020,11,12,11,55,25, -49.0323000000
2020,11,12,11,55,25, -50.0000000000
2020,11,12,11,55,26, -47.7419000000
2020,11,12,11,55,26, -50.0000000000
2020,11,12,11,55,26, -50.0000000000
2020,11,12,11,55,26, -48.3871000000
2020,11,12,11,55,27, -50.0000000000
2020,11,12,11,55,27, -50.0000000000
2020,11,12,11,55,27, -48.7097000000
2020,11,12,11,55,27, -50.0000000000
2020,11,12,11,55,28, -49.3548000000
2020,11,12,11,55,28, -50.0000000000
2020,11,12,11,55,28, -48.0645000000
2020,11,12,11,55,28, -50.0000000000
2020,11,12,11,55,29, -49.0323000000
2020,11,12,11,55,29, -50.0000000000
2020,11,12,11,55,29, -49.3548000000
2020,11,12,11,55,30, -48.3871000000
2020,11,12,11,55,30, -50.0000000000
2020,11,12,11,55,30, -48.7097000000
2020,11,12,11,55,30, -48.7097000000
2020,11,12,11,55,31, -50.0000000000
2020,11,12,11,55,31, -50.0000000000
2020,11,12,11,55,31, -47.4194000000
2020,11,12,11,55,31, -50.0000000000
2020,11,12,11,55,32, -49.0323000000
2020,11,12,11,55,32, -49.3548000000
2020,11,12,11,55,32, -50.0000000000
2020,11,12,11,55,32, -48.0645000000
2020,11,12,11,55,33, -50.0000000000
2020,11,12,11,55,33, -47.7419000000
2020,11,12,11,55,33, -50.0000000000
2020,11,12,11,55,33, -49.3548000000
2020,11,12,11,55,34, -48.7097000000
2020,11,12,11,55,34, -50.0000000000
2020,11,12,11,55,34, -47.7419000000
2020,11,12,11,55,34, -50.0000000000
2020,11,12,11,55,35, -48.0645000000
2020,11,12,11,55,35, -49.3548000000
2020,11,12,11,55,35, -49.0323000000
2020,11,12,11,55,35, -50.0000000000
2020,11,12,11,55,36, -47.7419000000
2020,11,12,11,55,36, -50.0000000000
2020,11,12,11,55,36, -50.0000000000
2020,11,12,11,55,36, -48.7097000000
2020,11,12,11,55,37, -50.0000000000
2020,11,12,11,55,37, -47.4194000000
2020,11,12,11,55,37, -50.0000000000
2020,11,12,11,55,37, -48.3871000000
2020,11,12,11,55,38, -50.0000000000
2020,11,12,11,55,38, -50.0000000000
2020,11,12,11,55,38, -48.7097000000
2020,11,12,11,55,39, -50.0000000000
2020,11,12,11,55,39, -49.0323000000
2020,11,12,11,55,39, -49.3548000000
2020,11,12,11,55,39, -48.7097000000
2020,11,12,11,55,40, -50.0000000000
2020,11,12,11,55,40, -48.7097000000
2020,11,12,11,55,40, -50.0000000000
2020,11,12,11,55,40, -49.6774000000
2020,11,12,11,55,41, -48.0645000000
2020,11,12,11,55,41, -50.0000000000
2020,11,12,11,55,41, -49.3548000000
2020,11,12,11,55,41, -48.3871000000
2020,11,12,11,55,42, -50.0000000000
2020,11,12,11,55,42, -47.7419000000
2020,11,12,11,55,42, -50.0000000000
2020,11,12,11,55,42, -50.0000000000
2020,11,12,11,55,43, -47.7419000000
2020,11,12,11,55,43, -50.0000000000
2020,11,12,11,55,43, -48.7097000000
2020,11,12,11,55,43, -50.0000000000
2020,11,12,11,55,44, -50.0000000000
2020,11,12,11,55,44, -48.0645000000
2020,11,12,11,55,44, -50.0000000000
2020,11,12,11,55,44, -48.3871000000
2020,11,12,11,55,45, -50.0000000000
2020,11,12,11,55,45, -48.0645000000
2020,11,12,11,55,45, -50.0000000000
2020,11,12,11,55,45, -48.0645000000
2020,11,12,11,55,46, -49.6774000000
2020,11,12,11,55,46, -50.0000000000
2020,11,12,11,55,46, -47.7419000000
2020,11,12,11,55,47, -50.0000000000
2020,11,12,11,55,47, -50.0000000000
2020,11,12,11,55,47, -47.7419000000
2020,11,12,11,55,47, -50.0000000000
2020,11,12,11,55,48, -47.7419000000
2020,11,12,11,55,48, -50.0000000000
2020,11,12,11,55,48, -49.6774000000
2020,11,12,11,55,48, -48.7097000000
2020,11,12,11,55,49, -50.0000000000
2020,11,12,11,55,49, -47.7419000000
2020,11,12,11,55,49, -50.0000000000
2020,11,12,11,55,49, -50.0000000000
2020,11,12,11,55,50, -50.0000000000
2020,11,12,11,55,50, -48.0645000000
2020,11,12,11,55,50, -50.0000000000
2020,11,12,11,55,50, -50.0000000000
2020,11,12,11,55,51, -47.7419000000
2020,11,12,11,55,51, -50.0000000000
2020,11,12,11,55,51, -47.7419000000
2020,11,12,11,55,51, -50.0000000000
2020,11,12,11,55,52, -50.0000000000
2020,11,12,11,55,52, -47.7419000000
2020,11,12,11,55,52, -50.0000000000
2020,11,12,11,55,52, -48.3871000000
2020,11,12,11,55,53, -50.0000000000
2020,11,12,11,55,53, -50.0000000000
2020,11,12,11,55,53, -47.7419000000
2020,11,12,11,55,53, -50.0000000000
2020,11,12,11,55,54, -47.7419000000
2020,11,12,11,55,54, -50.0000000000
2020,11,12,11,55,54, -50.0000000000
2020,11,12,11,55,54, -47.7419000000
2020,11,12,11,55,55, -49.3548000000
2020,11,12,11,55,55, -49.6774000000
2020,11,12,11,55,55, -50.0000000000
2020,11,12,11,55,56, -47.7419000000
2020,11,12,11,55,56, -49.3548000000
2020,11,12,11,55,56, -49.0323000000
2020,11,12,11,55,56, -49.0323000000
2020,11,12,11,55,57, -49.3548000000
2020,11,12,11,55,57, -48.7097000000
2020,11,12,11,55,57, -48.7097000000
2020,11,12,11,55,57, -50.0000000000
2020,11,12,11,55,58, -50.0000000000
2020,11,12,11,55,58, -47.7419000000
2020,11,12,11,55,58, -48.0645000000
2020,11,12,11,55,58, -49.0323000000
2020,11,12,11,55,59, -50.0000000000
2020,11,12,11,55,59, -50.0000000000
2020,11,12,11,55,59, -50.0000000000
2020,11,12,11,55,59, -47.4194000000
2020,11,12,11,56,0, -49.0323000000
2020,11,12,11,56,0, -50.0000000000
2020,11,12,11,56,0, -50.0000000000
2020,11,12,11,56,1, -48.7097000000
2020,11,12,11,56,1, -49.0323000000
2020,11,12,11,56,1, -50.0000000000
2020,11,12,11,56,1, -50.0000000000
2020,11,12,11,56,2, -47.4194000000
2020,11,12,11,56,2, -50.0000000000
2020,11,12,11,56,2, -47.7419000000
2020,11,12,11,56,2, -50.0000000000
2020,11,12,11,56,3, -49.0323000000
2020,11,12,11,56,3, -48.3871000000
2020,11,12,11,56,3, -50.0000000000
2020,11,12,11,56,3, -48.7097000000
2020,11,12,11,56,4, -50.0000000000
2020,11,12,11,56,4, -47.7419000000
2020,11,12,11,56,4, -50.0000000000
2020,11,12,11,56,4, -49.6774000000
2020,11,12,11,56,5, -48.3871000000
2020,11,12,11,56,5, -50.0000000000
2020,11,12,11,56,5, -47.7419000000
2020,11,12,11,56,5, -50.0000000000
2020,11,12,11,56,6, -48.7097000000
2020,11,12,11,56,6, -49.6774000000
2020,11,12,11,56,6, -50.0000000000
2020,11,12,11,56,6, -50.0000000000
2020,11,12,11,56,7, -49.3548000000
2020,11,12,11,56,7, -49.0323000000
2020,11,12,11,56,7, -50.0000000000
2020,11,12,11,56,7, -47.7419000000
2020,11,12,11,56,8, -50.0000000000
2020,11,12,11,56,8, -48.7097000000
2020,11,12,11,56,8, -48.7097000000
2020,11,12,11,56,9, -50.0000000000
2020,11,12,11,56,9, -47.7419000000
2020,11,12,11,56,9, -50.0000000000
2020,11,12,11,56,9, -47.7419000000
2020,11,12,11,56,10, -50.0000000000
2020,11,12,11,56,10, -49.3548000000
2020,11,12,11,56,10, -50.0000000000
2020,11,12,11,56,10, -47.7419000000
2020,11,12,11,56,11, -50.0000000000
2020,11,12,11,56,11, -49.6774000000
2020,11,12,11,56,11, -48.7097000000
2020,11,12,11,56,11, -50.0000000000
2020,11,12,11,56,12, -47.7419000000
2020,11,12,11,56,12, -50.0000000000
2020,11,12,11,56,12, -48.7097000000
2020,11,12,11,56,12, -49.6774000000
2020,11,12,11,56,13, -50.0000000000
2020,11,12,11,56,13, -48.0645000000
2020,11,12,11,56,13, -50.0000000000
2020,11,12,11,56,13, -48.3871000000
2020,11,12,11,56,14, -49.3548000000
2020,11,12,11,56,14, -50.0000000000
2020,11,12,11,56,14, -48.0645000000
2020,11,12,11,56,14, -49.6774000000
2020,11,12,11,56,15, -50.0000000000
2020,11,12,11,56,15, -47.7419000000
2020,11,12,11,56,15, -50.0000000000
2020,11,12,11,56,15, -48.3871000000
2020,11,12,11,56,16, -50.0000000000
2020,11,12,11,56,16, -50.0000000000
2020,11,12,11,56,16, -47.7419000000
2020,11,12,11,56,16, -50.0000000000
2020,11,12,11,56,17, -47.7419000000
2020,11,12,11,56,17, -50.0000000000
2020,11,12,11,56,17, -49.0323000000
2020,11,12,11,56,18, -49.3548000000
2020,11,12,11,56,18, -50.0000000000
2020,11,12,11,56,18, -47.7419000000
2020,11,12,11,56,18, -50.0000000000
2020,11,12,11,56,19, -48.0645000000
2020,11,12,11,56,19, -50.0000000000
2020,11,12,11,56,19, -50.0000000000
2020,11,12,11,56,19, -47.7419000000
2020,11,12,11,56,20, -50.0000000000
2020,11,12,11,56,20, -50.0000000000
2020,11,12,11,56,20, -47.7419000000
2020,11,12,11,56,20, -50.0000000000
2020,11,12,11,56,21, -48.7097000000
2020,11,12,11,56,21, -50.0000000000
2020,11,12,11,56,21, -48.7097000000
2020,11,12,11,56,21, -49.3548000000
2020,11,12,11,56,22, -50.0000000000
2020,11,12,11,56,22, -48.3871000000
2020,11,12,11,56,22, -50.0000000000
2020,11,12,11,56,22, -48.3871000000
2020,11,12,11,56,23, -50.0000000000
2020,11,12,11,56,23, -50.0000000000
2020,11,12,11,56,23, -48.0645000000
2020,11,12,11,56,23, -50.0000000000
2020,11,12,11,56,24, -48.3871000000
2020,11,12,11,56,24, -50.0000000000
2020,11,12,11,56,24, -50.0000000000
2020,11,12,11,56,24, -47.7419000000
2020,11,12,11,56,25, -50.0000000000
2020,11,12,11,56,25, -49.6774000000
2020,11,12,11,56,25, -50.0000000000
2020,11,12,11,56,26, -47.4194000000
2020,11,12,11,56,26, -50.0000000000
2020,11,12,11,56,26, -48.7097000000
2020,11,12,11,56,26, -50.0000000000
2020,11,12,11,56,27, -47.4194000000
2020,11,12,11,56,27, -50.0000000000
2020,11,12,11,56,27, -48.7097000000
2020,11,12,11,56,27, -50.0000000000
2020,11,12,11,56,28, -50.0000000000
2020,11,12,11,56,28, -47.7419000000
2020,11,12,11,56,28, -50.0000000000
2020,11,12,11,56,28, -48.0645000000
2020,11,12,11,56,29, -50.0000000000
2020,11,12,11,56,29, -50.0000000000
2020,11,12,11,56,29, -48.7097000000
2020,11,12,11,56,29, -50.0000000000
2020,11,12,11,56,30, -48.0645000000
2020,11,12,11,56,30, -50.0000000000
2020,11,12,11,56,30, -49.3548000000
2020,11,12,11,56,30, -48.3871000000
2020,11,12,11,56,31, -50.0000000000
2020,11,12,11,56,31, -48.7097000000
2020,11,12,11,56,31, -48.7097000000
2020,11,12,11,56,31, -49.0323000000
2020,11,12,11,56,32, -50.0000000000
2020,11,12,11,56,32, -49.0323000000
2020,11,12,11,56,32, -50.0000000000
2020,11,12,11,56,32, -47.7419000000
2020,11,12,11,56,33, -50.0000000000
2020,11,12,11,56,33, -49.6774000000
2020,11,12,11,56,33, -48.3871000000
2020,11,12,11,56,34, -50.0000000000
2020,11,12,11,56,34, -47.7419000000
2020,11,12,11,56,34, -50.0000000000
2020,11,12,11,56,34, -49.3548000000
2020,11,12,11,56,35, -48.3871000000
2020,11,12,11,56,35, -50.0000000000
2020,11,12,11,56,35, -48.3871000000
2020,11,12,11,56,35, -50.0000000000
2020,11,12,11,56,36, -50.0000000000
2020,11,12,11,56,36, -49.3548000000
2020,11,12,11,56,36, -50.0000000000
2020,11,12,11,56,36, -47.4194000000
2020,11,12,11,56,37, -50.0000000000
2020,11,12,11,56,37, -49.3548000000
2020,11,12,11,56,37, -49.0323000000
2020,11,12,11,56,37, -50.0000000000
2020,11,12,11,56,38, -47.7419000000
2020,11,12,11,56,38, -50.0000000000
2020,11,12,11,56,38, -47.7419000000
2020,11,12,11,56,38, -50.0000000000
2020,11,12,11,56,39, -47.4194000000
2020,11,12,11,56,39, -50.0000000000
2020,11,12,11,56,39, -50.0000000000
2020,11,12,11,56,39, -49.6774000000
2020,11,12,11,56,40, -48.0645000000
2020,11,12,11,56,40, -50.0000000000
2020,11,12,11,56,40, -48.7097000000
2020,11,12,11,56,40, -49.6774000000
2020,11,12,11,56,41, -48.0645000000
2020,11,12,11,56,41, -50.0000000000
2020,11,12,11,56,41, -50.0000000000
2020,11,12,11,56,42, -50.0000000000
2020,11,12,11,56,42, -47.4194000000
2020,11,12,11,56,42, -50.0000000000
2020,11,12,11,56,42, -50.0000000000
2020,11,12,11,56,43, -47.7419000000
2020,11,12,11,56,43, -50.0000000000
2020,11,12,11,56,43, -49.3548000000
2020,11,12,11,56,43, -49.3548000000
2020,11,12,11,56,44, -50.0000000000
2020,11,12,11,56,44, -47.7419000000
2020,11,12,11,56,44, -50.0000000000
2020,11,12,11,56,44, -48.0645000000
2020,11,12,11,56,45, -50.0000000000
2020,11,12,11,56,45, -50.0000000000
2020,11,12,11,56,45, -48.0645000000
2020,11,12,11,56,45, -50.0000000000
2020,11,12,11,56,46, -49.3548000000
2020,11,12,11,56,46, -50.0000000000
2020,11,12,11,56,46, -48.3871000000
2020,11,12,11,56,46, -49.6774000000
2020,11,12,11,56,47, -50.0000000000
2020,11,12,11,56,47, -47.7419000000
2020,11,12,11,56,47, -50.0000000000
2020,11,12,11,56,47, -50.0000000000
2020,11,12,11,56,48, -48.0645000000
2020,11,12,11,56,48, -50.0000000000
2020,11,12,11,56,48, -47.4194000000
