2020,9,21,13,48,1,  94.1935000000
2020,9,21,13,48,1, -50.0000000000
2020,9,21,13,48,1, -50.0000000000
2020,9,21,13,48,1, 131.6129000000
2020,9,21,13,48,2,  60.9677000000
2020,9,21,13,48,2, 122.9032000000
2020,9,21,13,48,2, -50.0000000000
2020,9,21,13,48,3, 115.1613000000
2020,9,21,13,48,3, -50.0000000000
2020,9,21,13,48,3,  78.0645000000
2020,9,21,13,48,3, -50.0000000000
2020,9,21,13,48,4,  46.7742000000
2020,9,21,13,48,4,   5.4839000000
2020,9,21,13,48,4,  80.6452000000
2020,9,21,13,48,4, -50.0000000000
2020,9,21,13,48,5, 100.6452000000
2020,9,21,13,48,5, -50.0000000000
2020,9,21,13,48,5, -20.9677000000
2020,9,21,13,48,5, 114.8387000000
2020,9,21,13,48,6, -50.0000000000
2020,9,21,13,48,6,  87.0968000000
2020,9,21,13,48,6, -50.0000000000
2020,9,21,13,48,6, 130.3226000000
2020,9,21,13,48,7,  72.9032000000
2020,9,21,13,48,7, -28.0645000000
2020,9,21,13,48,7, 117.0968000000
2020,9,21,13,48,7, -50.0000000000
2020,9,21,13,48,8, -50.0000000000
2020,9,21,13,48,8, -12.2581000000
2020,9,21,13,48,8, 107.0968000000
2020,9,21,13,48,8, -50.0000000000
2020,9,21,13,48,9,  11.9355000000
2020,9,21,13,48,9,  64.8387000000
2020,9,21,13,48,9, -47.4194000000
2020,9,21,13,48,10, -50.0000000000
2020,9,21,13,48,10, -50.0000000000
2020,9,21,13,48,10, -49.3548000000
2020,9,21,13,48,10, 123.8710000000
2020,9,21,13,48,11, -50.0000000000
2020,9,21,13,48,11,  96.1290000000
2020,9,21,13,48,11, -50.0000000000
2020,9,21,13,48,11, 132.9032000000
2020,9,21,13,48,12,  77.4194000000
2020,9,21,13,48,12, -50.0000000000
2020,9,21,13,48,12, 121.9355000000
2020,9,21,13,48,12, -50.0000000000
2020,9,21,13,48,13, -25.1613000000
2020,9,21,13,48,13, -50.0000000000
2020,9,21,13,48,13,   9.6774000000
2020,9,21,13,48,13,  98.0645000000
2020,9,21,13,48,14, -50.0000000000
2020,9,21,13,48,14, 123.2258000000
2020,9,21,13,48,14, -50.0000000000
2020,9,21,13,48,14, -28.7097000000
2020,9,21,13,48,15, -23.2258000000
2020,9,21,13,48,15, 108.7097000000
2020,9,21,13,48,15, -50.0000000000
2020,9,21,13,48,15, -15.8065000000
2020,9,21,13,48,16, -35.4839000000
2020,9,21,13,48,16,  74.8387000000
2020,9,21,13,48,16,  -5.1613000000
2020,9,21,13,48,17, 106.1290000000
2020,9,21,13,48,17, -50.0000000000
2020,9,21,13,48,17,   8.3871000000
2020,9,21,13,48,17, -39.3548000000
2020,9,21,13,48,18,   2.5806000000
2020,9,21,13,48,18,  -2.5806000000
2020,9,21,13,48,18, 131.9355000000
2020,9,21,13,48,18, -20.9677000000
2020,9,21,13,48,19, -30.9677000000
2020,9,21,13,48,19, 119.0323000000
2020,9,21,13,48,19, -50.0000000000
2020,9,21,13,48,19,  80.9677000000
2020,9,21,13,48,20, -50.0000000000
2020,9,21,13,48,20,  34.1935000000
2020,9,21,13,48,20, -27.0968000000
2020,9,21,13,48,20,  64.5161000000
2020,9,21,13,48,21, -49.3548000000
2020,9,21,13,48,21, 129.3548000000
2020,9,21,13,48,21, 132.5806000000
2020,9,21,13,48,21,  60.3226000000
2020,9,21,13,48,22, -43.5484000000
2020,9,21,13,48,22, 122.9032000000
2020,9,21,13,48,22, -50.0000000000
2020,9,21,13,48,22,  -4.1935000000
2020,9,21,13,48,23, 102.5806000000
2020,9,21,13,48,23, -50.0000000000
2020,9,21,13,48,23, 124.5161000000
2020,9,21,13,48,23, -11.9355000000
2020,9,21,13,48,24, -36.4516000000
2020,9,21,13,48,24,  99.6774000000
2020,9,21,13,48,24, -50.0000000000
2020,9,21,13,48,25,  37.7419000000
2020,9,21,13,48,25,  77.7419000000
2020,9,21,13,48,25, -50.0000000000
2020,9,21,13,48,25, 130.6452000000
2020,9,21,13,48,26,  17.7419000000
2020,9,21,13,48,26, -41.9355000000
2020,9,21,13,48,26,  89.6774000000
2020,9,21,13,48,26, -50.0000000000
2020,9,21,13,48,27, 111.9355000000
2020,9,21,13,48,27, -50.0000000000
2020,9,21,13,48,27,  -4.1935000000
2020,9,21,13,48,27, -50.0000000000
2020,9,21,13,48,28, 110.0000000000
2020,9,21,13,48,28, 123.2258000000
2020,9,21,13,48,28,  80.0000000000
2020,9,21,13,48,28,  64.8387000000
2020,9,21,13,48,29, -50.0000000000
2020,9,21,13,48,29, -15.1613000000
2020,9,21,13,48,29, 113.8710000000
2020,9,21,13,48,29, -30.6452000000
2020,9,21,13,48,30, -50.0000000000
2020,9,21,13,48,30, 131.6129000000
2020,9,21,13,48,30, -50.0000000000
2020,9,21,13,48,31, -23.8710000000
2020,9,21,13,48,31, 117.4194000000
2020,9,21,13,48,31, -50.0000000000
2020,9,21,13,48,31, 132.9032000000
2020,9,21,13,48,32,  73.2258000000
2020,9,21,13,48,32, -18.0645000000
2020,9,21,13,48,32, 109.3548000000
2020,9,21,13,48,32, -50.0000000000
2020,9,21,13,48,33, -50.0000000000
2020,9,21,13,48,33,  -3.5484000000
2020,9,21,13,48,33,  94.5161000000
2020,9,21,13,48,33, -50.0000000000
2020,9,21,13,48,34, 103.2258000000
2020,9,21,13,48,34,  85.4839000000
2020,9,21,13,48,34, -50.0000000000
2020,9,21,13,48,34, 129.6774000000
2020,9,21,13,48,35,  80.0000000000
2020,9,21,13,48,35,  -0.9677000000
2020,9,21,13,48,35, -50.0000000000
2020,9,21,13,48,35,  80.3226000000
2020,9,21,13,48,36,  89.6774000000
2020,9,21,13,48,36, -50.0000000000
2020,9,21,13,48,36, 122.2581000000
2020,9,21,13,48,36, -50.0000000000
2020,9,21,13,48,37, -18.0645000000
2020,9,21,13,48,37,  13.2258000000
2020,9,21,13,48,37, -38.7097000000
2020,9,21,13,48,37, 121.9355000000
2020,9,21,13,48,38, -50.0000000000
2020,9,21,13,48,38, -25.4839000000
2020,9,21,13,48,38,  83.5484000000
2020,9,21,13,48,39, -50.0000000000
2020,9,21,13,48,39, 130.3226000000
2020,9,21,13,48,39, 111.6129000000
2020,9,21,13,48,39,  81.9355000000
2020,9,21,13,48,40, -50.0000000000
2020,9,21,13,48,40, -50.0000000000
2020,9,21,13,48,40, -10.0000000000
2020,9,21,13,48,40, 107.7419000000
2020,9,21,13,48,41, -50.0000000000
2020,9,21,13,48,41,  93.2258000000
2020,9,21,13,48,41, -50.0000000000
2020,9,21,13,48,41, 105.1613000000
2020,9,21,13,48,42, -50.0000000000
2020,9,21,13,48,42, 100.0000000000
2020,9,21,13,48,42,   0.6452000000
2020,9,21,13,48,42,  98.0645000000
2020,9,21,13,48,43, -30.3226000000
2020,9,21,13,48,43, 119.0323000000
2020,9,21,13,48,43, -50.0000000000
2020,9,21,13,48,43,  -7.7419000000
2020,9,21,13,48,44, 105.1613000000
2020,9,21,13,48,44, -50.0000000000
2020,9,21,13,48,44, 132.5806000000
2020,9,21,13,48,44,  75.4839000000
2020,9,21,13,48,45, -20.0000000000
2020,9,21,13,48,45, 109.0323000000
2020,9,21,13,48,45, -50.0000000000
2020,9,21,13,48,45, 121.2903000000
2020,9,21,13,48,46, -50.0000000000
2020,9,21,13,48,46, 127.0968000000
2020,9,21,13,48,46,  80.3226000000
2020,9,21,13,48,47, -28.3871000000
2020,9,21,13,48,47, 117.7419000000
2020,9,21,13,48,47, -50.0000000000
2020,9,21,13,48,47,  93.8710000000
2020,9,21,13,48,48, -50.0000000000
2020,9,21,13,48,48, 135.1613000000
2020,9,21,13,48,48, -50.0000000000
2020,9,21,13,48,48, -50.0000000000
2020,9,21,13,48,49,  17.0968000000
2020,9,21,13,48,49,  98.3871000000
2020,9,21,13,48,49,  69.0323000000
2020,9,21,13,48,49, -48.0645000000
2020,9,21,13,48,50, 129.3548000000
2020,9,21,13,48,50, -50.0000000000
2020,9,21,13,48,50,  85.1613000000
2020,9,21,13,48,50,  89.3548000000
2020,9,21,13,48,51, -39.3548000000
2020,9,21,13,48,51, 120.9677000000
2020,9,21,13,48,51, -50.0000000000
2020,9,21,13,48,51, 103.2258000000
2020,9,21,13,48,52,  79.6774000000
2020,9,21,13,48,52, -50.0000000000
2020,9,21,13,48,52, 112.2581000000
2020,9,21,13,48,52, -50.0000000000
2020,9,21,13,48,53,  -1.2903000000
2020,9,21,13,48,53, 134.1935000000
2020,9,21,13,48,53, -14.1935000000
2020,9,21,13,48,54, 101.9355000000
2020,9,21,13,48,54, -50.0000000000
2020,9,21,13,48,54, 132.9032000000
2020,9,21,13,48,54,  75.1613000000
2020,9,21,13,48,55, -50.0000000000
2020,9,21,13,48,55, 126.1290000000
2020,9,21,13,48,55, -50.0000000000
2020,9,21,13,48,55,  68.7097000000
2020,9,21,13,48,56,  77.4194000000
2020,9,21,13,48,56, -46.7742000000
2020,9,21,13,48,56, 125.8065000000
2020,9,21,13,48,56, -48.3871000000
2020,9,21,13,48,57,  89.3548000000
2020,9,21,13,48,57,  78.3871000000
2020,9,21,13,48,57, -50.0000000000
2020,9,21,13,48,57, 124.1935000000
2020,9,21,13,48,58, -50.0000000000
2020,9,21,13,48,58,   0.0000000000
2020,9,21,13,48,58, 102.2581000000
2020,9,21,13,48,58, -50.0000000000
2020,9,21,13,48,59, 124.1935000000
2020,9,21,13,48,59,   8.0645000000
2020,9,21,13,48,59, -50.0000000000
2020,9,21,13,48,59, -12.2581000000
2020,9,21,13,49,0, 106.4516000000
2020,9,21,13,49,0,  90.9677000000
2020,9,21,13,49,0, -50.0000000000
2020,9,21,13,49,0, 130.9677000000
2020,9,21,13,49,1,  79.3548000000
2020,9,21,13,49,1, -50.0000000000
2020,9,21,13,49,1, -20.9677000000
2020,9,21,13,49,2, -30.6452000000
2020,9,21,13,49,2,  96.7742000000
2020,9,21,13,49,2, -50.0000000000
2020,9,21,13,49,2, -50.0000000000
2020,9,21,13,49,3,  49.0323000000
2020,9,21,13,49,3,  89.6774000000
2020,9,21,13,49,3, -50.0000000000
2020,9,21,13,49,3, 101.9355000000
2020,9,21,13,49,4, 118.0645000000
2020,9,21,13,49,4, 102.5806000000
2020,9,21,13,49,4,  -9.6774000000
2020,9,21,13,49,4, 104.8387000000
2020,9,21,13,49,5,  62.9032000000
2020,9,21,13,49,5, -49.6774000000
2020,9,21,13,49,5, -50.0000000000
2020,9,21,13,49,5, -50.0000000000
2020,9,21,13,49,6,  -8.3871000000
2020,9,21,13,49,6, 132.2581000000
2020,9,21,13,49,6, -50.0000000000
2020,9,21,13,49,7,   5.4839000000
2020,9,21,13,49,7, -39.0323000000
2020,9,21,13,49,7, 120.3226000000
2020,9,21,13,49,7, -50.0000000000
2020,9,21,13,49,8,  61.6129000000
2020,9,21,13,49,8,  92.9032000000
2020,9,21,13,49,8, -50.0000000000
2020,9,21,13,49,8,  -0.6452000000
2020,9,21,13,49,9, -50.0000000000
2020,9,21,13,49,9, 124.8387000000
2020,9,21,13,49,9, -50.0000000000
2020,9,21,13,49,9, -27.7419000000
2020,9,21,13,49,10, -32.5806000000
2020,9,21,13,49,10, 121.9355000000
2020,9,21,13,49,10, 122.9032000000
2020,9,21,13,49,10, -19.3548000000
2020,9,21,13,49,11, -41.6129000000
2020,9,21,13,49,11, 121.6129000000
2020,9,21,13,49,11, 117.0968000000
2020,9,21,13,49,11, -50.0000000000
2020,9,21,13,49,12,  -9.6774000000
2020,9,21,13,49,12, 130.6452000000
2020,9,21,13,49,12, -28.7097000000
2020,9,21,13,49,13, 115.4839000000
2020,9,21,13,49,13, -50.0000000000
2020,9,21,13,49,13,  -7.4194000000
2020,9,21,13,49,13,  74.5161000000
2020,9,21,13,49,14, -50.0000000000
2020,9,21,13,49,14, 125.1613000000
2020,9,21,13,49,14, -50.0000000000
2020,9,21,13,49,14,  12.9032000000
2020,9,21,13,49,15, -30.6452000000
2020,9,21,13,49,15, 115.8065000000
2020,9,21,13,49,15, -31.9355000000
2020,9,21,13,49,15, 114.5161000000
2020,9,21,13,49,16, -50.0000000000
2020,9,21,13,49,16,  -3.2258000000
2020,9,21,13,49,16,  76.1290000000
2020,9,21,13,49,16, -50.0000000000
2020,9,21,13,49,17, 128.7097000000
2020,9,21,13,49,17, -50.0000000000
2020,9,21,13,49,17,  -4.5161000000
2020,9,21,13,49,17, 105.4839000000
2020,9,21,13,49,18,  78.7097000000
2020,9,21,13,49,18, 129.6774000000
2020,9,21,13,49,18, -35.1613000000
2020,9,21,13,49,18, 120.9677000000
2020,9,21,13,49,19, -50.0000000000
2020,9,21,13,49,19,  -6.1290000000
2020,9,21,13,49,19, -30.0000000000
2020,9,21,13,49,19, 104.5161000000
2020,9,21,13,49,20, -50.0000000000
2020,9,21,13,49,20, 121.6129000000
2020,9,21,13,49,20, -50.0000000000
2020,9,21,13,49,21, -25.8065000000
2020,9,21,13,49,21,  15.8065000000
2020,9,21,13,49,21,   1.2903000000
2020,9,21,13,49,21,  96.4516000000
2020,9,21,13,49,22, -50.0000000000
2020,9,21,13,49,22, 131.2903000000
2020,9,21,13,49,22, -50.0000000000
2020,9,21,13,49,22, 105.1613000000
2020,9,21,13,49,23, -50.0000000000
2020,9,21,13,49,23, 135.1613000000
2020,9,21,13,49,23,  77.4194000000
2020,9,21,13,49,23,  -3.2258000000
2020,9,21,13,49,24, 100.0000000000
2020,9,21,13,49,24, -50.0000000000
2020,9,21,13,49,24, -50.0000000000
2020,9,21,13,49,24,   9.6774000000
2020,9,21,13,49,25,  96.4516000000
2020,9,21,13,49,25, -50.0000000000
2020,9,21,13,49,25, 125.4839000000
2020,9,21,13,49,25, -10.3226000000
2020,9,21,13,49,26, -35.4839000000
2020,9,21,13,49,26, 124.1935000000
2020,9,21,13,49,26, 109.3548000000
2020,9,21,13,49,26, -50.0000000000
2020,9,21,13,49,27,  -4.5161000000
2020,9,21,13,49,27, 106.4516000000
2020,9,21,13,49,27, -50.0000000000
2020,9,21,13,49,28, -50.0000000000
2020,9,21,13,49,28, 132.2581000000
2020,9,21,13,49,28,  75.1613000000
2020,9,21,13,49,28,  15.1613000000
2020,9,21,13,49,29, -33.5484000000
2020,9,21,13,49,29,  60.0000000000
2020,9,21,13,49,29,   4.8387000000
2020,9,21,13,49,29, -34.8387000000
2020,9,21,13,49,30, -50.0000000000
2020,9,21,13,49,30, 100.6452000000
2020,9,21,13,49,30, 143.8710000000
2020,9,21,13,49,30,  67.0968000000
2020,9,21,13,49,31, -45.1613000000
2020,9,21,13,49,31, 123.8710000000
2020,9,21,13,49,31, -41.6129000000
2020,9,21,13,49,31,  87.7419000000
2020,9,21,13,49,32, 122.5806000000
2020,9,21,13,49,32, -50.0000000000
2020,9,21,13,49,32, 129.6774000000
2020,9,21,13,49,32, -50.0000000000
2020,9,21,13,49,33, 115.1613000000
2020,9,21,13,49,33, -50.0000000000
2020,9,21,13,49,33,  -8.0645000000
2020,9,21,13,49,34,  98.7097000000
2020,9,21,13,49,34, -50.0000000000
2020,9,21,13,49,34, -50.0000000000
2020,9,21,13,49,34, 129.0323000000
2020,9,21,13,49,35,  56.4516000000
2020,9,21,13,49,35, -50.0000000000
2020,9,21,13,49,35, -50.0000000000
2020,9,21,13,49,35, -24.1935000000
2020,9,21,13,49,36, -45.1613000000
2020,9,21,13,49,36, 133.5484000000
2020,9,21,13,49,36, -43.2258000000
2020,9,21,13,49,36, -46.1290000000
2020,9,21,13,49,37, 120.3226000000
2020,9,21,13,49,37, -50.0000000000
2020,9,21,13,49,37, 128.7097000000
2020,9,21,13,49,37, -50.0000000000
2020,9,21,13,49,38, 103.8710000000
2020,9,21,13,49,38, -21.2903000000
2020,9,21,13,49,38,  24.1935000000
2020,9,21,13,49,38, 133.5484000000
2020,9,21,13,49,39, -50.0000000000
2020,9,21,13,49,39, 115.8065000000
2020,9,21,13,49,39, -50.0000000000
2020,9,21,13,49,39, -15.1613000000
2020,9,21,13,49,40,  24.8387000000
2020,9,21,13,49,40,  90.3226000000
2020,9,21,13,49,40, -50.0000000000
2020,9,21,13,49,41,  80.6452000000
2020,9,21,13,49,41, -50.0000000000
2020,9,21,13,49,41, -50.0000000000
2020,9,21,13,49,41, -15.8065000000
2020,9,21,13,49,42, -50.0000000000
2020,9,21,13,49,42, 113.2258000000
2020,9,21,13,49,42, -37.4194000000
2020,9,21,13,49,42, -50.0000000000
2020,9,21,13,49,43, 127.7419000000
2020,9,21,13,49,43, -50.0000000000
2020,9,21,13,49,43, -50.0000000000
2020,9,21,13,49,43,  -8.0645000000
2020,9,21,13,49,44, -50.0000000000
2020,9,21,13,49,44, -15.4839000000
2020,9,21,13,49,44,  -6.4516000000
2020,9,21,13,49,44, 122.5806000000
2020,9,21,13,49,45, -50.0000000000
2020,9,21,13,49,45, 125.4839000000
2020,9,21,13,49,45,   7.7419000000
2020,9,21,13,49,46,  93.2258000000
2020,9,21,13,49,46, -50.0000000000
2020,9,21,13,49,46,  97.0968000000
2020,9,21,13,49,46, -50.0000000000
2020,9,21,13,49,47,  60.3226000000
2020,9,21,13,49,47,  68.3871000000
2020,9,21,13,49,47, -50.0000000000
2020,9,21,13,49,47, 129.0323000000
2020,9,21,13,49,48, 120.9677000000
2020,9,21,13,49,48, -50.0000000000
2020,9,21,13,49,48,  94.8387000000
2020,9,21,13,49,48, -50.0000000000
2020,9,21,13,49,49, -10.6452000000
2020,9,21,13,49,49, -50.0000000000
2020,9,21,13,49,49,  90.3226000000
2020,9,21,13,49,49, -50.0000000000
2020,9,21,13,49,50, -50.0000000000
2020,9,21,13,49,50, -11.6129000000
2020,9,21,13,49,50, -50.0000000000
2020,9,21,13,49,51, 124.1935000000
2020,9,21,13,49,51, -50.0000000000
2020,9,21,13,49,51,  91.2903000000
2020,9,21,13,49,51, -28.0645000000
2020,9,21,13,49,52, -50.0000000000
2020,9,21,13,49,52, 130.9677000000
2020,9,21,13,49,52,  68.3871000000
2020,9,21,13,49,52, -44.5161000000
2020,9,21,13,49,53, 125.4839000000
2020,9,21,13,49,53, -50.0000000000
2020,9,21,13,49,53,  95.4839000000
2020,9,21,13,49,53,  80.0000000000
2020,9,21,13,49,54, -50.0000000000
2020,9,21,13,49,54, 120.9677000000
2020,9,21,13,49,54,  81.6129000000
2020,9,21,13,49,54,  78.0645000000
2020,9,21,13,49,55,  35.4839000000
2020,9,21,13,49,55, -50.0000000000
2020,9,21,13,49,55, 125.1613000000
2020,9,21,13,49,56, -46.4516000000
2020,9,21,13,49,56,  88.0645000000
2020,9,21,13,49,56,  58.7097000000
2020,9,21,13,49,56, -50.0000000000
2020,9,21,13,49,57, -50.0000000000
2020,9,21,13,49,57, -22.5806000000
2020,9,21,13,49,57, 130.3226000000
2020,9,21,13,49,57,  70.6452000000
2020,9,21,13,49,58, -50.0000000000
2020,9,21,13,49,58,  -3.2258000000
2020,9,21,13,49,58, -13.2258000000
2020,9,21,13,49,58, 107.4194000000
2020,9,21,13,49,59, -44.1935000000
2020,9,21,13,49,59,  84.1935000000
2020,9,21,13,49,59,  84.1935000000
2020,9,21,13,49,59, -50.0000000000
2020,9,21,13,50,0, 125.1613000000
2020,9,21,13,50,0,  31.6129000000
2020,9,21,13,50,0, -39.3548000000
2020,9,21,13,50,0,  93.5484000000
2020,9,21,13,50,1,  71.9355000000
2020,9,21,13,50,1, -50.0000000000
2020,9,21,13,50,1, 101.9355000000
2020,9,21,13,50,2, -50.0000000000
2020,9,21,13,50,2, 132.5806000000
2020,9,21,13,50,2,  70.9677000000
2020,9,21,13,50,2, -50.0000000000
2020,9,21,13,50,3, 125.1613000000
2020,9,21,13,50,3, -50.0000000000
2020,9,21,13,50,3, 133.5484000000
2020,9,21,13,50,3, -50.0000000000
2020,9,21,13,50,4, -23.8710000000
2020,9,21,13,50,4, -30.6452000000
2020,9,21,13,50,4, 112.2581000000
2020,9,21,13,50,4, -50.0000000000
2020,9,21,13,50,5, 108.3871000000
2020,9,21,13,50,5, -34.8387000000
2020,9,21,13,50,5, 117.7419000000
2020,9,21,13,50,5, -50.0000000000
2020,9,21,13,50,6, -10.6452000000
2020,9,21,13,50,6, 103.8710000000
2020,9,21,13,50,6, -50.0000000000
2020,9,21,13,50,6, 123.8710000000
2020,9,21,13,50,7, -40.3226000000
2020,9,21,13,50,7,  76.4516000000
2020,9,21,13,50,7,  34.1935000000
2020,9,21,13,50,7, -36.1290000000
2020,9,21,13,50,8, 120.9677000000
2020,9,21,13,50,8, -48.7097000000
2020,9,21,13,50,8, -32.5806000000
2020,9,21,13,50,9, 115.8065000000
2020,9,21,13,50,9, -50.0000000000
2020,9,21,13,50,9, -36.1290000000
2020,9,21,13,50,9,  24.5161000000
2020,9,21,13,50,10, 121.6129000000
2020,9,21,13,50,10, -50.0000000000
2020,9,21,13,50,10,   1.9355000000
2020,9,21,13,50,10,  55.4839000000
2020,9,21,13,50,11,  91.6129000000
2020,9,21,13,50,11, -50.0000000000
2020,9,21,13,50,11, 129.0323000000
2020,9,21,13,50,11,  60.6452000000
2020,9,21,13,50,12, -11.6129000000
2020,9,21,13,50,12, 105.4839000000
2020,9,21,13,50,12, -50.0000000000
2020,9,21,13,50,12, 128.7097000000
2020,9,21,13,50,13,  40.3226000000
2020,9,21,13,50,13, -35.4839000000
2020,9,21,13,50,13,  90.6452000000
2020,9,21,13,50,13, 125.8065000000
2020,9,21,13,50,14, -50.0000000000
2020,9,21,13,50,14,  70.6452000000
2020,9,21,13,50,14,  73.5484000000
2020,9,21,13,50,15,  88.3871000000
2020,9,21,13,50,15, 101.9355000000
2020,9,21,13,50,15, -50.0000000000
2020,9,21,13,50,15, 108.7097000000
2020,9,21,13,50,16, 139.6774000000
2020,9,21,13,50,16, 132.2581000000
2020,9,21,13,50,16,  74.1935000000
2020,9,21,13,50,16, -50.0000000000
2020,9,21,13,50,17,  92.5806000000
2020,9,21,13,50,17,  -7.0968000000
2020,9,21,13,50,17, -46.1290000000
2020,9,21,13,50,17, 121.9355000000
2020,9,21,13,50,18, -50.0000000000
2020,9,21,13,50,18,  97.4194000000
2020,9,21,13,50,18,  52.5806000000
2020,9,21,13,50,18, -50.0000000000
2020,9,21,13,50,19, 120.6452000000
2020,9,21,13,50,19,  48.3871000000
2020,9,21,13,50,19,  93.8710000000
2020,9,21,13,50,19, -16.7742000000
2020,9,21,13,50,20, -50.0000000000
2020,9,21,13,50,20, 127.7419000000
2020,9,21,13,50,20, -50.0000000000
2020,9,21,13,50,21, 105.8065000000
2020,9,21,13,50,21, -50.0000000000
2020,9,21,13,50,21,   0.0000000000
2020,9,21,13,50,21, 126.4516000000
2020,9,21,13,50,22, -50.0000000000
2020,9,21,13,50,22,  18.3871000000
2020,9,21,13,50,22, -29.6774000000
2020,9,21,13,50,22, 115.1613000000
2020,9,21,13,50,23, -50.0000000000
2020,9,21,13,50,23,  -1.2903000000
2020,9,21,13,50,23, 100.9677000000
2020,9,21,13,50,23,   0.3226000000
2020,9,21,13,50,24, -50.0000000000
2020,9,21,13,50,24, 130.0000000000
2020,9,21,13,50,24, -50.0000000000
2020,9,21,13,50,24, 114.8387000000
2020,9,21,13,50,25, -23.5484000000
2020,9,21,13,50,25,  90.3226000000
2020,9,21,13,50,25, -50.0000000000
2020,9,21,13,50,25, 132.5806000000
2020,9,21,13,50,26, -50.0000000000
2020,9,21,13,50,26, 107.7419000000
2020,9,21,13,50,26, -48.0645000000
2020,9,21,13,50,27, -37.7419000000
2020,9,21,13,50,27, 119.0323000000
2020,9,21,13,50,27, 132.9032000000
2020,9,21,13,50,27,  73.2258000000
2020,9,21,13,50,28, 107.4194000000
2020,9,21,13,50,28, -50.0000000000
2020,9,21,13,50,28, 131.2903000000
2020,9,21,13,50,28, -49.3548000000
2020,9,21,13,50,29, -50.0000000000
2020,9,21,13,50,29, 128.7097000000
2020,9,21,13,50,29,  57.7419000000
2020,9,21,13,50,29, -43.8710000000
2020,9,21,13,50,30, 115.4839000000
2020,9,21,13,50,30, -50.0000000000
2020,9,21,13,50,30, 126.1290000000
2020,9,21,13,50,30, -50.0000000000
2020,9,21,13,50,31,  90.9677000000
2020,9,21,13,50,31,  78.3871000000
2020,9,21,13,50,31,  88.7097000000
2020,9,21,13,50,31,  22.5806000000
2020,9,21,13,50,32, -50.0000000000
2020,9,21,13,50,32, -50.0000000000
2020,9,21,13,50,32, -50.0000000000
2020,9,21,13,50,33,  94.5161000000
2020,9,21,13,50,33, -50.0000000000
2020,9,21,13,50,33, 122.5806000000
2020,9,21,13,50,33, -40.0000000000
2020,9,21,13,50,34, -50.0000000000
2020,9,21,13,50,34, -50.0000000000
2020,9,21,13,50,34, -21.9355000000
2020,9,21,13,50,34, -50.0000000000
2020,9,21,13,50,35, 133.2258000000
2020,9,21,13,50,35, -14.8387000000
2020,9,21,13,50,35, 109.6774000000
2020,9,21,13,50,35, 126.1290000000
2020,9,21,13,50,36,  41.9355000000
2020,9,21,13,50,36, 131.2903000000
2020,9,21,13,50,36, 130.0000000000
2020,9,21,13,50,36,  56.7742000000
2020,9,21,13,50,37, 157.7419000000
2020,9,21,13,50,37, 123.8710000000
2020,9,21,13,50,37,  -8.3871000000
2020,9,21,13,50,38, -36.7742000000
2020,9,21,13,50,38,  66.4516000000
2020,9,21,13,50,38,  71.9355000000
2020,9,21,13,50,38, -50.0000000000
2020,9,21,13,50,39, 114.5161000000
2020,9,21,13,50,39,  97.4194000000
2020,9,21,13,50,39, -50.0000000000
2020,9,21,13,50,39, 114.8387000000
2020,9,21,13,50,40, 130.6452000000
2020,9,21,13,50,40,  74.1935000000
2020,9,21,13,50,40, -24.5161000000
2020,9,21,13,50,40, 112.9032000000
2020,9,21,13,50,41,  79.3548000000
2020,9,21,13,50,41,  83.5484000000
2020,9,21,13,50,41, -50.0000000000
2020,9,21,13,50,41, 124.1935000000
2020,9,21,13,50,42,  21.2903000000
2020,9,21,13,50,42,  -2.5806000000
2020,9,21,13,50,42, 100.0000000000
2020,9,21,13,50,42, -50.0000000000
2020,9,21,13,50,43, -39.3548000000
2020,9,21,13,50,43, -21.9355000000
2020,9,21,13,50,43, 105.4839000000
2020,9,21,13,50,43, -50.0000000000
2020,9,21,13,50,44,  78.0645000000
2020,9,21,13,50,44, -50.0000000000
2020,9,21,13,50,44, 118.7097000000
2020,9,21,13,50,45, -46.7742000000
2020,9,21,13,50,45, -11.6129000000
2020,9,21,13,50,45,  13.8710000000
2020,9,21,13,50,45, 100.0000000000
2020,9,21,13,50,46, -38.7097000000
2020,9,21,13,50,46, 120.3226000000
2020,9,21,13,50,46, 125.4839000000
2020,9,21,13,50,46, 120.0000000000
2020,9,21,13,50,47, -50.0000000000
2020,9,21,13,50,47,  49.6774000000
2020,9,21,13,50,47,  91.9355000000
2020,9,21,13,50,47, -50.0000000000
2020,9,21,13,50,48, 125.1613000000
2020,9,21,13,50,48,  35.8065000000
2020,9,21,13,50,48, 132.2581000000
2020,9,21,13,50,48, -50.0000000000
2020,9,21,13,50,49, -50.0000000000
2020,9,21,13,50,49,  85.4839000000
2020,9,21,13,50,49,  82.5806000000
2020,9,21,13,50,49, -50.0000000000
2020,9,21,13,50,50, 131.2903000000
2020,9,21,13,50,50, -49.0323000000
2020,9,21,13,50,50, 124.1935000000
2020,9,21,13,50,50, -20.3226000000
2020,9,21,13,50,51, -29.0323000000
2020,9,21,13,50,51,  40.3226000000
2020,9,21,13,50,51, 124.8387000000
2020,9,21,13,50,51,  -4.1935000000
2020,9,21,13,50,52, -27.7419000000
2020,9,21,13,50,52, -50.0000000000
2020,9,21,13,50,52,  65.1613000000
2020,9,21,13,50,53,  87.0968000000
2020,9,21,13,50,53, -50.0000000000
2020,9,21,13,50,53,  93.8710000000
2020,9,21,13,50,53, -48.3871000000
2020,9,21,13,50,54, -50.0000000000
2020,9,21,13,50,54,   3.2258000000
2020,9,21,13,50,54, 100.0000000000
2020,9,21,13,50,54, -18.0645000000
2020,9,21,13,50,55, -50.0000000000
2020,9,21,13,50,55, 129.0323000000
2020,9,21,13,50,55, -48.0645000000
2020,9,21,13,50,55,  80.3226000000
2020,9,21,13,50,56,  68.0645000000
2020,9,21,13,50,56, -50.0000000000
2020,9,21,13,50,56, 123.2258000000
2020,9,21,13,50,56, -50.0000000000
2020,9,21,13,50,57,  70.3226000000
2020,9,21,13,50,57, -18.0645000000
2020,9,21,13,50,57, 107.0968000000
2020,9,21,13,50,57, -50.0000000000
2020,9,21,13,50,58, -50.0000000000
2020,9,21,13,50,58,  -0.9677000000
2020,9,21,13,50,58,  95.8065000000
2020,9,21,13,50,59, -50.0000000000
2020,9,21,13,50,59, 123.5484000000
2020,9,21,13,50,59, -50.0000000000
2020,9,21,13,50,59,  97.0968000000
2020,9,21,13,51,0, -47.4194000000
2020,9,21,13,51,0,  61.6129000000
2020,9,21,13,51,0, -50.0000000000
2020,9,21,13,51,0,  96.1290000000
2020,9,21,13,51,1, -32.9032000000
2020,9,21,13,51,1, 127.0968000000
2020,9,21,13,51,1, -50.0000000000
2020,9,21,13,51,1, 116.7742000000
2020,9,21,13,51,2, -42.9032000000
2020,9,21,13,51,2, -48.0645000000
2020,9,21,13,51,2, 123.5484000000
2020,9,21,13,51,2, -50.0000000000
2020,9,21,13,51,3,  92.2581000000
2020,9,21,13,51,3, -39.0323000000
2020,9,21,13,51,3, -50.0000000000
2020,9,21,13,51,3, -12.2581000000
2020,9,21,13,51,4, 104.5161000000
2020,9,21,13,51,4, 131.2903000000
2020,9,21,13,51,4,  65.8065000000
2020,9,21,13,51,5, -36.7742000000
2020,9,21,13,51,5, 119.6774000000
2020,9,21,13,51,5, -50.0000000000
2020,9,21,13,51,5,  57.4194000000
2020,9,21,13,51,6,  88.0645000000
2020,9,21,13,51,6,  97.7419000000
2020,9,21,13,51,6, -50.0000000000
2020,9,21,13,51,6, 118.7097000000
2020,9,21,13,51,7, -50.0000000000
2020,9,21,13,51,7,  38.3871000000
2020,9,21,13,51,7,  47.7419000000
2020,9,21,13,51,7,  93.2258000000
2020,9,21,13,51,8, -50.0000000000
2020,9,21,13,51,8, 104.8387000000
2020,9,21,13,51,8, -50.0000000000
2020,9,21,13,51,8,  46.4516000000
2020,9,21,13,51,9,  18.7097000000
2020,9,21,13,51,9, -36.1290000000
2020,9,21,13,51,9, 120.6452000000
2020,9,21,13,51,9, -50.0000000000
2020,9,21,13,51,10,  93.5484000000
2020,9,21,13,51,10, -50.0000000000
2020,9,21,13,51,10, 129.0323000000
2020,9,21,13,51,10,  24.1935000000
2020,9,21,13,51,11, -39.0323000000
2020,9,21,13,51,11,  84.8387000000
2020,9,21,13,51,11,  33.2258000000
2020,9,21,13,51,11, -50.0000000000
2020,9,21,13,51,12, 123.8710000000
2020,9,21,13,51,12, -40.3226000000
2020,9,21,13,51,12,  73.2258000000
2020,9,21,13,51,13, 129.3548000000
2020,9,21,13,51,13,  36.7742000000
2020,9,21,13,51,13, -38.0645000000
2020,9,21,13,51,13, 148.7097000000
2020,9,21,13,51,14, -50.0000000000
2020,9,21,13,51,14, -10.0000000000
2020,9,21,13,51,14, 104.5161000000
2020,9,21,13,51,14, -50.0000000000
2020,9,21,13,51,15, 121.6129000000
2020,9,21,13,51,15, -44.5161000000
2020,9,21,13,51,15, 123.8710000000
2020,9,21,13,51,15, -50.0000000000
2020,9,21,13,51,16, -50.0000000000
2020,9,21,13,51,16, 130.3226000000
2020,9,21,13,51,16,  62.2581000000
2020,9,21,13,51,16, 127.4194000000
2020,9,21,13,51,17, -50.0000000000
2020,9,21,13,51,17, 117.0968000000
2020,9,21,13,51,17, -32.2581000000
2020,9,21,13,51,17,  40.0000000000
2020,9,21,13,51,18, -40.9677000000
2020,9,21,13,51,18, 121.2903000000
2020,9,21,13,51,18, -50.0000000000
2020,9,21,13,51,18, -19.0323000000
2020,9,21,13,51,19, 110.6452000000
2020,9,21,13,51,19, -31.9355000000
2020,9,21,13,51,19,  62.2581000000
2020,9,21,13,51,20, 131.9355000000
2020,9,21,13,51,20, -50.0000000000
2020,9,21,13,51,20, -33.8710000000
2020,9,21,13,51,20, -36.7742000000
2020,9,21,13,51,21,  73.5484000000
2020,9,21,13,51,21, -50.0000000000
2020,9,21,13,51,21,  -9.6774000000
2020,9,21,13,51,21,  93.8710000000
2020,9,21,13,51,22, -50.0000000000
2020,9,21,13,51,22, -50.0000000000
2020,9,21,13,51,22, 122.9032000000
2020,9,21,13,51,22, -50.0000000000
2020,9,21,13,51,23, 101.2903000000
2020,9,21,13,51,23, -14.1935000000
2020,9,21,13,51,23, -34.5161000000
2020,9,21,13,51,23, -20.0000000000
2020,9,21,13,51,24,  19.3548000000
2020,9,21,13,51,24, -40.6452000000
2020,9,21,13,51,24, 123.2258000000
2020,9,21,13,51,25, -50.0000000000
2020,9,21,13,51,25, -50.0000000000
2020,9,21,13,51,25, 131.9355000000
2020,9,21,13,51,25, -50.0000000000
2020,9,21,13,51,26, -21.9355000000
2020,9,21,13,51,26, -50.0000000000
2020,9,21,13,51,26, 105.1613000000
2020,9,21,13,51,26, 122.9032000000
2020,9,21,13,51,27,  72.9032000000
2020,9,21,13,51,27,  44.8387000000
2020,9,21,13,51,27,  90.9677000000
2020,9,21,13,51,27,  -1.9355000000
2020,9,21,13,51,28, -50.0000000000
2020,9,21,13,51,28, 130.9677000000
2020,9,21,13,51,28, -50.0000000000
2020,9,21,13,51,28, 117.4194000000
2020,9,21,13,51,29, -50.0000000000
2020,9,21,13,51,29, -13.2258000000
2020,9,21,13,51,29,  21.2903000000
2020,9,21,13,51,29, 122.2581000000
2020,9,21,13,51,30, -50.0000000000
2020,9,21,13,51,30, 103.2258000000
2020,9,21,13,51,30, -50.0000000000
2020,9,21,13,51,31, 123.8710000000
2020,9,21,13,51,31,   0.3226000000
2020,9,21,13,51,31, -50.0000000000
2020,9,21,13,51,31, 100.9677000000
2020,9,21,13,51,32, 102.9032000000
2020,9,21,13,51,32,   5.8065000000
2020,9,21,13,51,32,  50.6452000000
2020,9,21,13,51,32,  -1.6129000000
2020,9,21,13,51,33, -50.0000000000
2020,9,21,13,51,33,  80.6452000000
2020,9,21,13,51,33, -50.0000000000
2020,9,21,13,51,33,  70.9677000000
2020,9,21,13,51,34,  59.3548000000
2020,9,21,13,51,34, -40.6452000000
2020,9,21,13,51,34, -50.0000000000
2020,9,21,13,51,34, -50.0000000000
2020,9,21,13,51,35,  35.4839000000
2020,9,21,13,51,35, -50.0000000000
2020,9,21,13,51,35, 123.2258000000
2020,9,21,13,51,36, -22.9032000000
2020,9,21,13,51,36, -50.0000000000
2020,9,21,13,51,36,  11.6129000000
2020,9,21,13,51,36, -34.1935000000
2020,9,21,13,51,37, 119.6774000000
2020,9,21,13,51,37,  76.7742000000
2020,9,21,13,51,37,  65.8065000000
2020,9,21,13,51,37,  72.5806000000
2020,9,21,13,51,38, -47.0968000000
2020,9,21,13,51,38, 123.2258000000
2020,9,21,13,51,38, -48.3871000000
2020,9,21,13,51,38, 120.9677000000
2020,9,21,13,51,39, 107.7419000000
2020,9,21,13,51,39,  72.2581000000
2020,9,21,13,51,39, -50.0000000000
2020,9,21,13,51,39, 125.4839000000
2020,9,21,13,51,40, -31.9355000000
2020,9,21,13,51,40, 123.8710000000
2020,9,21,13,51,40, -32.2581000000
2020,9,21,13,51,40, 140.0000000000
2020,9,21,13,51,41, -50.0000000000
2020,9,21,13,51,41, 106.4516000000
2020,9,21,13,51,41, 103.8710000000
2020,9,21,13,51,42,  93.8710000000
2020,9,21,13,51,42, -50.0000000000
2020,9,21,13,51,42, 125.4839000000
2020,9,21,13,51,42, -50.0000000000
2020,9,21,13,51,43,  26.7742000000
2020,9,21,13,51,43, -50.0000000000
2020,9,21,13,51,43, -20.6452000000
2020,9,21,13,51,43, -50.0000000000
2020,9,21,13,51,44,  -2.2581000000
2020,9,21,13,51,44, -50.0000000000
2020,9,21,13,51,44, 122.2581000000
2020,9,21,13,51,44, -50.0000000000
2020,9,21,13,51,45,  -4.5161000000
2020,9,21,13,51,45, 102.2581000000
2020,9,21,13,51,45, -50.0000000000
2020,9,21,13,51,45,  45.8065000000
2020,9,21,13,51,46, -36.7742000000
2020,9,21,13,51,46, -50.0000000000
2020,9,21,13,51,46, 132.5806000000
2020,9,21,13,51,46, -50.0000000000
2020,9,21,13,51,47, 109.0323000000
2020,9,21,13,51,47, -43.8710000000
2020,9,21,13,51,47, -22.2581000000
2020,9,21,13,51,48,  60.3226000000
2020,9,21,13,51,48, -40.3226000000
2020,9,21,13,51,48,  88.0645000000
2020,9,21,13,51,48, 124.1935000000
2020,9,21,13,51,49, -30.3226000000
2020,9,21,13,51,49, 139.0323000000
2020,9,21,13,51,49, 125.4839000000
2020,9,21,13,51,49, 123.2258000000
2020,9,21,13,51,50, 124.5161000000
2020,9,21,13,51,50, -30.6452000000
2020,9,21,13,51,50, 117.4194000000
2020,9,21,13,51,50, -50.0000000000
2020,9,21,13,51,51,  -7.0968000000
2020,9,21,13,51,51, -16.7742000000
2020,9,21,13,51,51, -50.0000000000
2020,9,21,13,51,51, 140.0000000000
2020,9,21,13,51,52,  70.6452000000
2020,9,21,13,51,52, -50.0000000000
2020,9,21,13,51,52, 124.5161000000
2020,9,21,13,51,52, 126.4516000000
2020,9,21,13,51,53,  41.9355000000
2020,9,21,13,51,53,  72.2581000000
2020,9,21,13,51,53, -50.0000000000
2020,9,21,13,51,54, 124.1935000000
2020,9,21,13,51,54, -42.9032000000
2020,9,21,13,51,54,  84.1935000000
2020,9,21,13,51,54,  -7.7419000000
2020,9,21,13,51,55, -50.0000000000
2020,9,21,13,51,55, 123.8710000000
2020,9,21,13,51,55,   7.4194000000
2020,9,21,13,51,55, -26.1290000000
2020,9,21,13,51,56, 110.3226000000
2020,9,21,13,51,56, 100.0000000000
2020,9,21,13,51,56, -50.0000000000
2020,9,21,13,51,56, -50.0000000000
2020,9,21,13,51,57,  20.6452000000
2020,9,21,13,51,57, -50.0000000000
2020,9,21,13,51,57, 120.9677000000
2020,9,21,13,51,57,  99.0323000000
2020,9,21,13,51,58, -50.0000000000
2020,9,21,13,51,58, 133.8710000000
2020,9,21,13,51,58, -50.0000000000
2020,9,21,13,51,58, 109.6774000000
2020,9,21,13,51,59, -37.0968000000
2020,9,21,13,51,59, -50.0000000000
2020,9,21,13,51,59,  68.7097000000
2020,9,21,13,52,0, -50.0000000000
2020,9,21,13,52,0, 105.4839000000
2020,9,21,13,52,0,  72.5806000000
2020,9,21,13,52,0, -50.0000000000
2020,9,21,13,52,1, -50.0000000000
2020,9,21,13,52,1, -10.3226000000
2020,9,21,13,52,1, 105.4839000000
2020,9,21,13,52,1, -50.0000000000
2020,9,21,13,52,2, -50.0000000000
2020,9,21,13,52,2, 131.9355000000
2020,9,21,13,52,2,  16.4516000000
2020,9,21,13,52,2, -33.2258000000
2020,9,21,13,52,3, 118.0645000000
2020,9,21,13,52,3, -50.0000000000
2020,9,21,13,52,3, 114.5161000000
2020,9,21,13,52,3, -44.5161000000
2020,9,21,13,52,4, 117.0968000000
2020,9,21,13,52,4, -50.0000000000
2020,9,21,13,52,4, -50.0000000000
2020,9,21,13,52,4, 130.0000000000
2020,9,21,13,52,5,  70.9677000000
2020,9,21,13,52,5, 122.5806000000
2020,9,21,13,52,5, -39.3548000000
2020,9,21,13,52,5, 120.3226000000
2020,9,21,13,52,6, -50.0000000000
2020,9,21,13,52,6,  -4.8387000000
2020,9,21,13,52,6,  64.1935000000
2020,9,21,13,52,7, -47.4194000000
2020,9,21,13,52,7, 122.9032000000
2020,9,21,13,52,7, -50.0000000000
2020,9,21,13,52,7,  91.6129000000
2020,9,21,13,52,8, -17.7419000000
2020,9,21,13,52,8, -50.0000000000
2020,9,21,13,52,8, -41.9355000000
2020,9,21,13,52,8, -50.0000000000
2020,9,21,13,52,9, 130.0000000000
2020,9,21,13,52,9,  58.7097000000
2020,9,21,13,52,9, -41.9355000000
2020,9,21,13,52,9, 103.2258000000
2020,9,21,13,52,10, -50.0000000000
2020,9,21,13,52,10,  56.4516000000
2020,9,21,13,52,10, 132.5806000000
2020,9,21,13,52,10,  68.0645000000
2020,9,21,13,52,11, -41.9355000000
2020,9,21,13,52,11,  72.9032000000
2020,9,21,13,52,11, -50.0000000000
2020,9,21,13,52,11, 120.3226000000
2020,9,21,13,52,12, -50.0000000000
2020,9,21,13,52,12, 127.0968000000
2020,9,21,13,52,12,  48.7097000000
2020,9,21,13,52,12,   6.7742000000
2020,9,21,13,52,13,  95.4839000000
2020,9,21,13,52,13, -46.7742000000
2020,9,21,13,52,13,  25.8065000000
2020,9,21,13,52,14, -36.4516000000
2020,9,21,13,52,14, 124.1935000000
2020,9,21,13,52,14, -50.0000000000
2020,9,21,13,52,14,  90.0000000000
2020,9,21,13,52,15, 120.0000000000
2020,9,21,13,52,15, -50.0000000000
2020,9,21,13,52,15, 122.2581000000
2020,9,21,13,52,15,  42.5806000000
2020,9,21,13,52,16,  82.5806000000
2020,9,21,13,52,16, -50.0000000000
2020,9,21,13,52,16, 134.1935000000
2020,9,21,13,52,16, 102.9032000000
2020,9,21,13,52,17, 114.5161000000
2020,9,21,13,52,17,  81.2903000000
2020,9,21,13,52,17, -50.0000000000
2020,9,21,13,52,17, 124.5161000000
2020,9,21,13,52,18, -50.0000000000
2020,9,21,13,52,18, 102.9032000000
2020,9,21,13,52,18, -50.0000000000
2020,9,21,13,52,19, 132.2581000000
2020,9,21,13,52,19,  71.2903000000
2020,9,21,13,52,19, -50.0000000000
2020,9,21,13,52,19,  91.6129000000
2020,9,21,13,52,20, -21.9355000000
2020,9,21,13,52,20, 105.1613000000
2020,9,21,13,52,20, -50.0000000000
2020,9,21,13,52,20,  71.9355000000
2020,9,21,13,52,21, 128.3871000000
2020,9,21,13,52,21,  58.0645000000
2020,9,21,13,52,21, -44.1935000000
2020,9,21,13,52,21, -50.0000000000
2020,9,21,13,52,22,   4.1935000000
2020,9,21,13,52,22, -50.0000000000
2020,9,21,13,52,22, 132.5806000000
2020,9,21,13,52,22,  63.5484000000
2020,9,21,13,52,23, -50.0000000000
2020,9,21,13,52,23, -37.4194000000
2020,9,21,13,52,23, -29.6774000000
2020,9,21,13,52,24, -12.9032000000
2020,9,21,13,52,24, 105.1613000000
2020,9,21,13,52,24, -47.7419000000
2020,9,21,13,52,24, 124.8387000000
2020,9,21,13,52,25,  -8.3871000000
2020,9,21,13,52,25, -25.4839000000
2020,9,21,13,52,25, -10.0000000000
2020,9,21,13,52,25, -12.9032000000
2020,9,21,13,52,26, 102.5806000000
2020,9,21,13,52,26, 100.9677000000
2020,9,21,13,52,26, -13.2258000000
2020,9,21,13,52,26, 106.1290000000
2020,9,21,13,52,27, -50.0000000000
2020,9,21,13,52,27, 125.8065000000
2020,9,21,13,52,27, -17.7419000000
2020,9,21,13,52,27, -31.9355000000
2020,9,21,13,52,28, -11.6129000000
2020,9,21,13,52,28, 102.9032000000
2020,9,21,13,52,28, -50.0000000000
2020,9,21,13,52,28, 120.0000000000
2020,9,21,13,52,29, -50.0000000000
2020,9,21,13,52,29, 129.3548000000
2020,9,21,13,52,29, -50.0000000000
2020,9,21,13,52,29, -50.0000000000
2020,9,21,13,52,30, -20.0000000000
2020,9,21,13,52,30,  82.5806000000
2020,9,21,13,52,30, -50.0000000000
2020,9,21,13,52,31, 131.2903000000
2020,9,21,13,52,31, -50.0000000000
2020,9,21,13,52,31, 112.2581000000
2020,9,21,13,52,31, -37.0968000000
2020,9,21,13,52,32,  31.9355000000
2020,9,21,13,52,32, 133.2258000000
2020,9,21,13,52,32, -50.0000000000
2020,9,21,13,52,32, -23.5484000000
2020,9,21,13,52,33,  68.3871000000
2020,9,21,13,52,33, -49.3548000000
2020,9,21,13,52,33, 124.1935000000
2020,9,21,13,52,33, 128.7097000000
2020,9,21,13,52,34,  65.8065000000
2020,9,21,13,52,34, -45.1613000000
2020,9,21,13,52,34, 122.5806000000
2020,9,21,13,52,34, -13.2258000000
2020,9,21,13,52,35, 132.9032000000
2020,9,21,13,52,35, -45.4839000000
2020,9,21,13,52,35, 124.1935000000
2020,9,21,13,52,35, -31.9355000000
2020,9,21,13,52,36, -32.5806000000
2020,9,21,13,52,36, 120.9677000000
2020,9,21,13,52,36, -50.0000000000
2020,9,21,13,52,36,  78.7097000000
2020,9,21,13,52,37, -50.0000000000
2020,9,21,13,52,37, -50.0000000000
2020,9,21,13,52,37, 131.6129000000
2020,9,21,13,52,38,  66.7742000000
2020,9,21,13,52,38, -49.0323000000
2020,9,21,13,52,38, 124.5161000000
2020,9,21,13,52,38, -37.4194000000
2020,9,21,13,52,39,  98.3871000000
2020,9,21,13,52,39,  37.7419000000
2020,9,21,13,52,39, 110.0000000000
2020,9,21,13,52,39,  52.9032000000
2020,9,21,13,52,40, -50.0000000000
2020,9,21,13,52,40, 124.1935000000
2020,9,21,13,52,40, -49.3548000000
2020,9,21,13,52,40,  90.0000000000
2020,9,21,13,52,41, -12.2581000000
2020,9,21,13,52,41, -50.0000000000
2020,9,21,13,52,41, 122.5806000000
2020,9,21,13,52,41,  -8.0645000000
2020,9,21,13,52,42, 102.2581000000
2020,9,21,13,52,42, -50.0000000000
2020,9,21,13,52,42,  89.3548000000
2020,9,21,13,52,42, -50.0000000000
2020,9,21,13,52,43,  17.0968000000
2020,9,21,13,52,43,  91.6129000000
2020,9,21,13,52,43, -50.0000000000
2020,9,21,13,52,44, 132.5806000000
2020,9,21,13,52,44, -50.0000000000
2020,9,21,13,52,44, 124.1935000000
2020,9,21,13,52,44,   5.1613000000
2020,9,21,13,52,45, -37.0968000000
2020,9,21,13,52,45,  23.8710000000
2020,9,21,13,52,45,   2.2581000000
2020,9,21,13,52,45,  97.0968000000
2020,9,21,13,52,46, -50.0000000000
2020,9,21,13,52,46,  94.8387000000
2020,9,21,13,52,46, -50.0000000000
2020,9,21,13,52,46, 109.3548000000
2020,9,21,13,52,47, -13.5484000000
2020,9,21,13,52,47,  20.9677000000
2020,9,21,13,52,47, 113.2258000000
2020,9,21,13,52,47, -50.0000000000
2020,9,21,13,52,48, 105.4839000000
2020,9,21,13,52,48, 103.5484000000
2020,9,21,13,52,48, -50.0000000000
2020,9,21,13,52,48, 106.1290000000
2020,9,21,13,52,49,  78.7097000000
2020,9,21,13,52,49, -50.0000000000
2020,9,21,13,52,49, 104.8387000000
2020,9,21,13,52,49, -50.0000000000
2020,9,21,13,52,50,  28.0645000000
2020,9,21,13,52,50, -50.0000000000
2020,9,21,13,52,50, 126.1290000000
2020,9,21,13,52,51, -22.2581000000
2020,9,21,13,52,51, -36.7742000000
2020,9,21,13,52,51, 116.4516000000
2020,9,21,13,52,51, -50.0000000000
2020,9,21,13,52,52, 122.5806000000
2020,9,21,13,52,52, -50.0000000000
2020,9,21,13,52,52, -50.0000000000
2020,9,21,13,52,52, -50.0000000000
2020,9,21,13,52,53,  76.1290000000
2020,9,21,13,52,53,  82.5806000000
2020,9,21,13,52,53, 123.5484000000
2020,9,21,13,52,53, -50.0000000000
2020,9,21,13,52,54, -50.0000000000
2020,9,21,13,52,54, 132.9032000000
2020,9,21,13,52,54,  70.9677000000
2020,9,21,13,52,54,  83.8710000000
2020,9,21,13,52,55, -50.0000000000
2020,9,21,13,52,55, -41.2903000000
2020,9,21,13,52,55, 121.9355000000
2020,9,21,13,52,55, -50.0000000000
2020,9,21,13,52,56, 130.6452000000
2020,9,21,13,52,56,  -9.3548000000
2020,9,21,13,52,56, 104.8387000000
2020,9,21,13,52,57,  -6.7742000000
2020,9,21,13,52,57, -50.0000000000
2020,9,21,13,52,57,   1.2903000000
2020,9,21,13,52,57, -25.4839000000
2020,9,21,13,52,58, 110.3226000000
2020,9,21,13,52,58, -50.0000000000
2020,9,21,13,52,58, 119.3548000000
2020,9,21,13,52,58, 105.1613000000
2020,9,21,13,52,59, -50.0000000000
2020,9,21,13,52,59,  81.9355000000
2020,9,21,13,52,59,  40.3226000000
2020,9,21,13,52,59,  93.2258000000
2020,9,21,13,53,0, -46.4516000000
2020,9,21,13,53,0,  78.7097000000
2020,9,21,13,53,0, -50.0000000000
2020,9,21,13,53,0,  90.9677000000
2020,9,21,13,53,1, -50.0000000000
2020,9,21,13,53,1, 124.5161000000
2020,9,21,13,53,1, -32.9032000000
2020,9,21,13,53,1,  40.0000000000
2020,9,21,13,53,2,  97.7419000000
2020,9,21,13,53,2, -50.0000000000
2020,9,21,13,53,2,  45.1613000000
2020,9,21,13,53,2, -40.3226000000
2020,9,21,13,53,3,  62.5806000000
2020,9,21,13,53,3,  33.5484000000
2020,9,21,13,53,3, -40.6452000000
2020,9,21,13,53,4, 120.9677000000
2020,9,21,13,53,4, -50.0000000000
2020,9,21,13,53,4, -17.4194000000
2020,9,21,13,53,4,  -9.0323000000
2020,9,21,13,53,5, 124.5161000000
2020,9,21,13,53,5, -32.9032000000
2020,9,21,13,53,5, -30.6452000000
2020,9,21,13,53,5, -50.0000000000
2020,9,21,13,53,6, 117.0968000000
2020,9,21,13,53,6, -50.0000000000
2020,9,21,13,53,6,  -3.8710000000
2020,9,21,13,53,6,  28.3871000000
2020,9,21,13,53,7, -30.6452000000
2020,9,21,13,53,7, 115.4839000000
2020,9,21,13,53,7, -50.0000000000
2020,9,21,13,53,7,  13.2258000000
2020,9,21,13,53,8, -50.0000000000
2020,9,21,13,53,8, -14.8387000000
2020,9,21,13,53,8, 110.0000000000
2020,9,21,13,53,8, -50.0000000000
2020,9,21,13,53,9,   2.9032000000
2020,9,21,13,53,9, -50.0000000000
2020,9,21,13,53,9, 132.9032000000
2020,9,21,13,53,9,  67.4194000000
2020,9,21,13,53,10, -49.3548000000
2020,9,21,13,53,10,  92.5806000000
2020,9,21,13,53,10, 114.8387000000
2020,9,21,13,53,11, -50.0000000000
2020,9,21,13,53,11,  96.4516000000
2020,9,21,13,53,11, -50.0000000000
2020,9,21,13,53,11, 100.9677000000
2020,9,21,13,53,12,  80.6452000000
2020,9,21,13,53,12, -30.0000000000
2020,9,21,13,53,12, 116.1290000000
2020,9,21,13,53,12, -50.0000000000
2020,9,21,13,53,13, 126.1290000000
2020,9,21,13,53,13, -11.6129000000
2020,9,21,13,53,13, -50.0000000000
2020,9,21,13,53,13, -50.0000000000
2020,9,21,13,53,14,  94.5161000000
2020,9,21,13,53,14, -16.1290000000
2020,9,21,13,53,14, 109.3548000000
2020,9,21,13,53,14, -50.0000000000
2020,9,21,13,53,15,  -5.1613000000
2020,9,21,13,53,15, -35.1613000000
2020,9,21,13,53,15,  95.1613000000
2020,9,21,13,53,15,  77.0968000000
2020,9,21,13,53,16,  85.1613000000
2020,9,21,13,53,16, -50.0000000000
2020,9,21,13,53,16, 129.0323000000
2020,9,21,13,53,16,  43.2258000000
2020,9,21,13,53,17, -40.6452000000
2020,9,21,13,53,17,  98.3871000000
2020,9,21,13,53,17, -50.0000000000
2020,9,21,13,53,17,  49.3548000000
2020,9,21,13,53,18, -50.0000000000
2020,9,21,13,53,18, 125.1613000000
2020,9,21,13,53,18,  87.7419000000
2020,9,21,13,53,19,  -5.1613000000
2020,9,21,13,53,19, -50.0000000000
2020,9,21,13,53,19, 131.2903000000
2020,9,21,13,53,19,  -6.4516000000
2020,9,21,13,53,20,  72.9032000000
2020,9,21,13,53,20,  57.7419000000
2020,9,21,13,53,20, -45.8065000000
2020,9,21,13,53,20, 121.6129000000
2020,9,21,13,53,21,  96.7742000000
2020,9,21,13,53,21,  66.7742000000
2020,9,21,13,53,21,  86.7742000000
2020,9,21,13,53,21, -50.0000000000
2020,9,21,13,53,22,  79.3548000000
2020,9,21,13,53,22,  34.5161000000
2020,9,21,13,53,22, 131.2903000000
2020,9,21,13,53,23,  66.4516000000
2020,9,21,13,53,23, -48.3871000000
2020,9,21,13,53,23,  84.5161000000
2020,9,21,13,53,23,   9.6774000000
2020,9,21,13,53,24, -50.0000000000
2020,9,21,13,53,24,  74.5161000000
2020,9,21,13,53,24, -50.0000000000
2020,9,21,13,53,24,  58.3871000000
2020,9,21,13,53,25, 120.0000000000
2020,9,21,13,53,25,  99.0323000000
2020,9,21,13,53,25, -50.0000000000
2020,9,21,13,53,25, 115.8065000000
2020,9,21,13,53,26, -50.0000000000
2020,9,21,13,53,26,  56.7742000000
2020,9,21,13,53,26, 126.1290000000
2020,9,21,13,53,26, -50.0000000000
2020,9,21,13,53,27, -15.8065000000
2020,9,21,13,53,27, 104.1935000000
2020,9,21,13,53,27, -50.0000000000
2020,9,21,13,53,27, 127.7419000000
2020,9,21,13,53,28,  54.1935000000
2020,9,21,13,53,28,  49.0323000000
2020,9,21,13,53,28, -48.0645000000
2020,9,21,13,53,29, 124.5161000000
2020,9,21,13,53,29, -30.9677000000
2020,9,21,13,53,29, -25.4839000000
2020,9,21,13,53,29,  21.6129000000
2020,9,21,13,53,30,  94.8387000000
2020,9,21,13,53,30, -50.0000000000
2020,9,21,13,53,30, 101.6129000000
2020,9,21,13,53,30, -50.0000000000
2020,9,21,13,53,31, 134.5161000000
2020,9,21,13,53,31,  30.9677000000
2020,9,21,13,53,31, -50.0000000000
2020,9,21,13,53,31, 132.9032000000
2020,9,21,13,53,32, -17.7419000000
2020,9,21,13,53,32, 110.0000000000
2020,9,21,13,53,32,  45.1613000000
2020,9,21,13,53,32, -20.0000000000
2020,9,21,13,53,33,  90.3226000000
2020,9,21,13,53,33, -50.0000000000
2020,9,21,13,53,33,  65.1613000000
2020,9,21,13,53,33, -39.0323000000
2020,9,21,13,53,34, 121.9355000000
2020,9,21,13,53,34, -50.0000000000
2020,9,21,13,53,34, 104.5161000000
2020,9,21,13,53,34, -50.0000000000
2020,9,21,13,53,35, 130.0000000000
2020,9,21,13,53,35,  79.0323000000
2020,9,21,13,53,35,  18.0645000000
2020,9,21,13,53,36, -50.0000000000
2020,9,21,13,53,36, 123.5484000000
2020,9,21,13,53,36, -44.1935000000
2020,9,21,13,53,36,  76.1290000000
2020,9,21,13,53,37, -41.6129000000
2020,9,21,13,53,37, 122.2581000000
2020,9,21,13,53,37, 129.6774000000
2020,9,21,13,53,37,  31.9355000000
2020,9,21,13,53,38,  -5.1613000000
2020,9,21,13,53,38, 103.5484000000
2020,9,21,13,53,38, -50.0000000000
2020,9,21,13,53,38, 124.5161000000
2020,9,21,13,53,39,  19.3548000000
2020,9,21,13,53,39, -37.0968000000
2020,9,21,13,53,39, -24.8387000000
2020,9,21,13,53,39,  51.6129000000
2020,9,21,13,53,40, -50.0000000000
2020,9,21,13,53,40, -50.0000000000
2020,9,21,13,53,40, 124.8387000000
2020,9,21,13,53,40, -16.7742000000
2020,9,21,13,53,41,  74.5161000000
2020,9,21,13,53,41, -50.0000000000
2020,9,21,13,53,41, 123.2258000000
2020,9,21,13,53,41, -41.6129000000
2020,9,21,13,53,42, -28.0645000000
2020,9,21,13,53,42, -40.0000000000
2020,9,21,13,53,42, 132.5806000000
2020,9,21,13,53,43, -49.6774000000
2020,9,21,13,53,43, 124.5161000000
2020,9,21,13,53,43, -41.6129000000
2020,9,21,13,53,43,  67.7419000000
2020,9,21,13,53,44, -41.6129000000
2020,9,21,13,53,44, 100.3226000000
2020,9,21,13,53,44, -50.0000000000
2020,9,21,13,53,44, 130.6452000000
2020,9,21,13,53,45, -50.0000000000
2020,9,21,13,53,45,  91.9355000000
2020,9,21,13,53,45, -10.6452000000
2020,9,21,13,53,45, -50.0000000000
2020,9,21,13,53,46, 122.5806000000
2020,9,21,13,53,46, -50.0000000000
2020,9,21,13,53,46,  79.6774000000
2020,9,21,13,53,46,  -7.0968000000
2020,9,21,13,53,47,  66.1290000000
2020,9,21,13,53,47, -48.7097000000
2020,9,21,13,53,47, 123.5484000000
2020,9,21,13,53,47, -13.8710000000
2020,9,21,13,53,48, -35.4839000000
2020,9,21,13,53,48,  94.5161000000
2020,9,21,13,53,48, 117.0968000000
2020,9,21,13,53,49, -44.1935000000
2020,9,21,13,53,49, -50.0000000000
2020,9,21,13,53,49, -11.9355000000
2020,9,21,13,53,49, 104.5161000000
2020,9,21,13,53,50,  83.5484000000
2020,9,21,13,53,50, 131.9355000000
2020,9,21,13,53,50,  69.6774000000
2020,9,21,13,53,50,  97.0968000000
2020,9,21,13,53,51, -50.0000000000
2020,9,21,13,53,51,  70.0000000000
2020,9,21,13,53,51, -41.6129000000
2020,9,21,13,53,51, 122.5806000000
2020,9,21,13,53,52, -46.7742000000
2020,9,21,13,53,52, 131.2903000000
2020,9,21,13,53,52, -45.1613000000
2020,9,21,13,53,52, 122.9032000000
2020,9,21,13,53,53, -50.0000000000
2020,9,21,13,53,53, -22.5806000000
2020,9,21,13,53,53,  44.5161000000
2020,9,21,13,53,53, -50.0000000000
2020,9,21,13,53,54, -17.7419000000
2020,9,21,13,53,54, 110.6452000000
2020,9,21,13,53,54, -50.0000000000
2020,9,21,13,53,54,  25.8065000000
2020,9,21,13,53,55, -50.0000000000
2020,9,21,13,53,55, -49.0323000000
2020,9,21,13,53,55,  97.4194000000
2020,9,21,13,53,56,  58.0645000000
2020,9,21,13,53,56, -50.0000000000
2020,9,21,13,53,56,  77.4194000000
2020,9,21,13,53,56, 121.6129000000
2020,9,21,13,53,57, -50.0000000000
2020,9,21,13,53,57, 120.9677000000
2020,9,21,13,53,57, -47.7419000000
2020,9,21,13,53,57, -27.7419000000
2020,9,21,13,53,58, 108.0645000000
2020,9,21,13,53,58, -50.0000000000
2020,9,21,13,53,58, 122.2581000000
2020,9,21,13,53,58, -50.0000000000
2020,9,21,13,53,59,  51.6129000000
2020,9,21,13,53,59,  -6.7742000000
2020,9,21,13,53,59, 102.9032000000
2020,9,21,13,53,59, -50.0000000000
2020,9,21,13,54,0,  97.4194000000
2020,9,21,13,54,0, -50.0000000000
2020,9,21,13,54,0, 107.0968000000
2020,9,21,13,54,1, 128.3871000000
2020,9,21,13,54,1,  42.9032000000
2020,9,21,13,54,1,  97.4194000000
2020,9,21,13,54,1, -50.0000000000
2020,9,21,13,54,2, 124.5161000000
2020,9,21,13,54,2, -50.0000000000
2020,9,21,13,54,2,  -9.0323000000
2020,9,21,13,54,2, -50.0000000000
2020,9,21,13,54,3, 108.0645000000
2020,9,21,13,54,3, -50.0000000000
2020,9,21,13,54,3,  48.3871000000
2020,9,21,13,54,3,  87.0968000000
2020,9,21,13,54,4, -50.0000000000
2020,9,21,13,54,4,  61.2903000000
2020,9,21,13,54,4, -39.3548000000
2020,9,21,13,54,4, 117.4194000000
2020,9,21,13,54,5, -50.0000000000
2020,9,21,13,54,5, 130.0000000000
2020,9,21,13,54,5, -50.0000000000
2020,9,21,13,54,6, -50.0000000000
2020,9,21,13,54,6,  75.8065000000
2020,9,21,13,54,6,  25.4839000000
2020,9,21,13,54,6, -35.4839000000
2020,9,21,13,54,7, 121.2903000000
2020,9,21,13,54,7,  55.1613000000
2020,9,21,13,54,7, -42.2581000000
2020,9,21,13,54,7, -50.0000000000
2020,9,21,13,54,8,  -0.6452000000
2020,9,21,13,54,8, -30.3226000000
2020,9,21,13,54,8, -50.0000000000
2020,9,21,13,54,8, 126.1290000000
2020,9,21,13,54,9, 132.2581000000
2020,9,21,13,54,9,  79.3548000000
2020,9,21,13,54,9,  82.9032000000
2020,9,21,13,54,9,  77.7419000000
2020,9,21,13,54,10, -50.0000000000
2020,9,21,13,54,10,  91.2903000000
2020,9,21,13,54,10, 129.6774000000
2020,9,21,13,54,10, -40.6452000000
2020,9,21,13,54,11, 120.6452000000
2020,9,21,13,54,11, 115.1613000000
2020,9,21,13,54,11, -50.0000000000
2020,9,21,13,54,12, -50.0000000000
2020,9,21,13,54,12, -50.0000000000
2020,9,21,13,54,12, -17.4194000000
2020,9,21,13,54,12,  77.4194000000
2020,9,21,13,54,13, 121.9355000000
2020,9,21,13,54,13, -17.7419000000
2020,9,21,13,54,13, -50.0000000000
2020,9,21,13,54,13, 102.9032000000
2020,9,21,13,54,14, -50.0000000000
2020,9,21,13,54,14, 117.0968000000
2020,9,21,13,54,14, -33.5484000000
2020,9,21,13,54,14, -50.0000000000
2020,9,21,13,54,15, 129.6774000000
2020,9,21,13,54,15, -14.8387000000
2020,9,21,13,54,15, 107.0968000000
2020,9,21,13,54,15,  77.4194000000
2020,9,21,13,54,16, -50.0000000000
2020,9,21,13,54,16, -50.0000000000
2020,9,21,13,54,16, -50.0000000000
2020,9,21,13,54,16, 126.4516000000
2020,9,21,13,54,17,  12.5806000000
2020,9,21,13,54,17, 131.2903000000
2020,9,21,13,54,17, -31.6129000000
2020,9,21,13,54,18, 101.2903000000
2020,9,21,13,54,18, 120.6452000000
2020,9,21,13,54,18, -50.0000000000
2020,9,21,13,54,18, 126.4516000000
2020,9,21,13,54,19, 111.6129000000
2020,9,21,13,54,19, -14.8387000000
2020,9,21,13,54,19,   1.9355000000
2020,9,21,13,54,19, 123.8710000000
2020,9,21,13,54,20, -50.0000000000
2020,9,21,13,54,20, 107.7419000000
2020,9,21,13,54,20, -23.5484000000
2020,9,21,13,54,20, 112.5806000000
2020,9,21,13,54,21,  -4.1935000000
2020,9,21,13,54,21, -50.0000000000
2020,9,21,13,54,21, 124.1935000000
2020,9,21,13,54,21, -43.5484000000
2020,9,21,13,54,22,  72.2581000000
2020,9,21,13,54,22,  45.4839000000
2020,9,21,13,54,22, -50.0000000000
2020,9,21,13,54,22,  -3.5484000000
2020,9,21,13,54,23, -50.0000000000
2020,9,21,13,54,23, 120.6452000000
2020,9,21,13,54,23, 122.2581000000
2020,9,21,13,54,24, 132.5806000000
2020,9,21,13,54,24, -43.2258000000
2020,9,21,13,54,24, 120.9677000000
2020,9,21,13,54,24, -50.0000000000
2020,9,21,13,54,25, 128.0645000000
2020,9,21,13,54,25,  10.3226000000
2020,9,21,13,54,25, -13.8710000000
2020,9,21,13,54,25, 106.4516000000
2020,9,21,13,54,26, 128.0645000000
2020,9,21,13,54,26,  36.1290000000
2020,9,21,13,54,26, -36.7742000000
2020,9,21,13,54,26,  72.5806000000
2020,9,21,13,54,27, 132.2581000000
2020,9,21,13,54,27,  70.6452000000
2020,9,21,13,54,27, 121.9355000000
2020,9,21,13,54,27, -50.0000000000
2020,9,21,13,54,28, 106.4516000000
2020,9,21,13,54,28, -50.0000000000
2020,9,21,13,54,28, -50.0000000000
2020,9,21,13,54,29, 132.9032000000
2020,9,21,13,54,29, -48.3871000000
2020,9,21,13,54,29, -23.5484000000
2020,9,21,13,54,29, 112.5806000000
2020,9,21,13,54,30, -50.0000000000
2020,9,21,13,54,30, 117.7419000000
2020,9,21,13,54,30, -50.0000000000
2020,9,21,13,54,30, -16.1290000000
2020,9,21,13,54,31, 125.1613000000
2020,9,21,13,54,31, 121.2903000000
2020,9,21,13,54,31, -50.0000000000
2020,9,21,13,54,31,  28.7097000000
2020,9,21,13,54,32, 111.6129000000
2020,9,21,13,54,32, -50.0000000000
2020,9,21,13,54,32,  24.5161000000
2020,9,21,13,54,32,  96.1290000000
2020,9,21,13,54,33, -30.6452000000
2020,9,21,13,54,33, -36.7742000000
2020,9,21,13,54,33, 120.9677000000
2020,9,21,13,54,34, -50.0000000000
2020,9,21,13,54,34,  87.4194000000
2020,9,21,13,54,34, -37.4194000000
2020,9,21,13,54,34, 121.9355000000
2020,9,21,13,54,35, -50.0000000000
2020,9,21,13,54,35, 128.0645000000
2020,9,21,13,54,35, -50.0000000000
2020,9,21,13,54,35,  95.1613000000
2020,9,21,13,54,36, -29.3548000000
2020,9,21,13,54,36, 128.3871000000
2020,9,21,13,54,36, -50.0000000000
2020,9,21,13,54,36, -23.8710000000
2020,9,21,13,54,37, -17.0968000000
2020,9,21,13,54,37, 109.3548000000
2020,9,21,13,54,37, 129.6774000000
2020,9,21,13,54,37,  63.2258000000
2020,9,21,13,54,38,  -8.3871000000
2020,9,21,13,54,38, -50.0000000000
2020,9,21,13,54,38, 113.8710000000
2020,9,21,13,54,38, -50.0000000000
2020,9,21,13,54,39, 129.6774000000
2020,9,21,13,54,39,  62.9032000000
2020,9,21,13,54,39, -43.5484000000
2020,9,21,13,54,39, 126.7742000000
2020,9,21,13,54,40, -45.8065000000
2020,9,21,13,54,40, -16.4516000000
2020,9,21,13,54,40, 109.3548000000
2020,9,21,13,54,40, -50.0000000000
2020,9,21,13,54,41, 131.9355000000
2020,9,21,13,54,41,  57.0968000000
2020,9,21,13,54,41,  -7.7419000000
2020,9,21,13,54,42,  98.3871000000
2020,9,21,13,54,42, -50.0000000000
2020,9,21,13,54,42, 122.2581000000
2020,9,21,13,54,42, -41.2903000000
2020,9,21,13,54,43, -28.3871000000
2020,9,21,13,54,43, -10.3226000000
2020,9,21,13,54,43, 135.1613000000
2020,9,21,13,54,43, -47.4194000000
2020,9,21,13,54,44, -25.1613000000
2020,9,21,13,54,44, 113.8710000000
2020,9,21,13,54,44, -50.0000000000
2020,9,21,13,54,44,  64.5161000000
2020,9,21,13,54,45, -50.0000000000
2020,9,21,13,54,45, 124.8387000000
2020,9,21,13,54,45, -38.7097000000
2020,9,21,13,54,45, -28.3871000000
2020,9,21,13,54,46, -50.0000000000
2020,9,21,13,54,46, 103.8710000000
2020,9,21,13,54,46, -50.0000000000
2020,9,21,13,54,46, 123.5484000000
2020,9,21,13,54,47, -50.0000000000
2020,9,21,13,54,47, -23.5484000000
2020,9,21,13,54,47,  80.6452000000
2020,9,21,13,54,47, -50.0000000000
2020,9,21,13,54,48, 130.3226000000
2020,9,21,13,54,48, -18.3871000000
2020,9,21,13,54,48,  97.7419000000
2020,9,21,13,54,49, -50.0000000000
2020,9,21,13,54,49,  98.3871000000
2020,9,21,13,54,49, -33.5484000000
2020,9,21,13,54,49, 119.3548000000
2020,9,21,13,54,50, -50.0000000000
2020,9,21,13,54,50, -15.8065000000
2020,9,21,13,54,50,  70.3226000000
2020,9,21,13,54,50, 116.7742000000
2020,9,21,13,54,51, -15.8065000000
2020,9,21,13,54,51, -50.0000000000
2020,9,21,13,54,51, 129.0323000000
2020,9,21,13,54,51, -50.0000000000
2020,9,21,13,54,52, -38.3871000000
2020,9,21,13,54,52,  62.5806000000
2020,9,21,13,54,52, 124.1935000000
2020,9,21,13,54,52, -50.0000000000
2020,9,21,13,54,53, 113.8710000000
2020,9,21,13,54,53,   0.9677000000
2020,9,21,13,54,53, -40.6452000000
2020,9,21,13,54,53, 129.6774000000
2020,9,21,13,54,54,  -9.0323000000
2020,9,21,13,54,54, 103.2258000000
2020,9,21,13,54,54, -33.2258000000
2020,9,21,13,54,55, -50.0000000000
2020,9,21,13,54,55, 123.5484000000
2020,9,21,13,54,55, 122.5806000000
2020,9,21,13,54,55, -50.0000000000
2020,9,21,13,54,56, -15.4839000000
2020,9,21,13,54,56,  77.0968000000
2020,9,21,13,54,56, -45.1613000000
2020,9,21,13,54,56, 112.5806000000
2020,9,21,13,54,57, -50.0000000000
2020,9,21,13,54,57,  -6.1290000000
2020,9,21,13,54,57,  17.4194000000
2020,9,21,13,54,57, 123.8710000000
2020,9,21,13,54,58, -50.0000000000
2020,9,21,13,54,58,  82.5806000000
2020,9,21,13,54,58, -11.2903000000
2020,9,21,13,54,58, -50.0000000000
2020,9,21,13,54,59, 122.9032000000
2020,9,21,13,54,59,  65.1613000000
2020,9,21,13,54,59,  90.3226000000
2020,9,21,13,54,59,  98.7097000000
2020,9,21,13,55,0,  20.3226000000
2020,9,21,13,55,0,  73.5484000000
2020,9,21,13,55,0,  82.9032000000
2020,9,21,13,55,0, -50.0000000000
2020,9,21,13,55,1, -49.0323000000
2020,9,21,13,55,1, 133.5484000000
2020,9,21,13,55,1, -20.9677000000
2020,9,21,13,55,2, -32.9032000000
2020,9,21,13,55,2, 120.6452000000
2020,9,21,13,55,2,  87.4194000000
2020,9,21,13,55,2, -28.3871000000
2020,9,21,13,55,3, 113.8710000000
2020,9,21,13,55,3, -50.0000000000
2020,9,21,13,55,3, 123.8710000000
2020,9,21,13,55,3, -50.0000000000
2020,9,21,13,55,4, 133.5484000000
2020,9,21,13,55,4,  73.8710000000
2020,9,21,13,55,4, 110.9677000000
2020,9,21,13,55,4,  97.4194000000
2020,9,21,13,55,5, -50.0000000000
2020,9,21,13,55,5, 129.0323000000
2020,9,21,13,55,5, -50.0000000000
2020,9,21,13,55,5, 117.7419000000
2020,9,21,13,55,6, -43.5484000000
2020,9,21,13,55,6, -28.7097000000
2020,9,21,13,55,6, 117.4194000000
2020,9,21,13,55,6, -43.2258000000
2020,9,21,13,55,7, -11.2903000000
2020,9,21,13,55,7, 104.1935000000
2020,9,21,13,55,7, -50.0000000000
2020,9,21,13,55,8, 123.2258000000
2020,9,21,13,55,8,  90.9677000000
2020,9,21,13,55,8, -50.0000000000
2020,9,21,13,55,8,  87.4194000000
2020,9,21,13,55,9, 128.7097000000
2020,9,21,13,55,9, -50.0000000000
2020,9,21,13,55,9, 120.9677000000
2020,9,21,13,55,9, 123.8710000000
2020,9,21,13,55,10, -19.6774000000
2020,9,21,13,55,10,  -2.5806000000
2020,9,21,13,55,10, -50.0000000000
2020,9,21,13,55,10,  -0.9677000000
2020,9,21,13,55,11,  96.1290000000
2020,9,21,13,55,11, -50.0000000000
2020,9,21,13,55,11, 140.0000000000
2020,9,21,13,55,11,  66.7742000000
2020,9,21,13,55,12,   8.3871000000
2020,9,21,13,55,12, -50.0000000000
2020,9,21,13,55,12, 119.6774000000
2020,9,21,13,55,12, -32.9032000000
2020,9,21,13,55,13,  96.7742000000
2020,9,21,13,55,13, -50.0000000000
2020,9,21,13,55,13,  91.2903000000
2020,9,21,13,55,14, -50.0000000000
2020,9,21,13,55,14, 123.2258000000
2020,9,21,13,55,14, -33.8710000000
2020,9,21,13,55,14, -48.3871000000
2020,9,21,13,55,15, 124.8387000000
2020,9,21,13,55,15, -50.0000000000
2020,9,21,13,55,15, 109.3548000000
2020,9,21,13,55,15, -50.0000000000
2020,9,21,13,55,16,  81.2903000000
2020,9,21,13,55,16, 100.9677000000
2020,9,21,13,55,16,  81.9355000000
2020,9,21,13,55,16, -50.0000000000
2020,9,21,13,55,17, 129.6774000000
2020,9,21,13,55,17,  67.4194000000
2020,9,21,13,55,17, 129.0323000000
2020,9,21,13,55,17,  57.0968000000
2020,9,21,13,55,18,  62.9032000000
2020,9,21,13,55,18, -49.0323000000
2020,9,21,13,55,18, 124.5161000000
2020,9,21,13,55,18, -31.2903000000
2020,9,21,13,55,19, -30.9677000000
2020,9,21,13,55,19, 118.7097000000
2020,9,21,13,55,19, -50.0000000000
2020,9,21,13,55,19,  70.9677000000
2020,9,21,13,55,20,  98.3871000000
2020,9,21,13,55,20, -50.0000000000
2020,9,21,13,55,20,  71.2903000000
2020,9,21,13,55,21,  90.6452000000
2020,9,21,13,55,21, 110.3226000000
2020,9,21,13,55,21, -50.0000000000
2020,9,21,13,55,21,  64.8387000000
2020,9,21,13,55,22, -27.0968000000
2020,9,21,13,55,22, 106.4516000000
2020,9,21,13,55,22, -22.9032000000
2020,9,21,13,55,22, 110.3226000000
2020,9,21,13,55,23, -50.0000000000
2020,9,21,13,55,23,  78.0645000000
2020,9,21,13,55,23, -50.0000000000
2020,9,21,13,55,23, 118.0645000000
2020,9,21,13,55,24, 100.6452000000
2020,9,21,13,55,24, -50.0000000000
2020,9,21,13,55,24,  98.3871000000
2020,9,21,13,55,24, -50.0000000000
2020,9,21,13,55,25, 122.5806000000
2020,9,21,13,55,25, -50.0000000000
2020,9,21,13,55,25,  64.8387000000
2020,9,21,13,55,25, -45.4839000000
2020,9,21,13,55,26, 121.9355000000
2020,9,21,13,55,26, -34.8387000000
2020,9,21,13,55,26, 132.5806000000
2020,9,21,13,55,27,  71.9355000000
2020,9,21,13,55,27,  73.2258000000
2020,9,21,13,55,27, 129.3548000000
2020,9,21,13,55,27, -50.0000000000
2020,9,21,13,55,28, -28.7097000000
2020,9,21,13,55,28,  62.2581000000
2020,9,21,13,55,28, 121.9355000000
2020,9,21,13,55,28,  29.0323000000
2020,9,21,13,55,29, -50.0000000000
2020,9,21,13,55,29, -10.9677000000
2020,9,21,13,55,29, -50.0000000000
2020,9,21,13,55,29, -50.0000000000
2020,9,21,13,55,30, -12.9032000000
2020,9,21,13,55,30, -46.4516000000
2020,9,21,13,55,30, 124.5161000000
2020,9,21,13,55,30, -19.0323000000
2020,9,21,13,55,31, 112.9032000000
2020,9,21,13,55,31,  93.2258000000
2020,9,21,13,55,31, -50.0000000000
2020,9,21,13,55,32,  97.4194000000
2020,9,21,13,55,32, -50.0000000000
2020,9,21,13,55,32, 121.2903000000
2020,9,21,13,55,32, -10.9677000000
2020,9,21,13,55,33,  80.9677000000
2020,9,21,13,55,33, -50.0000000000
2020,9,21,13,55,33, -50.0000000000
2020,9,21,13,55,33,  75.1613000000
2020,9,21,13,55,34,  89.6774000000
2020,9,21,13,55,34, 129.0323000000
2020,9,21,13,55,34, -50.0000000000
2020,9,21,13,55,34, -50.0000000000
2020,9,21,13,55,35, -11.6129000000
2020,9,21,13,55,35, -50.0000000000
2020,9,21,13,55,35, 142.5806000000
2020,9,21,13,55,35, -50.0000000000
2020,9,21,13,55,36, 124.8387000000
2020,9,21,13,55,36,  72.9032000000
2020,9,21,13,55,36,  87.0968000000
2020,9,21,13,55,37, 122.5806000000
2020,9,21,13,55,37, -50.0000000000
2020,9,21,13,55,37, -50.0000000000
2020,9,21,13,55,37, 123.2258000000
2020,9,21,13,55,38,  -4.1935000000
2020,9,21,13,55,38,  77.0968000000
2020,9,21,13,55,38, -47.7419000000
2020,9,21,13,55,38, 125.4839000000
2020,9,21,13,55,39, -45.4839000000
2020,9,21,13,55,39, -50.0000000000
2020,9,21,13,55,39, -12.5806000000
2020,9,21,13,55,39, -46.7742000000
2020,9,21,13,55,40, 123.8710000000
2020,9,21,13,55,40, 129.6774000000
2020,9,21,13,55,40,  58.3871000000
2020,9,21,13,55,40, 105.4839000000
2020,9,21,13,55,41, -19.6774000000
2020,9,21,13,55,41,  82.9032000000
2020,9,21,13,55,41,  69.0323000000
2020,9,21,13,55,41, -50.0000000000
2020,9,21,13,55,42,  73.8710000000
2020,9,21,13,55,42, 132.2581000000
2020,9,21,13,55,42,  79.0323000000
2020,9,21,13,55,43,  76.7742000000
2020,9,21,13,55,43, -34.8387000000
2020,9,21,13,55,43,  73.8710000000
2020,9,21,13,55,43, -50.0000000000
2020,9,21,13,55,44, 102.9032000000
2020,9,21,13,55,44,  82.9032000000
2020,9,21,13,55,44, 122.9032000000
2020,9,21,13,55,44, -31.2903000000
2020,9,21,13,55,45, 130.9677000000
2020,9,21,13,55,45, -50.0000000000
2020,9,21,13,55,45,  90.0000000000
2020,9,21,13,55,45, -16.1290000000
2020,9,21,13,55,46,   0.3226000000
2020,9,21,13,55,46, 125.1613000000
2020,9,21,13,55,46, -50.0000000000
2020,9,21,13,55,46,  19.6774000000
2020,9,21,13,55,47,  97.7419000000
2020,9,21,13,55,47,  81.6129000000
2020,9,21,13,55,47, -50.0000000000
2020,9,21,13,55,48, 124.5161000000
2020,9,21,13,55,48,  -4.5161000000
2020,9,21,13,55,48, -50.0000000000
2020,9,21,13,55,48, 126.1290000000
2020,9,21,13,55,49, 131.2903000000
2020,9,21,13,55,49,  61.2903000000
2020,9,21,13,55,49, -40.6452000000
2020,9,21,13,55,49, 120.9677000000
2020,9,21,13,55,50, -50.0000000000
2020,9,21,13,55,50, 109.3548000000
2020,9,21,13,55,50, -50.0000000000
2020,9,21,13,55,50,  81.9355000000
2020,9,21,13,55,51,  87.4194000000
2020,9,21,13,55,51, -11.2903000000
2020,9,21,13,55,51,  50.6452000000
2020,9,21,13,55,51, -41.2903000000
2020,9,21,13,55,52, 122.9032000000
2020,9,21,13,55,52, -50.0000000000
2020,9,21,13,55,52, 103.5484000000
2020,9,21,13,55,52,   3.2258000000
2020,9,21,13,55,53, 129.3548000000
2020,9,21,13,55,53,  67.4194000000
2020,9,21,13,55,53, -47.0968000000
2020,9,21,13,55,53, 108.7097000000
2020,9,21,13,55,54, -50.0000000000
2020,9,21,13,55,54,  34.5161000000
2020,9,21,13,55,54, -50.0000000000
2020,9,21,13,55,55, 124.5161000000
2020,9,21,13,55,55, -50.0000000000
2020,9,21,13,55,55, -42.2581000000
2020,9,21,13,55,55, 120.0000000000
2020,9,21,13,55,56, -50.0000000000
2020,9,21,13,55,56, 100.6452000000
2020,9,21,13,55,56,  77.4194000000
2020,9,21,13,55,56, -47.7419000000
2020,9,21,13,55,57,  81.2903000000
2020,9,21,13,55,57, 109.3548000000
2020,9,21,13,55,57, -50.0000000000
2020,9,21,13,55,57,  23.5484000000
2020,9,21,13,55,58, -50.0000000000
2020,9,21,13,55,58, 130.6452000000
2020,9,21,13,55,58,  22.5806000000
2020,9,21,13,55,58, -36.7742000000
2020,9,21,13,55,59,  78.0645000000
2020,9,21,13,55,59,  29.6774000000
2020,9,21,13,55,59, -50.0000000000
2020,9,21,13,55,59, 115.1613000000
2020,9,21,13,56,0, -50.0000000000
2020,9,21,13,56,0, 139.6774000000
2020,9,21,13,56,0,  65.4839000000
2020,9,21,13,56,1,  26.7742000000
2020,9,21,13,56,1, -38.7097000000
2020,9,21,13,56,1, 120.9677000000
2020,9,21,13,56,1,  90.0000000000
2020,9,21,13,56,2, -50.0000000000
2020,9,21,13,56,2, 124.5161000000
2020,9,21,13,56,2, -41.6129000000
2020,9,21,13,56,2,  32.2581000000
2020,9,21,13,56,3, -50.0000000000
2020,9,21,13,56,3, 115.8065000000
2020,9,21,13,56,3, -50.0000000000
2020,9,21,13,56,3,  55.4839000000
2020,9,21,13,56,4, -50.0000000000
2020,9,21,13,56,4, 103.8710000000
2020,9,21,13,56,4, -33.8710000000
2020,9,21,13,56,4, -50.0000000000
2020,9,21,13,56,5, 112.2581000000
2020,9,21,13,56,5, -50.0000000000
2020,9,21,13,56,5, 109.0323000000
2020,9,21,13,56,5, 104.1935000000
2020,9,21,13,56,6, -50.0000000000
2020,9,21,13,56,6,  76.7742000000
2020,9,21,13,56,6, -50.0000000000
2020,9,21,13,56,7,  -9.6774000000
2020,9,21,13,56,7, 104.8387000000
2020,9,21,13,56,7, -50.0000000000
2020,9,21,13,56,7, 128.0645000000
2020,9,21,13,56,8,  64.8387000000
2020,9,21,13,56,8,  61.9355000000
2020,9,21,13,56,8, -50.0000000000
2020,9,21,13,56,8, 100.0000000000
2020,9,21,13,56,9, -50.0000000000
2020,9,21,13,56,9,  83.8710000000
2020,9,21,13,56,9,  70.6452000000
2020,9,21,13,56,9,  88.0645000000
2020,9,21,13,56,10, -27.7419000000
2020,9,21,13,56,10,  62.9032000000
2020,9,21,13,56,10, 123.5484000000
2020,9,21,13,56,10, -32.9032000000
2020,9,21,13,56,11, 117.4194000000
2020,9,21,13,56,11, -14.5161000000
2020,9,21,13,56,11,  83.2258000000
2020,9,21,13,56,11, -50.0000000000
2020,9,21,13,56,12, 131.9355000000
2020,9,21,13,56,12, -50.0000000000
2020,9,21,13,56,12, 108.7097000000
2020,9,21,13,56,12, -35.8065000000
2020,9,21,13,56,13,  71.6129000000
2020,9,21,13,56,13, -17.0968000000
2020,9,21,13,56,13,  13.5484000000
2020,9,21,13,56,14, -35.8065000000
2020,9,21,13,56,14,  86.7742000000
2020,9,21,13,56,14, -50.0000000000
2020,9,21,13,56,14, 127.7419000000
2020,9,21,13,56,15,  62.5806000000
2020,9,21,13,56,15, -50.0000000000
2020,9,21,13,56,15,  74.5161000000
2020,9,21,13,56,15, 110.0000000000
2020,9,21,13,56,16, -50.0000000000
2020,9,21,13,56,16, 107.0968000000
2020,9,21,13,56,16, -50.0000000000
2020,9,21,13,56,16, 141.2903000000
2020,9,21,13,56,17,  27.0968000000
2020,9,21,13,56,17,  89.0323000000
2020,9,21,13,56,17, -50.0000000000
2020,9,21,13,56,17,  94.8387000000
2020,9,21,13,56,18, -26.1290000000
2020,9,21,13,56,18,  69.3548000000
2020,9,21,13,56,18, -50.0000000000
2020,9,21,13,56,18, 124.1935000000
2020,9,21,13,56,19,  99.6774000000
2020,9,21,13,56,19, -50.0000000000
2020,9,21,13,56,19,  65.4839000000
2020,9,21,13,56,20, -29.6774000000
2020,9,21,13,56,20, 118.7097000000
2020,9,21,13,56,20, -50.0000000000
2020,9,21,13,56,20, -11.2903000000
2020,9,21,13,56,21,  98.7097000000
2020,9,21,13,56,21, 172.9032000000
2020,9,21,13,56,21,   0.0000000000
2020,9,21,13,56,21, -50.0000000000
2020,9,21,13,56,22, 124.1935000000
2020,9,21,13,56,22, -48.0645000000
2020,9,21,13,56,22, -37.7419000000
2020,9,21,13,56,22, 123.8710000000
2020,9,21,13,56,23, -38.0645000000
2020,9,21,13,56,23, 120.9677000000
2020,9,21,13,56,23, -18.3871000000
2020,9,21,13,56,23, 110.0000000000
2020,9,21,13,56,24, -23.8710000000
2020,9,21,13,56,24,  66.7742000000
2020,9,21,13,56,24, -42.5806000000
2020,9,21,13,56,24, 124.5161000000
2020,9,21,13,56,25, -50.0000000000
2020,9,21,13,56,25, 107.0968000000
2020,9,21,13,56,25, -11.6129000000
2020,9,21,13,56,26,  76.7742000000
2020,9,21,13,56,26, -50.0000000000
2020,9,21,13,56,26, 126.1290000000
2020,9,21,13,56,26, -50.0000000000
2020,9,21,13,56,27,  -3.8710000000
2020,9,21,13,56,27, 101.9355000000
2020,9,21,13,56,27,  85.4839000000
2020,9,21,13,56,27,  -2.9032000000
2020,9,21,13,56,28, 102.2581000000
2020,9,21,13,56,28,  -1.2903000000
2020,9,21,13,56,28, 100.0000000000
2020,9,21,13,56,28, -50.0000000000
2020,9,21,13,56,29, 101.2903000000
2020,9,21,13,56,29, -50.0000000000
2020,9,21,13,56,29, 112.2581000000
2020,9,21,13,56,29, 129.0323000000
2020,9,21,13,56,30, -50.0000000000
2020,9,21,13,56,30, 142.9032000000
2020,9,21,13,56,30, -50.0000000000
2020,9,21,13,56,30, -25.4839000000
2020,9,21,13,56,31, 115.8065000000
2020,9,21,13,56,31, -49.0323000000
2020,9,21,13,56,31,  86.1290000000
2020,9,21,13,56,31, -23.8710000000
2020,9,21,13,56,32, 110.3226000000
2020,9,21,13,56,32, -49.6774000000
2020,9,21,13,56,32, 124.8387000000
2020,9,21,13,56,33,  53.5484000000
2020,9,21,13,56,33,  -1.6129000000
2020,9,21,13,56,33, -50.0000000000
2020,9,21,13,56,33, -50.0000000000
2020,9,21,13,56,34, -50.0000000000
2020,9,21,13,56,34, -50.0000000000
2020,9,21,13,56,34, 122.2581000000
2020,9,21,13,56,34, -50.0000000000
2020,9,21,13,56,35,  76.1290000000
2020,9,21,13,56,35, -50.0000000000
2020,9,21,13,56,35, 129.6774000000
2020,9,21,13,56,35, -50.0000000000
2020,9,21,13,56,36, -42.5806000000
2020,9,21,13,56,36, 121.6129000000
2020,9,21,13,56,36, -50.0000000000
2020,9,21,13,56,36,  86.4516000000
2020,9,21,13,56,37, -50.0000000000
2020,9,21,13,56,37, -50.0000000000
2020,9,21,13,56,37, -50.0000000000
2020,9,21,13,56,38, 124.5161000000
2020,9,21,13,56,38,  33.2258000000
2020,9,21,13,56,38, 117.0968000000
2020,9,21,13,56,38, -50.0000000000
2020,9,21,13,56,39, 112.2581000000
2020,9,21,13,56,39, -50.0000000000
2020,9,21,13,56,39, 128.0645000000
2020,9,21,13,56,39, 114.5161000000
2020,9,21,13,56,40,  -1.6129000000
2020,9,21,13,56,40,  51.6129000000
2020,9,21,13,56,40, -45.8065000000
2020,9,21,13,56,40, 121.9355000000
2020,9,21,13,56,41, -50.0000000000
2020,9,21,13,56,41, -17.7419000000
2020,9,21,13,56,41,  82.9032000000
2020,9,21,13,56,41, -50.0000000000
2020,9,21,13,56,42, 125.1613000000
2020,9,21,13,56,42, -50.0000000000
2020,9,21,13,56,42, 120.3226000000
2020,9,21,13,56,42, -21.9355000000
2020,9,21,13,56,43, 133.5484000000
2020,9,21,13,56,43, -50.0000000000
2020,9,21,13,56,43,  92.5806000000
2020,9,21,13,56,44, -44.5161000000
2020,9,21,13,56,44,  49.6774000000
2020,9,21,13,56,44,  98.0645000000
2020,9,21,13,56,44, -50.0000000000
2020,9,21,13,56,45, 114.1935000000
2020,9,21,13,56,45, 110.3226000000
2020,9,21,13,56,45, -50.0000000000
2020,9,21,13,56,45,  85.4839000000
2020,9,21,13,56,46, -44.1935000000
2020,9,21,13,56,46, 121.6129000000
2020,9,21,13,56,46, -40.3226000000
2020,9,21,13,56,46,  71.6129000000
2020,9,21,13,56,47,  56.4516000000
2020,9,21,13,56,47,  27.0968000000
2020,9,21,13,56,47, -39.0323000000
2020,9,21,13,56,47, 122.2581000000
2020,9,21,13,56,48, -32.5806000000
2020,9,21,13,56,48,  82.9032000000
2020,9,21,13,56,48, 125.1613000000
2020,9,21,13,56,48, -48.0645000000
2020,9,21,13,56,49, -24.5161000000
2020,9,21,13,56,49, 112.5806000000
2020,9,21,13,56,49, -41.9355000000
2020,9,21,13,56,49,  88.0645000000
2020,9,21,13,56,50, 131.9355000000
2020,9,21,13,56,50, -50.0000000000
2020,9,21,13,56,50,  -1.2903000000
2020,9,21,13,56,51, -32.5806000000
2020,9,21,13,56,51, -17.4194000000
2020,9,21,13,56,51, 109.6774000000
2020,9,21,13,56,51, -50.0000000000
2020,9,21,13,56,52, 123.8710000000
2020,9,21,13,56,52, 141.9355000000
2020,9,21,13,56,52, 128.3871000000
2020,9,21,13,56,52,  35.4839000000
2020,9,21,13,56,53, -40.9677000000
2020,9,21,13,56,53,  88.7097000000
2020,9,21,13,56,53, 108.0645000000
2020,9,21,13,56,53, -50.0000000000
2020,9,21,13,56,54, 124.8387000000
