7022.406513,0.447458,-1.256232,10.059426,0.000000,0.000000,0.000000,-0.320312,0.062500,0.281250,2.527315,-7.111347,44.971687
7022.690163,0.447458,-1.256232,10.059426,0.000000,0.000000,0.000000,-0.320312,0.062500,0.281250,2.527315,-7.111347,44.971687
7022.971035,0.447458,-1.256232,10.059426,0.000000,0.000000,0.000000,-0.320312,0.062500,0.281250,2.527315,-7.111347,44.971687
7023.249131,0.447458,-1.256232,10.059426,0.000000,0.000000,0.000000,-0.320312,0.062500,0.281250,2.527315,-7.111347,44.971687
7023.516649,0.447458,-1.256232,10.059426,0.000000,0.000000,0.000000,-0.320312,0.062500,0.281250,2.527315,-7.111347,44.971687
7023.784284,0.447458,-1.256232,10.059426,0.000000,0.000000,0.000000,-0.320312,0.062500,0.281250,2.527315,-7.111347,44.971687
7024.057481,0.447458,-1.256232,10.059426,0.000000,0.000000,0.000000,-0.320312,0.062500,0.281250,2.527315,-7.111347,44.971687
7024.334851,0.447458,-1.256232,10.059426,0.000000,0.000000,0.000000,-0.320312,0.062500,0.281250,2.527315,-7.111347,44.971687
7024.603517,0.447458,-1.256232,10.059426,0.000000,0.000000,0.000000,-0.320312,0.062500,0.281250,2.527315,-7.111347,44.971687
7024.871450,0.447458,-1.256232,10.059426,0.000000,0.000000,0.000000,-0.320312,0.062500,0.281250,2.527315,-7.111347,44.971687
7025.141280,0.447458,-1.256232,10.059426,0.000000,0.000000,0.000000,-0.320312,0.062500,0.281250,2.527315,-7.111347,44.971687
7025.409475,0.447458,-1.256232,10.059426,0.000000,0.000000,0.000000,-0.320312,0.062500,0.281250,2.527315,-7.111347,44.971687
7025.677030,0.447458,-1.256232,10.059426,0.000000,0.000000,0.000000,-0.320312,0.062500,0.281250,2.527315,-7.111347,44.971687
7025.945495,0.447458,-1.256232,10.059426,0.000000,0.000000,0.000000,-0.320312,0.062500,0.281250,2.527315,-7.111347,44.971687
7026.224465,0.447458,-1.256232,10.059426,0.000000,0.000000,0.000000,-0.320312,0.062500,0.281250,2.527315,-7.111347,44.971687
7026.491862,0.447458,-1.256232,10.059426,0.000000,0.000000,0.000000,-0.320312,0.062500,0.281250,2.527315,-7.111347,44.971687
7026.760876,0.447458,-1.256232,10.059426,0.000000,0.000000,0.000000,-0.320312,0.062500,0.281250,2.527315,-7.111347,44.971687
7027.028429,0.447458,-1.256232,10.059426,0.000000,0.000000,0.000000,-0.320312,0.062500,0.281250,2.527315,-7.111347,44.971687
7027.297324,0.447458,-1.256232,10.059426,0.000000,0.000000,0.000000,-0.320312,0.062500,0.281250,2.527315,-7.111347,44.971687
7027.571447,0.447458,-1.256232,10.059426,0.000000,0.000000,0.000000,-0.320312,0.062500,0.281250,2.527315,-7.111347,44.971687
7027.841756,0.447458,-1.256232,10.059426,0.000000,0.000000,0.000000,-0.320312,0.062500,0.281250,2.527315,-7.111347,44.971687
7028.144129,0.447458,-1.256232,10.059426,0.000000,0.000000,0.000000,-0.320312,0.062500,0.281250,2.527315,-7.111347,44.971687
7028.420819,0.447458,-1.256232,10.059426,0.000000,0.000000,0.000000,-0.320312,0.062500,0.281250,2.527315,-7.111347,44.971687
7028.692648,0.447458,-1.256232,10.059426,0.000000,0.000000,0.000000,-0.320312,0.062500,0.281250,2.527315,-7.111347,44.971687
7028.971614,0.447458,-1.256232,10.059426,0.000000,0.000000,0.000000,-0.320312,0.062500,0.281250,2.527315,-7.111347,44.971687
7029.240158,0.447458,-1.256232,10.059426,0.000000,0.000000,0.000000,-0.320312,0.062500,0.281250,2.527315,-7.111347,44.971687
7029.509419,0.447458,-1.256232,10.059426,0.000000,0.000000,0.000000,-0.320312,0.062500,0.281250,2.527315,-7.111347,44.971687
7029.777122,0.447458,-1.256232,10.059426,0.000000,0.000000,0.000000,-0.320312,0.062500,0.281250,2.527315,-7.111347,44.971687
7030.045781,0.447458,-1.256232,10.059426,0.000000,0.000000,0.000000,-0.320312,0.062500,0.281250,2.527315,-7.111347,44.971687
7030.314053,0.447458,-1.256232,10.059426,0.000000,0.000000,0.000000,-0.320312,0.062500,0.281250,2.527315,-7.111347,44.971687
7030.581070,0.447458,-1.256232,10.059426,0.000000,0.000000,0.000000,-0.320312,0.062500,0.281250,2.527315,-7.111347,44.971687
7030.850333,0.447458,-1.256232,10.059426,0.000000,0.000000,0.000000,-0.320312,0.062500,0.281250,2.527315,-7.111347,44.971687
7031.119922,0.447458,-1.256232,10.059426,0.000000,0.000000,0.000000,-0.320312,0.062500,0.281250,2.527315,-7.111347,44.971687
7031.388571,0.447458,-1.256232,10.059426,0.000000,0.000000,0.000000,-0.320312,0.062500,0.281250,2.527315,-7.111347,44.971687
7031.657870,0.447458,-1.256232,10.059426,0.000000,0.000000,0.000000,-0.320312,0.062500,0.281250,2.527315,-7.111347,44.971687
7031.933184,0.447458,-1.256232,10.059426,0.000000,0.000000,0.000000,-0.320312,0.062500,0.281250,2.527315,-7.111347,44.971687
7032.202766,0.447458,-1.256232,10.059426,0.000000,0.000000,0.000000,-0.320312,0.062500,0.281250,2.527315,-7.111347,44.971687
7032.488200,0.447458,-1.256232,10.059426,0.000000,0.000000,0.000000,-0.320312,0.062500,0.281250,2.527315,-7.111347,44.971687
7032.767340,0.447458,-1.256232,10.059426,0.000000,0.000000,0.000000,-0.320312,0.062500,0.281250,2.527315,-7.111347,44.971687
7033.035644,0.447458,-1.256232,10.059426,0.000000,0.000000,0.000000,-0.320312,0.062500,0.281250,2.527315,-7.111347,44.971687
7033.303742,0.447458,-1.256232,10.059426,0.000000,0.000000,0.000000,-0.320312,0.062500,0.281250,2.527315,-7.111347,44.971687
7033.573994,0.447458,-1.256232,10.059426,0.000000,0.000000,0.000000,-0.320312,0.062500,0.281250,2.527315,-7.111347,44.971687
7033.844892,0.447458,-1.256232,10.059426,0.000000,0.000000,0.000000,-0.320312,0.062500,0.281250,2.527315,-7.111347,44.971687
7034.147315,0.447458,-1.256232,10.059426,0.000000,0.000000,0.000000,-0.320312,0.062500,0.281250,2.527315,-7.111347,44.971687
7034.426123,0.447458,-1.256232,10.059426,0.000000,0.000000,0.000000,-0.320312,0.062500,0.281250,2.527315,-7.111347,44.971687
7034.722855,0.447458,-1.256232,10.059426,0.000000,0.000000,0.000000,-0.320312,0.062500,0.281250,2.527315,-7.111347,44.971687
7034.992341,0.447458,-1.256232,10.059426,0.000000,0.000000,0.000000,-0.320312,0.062500,0.281250,2.527315,-7.111347,44.971687
7035.260951,0.447458,-1.256232,10.059426,0.000000,0.000000,0.000000,-0.320312,0.062500,0.281250,2.527315,-7.111347,44.971687
7035.529014,0.447458,-1.256232,10.059426,0.000000,0.000000,0.000000,-0.320312,0.062500,0.281250,2.527315,-7.111347,44.971687
7035.796723,0.447458,-1.256232,10.059426,0.000000,0.000000,0.000000,-0.320312,0.062500,0.281250,2.527315,-7.111347,44.971687
7036.064751,0.447458,-1.256232,10.059426,0.000000,0.000000,0.000000,-0.320312,0.062500,0.281250,2.527315,-7.111347,44.971687
7036.331995,0.447458,-1.256232,10.059426,0.000000,0.000000,0.000000,-0.320312,0.062500,0.281250,2.527315,-7.111347,44.971687
7036.601173,0.447458,-1.256232,10.059426,0.000000,0.000000,0.000000,-0.320312,0.062500,0.281250,2.527315,-7.111347,44.971687
7036.868645,0.447458,-1.256232,10.059426,0.000000,0.000000,0.000000,-0.320312,0.062500,0.281250,2.527315,-7.111347,44.971687
7037.138125,0.447458,-1.256232,10.059426,0.000000,0.000000,0.000000,-0.320312,0.062500,0.281250,2.527315,-7.111347,44.971687
7037.407332,0.447458,-1.256232,10.059426,0.000000,0.000000,0.000000,-0.320312,0.062500,0.281250,2.527315,-7.111347,44.971687
7037.675949,0.447458,-1.256232,10.059426,0.000000,0.000000,0.000000,-0.320312,0.062500,0.281250,2.527315,-7.111347,44.971687
7037.966224,0.447458,-1.256232,10.059426,0.000000,0.000000,0.000000,-0.320312,0.062500,0.281250,2.527315,-7.111347,44.971687
7038.238074,0.447458,-1.256232,10.059426,0.000000,0.000000,0.000000,-0.320312,0.062500,0.281250,2.527315,-7.111347,44.971687
7038.507406,0.447458,-1.256232,10.059426,0.000000,0.000000,0.000000,-0.320312,0.062500,0.281250,2.527315,-7.111347,44.971687
7038.776244,0.447458,-1.256232,10.059426,0.000000,0.000000,0.000000,-0.320312,0.062500,0.281250,2.527315,-7.111347,44.971687
7039.044349,0.447458,-1.256232,10.059426,0.000000,0.000000,0.000000,-0.320312,0.062500,0.281250,2.527315,-7.111347,44.971687
7039.312862,0.447458,-1.256232,10.059426,0.000000,0.000000,0.000000,-0.320312,0.062500,0.281250,2.527315,-7.111347,44.971687
7039.580720,0.447458,-1.256232,10.059426,0.000000,0.000000,0.000000,-0.320312,0.062500,0.281250,2.527315,-7.111347,44.971687
7039.852069,0.447458,-1.256232,10.059426,0.000000,0.000000,0.000000,-0.320312,0.062500,0.281250,2.527315,-7.111347,44.971687
7040.148766,0.447458,-1.256232,10.059426,0.000000,0.000000,0.000000,-0.320312,0.062500,0.281250,2.527315,-7.111347,44.971687
7040.437650,0.447458,-1.256232,10.059426,0.000000,0.000000,0.000000,-0.320312,0.062500,0.281250,2.527315,-7.111347,44.971687
7040.715723,0.447458,-1.256232,10.059426,0.000000,0.000000,0.000000,-0.320312,0.062500,0.281250,2.527315,-7.111347,44.971687
7040.985140,0.447458,-1.256232,10.059426,0.000000,0.000000,0.000000,-0.320312,0.062500,0.281250,2.527315,-7.111347,44.971687
7041.253570,0.447458,-1.256232,10.059426,0.000000,0.000000,0.000000,-0.320312,0.062500,0.281250,2.527315,-7.111347,44.971687
7041.526481,0.447458,-1.256232,10.059426,0.000000,0.000000,0.000000,-0.320312,0.062500,0.281250,2.527315,-7.111347,44.971687
7041.795500,0.447458,-1.256232,10.059426,0.000000,0.000000,0.000000,-0.320312,0.062500,0.281250,2.527315,-7.111347,44.971687
7042.063396,0.447458,-1.256232,10.059426,0.000000,0.000000,0.000000,-0.320312,0.062500,0.281250,2.527315,-7.111347,44.971687
7042.330793,0.447458,-1.256232,10.059426,0.000000,0.000000,0.000000,-0.320312,0.062500,0.281250,2.527315,-7.111347,44.971687
7042.606340,0.447458,-1.256232,10.059426,0.000000,0.000000,0.000000,-0.320312,0.062500,0.281250,2.527315,-7.111347,44.971687
7042.875641,0.447458,-1.256232,10.059426,0.000000,0.000000,0.000000,-0.320312,0.062500,0.281250,2.527315,-7.111347,44.971687
7043.143784,0.447458,-1.256232,10.059426,0.000000,0.000000,0.000000,-0.320312,0.062500,0.281250,2.527315,-7.111347,44.971687
7043.411152,0.447458,-1.256232,10.059426,0.000000,0.000000,0.000000,-0.320312,0.062500,0.281250,2.527315,-7.111347,44.971687
7043.690987,0.447458,-1.256232,10.059426,0.000000,0.000000,0.000000,-0.320312,0.062500,0.281250,2.527315,-7.111347,44.971687
7043.977281,0.447458,-1.256232,10.059426,0.000000,0.000000,0.000000,-0.320312,0.062500,0.281250,2.527315,-7.111347,44.971687
7044.245864,0.447458,-1.256232,10.059426,0.000000,0.000000,0.000000,-0.320312,0.062500,0.281250,2.527315,-7.111347,44.971687
7044.514112,0.447458,-1.256232,10.059426,0.000000,0.000000,0.000000,-0.320312,0.062500,0.281250,2.527315,-7.111347,44.971687
7044.781153,0.447458,-1.256232,10.059426,0.000000,0.000000,0.000000,-0.320312,0.062500,0.281250,2.527315,-7.111347,44.971687
7045.062362,0.447458,-1.256232,10.059426,0.000000,0.000000,0.000000,-0.320312,0.062500,0.281250,2.527315,-7.111347,44.971687
7045.347479,0.447458,-1.256232,10.059426,0.000000,0.000000,0.000000,-0.320312,0.062500,0.281250,2.527315,-7.111347,44.971687
7045.619297,0.447458,-1.256232,10.059426,0.000000,0.000000,0.000000,-0.320312,0.062500,0.281250,2.527315,-7.111347,44.971687
7045.894640,0.447458,-1.256232,10.059426,0.000000,0.000000,0.000000,-0.320312,0.062500,0.281250,2.527315,-7.111347,44.971687
7046.189139,0.447458,-1.256232,10.059426,0.000000,0.000000,0.000000,-0.320312,0.062500,0.281250,2.527315,-7.111347,44.971687
7046.474291,0.447458,-1.256232,10.059426,0.000000,0.000000,0.000000,-0.320312,0.062500,0.281250,2.527315,-7.111347,44.971687
7046.764212,0.447458,-1.256232,10.059426,0.000000,0.000000,0.000000,-0.320312,0.062500,0.281250,2.527315,-7.111347,44.971687
7047.054299,0.447458,-1.256232,10.059426,0.000000,0.000000,0.000000,-0.320312,0.062500,0.281250,2.527315,-7.111347,44.971687
7047.338926,0.447458,-1.256232,10.059426,0.000000,0.000000,0.000000,-0.320312,0.062500,0.281250,2.527315,-7.111347,44.971687
7047.608732,0.447458,-1.256232,10.059426,0.000000,0.000000,0.000000,-0.320312,0.062500,0.281250,2.527315,-7.111347,44.971687
7047.881005,0.447458,-1.256232,10.059426,0.000000,0.000000,0.000000,-0.320312,0.062500,0.281250,2.527315,-7.111347,44.971687
7048.154247,0.447458,-1.256232,10.059426,0.000000,0.000000,0.000000,-0.320312,0.062500,0.281250,2.527315,-7.111347,44.971687
7048.421495,0.447458,-1.256232,10.059426,0.000000,0.000000,0.000000,-0.320312,0.062500,0.281250,2.527315,-7.111347,44.971687
7048.690874,0.447458,-1.256232,10.059426,0.000000,0.000000,0.000000,-0.320312,0.062500,0.281250,2.527315,-7.111347,44.971687
7048.973670,0.447458,-1.256232,10.059426,0.000000,0.000000,0.000000,-0.320312,0.062500,0.281250,2.527315,-7.111347,44.971687
7049.249085,0.447458,-1.256232,10.059426,0.000000,0.000000,0.000000,-0.320312,0.062500,0.281250,2.527315,-7.111347,44.971687
7049.516558,0.447458,-1.256232,10.059426,0.000000,0.000000,0.000000,-0.320312,0.062500,0.281250,2.527315,-7.111347,44.971687
7049.791434,0.447458,-1.256232,10.059426,0.000000,0.000000,0.000000,-0.320312,0.062500,0.281250,2.527315,-7.111347,44.971687
7050.070534,0.447458,-1.256232,10.059426,0.000000,0.000000,0.000000,-0.320312,0.062500,0.281250,2.527315,-7.111347,44.971687
7050.357094,0.447458,-1.256232,10.059426,0.000000,0.000000,0.000000,-0.320312,0.062500,0.281250,2.527315,-7.111347,44.971687
7050.624217,0.447458,-1.256232,10.059426,0.000000,0.000000,0.000000,-0.320312,0.062500,0.281250,2.527315,-7.111347,44.971687
7050.904263,0.447458,-1.256232,10.059426,0.000000,0.000000,0.000000,-0.320312,0.062500,0.281250,2.527315,-7.111347,44.971687
7051.177790,0.447458,-1.256232,10.059426,0.000000,0.000000,0.000000,-0.320312,0.062500,0.281250,2.527315,-7.111347,44.971687
7051.470143,0.447458,-1.256232,10.059426,0.000000,0.000000,0.000000,-0.320312,0.062500,0.281250,2.527315,-7.111347,44.971687
7051.756325,0.447458,-1.256232,10.059426,0.000000,0.000000,0.000000,-0.320312,0.062500,0.281250,2.527315,-7.111347,44.971687
7052.031252,0.447458,-1.256232,10.059426,0.000000,0.000000,0.000000,-0.320312,0.062500,0.281250,2.527315,-7.111347,44.971687
7052.328707,0.447458,-1.256232,10.059426,0.000000,0.000000,0.000000,-0.320312,0.062500,0.281250,2.527315,-7.111347,44.971687
7052.612341,0.447458,-1.256232,10.059426,0.000000,0.000000,0.000000,-0.320312,0.062500,0.281250,2.527315,-7.111347,44.971687
7052.885877,0.447458,-1.256232,10.059426,0.000000,0.000000,0.000000,-0.320312,0.062500,0.281250,2.527315,-7.111347,44.971687
7053.157989,0.447458,-1.256232,10.059426,0.000000,0.000000,0.000000,-0.320312,0.062500,0.281250,2.527315,-7.111347,44.971687
7053.444890,0.447458,-1.256232,10.059426,0.000000,0.000000,0.000000,-0.320312,0.062500,0.281250,2.527315,-7.111347,44.971687
7053.734175,0.447458,-1.256232,10.059426,0.000000,0.000000,0.000000,-0.320312,0.062500,0.281250,2.527315,-7.111347,44.971687
7054.003900,0.447458,-1.256232,10.059426,0.000000,0.000000,0.000000,-0.320312,0.062500,0.281250,2.527315,-7.111347,44.971687
7054.276154,0.447458,-1.256232,10.059426,0.000000,0.000000,0.000000,-0.320312,0.062500,0.281250,2.527315,-7.111347,44.971687
7054.552351,0.447458,-1.256232,10.059426,0.000000,0.000000,0.000000,-0.320312,0.062500,0.281250,2.527315,-7.111347,44.971687
7054.820890,0.447458,-1.256232,10.059426,0.000000,0.000000,0.000000,-0.320312,0.062500,0.281250,2.527315,-7.111347,44.971687
7055.088403,0.447458,-1.256232,10.059426,0.000000,0.000000,0.000000,-0.320312,0.062500,0.281250,2.527315,-7.111347,44.971687
7055.363335,0.447458,-1.256232,10.059426,0.000000,0.000000,0.000000,-0.320312,0.062500,0.281250,2.527315,-7.111347,44.971687
7055.641556,0.447458,-1.256232,10.059426,0.000000,0.000000,0.000000,-0.320312,0.062500,0.281250,2.527315,-7.111347,44.971687
7055.928741,0.447458,-1.256232,10.059426,0.000000,0.000000,0.000000,-0.320312,0.062500,0.281250,2.527315,-7.111347,44.971687
7056.217468,0.447458,-1.256232,10.059426,0.000000,0.000000,0.000000,-0.320312,0.062500,0.281250,2.527315,-7.111347,44.971687
7056.495799,0.447458,-1.256232,10.059426,0.000000,0.000000,0.000000,-0.320312,0.062500,0.281250,2.527315,-7.111347,44.971687
7056.763548,0.447458,-1.256232,10.059426,0.000000,0.000000,0.000000,-0.320312,0.062500,0.281250,2.527315,-7.111347,44.971687
7057.030907,0.447458,-1.256232,10.059426,0.000000,0.000000,0.000000,-0.320312,0.062500,0.281250,2.527315,-7.111347,44.971687
7057.303237,0.447458,-1.256232,10.059426,0.000000,0.000000,0.000000,-0.320312,0.062500,0.281250,2.527315,-7.111347,44.971687
7057.570909,0.447458,-1.256232,10.059426,0.000000,0.000000,0.000000,-0.320312,0.062500,0.281250,2.527315,-7.111347,44.971687
7057.838407,0.447458,-1.256232,10.059426,0.000000,0.000000,0.000000,-0.320312,0.062500,0.281250,2.527315,-7.111347,44.971687
7058.105881,0.447458,-1.256232,10.059426,0.000000,0.000000,0.000000,-0.320312,0.062500,0.281250,2.527315,-7.111347,44.971687
7058.376480,0.447458,-1.256232,10.059426,0.000000,0.000000,0.000000,-0.320312,0.062500,0.281250,2.527315,-7.111347,44.971687
7058.656615,0.447458,-1.256232,10.059426,0.000000,0.000000,0.000000,-0.320312,0.062500,0.281250,2.527315,-7.111347,44.971687
7058.946580,0.447458,-1.256232,10.059426,0.000000,0.000000,0.000000,-0.320312,0.062500,0.281250,2.527315,-7.111347,44.971687
7059.231338,0.447458,-1.256232,10.059426,0.000000,0.000000,0.000000,-0.320312,0.062500,0.281250,2.527315,-7.111347,44.971687
7059.512350,0.447458,-1.256232,10.059426,0.000000,0.000000,0.000000,-0.320312,0.062500,0.281250,2.527315,-7.111347,44.971687
7059.781973,0.447458,-1.256232,10.059426,0.000000,0.000000,0.000000,-0.320312,0.062500,0.281250,2.527315,-7.111347,44.971687
7060.050874,0.447458,-1.256232,10.059426,0.000000,0.000000,0.000000,-0.320312,0.062500,0.281250,2.527315,-7.111347,44.971687
7060.325426,0.447458,-1.256232,10.059426,0.000000,0.000000,0.000000,-0.320312,0.062500,0.281250,2.527315,-7.111347,44.971687
7060.604219,0.447458,-1.256232,10.059426,0.000000,0.000000,0.000000,-0.320312,0.062500,0.281250,2.527315,-7.111347,44.971687
7060.894211,0.447458,-1.256232,10.059426,0.000000,0.000000,0.000000,-0.320312,0.062500,0.281250,2.527315,-7.111347,44.971687
7061.160917,0.447458,-1.256232,10.059426,0.000000,0.000000,0.000000,-0.320312,0.062500,0.281250,2.527315,-7.111347,44.971687
7061.430925,0.447458,-1.256232,10.059426,0.000000,0.000000,0.000000,-0.320312,0.062500,0.281250,2.527315,-7.111347,44.971687
7061.700693,0.447458,-1.256232,10.059426,0.000000,0.000000,0.000000,-0.320312,0.062500,0.281250,2.527315,-7.111347,44.971687
7061.984712,0.447458,-1.256232,10.059426,0.000000,0.000000,0.000000,-0.320312,0.062500,0.281250,2.527315,-7.111347,44.971687
7062.253813,0.447458,-1.256232,10.059426,0.000000,0.000000,0.000000,-0.320312,0.062500,0.281250,2.527315,-7.111347,44.971687
7062.520909,0.447458,-1.256232,10.059426,0.000000,0.000000,0.000000,-0.320312,0.062500,0.281250,2.527315,-7.111347,44.971687
7062.796442,0.447458,-1.256232,10.059426,0.000000,0.000000,0.000000,-0.320312,0.062500,0.281250,2.527315,-7.111347,44.971687
7063.069237,0.447458,-1.256232,10.059426,0.000000,0.000000,0.000000,-0.320312,0.062500,0.281250,2.527315,-7.111347,44.971687
7063.340904,0.447458,-1.256232,10.059426,0.000000,0.000000,0.000000,-0.320312,0.062500,0.281250,2.527315,-7.111347,44.971687
7063.614195,0.447458,-1.256232,10.059426,0.000000,0.000000,0.000000,-0.320312,0.062500,0.281250,2.527315,-7.111347,44.971687
7063.880931,0.447458,-1.256232,10.059426,0.000000,0.000000,0.000000,-0.320312,0.062500,0.281250,2.527315,-7.111347,44.971687
7064.166071,0.447458,-1.256232,10.059426,0.000000,0.000000,0.000000,-0.320312,0.062500,0.281250,2.527315,-7.111347,44.971687
7064.450879,0.447458,-1.256232,10.059426,0.000000,0.000000,0.000000,-0.320312,0.062500,0.281250,2.527315,-7.111347,44.971687
7064.732803,0.447458,-1.256232,10.059426,0.000000,0.000000,0.000000,-0.320312,0.062500,0.281250,2.527315,-7.111347,44.971687
7065.000934,0.447458,-1.256232,10.059426,0.000000,0.000000,0.000000,-0.320312,0.062500,0.281250,2.527315,-7.111347,44.971687
7065.277750,0.447458,-1.256232,10.059426,0.000000,0.000000,0.000000,-0.320312,0.062500,0.281250,2.527315,-7.111347,44.971687
7065.558409,0.447458,-1.256232,10.059426,0.000000,0.000000,0.000000,-0.320312,0.062500,0.281250,2.527315,-7.111347,44.971687
7065.847948,0.447458,-1.256232,10.059426,0.000000,0.000000,0.000000,-0.320312,0.062500,0.281250,2.527315,-7.111347,44.971687
7066.121528,0.447458,-1.256232,10.059426,0.000000,0.000000,0.000000,-0.320312,0.062500,0.281250,2.527315,-7.111347,44.971687
7066.390901,0.447458,-1.256232,10.059426,0.000000,0.000000,0.000000,-0.320312,0.062500,0.281250,2.527315,-7.111347,44.971687
7066.657876,0.447458,-1.256232,10.059426,0.000000,0.000000,0.000000,-0.320312,0.062500,0.281250,2.527315,-7.111347,44.971687
7066.930850,0.447458,-1.256232,10.059426,0.000000,0.000000,0.000000,-0.320312,0.062500,0.281250,2.527315,-7.111347,44.971687
7067.204717,0.447458,-1.256232,10.059426,0.000000,0.000000,0.000000,-0.320312,0.062500,0.281250,2.527315,-7.111347,44.971687
7067.480951,0.447458,-1.256232,10.059426,0.000000,0.000000,0.000000,-0.320312,0.062500,0.281250,2.527315,-7.111347,44.971687
7067.750934,0.447458,-1.256232,10.059426,0.000000,0.000000,0.000000,-0.320312,0.062500,0.281250,2.527315,-7.111347,44.971687
7068.023118,0.447458,-1.256232,10.059426,0.000000,0.000000,0.000000,-0.320312,0.062500,0.281250,2.527315,-7.111347,44.971687
7068.290908,0.447458,-1.256232,10.059426,0.000000,0.000000,0.000000,-0.320312,0.062500,0.281250,2.527315,-7.111347,44.971687
7068.560772,0.447458,-1.256232,10.059426,0.000000,0.000000,0.000000,-0.320312,0.062500,0.281250,2.527315,-7.111347,44.971687
7068.834280,0.447458,-1.256232,10.059426,0.000000,0.000000,0.000000,-0.320312,0.062500,0.281250,2.527315,-7.111347,44.971687
7069.110773,0.447458,-1.256232,10.059426,0.000000,0.000000,0.000000,-0.320312,0.062500,0.281250,2.527315,-7.111347,44.971687
7069.374563,0.447458,-1.256232,10.059426,0.000000,0.000000,0.000000,-0.320312,0.062500,0.281250,2.527315,-7.111347,44.971687
7069.638237,0.447458,-1.256232,10.059426,0.000000,0.000000,0.000000,-0.320312,0.062500,0.281250,2.527315,-7.111347,44.971687
7069.902042,0.447458,-1.256232,10.059426,0.000000,0.000000,0.000000,-0.320312,0.062500,0.281250,2.527315,-7.111347,44.971687
7070.176597,0.447458,-1.256232,10.059426,0.000000,0.000000,0.000000,-0.320312,0.062500,0.281250,2.527315,-7.111347,44.971687
7070.462994,0.447458,-1.256232,10.059426,0.000000,0.000000,0.000000,-0.320312,0.062500,0.281250,2.527315,-7.111347,44.971687
7070.752347,0.447458,-1.256232,10.059426,0.000000,0.000000,0.000000,-0.320312,0.062500,0.281250,2.527315,-7.111347,44.971687
7071.026806,0.447458,-1.256232,10.059426,0.000000,0.000000,0.000000,-0.320312,0.062500,0.281250,2.527315,-7.111347,44.971687
7071.298709,0.447458,-1.256232,10.059426,0.000000,0.000000,0.000000,-0.320312,0.062500,0.281250,2.527315,-7.111347,44.971687
7071.570868,0.447458,-1.256232,10.059426,0.000000,0.000000,0.000000,-0.320312,0.062500,0.281250,2.527315,-7.111347,44.971687
7071.840747,0.447458,-1.256232,10.059426,0.000000,0.000000,0.000000,-0.320312,0.062500,0.281250,2.527315,-7.111347,44.971687
7072.104413,0.447458,-1.256232,10.059426,0.000000,0.000000,0.000000,-0.320312,0.062500,0.281250,2.527315,-7.111347,44.971687
7072.368014,0.447458,-1.256232,10.059426,0.000000,0.000000,0.000000,-0.320312,0.062500,0.281250,2.527315,-7.111347,44.971687
7072.636363,0.447458,-1.256232,10.059426,0.000000,0.000000,0.000000,-0.320312,0.062500,0.281250,2.527315,-7.111347,44.971687
7072.911260,0.447458,-1.256232,10.059426,0.000000,0.000000,0.000000,-0.320312,0.062500,0.281250,2.527315,-7.111347,44.971687
7073.187670,0.447458,-1.256232,10.059426,0.000000,0.000000,0.000000,-0.320312,0.062500,0.281250,2.527315,-7.111347,44.971687
7073.473495,0.447458,-1.256232,10.059426,0.000000,0.000000,0.000000,-0.320312,0.062500,0.281250,2.527315,-7.111347,44.971687
7073.741035,0.447458,-1.256232,10.059426,0.000000,0.000000,0.000000,-0.320312,0.062500,0.281250,2.527315,-7.111347,44.971687
7074.011178,0.447458,-1.256232,10.059426,0.000000,0.000000,0.000000,-0.320312,0.062500,0.281250,2.527315,-7.111347,44.971687
7074.280867,0.447458,-1.256232,10.059426,0.000000,0.000000,0.000000,-0.320312,0.062500,0.281250,2.527315,-7.111347,44.971687
7074.550939,0.447458,-1.256232,10.059426,0.000000,0.000000,0.000000,-0.320312,0.062500,0.281250,2.527315,-7.111347,44.971687
7074.847455,0.447458,-1.256232,10.059426,0.000000,0.000000,0.000000,-0.320312,0.062500,0.281250,2.527315,-7.111347,44.971687
7075.119222,0.447458,-1.256232,10.059426,0.000000,0.000000,0.000000,-0.320312,0.062500,0.281250,2.527315,-7.111347,44.971687
7075.390820,0.447458,-1.256232,10.059426,0.000000,0.000000,0.000000,-0.320312,0.062500,0.281250,2.527315,-7.111347,44.971687
7075.665702,0.447458,-1.256232,10.059426,0.000000,0.000000,0.000000,-0.320312,0.062500,0.281250,2.527315,-7.111347,44.971687
7075.954612,0.447458,-1.256232,10.059426,0.000000,0.000000,0.000000,-0.320312,0.062500,0.281250,2.527315,-7.111347,44.971687
7076.254195,0.447458,-1.256232,10.059426,0.000000,0.000000,0.000000,-0.320312,0.062500,0.281250,2.527315,-7.111347,44.971687
7076.524283,0.447458,-1.256232,10.059426,0.000000,0.000000,0.000000,-0.320312,0.062500,0.281250,2.527315,-7.111347,44.971687
7076.790972,0.447458,-1.256232,10.059426,0.000000,0.000000,0.000000,-0.320312,0.062500,0.281250,2.527315,-7.111347,44.971687
7077.060486,0.447458,-1.256232,10.059426,0.000000,0.000000,0.000000,-0.320312,0.062500,0.281250,2.527315,-7.111347,44.971687
7077.330894,0.447458,-1.256232,10.059426,0.000000,0.000000,0.000000,-0.320312,0.062500,0.281250,2.527315,-7.111347,44.971687
7077.594647,0.447458,-1.256232,10.059426,0.000000,0.000000,0.000000,-0.320312,0.062500,0.281250,2.527315,-7.111347,44.971687
7077.858181,0.447458,-1.256232,10.059426,0.000000,0.000000,0.000000,-0.320312,0.062500,0.281250,2.527315,-7.111347,44.971687
7078.121888,0.447458,-1.256232,10.059426,0.000000,0.000000,0.000000,-0.320312,0.062500,0.281250,2.527315,-7.111347,44.971687
7078.385591,0.447458,-1.256232,10.059426,0.000000,0.000000,0.000000,-0.320312,0.062500,0.281250,2.527315,-7.111347,44.971687
7078.653162,0.447458,-1.256232,10.059426,0.000000,0.000000,0.000000,-0.320312,0.062500,0.281250,2.527315,-7.111347,44.971687
7078.920855,0.447458,-1.256232,10.059426,0.000000,0.000000,0.000000,-0.320312,0.062500,0.281250,2.527315,-7.111347,44.971687
7079.184358,0.447458,-1.256232,10.059426,0.000000,0.000000,0.000000,-0.320312,0.062500,0.281250,2.527315,-7.111347,44.971687
7079.448002,0.447458,-1.256232,10.059426,0.000000,0.000000,0.000000,-0.320312,0.062500,0.281250,2.527315,-7.111347,44.971687
7079.726440,0.447458,-1.256232,10.059426,0.000000,0.000000,0.000000,-0.320312,0.062500,0.281250,2.527315,-7.111347,44.971687
7080.000764,0.447458,-1.256232,10.059426,0.000000,0.000000,0.000000,-0.320312,0.062500,0.281250,2.527315,-7.111347,44.971687
7080.271360,0.447458,-1.256232,10.059426,0.000000,0.000000,0.000000,-0.320312,0.062500,0.281250,2.527315,-7.111347,44.971687
7080.544265,0.447458,-1.256232,10.059426,0.000000,0.000000,0.000000,-0.320312,0.062500,0.281250,2.527315,-7.111347,44.971687
7080.811709,0.447458,-1.256232,10.059426,0.000000,0.000000,0.000000,-0.320312,0.062500,0.281250,2.527315,-7.111347,44.971687
7081.080875,0.447458,-1.256232,10.059426,0.000000,0.000000,0.000000,-0.320312,0.062500,0.281250,2.527315,-7.111347,44.971687
7081.344456,0.447458,-1.256232,10.059426,0.000000,0.000000,0.000000,-0.320312,0.062500,0.281250,2.527315,-7.111347,44.971687
7081.613404,0.447458,-1.256232,10.059426,0.000000,0.000000,0.000000,-0.320312,0.062500,0.281250,2.527315,-7.111347,44.971687
7081.888579,0.447458,-1.256232,10.059426,0.000000,0.000000,0.000000,-0.320312,0.062500,0.281250,2.527315,-7.111347,44.971687
7082.174888,0.447458,-1.256232,10.059426,0.000000,0.000000,0.000000,-0.320312,0.062500,0.281250,2.527315,-7.111347,44.971687
7082.487548,0.447458,-1.256232,10.059426,0.000000,0.000000,0.000000,-0.320312,0.062500,0.281250,2.527315,-7.111347,44.971687
7082.766830,0.447458,-1.256232,10.059426,0.000000,0.000000,0.000000,-0.320312,0.062500,0.281250,2.527315,-7.111347,44.971687
7083.034571,0.447458,-1.256232,10.059426,0.000000,0.000000,0.000000,-0.320312,0.062500,0.281250,2.527315,-7.111347,44.971687
7083.314553,0.447458,-1.256232,10.059426,0.000000,0.000000,0.000000,-0.320312,0.062500,0.281250,2.527315,-7.111347,44.971687
7083.590953,0.447458,-1.256232,10.059426,0.000000,0.000000,0.000000,-0.320312,0.062500,0.281250,2.527315,-7.111347,44.971687
7083.868005,0.447458,-1.256232,10.059426,0.000000,0.000000,0.000000,-0.320312,0.062500,0.281250,2.527315,-7.111347,44.971687
7084.156256,0.447458,-1.256232,10.059426,0.000000,0.000000,0.000000,-0.320312,0.062500,0.281250,2.527315,-7.111347,44.971687
7084.432367,0.447458,-1.256232,10.059426,0.000000,0.000000,0.000000,-0.320312,0.062500,0.281250,2.527315,-7.111347,44.971687
7084.699288,0.447458,-1.256232,10.059426,0.000000,0.000000,0.000000,-0.320312,0.062500,0.281250,2.527315,-7.111347,44.971687
7084.986095,0.447458,-1.256232,10.059426,0.000000,0.000000,0.000000,-0.320312,0.062500,0.281250,2.527315,-7.111347,44.971687
7085.287958,0.447458,-1.256232,10.059426,0.000000,0.000000,0.000000,-0.320312,0.062500,0.281250,2.527315,-7.111347,44.971687
7085.575704,0.447458,-1.256232,10.059426,0.000000,0.000000,0.000000,-0.320312,0.062500,0.281250,2.527315,-7.111347,44.971687
7085.856560,0.447458,-1.256232,10.059426,0.000000,0.000000,0.000000,-0.320312,0.062500,0.281250,2.527315,-7.111347,44.971687
7086.140574,0.447458,-1.256232,10.059426,0.000000,0.000000,0.000000,-0.320312,0.062500,0.281250,2.527315,-7.111347,44.971687
7086.434197,0.447458,-1.256232,10.059426,0.000000,0.000000,0.000000,-0.320312,0.062500,0.281250,2.527315,-7.111347,44.971687
7086.729330,0.447458,-1.256232,10.059426,0.000000,0.000000,0.000000,-0.320312,0.062500,0.281250,2.527315,-7.111347,44.971687
7086.997039,0.447458,-1.256232,10.059426,0.000000,0.000000,0.000000,-0.320312,0.062500,0.281250,2.527315,-7.111347,44.971687
7087.269315,0.447458,-1.256232,10.059426,0.000000,0.000000,0.000000,-0.320312,0.062500,0.281250,2.527315,-7.111347,44.971687
7087.564193,0.447458,-1.256232,10.059426,0.000000,0.000000,0.000000,-0.320312,0.062500,0.281250,2.527315,-7.111347,44.971687
7087.854767,0.447458,-1.256232,10.059426,0.000000,0.000000,0.000000,-0.320312,0.062500,0.281250,2.527315,-7.111347,44.971687
7088.146706,0.447458,-1.256232,10.059426,0.000000,0.000000,0.000000,-0.320312,0.062500,0.281250,2.527315,-7.111347,44.971687
7088.435426,0.447458,-1.256232,10.059426,0.000000,0.000000,0.000000,-0.320312,0.062500,0.281250,2.527315,-7.111347,44.971687
7088.716843,0.447458,-1.256232,10.059426,0.000000,0.000000,0.000000,-0.320312,0.062500,0.281250,2.527315,-7.111347,44.971687
7089.000784,0.447458,-1.256232,10.059426,0.000000,0.000000,0.000000,-0.320312,0.062500,0.281250,2.527315,-7.111347,44.971687
7089.268434,0.447458,-1.256232,10.059426,0.000000,0.000000,0.000000,-0.320312,0.062500,0.281250,2.527315,-7.111347,44.971687
7089.540908,0.447458,-1.256232,10.059426,0.000000,0.000000,0.000000,-0.320312,0.062500,0.281250,2.527315,-7.111347,44.971687
7089.810891,0.447458,-1.256232,10.059426,0.000000,0.000000,0.000000,-0.320312,0.062500,0.281250,2.527315,-7.111347,44.971687
7090.078480,0.447458,-1.256232,10.059426,0.000000,0.000000,0.000000,-0.320312,0.062500,0.281250,2.527315,-7.111347,44.971687
7090.352337,0.447458,-1.256232,10.059426,0.000000,0.000000,0.000000,-0.320312,0.062500,0.281250,2.527315,-7.111347,44.971687
7090.620888,0.447458,-1.256232,10.059426,0.000000,0.000000,0.000000,-0.320312,0.062500,0.281250,2.527315,-7.111347,44.971687
7090.891104,0.447458,-1.256232,10.059426,0.000000,0.000000,0.000000,-0.320312,0.062500,0.281250,2.527315,-7.111347,44.971687
7091.161236,0.447458,-1.256232,10.059426,0.000000,0.000000,0.000000,-0.320312,0.062500,0.281250,2.527315,-7.111347,44.971687
7091.429204,0.447458,-1.256232,10.059426,0.000000,0.000000,0.000000,-0.320312,0.062500,0.281250,2.527315,-7.111347,44.971687
7091.719740,0.447458,-1.256232,10.059426,0.000000,0.000000,0.000000,-0.320312,0.062500,0.281250,2.527315,-7.111347,44.971687
7091.991869,0.447458,-1.256232,10.059426,0.000000,0.000000,0.000000,-0.320312,0.062500,0.281250,2.527315,-7.111347,44.971687
7092.260928,0.447458,-1.256232,10.059426,0.000000,0.000000,0.000000,-0.320312,0.062500,0.281250,2.527315,-7.111347,44.971687
7092.536035,0.447458,-1.256232,10.059426,0.000000,0.000000,0.000000,-0.320312,0.062500,0.281250,2.527315,-7.111347,44.971687
7092.808894,0.447458,-1.256232,10.059426,0.000000,0.000000,0.000000,-0.320312,0.062500,0.281250,2.527315,-7.111347,44.971687
7093.080904,0.447458,-1.256232,10.059426,0.000000,0.000000,0.000000,-0.320312,0.062500,0.281250,2.527315,-7.111347,44.971687
7093.345216,0.447458,-1.256232,10.059426,0.000000,0.000000,0.000000,-0.320312,0.062500,0.281250,2.527315,-7.111347,44.971687
7093.608822,0.447458,-1.256232,10.059426,0.000000,0.000000,0.000000,-0.320312,0.062500,0.281250,2.527315,-7.111347,44.971687
7093.892594,0.447458,-1.256232,10.059426,0.000000,0.000000,0.000000,-0.320312,0.062500,0.281250,2.527315,-7.111347,44.971687
7094.164588,0.447458,-1.256232,10.059426,0.000000,0.000000,0.000000,-0.320312,0.062500,0.281250,2.527315,-7.111347,44.971687
7094.453216,0.447458,-1.256232,10.059426,0.000000,0.000000,0.000000,-0.320312,0.062500,0.281250,2.527315,-7.111347,44.971687
7094.754096,0.447458,-1.256232,10.059426,0.000000,0.000000,0.000000,-0.320312,0.062500,0.281250,2.527315,-7.111347,44.971687
7095.027607,0.447458,-1.256232,10.059426,0.000000,0.000000,0.000000,-0.320312,0.062500,0.281250,2.527315,-7.111347,44.971687
7095.301059,0.447458,-1.256232,10.059426,0.000000,0.000000,0.000000,-0.320312,0.062500,0.281250,2.527315,-7.111347,44.971687
7095.570871,0.447458,-1.256232,10.059426,0.000000,0.000000,0.000000,-0.320312,0.062500,0.281250,2.527315,-7.111347,44.971687
7095.835138,0.447458,-1.256232,10.059426,0.000000,0.000000,0.000000,-0.320312,0.062500,0.281250,2.527315,-7.111347,44.971687
7096.110992,0.447458,-1.256232,10.059426,0.000000,0.000000,0.000000,-0.320312,0.062500,0.281250,2.527315,-7.111347,44.971687
7096.379388,0.447458,-1.256232,10.059426,0.000000,0.000000,0.000000,-0.320312,0.062500,0.281250,2.527315,-7.111347,44.971687
7096.655506,0.447458,-1.256232,10.059426,0.000000,0.000000,0.000000,-0.320312,0.062500,0.281250,2.527315,-7.111347,44.971687
7096.933506,0.447458,-1.256232,10.059426,0.000000,0.000000,0.000000,-0.320312,0.062500,0.281250,2.527315,-7.111347,44.971687
7097.202311,0.447458,-1.256232,10.059426,0.000000,0.000000,0.000000,-0.320312,0.062500,0.281250,2.527315,-7.111347,44.971687
7097.498346,0.447458,-1.256232,10.059426,0.000000,0.000000,0.000000,-0.320312,0.062500,0.281250,2.527315,-7.111347,44.971687
7097.797215,0.447458,-1.256232,10.059426,0.000000,0.000000,0.000000,-0.320312,0.062500,0.281250,2.527315,-7.111347,44.971687
7098.075716,0.447458,-1.256232,10.059426,0.000000,0.000000,0.000000,-0.320312,0.062500,0.281250,2.527315,-7.111347,44.971687
7098.356305,0.447458,-1.256232,10.059426,0.000000,0.000000,0.000000,-0.320312,0.062500,0.281250,2.527315,-7.111347,44.971687
7098.620097,0.447458,-1.256232,10.059426,0.000000,0.000000,0.000000,-0.320312,0.062500,0.281250,2.527315,-7.111347,44.971687
7098.883959,0.447458,-1.256232,10.059426,0.000000,0.000000,0.000000,-0.320312,0.062500,0.281250,2.527315,-7.111347,44.971687
7099.147603,0.447458,-1.256232,10.059426,0.000000,0.000000,0.000000,-0.320312,0.062500,0.281250,2.527315,-7.111347,44.971687
7099.411314,0.447458,-1.256232,10.059426,0.000000,0.000000,0.000000,-0.320312,0.062500,0.281250,2.527315,-7.111347,44.971687
7099.675050,0.447458,-1.256232,10.059426,0.000000,0.000000,0.000000,-0.320312,0.062500,0.281250,2.527315,-7.111347,44.971687
7099.938603,0.447458,-1.256232,10.059426,0.000000,0.000000,0.000000,-0.320312,0.062500,0.281250,2.527315,-7.111347,44.971687
7100.227675,0.447458,-1.256232,10.059426,0.000000,0.000000,0.000000,-0.320312,0.062500,0.281250,2.527315,-7.111347,44.971687
7100.505925,0.447458,-1.256232,10.059426,0.000000,0.000000,0.000000,-0.320312,0.062500,0.281250,2.527315,-7.111347,44.971687
7100.794339,0.447458,-1.256232,10.059426,0.000000,0.000000,0.000000,-0.320312,0.062500,0.281250,2.527315,-7.111347,44.971687
7101.060897,0.447458,-1.256232,10.059426,0.000000,0.000000,0.000000,-0.320312,0.062500,0.281250,2.527315,-7.111347,44.971687
7101.334149,0.447458,-1.256232,10.059426,0.000000,0.000000,0.000000,-0.320312,0.062500,0.281250,2.527315,-7.111347,44.971687
7101.641792,0.447458,-1.256232,10.059426,0.000000,0.000000,0.000000,-0.320312,0.062500,0.281250,2.527315,-7.111347,44.971687
7101.905569,0.447458,-1.256232,10.059426,0.000000,0.000000,0.000000,-0.320312,0.062500,0.281250,2.527315,-7.111347,44.971687
7102.179647,0.447458,-1.256232,10.059426,0.000000,0.000000,0.000000,-0.320312,0.062500,0.281250,2.527315,-7.111347,44.971687
7102.443433,0.447458,-1.256232,10.059426,0.000000,0.000000,0.000000,-0.320312,0.062500,0.281250,2.527315,-7.111347,44.971687
7102.718291,0.447458,-1.256232,10.059426,0.000000,0.000000,0.000000,-0.320312,0.062500,0.281250,2.527315,-7.111347,44.971687
7103.000073,0.447458,-1.256232,10.059426,0.000000,0.000000,0.000000,-0.320312,0.062500,0.281250,2.527315,-7.111347,44.971687
7103.283796,0.447458,-1.256232,10.059426,0.000000,0.000000,0.000000,-0.320312,0.062500,0.281250,2.527315,-7.111347,44.971687
7103.549217,0.447458,-1.256232,10.059426,0.000000,0.000000,0.000000,-0.320312,0.062500,0.281250,2.527315,-7.111347,44.971687
7103.814560,0.447458,-1.256232,10.059426,0.000000,0.000000,0.000000,-0.320312,0.062500,0.281250,2.527315,-7.111347,44.971687
7104.095929,0.447458,-1.256232,10.059426,0.000000,0.000000,0.000000,-0.320312,0.062500,0.281250,2.527315,-7.111347,44.971687
7104.365890,0.447458,-1.256232,10.059426,0.000000,0.000000,0.000000,-0.320312,0.062500,0.281250,2.527315,-7.111347,44.971687
7104.653397,0.447458,-1.256232,10.059426,0.000000,0.000000,0.000000,-0.320312,0.062500,0.281250,2.527315,-7.111347,44.971687
7104.933616,0.447458,-1.256232,10.059426,0.000000,0.000000,0.000000,-0.320312,0.062500,0.281250,2.527315,-7.111347,44.971687
7105.197266,0.447458,-1.256232,10.059426,0.000000,0.000000,0.000000,-0.320312,0.062500,0.281250,2.527315,-7.111347,44.971687
7105.483780,0.447458,-1.256232,10.059426,0.000000,0.000000,0.000000,-0.320312,0.062500,0.281250,2.527315,-7.111347,44.971687
7105.761951,0.447458,-1.256232,10.059426,0.000000,0.000000,0.000000,-0.320312,0.062500,0.281250,2.527315,-7.111347,44.971687
7106.054272,0.447458,-1.256232,10.059426,0.000000,0.000000,0.000000,-0.320312,0.062500,0.281250,2.527315,-7.111347,44.971687
7106.344263,0.447458,-1.256232,10.059426,0.000000,0.000000,0.000000,-0.320312,0.062500,0.281250,2.527315,-7.111347,44.971687
7106.636490,0.447458,-1.256232,10.059426,0.000000,0.000000,0.000000,-0.320312,0.062500,0.281250,2.527315,-7.111347,44.971687
7106.937459,0.447458,-1.256232,10.059426,0.000000,0.000000,0.000000,-0.320312,0.062500,0.281250,2.527315,-7.111347,44.971687
7107.218725,0.447458,-1.256232,10.059426,0.000000,0.000000,0.000000,-0.320312,0.062500,0.281250,2.527315,-7.111347,44.971687
7107.490857,0.447458,-1.256232,10.059426,0.000000,0.000000,0.000000,-0.320312,0.062500,0.281250,2.527315,-7.111347,44.971687
7107.760784,0.447458,-1.256232,10.059426,0.000000,0.000000,0.000000,-0.320312,0.062500,0.281250,2.527315,-7.111347,44.971687
7108.044158,0.447458,-1.256232,10.059426,0.000000,0.000000,0.000000,-0.320312,0.062500,0.281250,2.527315,-7.111347,44.971687
7108.311359,0.447458,-1.256232,10.059426,0.000000,0.000000,0.000000,-0.320312,0.062500,0.281250,2.527315,-7.111347,44.971687
7108.594305,0.447458,-1.256232,10.059426,0.000000,0.000000,0.000000,-0.320312,0.062500,0.281250,2.527315,-7.111347,44.971687
7108.868371,0.447458,-1.256232,10.059426,0.000000,0.000000,0.000000,-0.320312,0.062500,0.281250,2.527315,-7.111347,44.971687
7109.132263,0.447458,-1.256232,10.059426,0.000000,0.000000,0.000000,-0.320312,0.062500,0.281250,2.527315,-7.111347,44.971687
7109.395979,0.447458,-1.256232,10.059426,0.000000,0.000000,0.000000,-0.320312,0.062500,0.281250,2.527315,-7.111347,44.971687
7109.660214,0.447458,-1.256232,10.059426,0.000000,0.000000,0.000000,-0.320312,0.062500,0.281250,2.527315,-7.111347,44.971687
7109.929261,0.447458,-1.256232,10.059426,0.000000,0.000000,0.000000,-0.320312,0.062500,0.281250,2.527315,-7.111347,44.971687
7110.192862,0.447458,-1.256232,10.059426,0.000000,0.000000,0.000000,-0.320312,0.062500,0.281250,2.527315,-7.111347,44.971687
7110.469473,0.447458,-1.256232,10.059426,0.000000,0.000000,0.000000,-0.320312,0.062500,0.281250,2.527315,-7.111347,44.971687
7110.740889,0.447458,-1.256232,10.059426,0.000000,0.000000,0.000000,-0.320312,0.062500,0.281250,2.527315,-7.111347,44.971687
7111.011141,0.447458,-1.256232,10.059426,0.000000,0.000000,0.000000,-0.320312,0.062500,0.281250,2.527315,-7.111347,44.971687
7111.280820,0.447458,-1.256232,10.059426,0.000000,0.000000,0.000000,-0.320312,0.062500,0.281250,2.527315,-7.111347,44.971687
7111.550880,0.447458,-1.256232,10.059426,0.000000,0.000000,0.000000,-0.320312,0.062500,0.281250,2.527315,-7.111347,44.971687
7111.819300,0.447458,-1.256232,10.059426,0.000000,0.000000,0.000000,-0.320312,0.062500,0.281250,2.527315,-7.111347,44.971687
7112.092311,0.447458,-1.256232,10.059426,0.000000,0.000000,0.000000,-0.320312,0.062500,0.281250,2.527315,-7.111347,44.971687
7112.368609,0.447458,-1.256232,10.059426,0.000000,0.000000,0.000000,-0.320312,0.062500,0.281250,2.527315,-7.111347,44.971687
7112.654293,0.447458,-1.256232,10.059426,0.000000,0.000000,0.000000,-0.320312,0.062500,0.281250,2.527315,-7.111347,44.971687
7112.920931,0.447458,-1.256232,10.059426,0.000000,0.000000,0.000000,-0.320312,0.062500,0.281250,2.527315,-7.111347,44.971687
7113.184436,0.447458,-1.256232,10.059426,0.000000,0.000000,0.000000,-0.320312,0.062500,0.281250,2.527315,-7.111347,44.971687
7113.448082,0.447458,-1.256232,10.059426,0.000000,0.000000,0.000000,-0.320312,0.062500,0.281250,2.527315,-7.111347,44.971687
7113.726458,0.447458,-1.256232,10.059426,0.000000,0.000000,0.000000,-0.320312,0.062500,0.281250,2.527315,-7.111347,44.971687
7113.995786,0.447458,-1.256232,10.059426,0.000000,0.000000,0.000000,-0.320312,0.062500,0.281250,2.527315,-7.111347,44.971687
7114.270877,0.447458,-1.256232,10.059426,0.000000,0.000000,0.000000,-0.320312,0.062500,0.281250,2.527315,-7.111347,44.971687
7114.543138,0.447458,-1.256232,10.059426,0.000000,0.000000,0.000000,-0.320312,0.062500,0.281250,2.527315,-7.111347,44.971687
7114.820963,0.447458,-1.256232,10.059426,0.000000,0.000000,0.000000,-0.320312,0.062500,0.281250,2.527315,-7.111347,44.971687
7115.091637,0.447458,-1.256232,10.059426,0.000000,0.000000,0.000000,-0.320312,0.062500,0.281250,2.527315,-7.111347,44.971687
7115.355467,0.447458,-1.256232,10.059426,0.000000,0.000000,0.000000,-0.320312,0.062500,0.281250,2.527315,-7.111347,44.971687
7115.624368,0.447458,-1.256232,10.059426,0.000000,0.000000,0.000000,-0.320312,0.062500,0.281250,2.527315,-7.111347,44.971687
7115.916158,0.447458,-1.256232,10.059426,0.000000,0.000000,0.000000,-0.320312,0.062500,0.281250,2.527315,-7.111347,44.971687
7116.196183,0.447458,-1.256232,10.059426,0.000000,0.000000,0.000000,-0.320312,0.062500,0.281250,2.527315,-7.111347,44.971687
7116.489104,0.447458,-1.256232,10.059426,0.000000,0.000000,0.000000,-0.320312,0.062500,0.281250,2.527315,-7.111347,44.971687
7116.756598,0.447458,-1.256232,10.059426,0.000000,0.000000,0.000000,-0.320312,0.062500,0.281250,2.527315,-7.111347,44.971687
7117.029266,0.447458,-1.256232,10.059426,0.000000,0.000000,0.000000,-0.320312,0.062500,0.281250,2.527315,-7.111347,44.971687
7117.314537,0.447458,-1.256232,10.059426,0.000000,0.000000,0.000000,-0.320312,0.062500,0.281250,2.527315,-7.111347,44.971687
7117.596028,0.447458,-1.256232,10.059426,0.000000,0.000000,0.000000,-0.320312,0.062500,0.281250,2.527315,-7.111347,44.971687
7117.872350,0.447458,-1.256232,10.059426,0.000000,0.000000,0.000000,-0.320312,0.062500,0.281250,2.527315,-7.111347,44.971687
7118.160504,0.447458,-1.256232,10.059426,0.000000,0.000000,0.000000,-0.320312,0.062500,0.281250,2.527315,-7.111347,44.971687
7118.437566,0.447458,-1.256232,10.059426,0.000000,0.000000,0.000000,-0.320312,0.062500,0.281250,2.527315,-7.111347,44.971687
7118.717542,0.447458,-1.256232,10.059426,0.000000,0.000000,0.000000,-0.320312,0.062500,0.281250,2.527315,-7.111347,44.971687
7119.021179,0.447458,-1.256232,10.059426,0.000000,0.000000,0.000000,-0.320312,0.062500,0.281250,2.527315,-7.111347,44.971687
7119.291036,0.447458,-1.256232,10.059426,0.000000,0.000000,0.000000,-0.320312,0.062500,0.281250,2.527315,-7.111347,44.971687
7119.555903,0.447458,-1.256232,10.059426,0.000000,0.000000,0.000000,-0.320312,0.062500,0.281250,2.527315,-7.111347,44.971687
7119.831684,0.447458,-1.256232,10.059426,0.000000,0.000000,0.000000,-0.320312,0.062500,0.281250,2.527315,-7.111347,44.971687
7120.101025,0.447458,-1.256232,10.059426,0.000000,0.000000,0.000000,-0.320312,0.062500,0.281250,2.527315,-7.111347,44.971687
7120.370886,0.447458,-1.256232,10.059426,0.000000,0.000000,0.000000,-0.320312,0.062500,0.281250,2.527315,-7.111347,44.971687
7120.640765,0.447458,-1.256232,10.059426,0.000000,0.000000,0.000000,-0.320312,0.062500,0.281250,2.527315,-7.111347,44.971687
7120.904398,0.447458,-1.256232,10.059426,0.000000,0.000000,0.000000,-0.320312,0.062500,0.281250,2.527315,-7.111347,44.971687
7121.173719,0.447458,-1.256232,10.059426,0.000000,0.000000,0.000000,-0.320312,0.062500,0.281250,2.527315,-7.111347,44.971687
7121.465237,0.447458,-1.256232,10.059426,0.000000,0.000000,0.000000,-0.320312,0.062500,0.281250,2.527315,-7.111347,44.971687
7121.756332,0.447458,-1.256232,10.059426,0.000000,0.000000,0.000000,-0.320312,0.062500,0.281250,2.527315,-7.111347,44.971687
7122.034093,0.447458,-1.256232,10.059426,0.000000,0.000000,0.000000,-0.320312,0.062500,0.281250,2.527315,-7.111347,44.971687
7122.303270,0.447458,-1.256232,10.059426,0.000000,0.000000,0.000000,-0.320312,0.062500,0.281250,2.527315,-7.111347,44.971687
7122.571009,0.447458,-1.256232,10.059426,0.000000,0.000000,0.000000,-0.320312,0.062500,0.281250,2.527315,-7.111347,44.971687
7122.840953,0.447458,-1.256232,10.059426,0.000000,0.000000,0.000000,-0.320312,0.062500,0.281250,2.527315,-7.111347,44.971687
7123.110876,0.447458,-1.256232,10.059426,0.000000,0.000000,0.000000,-0.320312,0.062500,0.281250,2.527315,-7.111347,44.971687
7123.378543,0.447458,-1.256232,10.059426,0.000000,0.000000,0.000000,-0.320312,0.062500,0.281250,2.527315,-7.111347,44.971687
7123.644864,0.447458,-1.256232,10.059426,0.000000,0.000000,0.000000,-0.320312,0.062500,0.281250,2.527315,-7.111347,44.971687
7123.908292,0.447458,-1.256232,10.059426,0.000000,0.000000,0.000000,-0.320312,0.062500,0.281250,2.527315,-7.111347,44.971687
7124.172060,0.447458,-1.256232,10.059426,0.000000,0.000000,0.000000,-0.320312,0.062500,0.281250,2.527315,-7.111347,44.971687
7124.443928,0.447458,-1.256232,10.059426,0.000000,0.000000,0.000000,-0.320312,0.062500,0.281250,2.527315,-7.111347,44.971687
7124.738545,0.447458,-1.256232,10.059426,0.000000,0.000000,0.000000,-0.320312,0.062500,0.281250,2.527315,-7.111347,44.971687
7125.014584,0.447458,-1.256232,10.059426,0.000000,0.000000,0.000000,-0.320312,0.062500,0.281250,2.527315,-7.111347,44.971687
7125.283581,0.447458,-1.256232,10.059426,0.000000,0.000000,0.000000,-0.320312,0.062500,0.281250,2.527315,-7.111347,44.971687
7125.561047,0.447458,-1.256232,10.059426,0.000000,0.000000,0.000000,-0.320312,0.062500,0.281250,2.527315,-7.111347,44.971687
7125.849077,0.447458,-1.256232,10.059426,0.000000,0.000000,0.000000,-0.320312,0.062500,0.281250,2.527315,-7.111347,44.971687
7126.120787,0.447458,-1.256232,10.059426,0.000000,0.000000,0.000000,-0.320312,0.062500,0.281250,2.527315,-7.111347,44.971687
7126.384455,0.447458,-1.256232,10.059426,0.000000,0.000000,0.000000,-0.320312,0.062500,0.281250,2.527315,-7.111347,44.971687
7126.650714,0.447458,-1.256232,10.059426,0.000000,0.000000,0.000000,-0.320312,0.062500,0.281250,2.527315,-7.111347,44.971687
7126.914388,0.447458,-1.256232,10.059426,0.000000,0.000000,0.000000,-0.320312,0.062500,0.281250,2.527315,-7.111347,44.971687
7127.178062,0.447458,-1.256232,10.059426,0.000000,0.000000,0.000000,-0.320312,0.062500,0.281250,2.527315,-7.111347,44.971687
7127.446949,0.447458,-1.256232,10.059426,0.000000,0.000000,0.000000,-0.320312,0.062500,0.281250,2.527315,-7.111347,44.971687
7127.734142,0.447458,-1.256232,10.059426,0.000000,0.000000,0.000000,-0.320312,0.062500,0.281250,2.527315,-7.111347,44.971687
7128.001335,0.447458,-1.256232,10.059426,0.000000,0.000000,0.000000,-0.320312,0.062500,0.281250,2.527315,-7.111347,44.971687
7128.286458,0.447458,-1.256232,10.059426,0.000000,0.000000,0.000000,-0.320312,0.062500,0.281250,2.527315,-7.111347,44.971687
7128.560782,0.447458,-1.256232,10.059426,0.000000,0.000000,0.000000,-0.320312,0.062500,0.281250,2.527315,-7.111347,44.971687
7128.830742,0.447458,-1.256232,10.059426,0.000000,0.000000,0.000000,-0.320312,0.062500,0.281250,2.527315,-7.111347,44.971687
7129.094800,0.447458,-1.256232,10.059426,0.000000,0.000000,0.000000,-0.320312,0.062500,0.281250,2.527315,-7.111347,44.971687
7129.371726,0.447458,-1.256232,10.059426,0.000000,0.000000,0.000000,-0.320312,0.062500,0.281250,2.527315,-7.111347,44.971687
7129.645965,0.447458,-1.256232,10.059426,0.000000,0.000000,0.000000,-0.320312,0.062500,0.281250,2.527315,-7.111347,44.971687
7129.920628,0.447458,-1.256232,10.059426,0.000000,0.000000,0.000000,-0.320312,0.062500,0.281250,2.527315,-7.111347,44.971687
7130.206008,0.447458,-1.256232,10.059426,0.000000,0.000000,0.000000,-0.320312,0.062500,0.281250,2.527315,-7.111347,44.971687
7130.504200,0.447458,-1.256232,10.059426,0.000000,0.000000,0.000000,-0.320312,0.062500,0.281250,2.527315,-7.111347,44.971687
7130.776521,0.447458,-1.256232,10.059426,0.000000,0.000000,0.000000,-0.320312,0.062500,0.281250,2.527315,-7.111347,44.971687
7131.058447,0.447458,-1.256232,10.059426,0.000000,0.000000,0.000000,-0.320312,0.062500,0.281250,2.527315,-7.111347,44.971687
7131.326004,0.447458,-1.256232,10.059426,0.000000,0.000000,0.000000,-0.320312,0.062500,0.281250,2.527315,-7.111347,44.971687
7131.606037,0.447458,-1.256232,10.059426,0.000000,0.000000,0.000000,-0.320312,0.062500,0.281250,2.527315,-7.111347,44.971687
7131.869783,0.447458,-1.256232,10.059426,0.000000,0.000000,0.000000,-0.320312,0.062500,0.281250,2.527315,-7.111347,44.971687
7132.133591,0.447458,-1.256232,10.059426,0.000000,0.000000,0.000000,-0.320312,0.062500,0.281250,2.527315,-7.111347,44.971687
7132.397410,0.447458,-1.256232,10.059426,0.000000,0.000000,0.000000,-0.320312,0.062500,0.281250,2.527315,-7.111347,44.971687
7132.660963,0.447458,-1.256232,10.059426,0.000000,0.000000,0.000000,-0.320312,0.062500,0.281250,2.527315,-7.111347,44.971687
7132.924580,0.447458,-1.256232,10.059426,0.000000,0.000000,0.000000,-0.320312,0.062500,0.281250,2.527315,-7.111347,44.971687
7133.192944,0.447458,-1.256232,10.059426,0.000000,0.000000,0.000000,-0.320312,0.062500,0.281250,2.527315,-7.111347,44.971687
7133.473663,0.447458,-1.256232,10.059426,0.000000,0.000000,0.000000,-0.320312,0.062500,0.281250,2.527315,-7.111347,44.971687
7133.740874,0.447458,-1.256232,10.059426,0.000000,0.000000,0.000000,-0.320312,0.062500,0.281250,2.527315,-7.111347,44.971687
7134.011004,0.447458,-1.256232,10.059426,0.000000,0.000000,0.000000,-0.320312,0.062500,0.281250,2.527315,-7.111347,44.971687
7134.280943,0.447458,-1.256232,10.059426,0.000000,0.000000,0.000000,-0.320312,0.062500,0.281250,2.527315,-7.111347,44.971687
7134.556474,0.447458,-1.256232,10.059426,0.000000,0.000000,0.000000,-0.320312,0.062500,0.281250,2.527315,-7.111347,44.971687
7134.830606,0.447458,-1.256232,10.059426,0.000000,0.000000,0.000000,-0.320312,0.062500,0.281250,2.527315,-7.111347,44.971687
7135.099636,0.447458,-1.256232,10.059426,0.000000,0.000000,0.000000,-0.320312,0.062500,0.281250,2.527315,-7.111347,44.971687
7135.374140,0.447458,-1.256232,10.059426,0.000000,0.000000,0.000000,-0.320312,0.062500,0.281250,2.527315,-7.111347,44.971687
7135.641414,0.447458,-1.256232,10.059426,0.000000,0.000000,0.000000,-0.320312,0.062500,0.281250,2.527315,-7.111347,44.971687
7135.918591,0.447458,-1.256232,10.059426,0.000000,0.000000,0.000000,-0.320312,0.062500,0.281250,2.527315,-7.111347,44.971687
7136.219399,0.447458,-1.256232,10.059426,0.000000,0.000000,0.000000,-0.320312,0.062500,0.281250,2.527315,-7.111347,44.971687
7136.504220,0.447458,-1.256232,10.059426,0.000000,0.000000,0.000000,-0.320312,0.062500,0.281250,2.527315,-7.111347,44.971687
7136.796481,0.447458,-1.256232,10.059426,0.000000,0.000000,0.000000,-0.320312,0.062500,0.281250,2.527315,-7.111347,44.971687
7137.069438,0.447458,-1.256232,10.059426,0.000000,0.000000,0.000000,-0.320312,0.062500,0.281250,2.527315,-7.111347,44.971687
7137.344773,0.447458,-1.256232,10.059426,0.000000,0.000000,0.000000,-0.320312,0.062500,0.281250,2.527315,-7.111347,44.971687
7137.608424,0.447458,-1.256232,10.059426,0.000000,0.000000,0.000000,-0.320312,0.062500,0.281250,2.527315,-7.111347,44.971687
7137.872035,0.447458,-1.256232,10.059426,0.000000,0.000000,0.000000,-0.320312,0.062500,0.281250,2.527315,-7.111347,44.971687
7138.135738,0.447458,-1.256232,10.059426,0.000000,0.000000,0.000000,-0.320312,0.062500,0.281250,2.527315,-7.111347,44.971687
7138.404308,0.447458,-1.256232,10.059426,0.000000,0.000000,0.000000,-0.320312,0.062500,0.281250,2.527315,-7.111347,44.971687
7138.684129,0.447458,-1.256232,10.059426,0.000000,0.000000,0.000000,-0.320312,0.062500,0.281250,2.527315,-7.111347,44.971687
7138.947875,0.447458,-1.256232,10.059426,0.000000,0.000000,0.000000,-0.320312,0.062500,0.281250,2.527315,-7.111347,44.971687
7139.238574,0.447458,-1.256232,10.059426,0.000000,0.000000,0.000000,-0.320312,0.062500,0.281250,2.527315,-7.111347,44.971687
7139.510972,0.447458,-1.256232,10.059426,0.000000,0.000000,0.000000,-0.320312,0.062500,0.281250,2.527315,-7.111347,44.971687
7139.783177,0.447458,-1.256232,10.059426,0.000000,0.000000,0.000000,-0.320312,0.062500,0.281250,2.527315,-7.111347,44.971687
7140.050871,0.447458,-1.256232,10.059426,0.000000,0.000000,0.000000,-0.320312,0.062500,0.281250,2.527315,-7.111347,44.971687
7140.320748,0.447458,-1.256232,10.059426,0.000000,0.000000,0.000000,-0.320312,0.062500,0.281250,2.527315,-7.111347,44.971687
7140.595189,0.447458,-1.256232,10.059426,0.000000,0.000000,0.000000,-0.320312,0.062500,0.281250,2.527315,-7.111347,44.971687
7140.873032,0.447458,-1.256232,10.059426,0.000000,0.000000,0.000000,-0.320312,0.062500,0.281250,2.527315,-7.111347,44.971687
7141.147429,0.447458,-1.256232,10.059426,0.000000,0.000000,0.000000,-0.320312,0.062500,0.281250,2.527315,-7.111347,44.971687
7141.411035,0.447458,-1.256232,10.059426,0.000000,0.000000,0.000000,-0.320312,0.062500,0.281250,2.527315,-7.111347,44.971687
7141.674804,0.447458,-1.256232,10.059426,0.000000,0.000000,0.000000,-0.320312,0.062500,0.281250,2.527315,-7.111347,44.971687
7141.973362,0.447458,-1.256232,10.059426,0.000000,0.000000,0.000000,-0.320312,0.062500,0.281250,2.527315,-7.111347,44.971687
7142.242841,0.447458,-1.256232,10.059426,0.000000,0.000000,0.000000,-0.320312,0.062500,0.281250,2.527315,-7.111347,44.971687
7142.510806,0.447458,-1.256232,10.059426,0.000000,0.000000,0.000000,-0.320312,0.062500,0.281250,2.527315,-7.111347,44.971687
7142.784195,0.447458,-1.256232,10.059426,0.000000,0.000000,0.000000,-0.320312,0.062500,0.281250,2.527315,-7.111347,44.971687
7143.061911,0.447458,-1.256232,10.059426,0.000000,0.000000,0.000000,-0.320312,0.062500,0.281250,2.527315,-7.111347,44.971687
7143.331104,0.447458,-1.256232,10.059426,0.000000,0.000000,0.000000,-0.320312,0.062500,0.281250,2.527315,-7.111347,44.971687
7143.596151,0.447458,-1.256232,10.059426,0.000000,0.000000,0.000000,-0.320312,0.062500,0.281250,2.527315,-7.111347,44.971687
7143.880979,0.447458,-1.256232,10.059426,0.000000,0.000000,0.000000,-0.320312,0.062500,0.281250,2.527315,-7.111347,44.971687
7144.166595,0.447458,-1.256232,10.059426,0.000000,0.000000,0.000000,-0.320312,0.062500,0.281250,2.527315,-7.111347,44.971687
7144.446482,0.447458,-1.256232,10.059426,0.000000,0.000000,0.000000,-0.320312,0.062500,0.281250,2.527315,-7.111347,44.971687
7144.726715,0.447458,-1.256232,10.059426,0.000000,0.000000,0.000000,-0.320312,0.062500,0.281250,2.527315,-7.111347,44.971687
7144.994384,0.447458,-1.256232,10.059426,0.000000,0.000000,0.000000,-0.320312,0.062500,0.281250,2.527315,-7.111347,44.971687
7145.261358,0.447458,-1.256232,10.059426,0.000000,0.000000,0.000000,-0.320312,0.062500,0.281250,2.527315,-7.111347,44.971687
7145.535409,0.447458,-1.256232,10.059426,0.000000,0.000000,0.000000,-0.320312,0.062500,0.281250,2.527315,-7.111347,44.971687
7145.816637,0.447458,-1.256232,10.059426,0.000000,0.000000,0.000000,-0.320312,0.062500,0.281250,2.527315,-7.111347,44.971687
7146.084083,0.447458,-1.256232,10.059426,0.000000,0.000000,0.000000,-0.320312,0.062500,0.281250,2.527315,-7.111347,44.971687
7146.347715,0.447458,-1.256232,10.059426,0.000000,0.000000,0.000000,-0.320312,0.062500,0.281250,2.527315,-7.111347,44.971687
7146.611557,0.447458,-1.256232,10.059426,0.000000,0.000000,0.000000,-0.320312,0.062500,0.281250,2.527315,-7.111347,44.971687
7146.889438,0.447458,-1.256232,10.059426,0.000000,0.000000,0.000000,-0.320312,0.062500,0.281250,2.527315,-7.111347,44.971687
7147.164218,0.447458,-1.256232,10.059426,0.000000,0.000000,0.000000,-0.320312,0.062500,0.281250,2.527315,-7.111347,44.971687
7147.427977,0.447458,-1.256232,10.059426,0.000000,0.000000,0.000000,-0.320312,0.062500,0.281250,2.527315,-7.111347,44.971687
7147.720952,0.447458,-1.256232,10.059426,0.000000,0.000000,0.000000,-0.320312,0.062500,0.281250,2.527315,-7.111347,44.971687
7147.994253,0.447458,-1.256232,10.059426,0.000000,0.000000,0.000000,-0.320312,0.062500,0.281250,2.527315,-7.111347,44.971687
7148.260881,0.447458,-1.256232,10.059426,0.000000,0.000000,0.000000,-0.320312,0.062500,0.281250,2.527315,-7.111347,44.971687
7148.531047,0.447458,-1.256232,10.059426,0.000000,0.000000,0.000000,-0.320312,0.062500,0.281250,2.527315,-7.111347,44.971687
7148.807628,0.447458,-1.256232,10.059426,0.000000,0.000000,0.000000,-0.320312,0.062500,0.281250,2.527315,-7.111347,44.971687
7149.075874,0.447458,-1.256232,10.059426,0.000000,0.000000,0.000000,-0.320312,0.062500,0.281250,2.527315,-7.111347,44.971687
7149.356126,0.447458,-1.256232,10.059426,0.000000,0.000000,0.000000,-0.320312,0.062500,0.281250,2.527315,-7.111347,44.971687
7149.621977,0.447458,-1.256232,10.059426,0.000000,0.000000,0.000000,-0.320312,0.062500,0.281250,2.527315,-7.111347,44.971687
7149.889926,0.447458,-1.256232,10.059426,0.000000,0.000000,0.000000,-0.320312,0.062500,0.281250,2.527315,-7.111347,44.971687
7150.159319,0.447458,-1.256232,10.059426,0.000000,0.000000,0.000000,-0.320312,0.062500,0.281250,2.527315,-7.111347,44.971687
7150.448867,0.447458,-1.256232,10.059426,0.000000,0.000000,0.000000,-0.320312,0.062500,0.281250,2.527315,-7.111347,44.971687
7150.745376,0.447458,-1.256232,10.059426,0.000000,0.000000,0.000000,-0.320312,0.062500,0.281250,2.527315,-7.111347,44.971687
7151.017167,0.447458,-1.256232,10.059426,0.000000,0.000000,0.000000,-0.320312,0.062500,0.281250,2.527315,-7.111347,44.971687
7151.297717,0.447458,-1.256232,10.059426,0.000000,0.000000,0.000000,-0.320312,0.062500,0.281250,2.527315,-7.111347,44.971687
7151.572948,0.447458,-1.256232,10.059426,0.000000,0.000000,0.000000,-0.320312,0.062500,0.281250,2.527315,-7.111347,44.971687
7151.841507,0.447458,-1.256232,10.059426,0.000000,0.000000,0.000000,-0.320312,0.062500,0.281250,2.527315,-7.111347,44.971687
7152.110820,0.447458,-1.256232,10.059426,0.000000,0.000000,0.000000,-0.320312,0.062500,0.281250,2.527315,-7.111347,44.971687
7152.381171,0.447458,-1.256232,10.059426,0.000000,0.000000,0.000000,-0.320312,0.062500,0.281250,2.527315,-7.111347,44.971687
7152.655640,0.447458,-1.256232,10.059426,0.000000,0.000000,0.000000,-0.320312,0.062500,0.281250,2.527315,-7.111347,44.971687
7152.924151,0.447458,-1.256232,10.059426,0.000000,0.000000,0.000000,-0.320312,0.062500,0.281250,2.527315,-7.111347,44.971687
7153.187922,0.447458,-1.256232,10.059426,0.000000,0.000000,0.000000,-0.320312,0.062500,0.281250,2.527315,-7.111347,44.971687
7153.461667,0.447458,-1.256232,10.059426,0.000000,0.000000,0.000000,-0.320312,0.062500,0.281250,2.527315,-7.111347,44.971687
7153.744257,0.447458,-1.256232,10.059426,0.000000,0.000000,0.000000,-0.320312,0.062500,0.281250,2.527315,-7.111347,44.971687
7154.018737,0.447458,-1.256232,10.059426,0.000000,0.000000,0.000000,-0.320312,0.062500,0.281250,2.527315,-7.111347,44.971687
7154.291582,0.447458,-1.256232,10.059426,0.000000,0.000000,0.000000,-0.320312,0.062500,0.281250,2.527315,-7.111347,44.971687
7154.570736,0.447458,-1.256232,10.059426,0.000000,0.000000,0.000000,-0.320312,0.062500,0.281250,2.527315,-7.111347,44.971687
7154.853994,0.447458,-1.256232,10.059426,0.000000,0.000000,0.000000,-0.320312,0.062500,0.281250,2.527315,-7.111347,44.971687
7155.123638,0.447458,-1.256232,10.059426,0.000000,0.000000,0.000000,-0.320312,0.062500,0.281250,2.527315,-7.111347,44.971687
7155.395440,0.447458,-1.256232,10.059426,0.000000,0.000000,0.000000,-0.320312,0.062500,0.281250,2.527315,-7.111347,44.971687
7155.674475,0.447458,-1.256232,10.059426,0.000000,0.000000,0.000000,-0.320312,0.062500,0.281250,2.527315,-7.111347,44.971687
7155.942149,0.447458,-1.256232,10.059426,0.000000,0.000000,0.000000,-0.320312,0.062500,0.281250,2.527315,-7.111347,44.971687
7156.228897,0.447458,-1.256232,10.059426,0.000000,0.000000,0.000000,-0.320312,0.062500,0.281250,2.527315,-7.111347,44.971687
7156.496487,0.447458,-1.256232,10.059426,0.000000,0.000000,0.000000,-0.320312,0.062500,0.281250,2.527315,-7.111347,44.971687
7156.780646,0.447458,-1.256232,10.059426,0.000000,0.000000,0.000000,-0.320312,0.062500,0.281250,2.527315,-7.111347,44.971687
7157.060631,0.447458,-1.256232,10.059426,0.000000,0.000000,0.000000,-0.320312,0.062500,0.281250,2.527315,-7.111347,44.971687
7157.332762,0.447458,-1.256232,10.059426,0.000000,0.000000,0.000000,-0.320312,0.062500,0.281250,2.527315,-7.111347,44.971687
7157.596417,0.447458,-1.256232,10.059426,0.000000,0.000000,0.000000,-0.320312,0.062500,0.281250,2.527315,-7.111347,44.971687
7157.860117,0.447458,-1.256232,10.059426,0.000000,0.000000,0.000000,-0.320312,0.062500,0.281250,2.527315,-7.111347,44.971687
7158.124068,0.447458,-1.256232,10.059426,0.000000,0.000000,0.000000,-0.320312,0.062500,0.281250,2.527315,-7.111347,44.971687
7158.391689,0.447458,-1.256232,10.059426,0.000000,0.000000,0.000000,-0.320312,0.062500,0.281250,2.527315,-7.111347,44.971687
7158.660094,0.447458,-1.256232,10.059426,0.000000,0.000000,0.000000,-0.320312,0.062500,0.281250,2.527315,-7.111347,44.971687
7158.923892,0.447458,-1.256232,10.059426,0.000000,0.000000,0.000000,-0.320312,0.062500,0.281250,2.527315,-7.111347,44.971687
7159.222328,0.447458,-1.256232,10.059426,0.000000,0.000000,0.000000,-0.320312,0.062500,0.281250,2.527315,-7.111347,44.971687
7159.524353,0.447458,-1.256232,10.059426,0.000000,0.000000,0.000000,-0.320312,0.062500,0.281250,2.527315,-7.111347,44.971687
7159.829501,0.447458,-1.256232,10.059426,0.000000,0.000000,0.000000,-0.320312,0.062500,0.281250,2.527315,-7.111347,44.971687
7160.113612,0.447458,-1.256232,10.059426,0.000000,0.000000,0.000000,-0.320312,0.062500,0.281250,2.527315,-7.111347,44.971687
7160.381274,0.447458,-1.256232,10.059426,0.000000,0.000000,0.000000,-0.320312,0.062500,0.281250,2.527315,-7.111347,44.971687
7160.654206,0.447458,-1.256232,10.059426,0.000000,0.000000,0.000000,-0.320312,0.062500,0.281250,2.527315,-7.111347,44.971687
7160.920914,0.447458,-1.256232,10.059426,0.000000,0.000000,0.000000,-0.320312,0.062500,0.281250,2.527315,-7.111347,44.971687
7161.184486,0.447458,-1.256232,10.059426,0.000000,0.000000,0.000000,-0.320312,0.062500,0.281250,2.527315,-7.111347,44.971687
7161.448132,0.447458,-1.256232,10.059426,0.000000,0.000000,0.000000,-0.320312,0.062500,0.281250,2.527315,-7.111347,44.971687
7161.737984,0.447458,-1.256232,10.059426,0.000000,0.000000,0.000000,-0.320312,0.062500,0.281250,2.527315,-7.111347,44.971687
7162.008700,0.447458,-1.256232,10.059426,0.000000,0.000000,0.000000,-0.320312,0.062500,0.281250,2.527315,-7.111347,44.971687
7162.287471,0.447458,-1.256232,10.059426,0.000000,0.000000,0.000000,-0.320312,0.062500,0.281250,2.527315,-7.111347,44.971687
7162.563957,0.447458,-1.256232,10.059426,0.000000,0.000000,0.000000,-0.320312,0.062500,0.281250,2.527315,-7.111347,44.971687
7162.827764,0.447458,-1.256232,10.059426,0.000000,0.000000,0.000000,-0.320312,0.062500,0.281250,2.527315,-7.111347,44.971687
7163.096021,0.447458,-1.256232,10.059426,0.000000,0.000000,0.000000,-0.320312,0.062500,0.281250,2.527315,-7.111347,44.971687
7163.359887,0.447458,-1.256232,10.059426,0.000000,0.000000,0.000000,-0.320312,0.062500,0.281250,2.527315,-7.111347,44.971687
7163.623645,0.447458,-1.256232,10.059426,0.000000,0.000000,0.000000,-0.320312,0.062500,0.281250,2.527315,-7.111347,44.971687
7163.887621,0.447458,-1.256232,10.059426,0.000000,0.000000,0.000000,-0.320312,0.062500,0.281250,2.527315,-7.111347,44.971687
7164.151236,0.447458,-1.256232,10.059426,0.000000,0.000000,0.000000,-0.320312,0.062500,0.281250,2.527315,-7.111347,44.971687
7164.425910,0.447458,-1.256232,10.059426,0.000000,0.000000,0.000000,-0.320312,0.062500,0.281250,2.527315,-7.111347,44.971687
7164.689527,0.447458,-1.256232,10.059426,0.000000,0.000000,0.000000,-0.320312,0.062500,0.281250,2.527315,-7.111347,44.971687
7164.953255,0.447458,-1.256232,10.059426,0.000000,0.000000,0.000000,-0.320312,0.062500,0.281250,2.527315,-7.111347,44.971687
7165.246608,0.447458,-1.256232,10.059426,0.000000,0.000000,0.000000,-0.320312,0.062500,0.281250,2.527315,-7.111347,44.971687
7165.543570,0.447458,-1.256232,10.059426,0.000000,0.000000,0.000000,-0.320312,0.062500,0.281250,2.527315,-7.111347,44.971687
7165.825330,0.447458,-1.256232,10.059426,0.000000,0.000000,0.000000,-0.320312,0.062500,0.281250,2.527315,-7.111347,44.971687
7166.104809,0.447458,-1.256232,10.059426,0.000000,0.000000,0.000000,-0.320312,0.062500,0.281250,2.527315,-7.111347,44.971687
7166.384205,0.447458,-1.256232,10.059426,0.000000,0.000000,0.000000,-0.320312,0.062500,0.281250,2.527315,-7.111347,44.971687
7166.656335,0.447458,-1.256232,10.059426,0.000000,0.000000,0.000000,-0.320312,0.062500,0.281250,2.527315,-7.111347,44.971687
7166.929547,0.447458,-1.256232,10.059426,0.000000,0.000000,0.000000,-0.320312,0.062500,0.281250,2.527315,-7.111347,44.971687
7167.193128,0.447458,-1.256232,10.059426,0.000000,0.000000,0.000000,-0.320312,0.062500,0.281250,2.527315,-7.111347,44.971687
7167.456540,0.447458,-1.256232,10.059426,0.000000,0.000000,0.000000,-0.320312,0.062500,0.281250,2.527315,-7.111347,44.971687
7167.738673,0.447458,-1.256232,10.059426,0.000000,0.000000,0.000000,-0.320312,0.062500,0.281250,2.527315,-7.111347,44.971687
7168.011071,0.447458,-1.256232,10.059426,0.000000,0.000000,0.000000,-0.320312,0.062500,0.281250,2.527315,-7.111347,44.971687
7168.282340,0.447458,-1.256232,10.059426,0.000000,0.000000,0.000000,-0.320312,0.062500,0.281250,2.527315,-7.111347,44.971687
7168.550869,0.447458,-1.256232,10.059426,0.000000,0.000000,0.000000,-0.320312,0.062500,0.281250,2.527315,-7.111347,44.971687
7168.823140,0.447458,-1.256232,10.059426,0.000000,0.000000,0.000000,-0.320312,0.062500,0.281250,2.527315,-7.111347,44.971687
7169.086879,0.447458,-1.256232,10.059426,0.000000,0.000000,0.000000,-0.320312,0.062500,0.281250,2.527315,-7.111347,44.971687
7169.350795,0.447458,-1.256232,10.059426,0.000000,0.000000,0.000000,-0.320312,0.062500,0.281250,2.527315,-7.111347,44.971687
7169.619973,0.447458,-1.256232,10.059426,0.000000,0.000000,0.000000,-0.320312,0.062500,0.281250,2.527315,-7.111347,44.971687
7169.894187,0.447458,-1.256232,10.059426,0.000000,0.000000,0.000000,-0.320312,0.062500,0.281250,2.527315,-7.111347,44.971687
7170.168424,0.447458,-1.256232,10.059426,0.000000,0.000000,0.000000,-0.320312,0.062500,0.281250,2.527315,-7.111347,44.971687
7170.440312,0.447458,-1.256232,10.059426,0.000000,0.000000,0.000000,-0.320312,0.062500,0.281250,2.527315,-7.111347,44.971687
7170.706698,0.447458,-1.256232,10.059426,0.000000,0.000000,0.000000,-0.320312,0.062500,0.281250,2.527315,-7.111347,44.971687
7170.991714,0.447458,-1.256232,10.059426,0.000000,0.000000,0.000000,-0.320312,0.062500,0.281250,2.527315,-7.111347,44.971687
7171.263319,0.447458,-1.256232,10.059426,0.000000,0.000000,0.000000,-0.320312,0.062500,0.281250,2.527315,-7.111347,44.971687
7171.531006,0.447458,-1.256232,10.059426,0.000000,0.000000,0.000000,-0.320312,0.062500,0.281250,2.527315,-7.111347,44.971687
7171.799139,0.447458,-1.256232,10.059426,0.000000,0.000000,0.000000,-0.320312,0.062500,0.281250,2.527315,-7.111347,44.971687
7172.072788,0.447458,-1.256232,10.059426,0.000000,0.000000,0.000000,-0.320312,0.062500,0.281250,2.527315,-7.111347,44.971687
7172.344744,0.447458,-1.256232,10.059426,0.000000,0.000000,0.000000,-0.320312,0.062500,0.281250,2.527315,-7.111347,44.971687
7172.608172,0.447458,-1.256232,10.059426,0.000000,0.000000,0.000000,-0.320312,0.062500,0.281250,2.527315,-7.111347,44.971687
7172.872021,0.447458,-1.256232,10.059426,0.000000,0.000000,0.000000,-0.320312,0.062500,0.281250,2.527315,-7.111347,44.971687
7173.135812,0.447458,-1.256232,10.059426,0.000000,0.000000,0.000000,-0.320312,0.062500,0.281250,2.527315,-7.111347,44.971687
7173.399505,0.447458,-1.256232,10.059426,0.000000,0.000000,0.000000,-0.320312,0.062500,0.281250,2.527315,-7.111347,44.971687
7173.663325,0.447458,-1.256232,10.059426,0.000000,0.000000,0.000000,-0.320312,0.062500,0.281250,2.527315,-7.111347,44.971687
7173.926905,0.447458,-1.256232,10.059426,0.000000,0.000000,0.000000,-0.320312,0.062500,0.281250,2.527315,-7.111347,44.971687
7174.204197,0.447458,-1.256232,10.059426,0.000000,0.000000,0.000000,-0.320312,0.062500,0.281250,2.527315,-7.111347,44.971687
7174.486542,0.447458,-1.256232,10.059426,0.000000,0.000000,0.000000,-0.320312,0.062500,0.281250,2.527315,-7.111347,44.971687
7174.759227,0.447458,-1.256232,10.059426,0.000000,0.000000,0.000000,-0.320312,0.062500,0.281250,2.527315,-7.111347,44.971687
7175.030931,0.447458,-1.256232,10.059426,0.000000,0.000000,0.000000,-0.320312,0.062500,0.281250,2.527315,-7.111347,44.971687
7175.325149,0.447458,-1.256232,10.059426,0.000000,0.000000,0.000000,-0.320312,0.062500,0.281250,2.527315,-7.111347,44.971687
7175.618848,0.447458,-1.256232,10.059426,0.000000,0.000000,0.000000,-0.320312,0.062500,0.281250,2.527315,-7.111347,44.971687
7175.918489,0.447458,-1.256232,10.059426,0.000000,0.000000,0.000000,-0.320312,0.062500,0.281250,2.527315,-7.111347,44.971687
7176.196219,0.447458,-1.256232,10.059426,0.000000,0.000000,0.000000,-0.320312,0.062500,0.281250,2.527315,-7.111347,44.971687
7176.477439,0.447458,-1.256232,10.059426,0.000000,0.000000,0.000000,-0.320312,0.062500,0.281250,2.527315,-7.111347,44.971687
7176.759280,0.447458,-1.256232,10.059426,0.000000,0.000000,0.000000,-0.320312,0.062500,0.281250,2.527315,-7.111347,44.971687
7177.048167,0.447458,-1.256232,10.059426,0.000000,0.000000,0.000000,-0.320312,0.062500,0.281250,2.527315,-7.111347,44.971687
7177.317578,0.447458,-1.256232,10.059426,0.000000,0.000000,0.000000,-0.320312,0.062500,0.281250,2.527315,-7.111347,44.971687
7177.606678,0.447458,-1.256232,10.059426,0.000000,0.000000,0.000000,-0.320312,0.062500,0.281250,2.527315,-7.111347,44.971687
7177.879236,0.447458,-1.256232,10.059426,0.000000,0.000000,0.000000,-0.320312,0.062500,0.281250,2.527315,-7.111347,44.971687
7178.150900,0.447458,-1.256232,10.059426,0.000000,0.000000,0.000000,-0.320312,0.062500,0.281250,2.527315,-7.111347,44.971687
7178.437641,0.447458,-1.256232,10.059426,0.000000,0.000000,0.000000,-0.320312,0.062500,0.281250,2.527315,-7.111347,44.971687
7178.729446,0.447458,-1.256232,10.059426,0.000000,0.000000,0.000000,-0.320312,0.062500,0.281250,2.527315,-7.111347,44.971687
7178.995797,0.447458,-1.256232,10.059426,0.000000,0.000000,0.000000,-0.320312,0.062500,0.281250,2.527315,-7.111347,44.971687
7179.266564,0.447458,-1.256232,10.059426,0.000000,0.000000,0.000000,-0.320312,0.062500,0.281250,2.527315,-7.111347,44.971687
7179.544370,0.447458,-1.256232,10.059426,0.000000,0.000000,0.000000,-0.320312,0.062500,0.281250,2.527315,-7.111347,44.971687
7179.826091,0.447458,-1.256232,10.059426,0.000000,0.000000,0.000000,-0.320312,0.062500,0.281250,2.527315,-7.111347,44.971687
7180.100821,0.447458,-1.256232,10.059426,0.000000,0.000000,0.000000,-0.320312,0.062500,0.281250,2.527315,-7.111347,44.971687
7180.368170,0.447458,-1.256232,10.059426,0.000000,0.000000,0.000000,-0.320312,0.062500,0.281250,2.527315,-7.111347,44.971687
7180.640878,0.447458,-1.256232,10.059426,0.000000,0.000000,0.000000,-0.320312,0.062500,0.281250,2.527315,-7.111347,44.971687
7180.904523,0.447458,-1.256232,10.059426,0.000000,0.000000,0.000000,-0.320312,0.062500,0.281250,2.527315,-7.111347,44.971687
7181.168148,0.447458,-1.256232,10.059426,0.000000,0.000000,0.000000,-0.320312,0.062500,0.281250,2.527315,-7.111347,44.971687
7181.434816,0.447458,-1.256232,10.059426,0.000000,0.000000,0.000000,-0.320312,0.062500,0.281250,2.527315,-7.111347,44.971687
7181.714146,0.447458,-1.256232,10.059426,0.000000,0.000000,0.000000,-0.320312,0.062500,0.281250,2.527315,-7.111347,44.971687
7182.024182,0.447458,-1.256232,10.059426,0.000000,0.000000,0.000000,-0.320312,0.062500,0.281250,2.527315,-7.111347,44.971687
7182.290914,0.447458,-1.256232,10.059426,0.000000,0.000000,0.000000,-0.320312,0.062500,0.281250,2.527315,-7.111347,44.971687
7182.561307,0.447458,-1.256232,10.059426,0.000000,0.000000,0.000000,-0.320312,0.062500,0.281250,2.527315,-7.111347,44.971687
7182.831189,0.447458,-1.256232,10.059426,0.000000,0.000000,0.000000,-0.320312,0.062500,0.281250,2.527315,-7.111347,44.971687
7183.113075,0.447458,-1.256232,10.059426,0.000000,0.000000,0.000000,-0.320312,0.062500,0.281250,2.527315,-7.111347,44.971687
7183.381142,0.447458,-1.256232,10.059426,0.000000,0.000000,0.000000,-0.320312,0.062500,0.281250,2.527315,-7.111347,44.971687
7183.654594,0.447458,-1.256232,10.059426,0.000000,0.000000,0.000000,-0.320312,0.062500,0.281250,2.527315,-7.111347,44.971687
7183.944180,0.447458,-1.256232,10.059426,0.000000,0.000000,0.000000,-0.320312,0.062500,0.281250,2.527315,-7.111347,44.971687
7184.221380,0.447458,-1.256232,10.059426,0.000000,0.000000,0.000000,-0.320312,0.062500,0.281250,2.527315,-7.111347,44.971687
7184.485520,0.447458,-1.256232,10.059426,0.000000,0.000000,0.000000,-0.320312,0.062500,0.281250,2.527315,-7.111347,44.971687
7184.766868,0.447458,-1.256232,10.059426,0.000000,0.000000,0.000000,-0.320312,0.062500,0.281250,2.527315,-7.111347,44.971687
7185.039085,0.447458,-1.256232,10.059426,0.000000,0.000000,0.000000,-0.320312,0.062500,0.281250,2.527315,-7.111347,44.971687
7185.316132,0.447458,-1.256232,10.059426,0.000000,0.000000,0.000000,-0.320312,0.062500,0.281250,2.527315,-7.111347,44.971687
7185.589504,0.447458,-1.256232,10.059426,0.000000,0.000000,0.000000,-0.320312,0.062500,0.281250,2.527315,-7.111347,44.971687
7185.856944,0.447458,-1.256232,10.059426,0.000000,0.000000,0.000000,-0.320312,0.062500,0.281250,2.527315,-7.111347,44.971687
7186.130927,0.447458,-1.256232,10.059426,0.000000,0.000000,0.000000,-0.320312,0.062500,0.281250,2.527315,-7.111347,44.971687
7186.400756,0.447458,-1.256232,10.059426,0.000000,0.000000,0.000000,-0.320312,0.062500,0.281250,2.527315,-7.111347,44.971687
7186.664386,0.447458,-1.256232,10.059426,0.000000,0.000000,0.000000,-0.320312,0.062500,0.281250,2.527315,-7.111347,44.971687
7186.928295,0.447458,-1.256232,10.059426,0.000000,0.000000,0.000000,-0.320312,0.062500,0.281250,2.527315,-7.111347,44.971687
7187.196420,0.447458,-1.256232,10.059426,0.000000,0.000000,0.000000,-0.320312,0.062500,0.281250,2.527315,-7.111347,44.971687
7187.464261,0.447458,-1.256232,10.059426,0.000000,0.000000,0.000000,-0.320312,0.062500,0.281250,2.527315,-7.111347,44.971687
7187.731500,0.447458,-1.256232,10.059426,0.000000,0.000000,0.000000,-0.320312,0.062500,0.281250,2.527315,-7.111347,44.971687
7188.009526,0.447458,-1.256232,10.059426,0.000000,0.000000,0.000000,-0.320312,0.062500,0.281250,2.527315,-7.111347,44.971687
7188.282105,0.447458,-1.256232,10.059426,0.000000,0.000000,0.000000,-0.320312,0.062500,0.281250,2.527315,-7.111347,44.971687
7188.566603,0.447458,-1.256232,10.059426,0.000000,0.000000,0.000000,-0.320312,0.062500,0.281250,2.527315,-7.111347,44.971687
7188.860303,0.447458,-1.256232,10.059426,0.000000,0.000000,0.000000,-0.320312,0.062500,0.281250,2.527315,-7.111347,44.971687
7189.131742,0.447458,-1.256232,10.059426,0.000000,0.000000,0.000000,-0.320312,0.062500,0.281250,2.527315,-7.111347,44.971687
7189.407298,0.447458,-1.256232,10.059426,0.000000,0.000000,0.000000,-0.320312,0.062500,0.281250,2.527315,-7.111347,44.971687
7189.676136,0.447458,-1.256232,10.059426,0.000000,0.000000,0.000000,-0.320312,0.062500,0.281250,2.527315,-7.111347,44.971687
7189.956653,0.447458,-1.256232,10.059426,0.000000,0.000000,0.000000,-0.320312,0.062500,0.281250,2.527315,-7.111347,44.971687
7190.225370,0.447458,-1.256232,10.059426,0.000000,0.000000,0.000000,-0.320312,0.062500,0.281250,2.527315,-7.111347,44.971687
7190.494080,0.447458,-1.256232,10.059426,0.000000,0.000000,0.000000,-0.320312,0.062500,0.281250,2.527315,-7.111347,44.971687
7190.796586,0.447458,-1.256232,10.059426,0.000000,0.000000,0.000000,-0.320312,0.062500,0.281250,2.527315,-7.111347,44.971687
7191.073682,0.447458,-1.256232,10.059426,0.000000,0.000000,0.000000,-0.320312,0.062500,0.281250,2.527315,-7.111347,44.971687
7191.350606,0.447458,-1.256232,10.059426,0.000000,0.000000,0.000000,-0.320312,0.062500,0.281250,2.527315,-7.111347,44.971687
7191.619880,0.447458,-1.256232,10.059426,0.000000,0.000000,0.000000,-0.320312,0.062500,0.281250,2.527315,-7.111347,44.971687
7191.904193,0.447458,-1.256232,10.059426,0.000000,0.000000,0.000000,-0.320312,0.062500,0.281250,2.527315,-7.111347,44.971687
7192.171077,0.447458,-1.256232,10.059426,0.000000,0.000000,0.000000,-0.320312,0.062500,0.281250,2.527315,-7.111347,44.971687
7192.434869,0.447458,-1.256232,10.059426,0.000000,0.000000,0.000000,-0.320312,0.062500,0.281250,2.527315,-7.111347,44.971687
7192.702307,0.447458,-1.256232,10.059426,0.000000,0.000000,0.000000,-0.320312,0.062500,0.281250,2.527315,-7.111347,44.971687
7192.970972,0.447458,-1.256232,10.059426,0.000000,0.000000,0.000000,-0.320312,0.062500,0.281250,2.527315,-7.111347,44.971687
7193.234560,0.447458,-1.256232,10.059426,0.000000,0.000000,0.000000,-0.320312,0.062500,0.281250,2.527315,-7.111347,44.971687
7193.516343,0.447458,-1.256232,10.059426,0.000000,0.000000,0.000000,-0.320312,0.062500,0.281250,2.527315,-7.111347,44.971687
7193.786861,0.447458,-1.256232,10.059426,0.000000,0.000000,0.000000,-0.320312,0.062500,0.281250,2.527315,-7.111347,44.971687
7194.060783,0.447458,-1.256232,10.059426,0.000000,0.000000,0.000000,-0.320312,0.062500,0.281250,2.527315,-7.111347,44.971687
7194.330980,0.447458,-1.256232,10.059426,0.000000,0.000000,0.000000,-0.320312,0.062500,0.281250,2.527315,-7.111347,44.971687
7194.630019,0.447458,-1.256232,10.059426,0.000000,0.000000,0.000000,-0.320312,0.062500,0.281250,2.527315,-7.111347,44.971687
7194.909306,0.447458,-1.256232,10.059426,0.000000,0.000000,0.000000,-0.320312,0.062500,0.281250,2.527315,-7.111347,44.971687
7195.182332,0.447458,-1.256232,10.059426,0.000000,0.000000,0.000000,-0.320312,0.062500,0.281250,2.527315,-7.111347,44.971687
7195.456527,0.447458,-1.256232,10.059426,0.000000,0.000000,0.000000,-0.320312,0.062500,0.281250,2.527315,-7.111347,44.971687
7195.730930,0.447458,-1.256232,10.059426,0.000000,0.000000,0.000000,-0.320312,0.062500,0.281250,2.527315,-7.111347,44.971687
7195.994647,0.447458,-1.256232,10.059426,0.000000,0.000000,0.000000,-0.320312,0.062500,0.281250,2.527315,-7.111347,44.971687
7196.281059,0.447458,-1.256232,10.059426,0.000000,0.000000,0.000000,-0.320312,0.062500,0.281250,2.527315,-7.111347,44.971687
7196.556507,0.447458,-1.256232,10.059426,0.000000,0.000000,0.000000,-0.320312,0.062500,0.281250,2.527315,-7.111347,44.971687
7196.835200,0.447458,-1.256232,10.059426,0.000000,0.000000,0.000000,-0.320312,0.062500,0.281250,2.527315,-7.111347,44.971687
7197.110884,0.447458,-1.256232,10.059426,0.000000,0.000000,0.000000,-0.320312,0.062500,0.281250,2.527315,-7.111347,44.971687
7197.383130,0.447458,-1.256232,10.059426,0.000000,0.000000,0.000000,-0.320312,0.062500,0.281250,2.527315,-7.111347,44.971687
7197.650871,0.447458,-1.256232,10.059426,0.000000,0.000000,0.000000,-0.320312,0.062500,0.281250,2.527315,-7.111347,44.971687
7197.923344,0.447458,-1.256232,10.059426,0.000000,0.000000,0.000000,-0.320312,0.062500,0.281250,2.527315,-7.111347,44.971687
7198.187080,0.447458,-1.256232,10.059426,0.000000,0.000000,0.000000,-0.320312,0.062500,0.281250,2.527315,-7.111347,44.971687
7198.455171,0.447458,-1.256232,10.059426,0.000000,0.000000,0.000000,-0.320312,0.062500,0.281250,2.527315,-7.111347,44.971687
7198.729009,0.447458,-1.256232,10.059426,0.000000,0.000000,0.000000,-0.320312,0.062500,0.281250,2.527315,-7.111347,44.971687
7198.992950,0.447458,-1.256232,10.059426,0.000000,0.000000,0.000000,-0.320312,0.062500,0.281250,2.527315,-7.111347,44.971687
7199.280088,0.447458,-1.256232,10.059426,0.000000,0.000000,0.000000,-0.320312,0.062500,0.281250,2.527315,-7.111347,44.971687
7199.563816,0.447458,-1.256232,10.059426,0.000000,0.000000,0.000000,-0.320312,0.062500,0.281250,2.527315,-7.111347,44.971687
7199.836472,0.447458,-1.256232,10.059426,0.000000,0.000000,0.000000,-0.320312,0.062500,0.281250,2.527315,-7.111347,44.971687
7200.102076,0.447458,-1.256232,10.059426,0.000000,0.000000,0.000000,-0.320312,0.062500,0.281250,2.527315,-7.111347,44.971687
7200.376229,0.447458,-1.256232,10.059426,0.000000,0.000000,0.000000,-0.320312,0.062500,0.281250,2.527315,-7.111347,44.971687
7200.680144,0.447458,-1.256232,10.059426,0.000000,0.000000,0.000000,-0.320312,0.062500,0.281250,2.527315,-7.111347,44.971687
7200.962375,0.447458,-1.256232,10.059426,0.000000,0.000000,0.000000,-0.320312,0.062500,0.281250,2.527315,-7.111347,44.971687
7201.230806,0.447458,-1.256232,10.059426,0.000000,0.000000,0.000000,-0.320312,0.062500,0.281250,2.527315,-7.111347,44.971687
7201.510460,0.447458,-1.256232,10.059426,0.000000,0.000000,0.000000,-0.320312,0.062500,0.281250,2.527315,-7.111347,44.971687
7201.783231,0.447458,-1.256232,10.059426,0.000000,0.000000,0.000000,-0.320312,0.062500,0.281250,2.527315,-7.111347,44.971687
7202.050929,0.447458,-1.256232,10.059426,0.000000,0.000000,0.000000,-0.320312,0.062500,0.281250,2.527315,-7.111347,44.971687
7202.320154,0.447458,-1.256232,10.059426,0.000000,0.000000,0.000000,-0.320312,0.062500,0.281250,2.527315,-7.111347,44.971687
7202.596779,0.447458,-1.256232,10.059426,0.000000,0.000000,0.000000,-0.320312,0.062500,0.281250,2.527315,-7.111347,44.971687
7202.870905,0.447458,-1.256232,10.059426,0.000000,0.000000,0.000000,-0.320312,0.062500,0.281250,2.527315,-7.111347,44.971687
7203.143125,0.447458,-1.256232,10.059426,0.000000,0.000000,0.000000,-0.320312,0.062500,0.281250,2.527315,-7.111347,44.971687
7203.413451,0.447458,-1.256232,10.059426,0.000000,0.000000,0.000000,-0.320312,0.062500,0.281250,2.527315,-7.111347,44.971687
7203.701094,0.447458,-1.256232,10.059426,0.000000,0.000000,0.000000,-0.320312,0.062500,0.281250,2.527315,-7.111347,44.971687
7203.986635,0.447458,-1.256232,10.059426,0.000000,0.000000,0.000000,-0.320312,0.062500,0.281250,2.527315,-7.111347,44.971687
7204.275674,0.447458,-1.256232,10.059426,0.000000,0.000000,0.000000,-0.320312,0.062500,0.281250,2.527315,-7.111347,44.971687
7204.557535,0.447458,-1.256232,10.059426,0.000000,0.000000,0.000000,-0.320312,0.062500,0.281250,2.527315,-7.111347,44.971687
7204.836677,0.447458,-1.256232,10.059426,0.000000,0.000000,0.000000,-0.320312,0.062500,0.281250,2.527315,-7.111347,44.971687
7205.110889,0.447458,-1.256232,10.059426,0.000000,0.000000,0.000000,-0.320312,0.062500,0.281250,2.527315,-7.111347,44.971687
7205.380891,0.447458,-1.256232,10.059426,0.000000,0.000000,0.000000,-0.320312,0.062500,0.281250,2.527315,-7.111347,44.971687
7205.647881,0.447458,-1.256232,10.059426,0.000000,0.000000,0.000000,-0.320312,0.062500,0.281250,2.527315,-7.111347,44.971687
7205.916053,0.447458,-1.256232,10.059426,0.000000,0.000000,0.000000,-0.320312,0.062500,0.281250,2.527315,-7.111347,44.971687
7206.185418,0.447458,-1.256232,10.059426,0.000000,0.000000,0.000000,-0.320312,0.062500,0.281250,2.527315,-7.111347,44.971687
                                                                                                                                                                                                                                                                                                                                                                                                                                                                                                                                                                                                                                                                                                                                                                                                                                                                                                                                                                                                                                                                                                                                                                                                                                                                                                                                                                                                                                                                                                                                                                                                                                                                                                                                                                                                                                                                                                                                                                                                                                                                                                                                                                                                                                                                                                                                                          