2020,11,12,11,12,0, -50.0000000000
2020,11,12,11,12,0, -50.0000000000
2020,11,12,11,12,1, -48.0645000000
2020,11,12,11,12,1, -50.0000000000
2020,11,12,11,12,1, -48.3871000000
2020,11,12,11,12,1, -50.0000000000
2020,11,12,11,12,2, -49.6774000000
2020,11,12,11,12,2, -48.7097000000
2020,11,12,11,12,2, -50.0000000000
2020,11,12,11,12,2, -48.3871000000
2020,11,12,11,12,3, -49.6774000000
2020,11,12,11,12,3, -50.0000000000
2020,11,12,11,12,3, -49.0323000000
2020,11,12,11,12,3, -50.0000000000
2020,11,12,11,12,4, -48.3871000000
2020,11,12,11,12,4, -50.0000000000
2020,11,12,11,12,4, -48.0645000000
2020,11,12,11,12,4, -49.0323000000
2020,11,12,11,12,5, -50.0000000000
2020,11,12,11,12,5, -48.0645000000
2020,11,12,11,12,5, -48.7097000000
2020,11,12,11,12,6, -50.0000000000
2020,11,12,11,12,6, -47.4194000000
2020,11,12,11,12,6, -48.7097000000
2020,11,12,11,12,6, -50.0000000000
2020,11,12,11,12,7, -49.0323000000
2020,11,12,11,12,7, -50.0000000000
2020,11,12,11,12,7, -50.0000000000
2020,11,12,11,12,7, -49.0323000000
2020,11,12,11,12,8, -49.3548000000
2020,11,12,11,12,8, -49.6774000000
2020,11,12,11,12,8, -50.0000000000
2020,11,12,11,12,8, -48.3871000000
2020,11,12,11,12,9, -50.0000000000
2020,11,12,11,12,9, -48.7097000000
2020,11,12,11,12,9, -50.0000000000
2020,11,12,11,12,9, -49.3548000000
2020,11,12,11,12,10, -49.6774000000
2020,11,12,11,12,10, -50.0000000000
2020,11,12,11,12,10, -50.0000000000
2020,11,12,11,12,10, -48.0645000000
2020,11,12,11,12,11, -50.0000000000
2020,11,12,11,12,11, -50.0000000000
2020,11,12,11,12,11, -48.3871000000
2020,11,12,11,12,12, -49.0323000000
2020,11,12,11,12,12, -50.0000000000
2020,11,12,11,12,12, -50.0000000000
2020,11,12,11,12,12, -48.3871000000
2020,11,12,11,12,13, -50.0000000000
2020,11,12,11,12,13, -50.0000000000
2020,11,12,11,12,13, -47.7419000000
2020,11,12,11,12,13, -50.0000000000
2020,11,12,11,12,14, -50.0000000000
2020,11,12,11,12,14, -49.3548000000
2020,11,12,11,12,14, -48.7097000000
2020,11,12,11,12,14, -49.3548000000
2020,11,12,11,12,15, -50.0000000000
2020,11,12,11,12,15, -48.0645000000
2020,11,12,11,12,15, -48.7097000000
2020,11,12,11,12,15, -50.0000000000
2020,11,12,11,12,16, -50.0000000000
2020,11,12,11,12,16, -50.0000000000
2020,11,12,11,12,16, -50.0000000000
2020,11,12,11,12,16, -47.4194000000
2020,11,12,11,12,17, -50.0000000000
2020,11,12,11,12,17, -50.0000000000
2020,11,12,11,12,17, -48.7097000000
2020,11,12,11,12,18, -49.6774000000
2020,11,12,11,12,18, -49.0323000000
2020,11,12,11,12,18, -49.6774000000
2020,11,12,11,12,18, -50.0000000000
2020,11,12,11,12,19, -50.0000000000
2020,11,12,11,12,19, -48.3871000000
2020,11,12,11,12,19, -50.0000000000
2020,11,12,11,12,19, -50.0000000000
2020,11,12,11,12,20, -49.6774000000
2020,11,12,11,12,20, -48.7097000000
2020,11,12,11,12,20, -49.3548000000
2020,11,12,11,12,20, -50.0000000000
2020,11,12,11,12,21, -50.0000000000
2020,11,12,11,12,21, -48.3871000000
2020,11,12,11,12,21, -50.0000000000
2020,11,12,11,12,21, -50.0000000000
2020,11,12,11,12,22, -50.0000000000
2020,11,12,11,12,22, -49.3548000000
2020,11,12,11,12,22, -49.0323000000
2020,11,12,11,12,23, -50.0000000000
2020,11,12,11,12,23, -50.0000000000
2020,11,12,11,12,23, -49.6774000000
2020,11,12,11,12,23, -50.0000000000
2020,11,12,11,12,24, -48.0645000000
2020,11,12,11,12,24, -50.0000000000
2020,11,12,11,12,24, -49.6774000000
2020,11,12,11,12,24, -48.3871000000
2020,11,12,11,12,25, -50.0000000000
2020,11,12,11,12,25, -50.0000000000
2020,11,12,11,12,25, -48.0645000000
2020,11,12,11,12,25, -50.0000000000
2020,11,12,11,12,26, -48.7097000000
2020,11,12,11,12,26, -48.7097000000
2020,11,12,11,12,26, -49.6774000000
2020,11,12,11,12,26, -49.6774000000
2020,11,12,11,12,27, -50.0000000000
2020,11,12,11,12,27, -48.3871000000
2020,11,12,11,12,27, -48.7097000000
2020,11,12,11,12,28, -50.0000000000
2020,11,12,11,12,28, -48.7097000000
2020,11,12,11,12,28, -50.0000000000
2020,11,12,11,12,28, -48.3871000000
2020,11,12,11,12,29, -49.3548000000
2020,11,12,11,12,29, -49.3548000000
2020,11,12,11,12,29, -50.0000000000
2020,11,12,11,12,29, -48.0645000000
2020,11,12,11,12,30, -50.0000000000
2020,11,12,11,12,30, -50.0000000000
2020,11,12,11,12,30, -50.0000000000
2020,11,12,11,12,30, -48.3871000000
2020,11,12,11,12,31, -48.7097000000
2020,11,12,11,12,31, -50.0000000000
2020,11,12,11,12,31, -49.0323000000
2020,11,12,11,12,31, -49.3548000000
2020,11,12,11,12,32, -50.0000000000
2020,11,12,11,12,32, -48.0645000000
2020,11,12,11,12,32, -49.0323000000
2020,11,12,11,12,32, -50.0000000000
2020,11,12,11,12,33, -48.7097000000
2020,11,12,11,12,33, -48.7097000000
2020,11,12,11,12,33, -50.0000000000
2020,11,12,11,12,34, -48.7097000000
2020,11,12,11,12,34, -48.7097000000
2020,11,12,11,12,34, -50.0000000000
2020,11,12,11,12,34, -49.3548000000
2020,11,12,11,12,35, -49.6774000000
2020,11,12,11,12,35, -49.0323000000
2020,11,12,11,12,35, -50.0000000000
2020,11,12,11,12,35, -48.0645000000
2020,11,12,11,12,36, -50.0000000000
2020,11,12,11,12,36, -50.0000000000
2020,11,12,11,12,36, -49.0323000000
2020,11,12,11,12,36, -49.6774000000
2020,11,12,11,12,37, -49.0323000000
2020,11,12,11,12,37, -50.0000000000
2020,11,12,11,12,37, -48.0645000000
2020,11,12,11,12,37, -50.0000000000
2020,11,12,11,12,38, -50.0000000000
2020,11,12,11,12,38, -48.3871000000
2020,11,12,11,12,38, -50.0000000000
2020,11,12,11,12,38, -48.0645000000
2020,11,12,11,12,39, -49.0323000000
2020,11,12,11,12,39, -50.0000000000
2020,11,12,11,12,39, -50.0000000000
2020,11,12,11,12,40, -49.0323000000
2020,11,12,11,12,40, -49.3548000000
2020,11,12,11,12,40, -50.0000000000
2020,11,12,11,12,40, -50.0000000000
2020,11,12,11,12,41, -48.3871000000
2020,11,12,11,12,41, -50.0000000000
2020,11,12,11,12,41, -50.0000000000
2020,11,12,11,12,41, -48.3871000000
2020,11,12,11,12,42, -50.0000000000
2020,11,12,11,12,42, -48.7097000000
2020,11,12,11,12,42, -50.0000000000
2020,11,12,11,12,42, -49.3548000000
2020,11,12,11,12,43, -50.0000000000
2020,11,12,11,12,43, -50.0000000000
2020,11,12,11,12,43, -48.3871000000
2020,11,12,11,12,43, -48.7097000000
2020,11,12,11,12,44, -50.0000000000
2020,11,12,11,12,44, -48.0645000000
2020,11,12,11,12,44, -50.0000000000
2020,11,12,11,12,45, -48.0645000000
2020,11,12,11,12,45, -49.3548000000
2020,11,12,11,12,45, -50.0000000000
2020,11,12,11,12,45, -47.7419000000
2020,11,12,11,12,46, -50.0000000000
2020,11,12,11,12,46, -49.6774000000
2020,11,12,11,12,46, -47.7419000000
2020,11,12,11,12,46, -50.0000000000
2020,11,12,11,12,47, -50.0000000000
2020,11,12,11,12,47, -50.0000000000
2020,11,12,11,12,47, -49.3548000000
2020,11,12,11,12,47, -48.7097000000
2020,11,12,11,12,48, -50.0000000000
2020,11,12,11,12,48, -50.0000000000
2020,11,12,11,12,48, -49.0323000000
2020,11,12,11,12,48, -49.6774000000
2020,11,12,11,12,49, -50.0000000000
2020,11,12,11,12,49, -48.0645000000
2020,11,12,11,12,49, -50.0000000000
2020,11,12,11,12,49, -49.6774000000
2020,11,12,11,12,50, -50.0000000000
2020,11,12,11,12,50, -48.0645000000
2020,11,12,11,12,50, -50.0000000000
2020,11,12,11,12,51, -50.0000000000
2020,11,12,11,12,51, -48.0645000000
2020,11,12,11,12,51, -50.0000000000
2020,11,12,11,12,51, -49.0323000000
2020,11,12,11,12,52, -49.6774000000
2020,11,12,11,12,52, -50.0000000000
2020,11,12,11,12,52, -50.0000000000
2020,11,12,11,12,52, -48.3871000000
2020,11,12,11,12,53, -50.0000000000
2020,11,12,11,12,53, -50.0000000000
2020,11,12,11,12,53, -47.7419000000
2020,11,12,11,12,53, -50.0000000000
2020,11,12,11,12,54, -48.3871000000
2020,11,12,11,12,54, -50.0000000000
2020,11,12,11,12,54, -48.3871000000
2020,11,12,11,12,54, -50.0000000000
2020,11,12,11,12,55, -49.3548000000
2020,11,12,11,12,55, -49.0323000000
2020,11,12,11,12,55, -50.0000000000
2020,11,12,11,12,55, -47.4194000000
2020,11,12,11,12,56, -49.3548000000
2020,11,12,11,12,56, -50.0000000000
2020,11,12,11,12,56, -50.0000000000
2020,11,12,11,12,56, -50.0000000000
2020,11,12,11,12,57, -49.3548000000
2020,11,12,11,12,57, -50.0000000000
2020,11,12,11,12,57, -50.0000000000
2020,11,12,11,12,58, -48.3871000000
2020,11,12,11,12,58, -49.3548000000
2020,11,12,11,12,58, -50.0000000000
2020,11,12,11,12,58, -49.0323000000
2020,11,12,11,12,59, -49.3548000000
2020,11,12,11,12,59, -50.0000000000
2020,11,12,11,12,59, -48.0645000000
2020,11,12,11,12,59, -50.0000000000
2020,11,12,11,13,0, -49.6774000000
2020,11,12,11,13,0, -50.0000000000
2020,11,12,11,13,0, -48.7097000000
2020,11,12,11,13,0, -49.0323000000
2020,11,12,11,13,1, -50.0000000000
2020,11,12,11,13,1, -50.0000000000
2020,11,12,11,13,1, -50.0000000000
2020,11,12,11,13,1, -48.0645000000
2020,11,12,11,13,2, -50.0000000000
2020,11,12,11,13,2, -48.0645000000
2020,11,12,11,13,2, -50.0000000000
2020,11,12,11,13,3, -48.7097000000
2020,11,12,11,13,3, -50.0000000000
2020,11,12,11,13,3, -49.3548000000
2020,11,12,11,13,3, -50.0000000000
2020,11,12,11,13,4, -50.0000000000
2020,11,12,11,13,4, -50.0000000000
2020,11,12,11,13,4, -48.3871000000
2020,11,12,11,13,4, -49.3548000000
2020,11,12,11,13,5, -49.6774000000
2020,11,12,11,13,5, -50.0000000000
2020,11,12,11,13,5, -50.0000000000
2020,11,12,11,13,5, -50.0000000000
2020,11,12,11,13,6, -50.0000000000
2020,11,12,11,13,6, -50.0000000000
2020,11,12,11,13,6, -50.0000000000
2020,11,12,11,13,6, -49.3548000000
2020,11,12,11,13,7, -50.0000000000
2020,11,12,11,13,7, -48.0645000000
2020,11,12,11,13,7, -50.0000000000
2020,11,12,11,13,8, -50.0000000000
2020,11,12,11,13,8, -49.6774000000
2020,11,12,11,13,8, -50.0000000000
2020,11,12,11,13,8, -49.6774000000
2020,11,12,11,13,9, -50.0000000000
2020,11,12,11,13,9, -50.0000000000
2020,11,12,11,13,9, -49.3548000000
2020,11,12,11,13,9, -49.6774000000
2020,11,12,11,13,10, -50.0000000000
2020,11,12,11,13,10, -49.6774000000
2020,11,12,11,13,10, -48.3871000000
2020,11,12,11,13,10, -49.0323000000
2020,11,12,11,13,11, -50.0000000000
2020,11,12,11,13,11, -50.0000000000
2020,11,12,11,13,11, -50.0000000000
2020,11,12,11,13,11, -48.0645000000
2020,11,12,11,13,12, -50.0000000000
2020,11,12,11,13,12, -50.0000000000
2020,11,12,11,13,12, -49.0323000000
2020,11,12,11,13,13, -50.0000000000
2020,11,12,11,13,13, -50.0000000000
2020,11,12,11,13,13, -50.0000000000
2020,11,12,11,13,13, -50.0000000000
2020,11,12,11,13,14, -50.0000000000
2020,11,12,11,13,14, -50.0000000000
2020,11,12,11,13,14, -48.3871000000
2020,11,12,11,13,14, -50.0000000000
2020,11,12,11,13,15, -50.0000000000
2020,11,12,11,13,15, -48.7097000000
2020,11,12,11,13,15, -48.3871000000
2020,11,12,11,13,15, -50.0000000000
2020,11,12,11,13,16, -50.0000000000
2020,11,12,11,13,16, -48.0645000000
2020,11,12,11,13,16, -48.7097000000
2020,11,12,11,13,16, -50.0000000000
2020,11,12,11,13,17, -49.0323000000
2020,11,12,11,13,17, -49.3548000000
2020,11,12,11,13,17, -50.0000000000
2020,11,12,11,13,18, -50.0000000000
2020,11,12,11,13,18, -49.0323000000
2020,11,12,11,13,18, -50.0000000000
2020,11,12,11,13,18, -48.0645000000
2020,11,12,11,13,19, -50.0000000000
2020,11,12,11,13,19, -48.0645000000
2020,11,12,11,13,19, -48.7097000000
2020,11,12,11,13,19, -50.0000000000
2020,11,12,11,13,20, -48.3871000000
2020,11,12,11,13,20, -50.0000000000
2020,11,12,11,13,20, -49.3548000000
2020,11,12,11,13,20, -50.0000000000
2020,11,12,11,13,21, -48.7097000000
2020,11,12,11,13,21, -50.0000000000
2020,11,12,11,13,21, -48.3871000000
2020,11,12,11,13,21, -50.0000000000
2020,11,12,11,13,22, -49.0323000000
2020,11,12,11,13,22, -50.0000000000
2020,11,12,11,13,22, -48.7097000000
2020,11,12,11,13,23, -49.3548000000
2020,11,12,11,13,23, -48.7097000000
2020,11,12,11,13,23, -50.0000000000
2020,11,12,11,13,23, -50.0000000000
2020,11,12,11,13,24, -49.0323000000
2020,11,12,11,13,24, -50.0000000000
2020,11,12,11,13,24, -49.3548000000
2020,11,12,11,13,24, -50.0000000000
2020,11,12,11,13,25, -50.0000000000
2020,11,12,11,13,25, -49.0323000000
2020,11,12,11,13,25, -50.0000000000
2020,11,12,11,13,26, -48.3871000000
2020,11,12,11,13,26, -50.0000000000
2020,11,12,11,13,26, -48.0645000000
2020,11,12,11,13,26, -50.0000000000
2020,11,12,11,13,27, -48.3871000000
2020,11,12,11,13,27, -49.3548000000
2020,11,12,11,13,27, -49.6774000000
2020,11,12,11,13,27, -49.3548000000
2020,11,12,11,13,28, -50.0000000000
2020,11,12,11,13,28, -49.0323000000
2020,11,12,11,13,28, -50.0000000000
2020,11,12,11,13,28, -50.0000000000
2020,11,12,11,13,29, -49.6774000000
2020,11,12,11,13,29, -49.0323000000
2020,11,12,11,13,29, -50.0000000000
2020,11,12,11,13,29, -49.3548000000
2020,11,12,11,13,30, -50.0000000000
2020,11,12,11,13,30, -49.6774000000
2020,11,12,11,13,30, -48.0645000000
2020,11,12,11,13,31, -50.0000000000
2020,11,12,11,13,31, -48.3871000000
2020,11,12,11,13,31, -50.0000000000
2020,11,12,11,13,31, -50.0000000000
2020,11,12,11,13,32, -48.3871000000
2020,11,12,11,13,32, -49.6774000000
2020,11,12,11,13,32, -48.7097000000
2020,11,12,11,13,32, -50.0000000000
2020,11,12,11,13,33, -48.3871000000
2020,11,12,11,13,33, -50.0000000000
2020,11,12,11,13,33, -50.0000000000
2020,11,12,11,13,33, -49.3548000000
2020,11,12,11,13,34, -48.7097000000
2020,11,12,11,13,34, -50.0000000000
2020,11,12,11,13,34, -50.0000000000
2020,11,12,11,13,34, -50.0000000000
2020,11,12,11,13,35, -48.3871000000
2020,11,12,11,13,35, -50.0000000000
2020,11,12,11,13,35, -50.0000000000
2020,11,12,11,13,36, -48.0645000000
2020,11,12,11,13,36, -49.0323000000
2020,11,12,11,13,36, -49.6774000000
2020,11,12,11,13,36, -50.0000000000
2020,11,12,11,13,37, -50.0000000000
2020,11,12,11,13,37, -48.3871000000
2020,11,12,11,13,37, -50.0000000000
2020,11,12,11,13,37, -50.0000000000
2020,11,12,11,13,38, -48.7097000000
2020,11,12,11,13,38, -50.0000000000
2020,11,12,11,13,38, -48.7097000000
2020,11,12,11,13,38, -50.0000000000
2020,11,12,11,13,39, -47.4194000000
2020,11,12,11,13,39, -50.0000000000
2020,11,12,11,13,39, -48.3871000000
2020,11,12,11,13,39, -50.0000000000
2020,11,12,11,13,40, -50.0000000000
2020,11,12,11,13,40, -50.0000000000
2020,11,12,11,13,40, -48.0645000000
2020,11,12,11,13,40, -50.0000000000
2020,11,12,11,13,41, -48.7097000000
2020,11,12,11,13,41, -49.6774000000
2020,11,12,11,13,41, -49.3548000000
2020,11,12,11,13,42, -50.0000000000
2020,11,12,11,13,42, -49.6774000000
2020,11,12,11,13,42, -48.7097000000
2020,11,12,11,13,42, -49.6774000000
2020,11,12,11,13,43, -50.0000000000
2020,11,12,11,13,43, -50.0000000000
2020,11,12,11,13,43, -50.0000000000
2020,11,12,11,13,43, -48.7097000000
2020,11,12,11,13,44, -49.3548000000
2020,11,12,11,13,44, -50.0000000000
2020,11,12,11,13,44, -50.0000000000
2020,11,12,11,13,44, -49.0323000000
2020,11,12,11,13,45, -50.0000000000
2020,11,12,11,13,45, -48.0645000000
2020,11,12,11,13,45, -50.0000000000
2020,11,12,11,13,45, -50.0000000000
2020,11,12,11,13,46, -50.0000000000
2020,11,12,11,13,46, -47.7419000000
2020,11,12,11,13,46, -50.0000000000
2020,11,12,11,13,46, -49.6774000000
2020,11,12,11,13,47, -49.0323000000
2020,11,12,11,13,47, -50.0000000000
2020,11,12,11,13,47, -50.0000000000
2020,11,12,11,13,48, -49.3548000000
2020,11,12,11,13,48, -50.0000000000
2020,11,12,11,13,48, -48.3871000000
2020,11,12,11,13,48, -50.0000000000
2020,11,12,11,13,49, -50.0000000000
2020,11,12,11,13,49, -49.6774000000
2020,11,12,11,13,49, -49.3548000000
2020,11,12,11,13,49, -50.0000000000
2020,11,12,11,13,50, -48.0645000000
2020,11,12,11,13,50, -50.0000000000
2020,11,12,11,13,50, -49.0323000000
2020,11,12,11,13,50, -50.0000000000
2020,11,12,11,13,51, -48.3871000000
2020,11,12,11,13,51, -50.0000000000
2020,11,12,11,13,51, -48.0645000000
2020,11,12,11,13,51, -50.0000000000
2020,11,12,11,13,52, -48.0645000000
2020,11,12,11,13,52, -50.0000000000
2020,11,12,11,13,52, -49.0323000000
2020,11,12,11,13,52, -50.0000000000
2020,11,12,11,13,53, -47.7419000000
2020,11,12,11,13,53, -50.0000000000
2020,11,12,11,13,53, -49.3548000000
2020,11,12,11,13,54, -48.7097000000
2020,11,12,11,13,54, -50.0000000000
2020,11,12,11,13,54, -48.3871000000
2020,11,12,11,13,54, -50.0000000000
2020,11,12,11,13,55, -49.3548000000
2020,11,12,11,13,55, -50.0000000000
2020,11,12,11,13,55, -49.3548000000
2020,11,12,11,13,55, -50.0000000000
2020,11,12,11,13,56, -50.0000000000
2020,11,12,11,13,56, -49.0323000000
2020,11,12,11,13,56, -48.3871000000
2020,11,12,11,13,56, -50.0000000000
2020,11,12,11,13,57, -50.0000000000
2020,11,12,11,13,57, -49.3548000000
2020,11,12,11,13,57, -48.7097000000
2020,11,12,11,13,57, -50.0000000000
2020,11,12,11,13,58, -48.3871000000
2020,11,12,11,13,58, -50.0000000000
2020,11,12,11,13,58, -50.0000000000
2020,11,12,11,13,58, -49.0323000000
2020,11,12,11,13,59, -49.3548000000
2020,11,12,11,13,59, -49.3548000000
2020,11,12,11,13,59, -50.0000000000
2020,11,12,11,13,59, -50.0000000000
2020,11,12,11,14,0, -48.0645000000
2020,11,12,11,14,0, -48.7097000000
2020,11,12,11,14,0, -50.0000000000
2020,11,12,11,14,1, -48.7097000000
2020,11,12,11,14,1, -50.0000000000
2020,11,12,11,14,1, -50.0000000000
2020,11,12,11,14,1, -48.0645000000
2020,11,12,11,14,2, -49.0323000000
2020,11,12,11,14,2, -50.0000000000
2020,11,12,11,14,2, -48.7097000000
2020,11,12,11,14,2, -49.0323000000
2020,11,12,11,14,3, -50.0000000000
2020,11,12,11,14,3, -50.0000000000
2020,11,12,11,14,3, -50.0000000000
2020,11,12,11,14,3, -50.0000000000
2020,11,12,11,14,4, -48.0645000000
2020,11,12,11,14,4, -50.0000000000
2020,11,12,11,14,4, -50.0000000000
2020,11,12,11,14,4, -48.0645000000
2020,11,12,11,14,5, -50.0000000000
2020,11,12,11,14,5, -50.0000000000
2020,11,12,11,14,5, -48.0645000000
2020,11,12,11,14,5, -50.0000000000
2020,11,12,11,14,6, -48.7097000000
2020,11,12,11,14,6, -49.6774000000
2020,11,12,11,14,6, -50.0000000000
2020,11,12,11,14,7, -49.3548000000
2020,11,12,11,14,7, -50.0000000000
2020,11,12,11,14,7, -48.0645000000
2020,11,12,11,14,7, -50.0000000000
2020,11,12,11,14,8, -50.0000000000
2020,11,12,11,14,8, -48.3871000000
2020,11,12,11,14,8, -50.0000000000
2020,11,12,11,14,8, -49.3548000000
2020,11,12,11,14,9, -50.0000000000
2020,11,12,11,14,9, -48.0645000000
2020,11,12,11,14,9, -50.0000000000
2020,11,12,11,14,9, -48.7097000000
2020,11,12,11,14,10, -50.0000000000
2020,11,12,11,14,10, -48.7097000000
2020,11,12,11,14,10, -50.0000000000
2020,11,12,11,14,10, -48.0645000000
2020,11,12,11,14,11, -50.0000000000
2020,11,12,11,14,11, -49.0323000000
2020,11,12,11,14,11, -50.0000000000
2020,11,12,11,14,11, -50.0000000000
2020,11,12,11,14,12, -49.3548000000
2020,11,12,11,14,12, -50.0000000000
2020,11,12,11,14,12, -49.0323000000
2020,11,12,11,14,12, -50.0000000000
2020,11,12,11,14,13, -49.6774000000
2020,11,12,11,14,13, -50.0000000000
2020,11,12,11,14,13, -48.7097000000
2020,11,12,11,14,14, -50.0000000000
2020,11,12,11,14,14, -48.3871000000
2020,11,12,11,14,14, -50.0000000000
2020,11,12,11,14,14, -49.0323000000
2020,11,12,11,14,15, -49.3548000000
2020,11,12,11,14,15, -50.0000000000
2020,11,12,11,14,15, -48.7097000000
2020,11,12,11,14,15, -49.0323000000
2020,11,12,11,14,16, -50.0000000000
2020,11,12,11,14,16, -48.3871000000
2020,11,12,11,14,16, -50.0000000000
2020,11,12,11,14,16, -48.0645000000
2020,11,12,11,14,17, -48.7097000000
2020,11,12,11,14,17, -50.0000000000
2020,11,12,11,14,17, -50.0000000000
2020,11,12,11,14,17, -49.0323000000
2020,11,12,11,14,18, -50.0000000000
2020,11,12,11,14,18, -48.0645000000
2020,11,12,11,14,18, -50.0000000000
2020,11,12,11,14,18, -50.0000000000
2020,11,12,11,14,19, -48.0645000000
2020,11,12,11,14,19, -50.0000000000
2020,11,12,11,14,19, -50.0000000000
2020,11,12,11,14,20, -49.6774000000
2020,11,12,11,14,20, -50.0000000000
2020,11,12,11,14,20, -48.3871000000
2020,11,12,11,14,20, -49.3548000000
2020,11,12,11,14,21, -50.0000000000
2020,11,12,11,14,21, -48.3871000000
2020,11,12,11,14,21, -50.0000000000
2020,11,12,11,14,21, -50.0000000000
2020,11,12,11,14,22, -48.7097000000
2020,11,12,11,14,22, -50.0000000000
2020,11,12,11,14,22, -50.0000000000
2020,11,12,11,14,22, -47.0968000000
2020,11,12,11,14,23, -50.0000000000
2020,11,12,11,14,23, -49.6774000000
2020,11,12,11,14,23, -50.0000000000
2020,11,12,11,14,23, -47.7419000000
2020,11,12,11,14,24, -50.0000000000
2020,11,12,11,14,24, -48.3871000000
2020,11,12,11,14,24, -50.0000000000
2020,11,12,11,14,24, -50.0000000000
2020,11,12,11,14,25, -49.0323000000
2020,11,12,11,14,25, -50.0000000000
2020,11,12,11,14,25, -48.0645000000
2020,11,12,11,14,26, -49.3548000000
2020,11,12,11,14,26, -50.0000000000
2020,11,12,11,14,26, -50.0000000000
2020,11,12,11,14,26, -50.0000000000
2020,11,12,11,14,27, -48.7097000000
2020,11,12,11,14,27, -49.6774000000
2020,11,12,11,14,27, -49.6774000000
2020,11,12,11,14,27, -50.0000000000
2020,11,12,11,14,28, -50.0000000000
2020,11,12,11,14,28, -49.3548000000
2020,11,12,11,14,28, -50.0000000000
2020,11,12,11,14,28, -48.7097000000
2020,11,12,11,14,29, -50.0000000000
2020,11,12,11,14,29, -50.0000000000
2020,11,12,11,14,29, -49.3548000000
2020,11,12,11,14,29, -48.3871000000
2020,11,12,11,14,30, -48.7097000000
2020,11,12,11,14,30, -50.0000000000
2020,11,12,11,14,30, -50.0000000000
2020,11,12,11,14,30, -48.7097000000
2020,11,12,11,14,31, -50.0000000000
2020,11,12,11,14,31, -49.0323000000
2020,11,12,11,14,31, -49.6774000000
2020,11,12,11,14,31, -50.0000000000
2020,11,12,11,14,32, -48.0645000000
2020,11,12,11,14,32, -49.0323000000
2020,11,12,11,14,32, -50.0000000000
2020,11,12,11,14,33, -48.7097000000
2020,11,12,11,14,33, -50.0000000000
2020,11,12,11,14,33, -50.0000000000
2020,11,12,11,14,33, -48.0645000000
2020,11,12,11,14,34, -49.6774000000
2020,11,12,11,14,34, -50.0000000000
2020,11,12,11,14,34, -48.3871000000
2020,11,12,11,14,34, -49.6774000000
2020,11,12,11,14,35, -48.7097000000
2020,11,12,11,14,35, -50.0000000000
2020,11,12,11,14,35, -48.7097000000
2020,11,12,11,14,35, -50.0000000000
2020,11,12,11,14,36, -50.0000000000
2020,11,12,11,14,36, -50.0000000000
2020,11,12,11,14,36, -48.7097000000
2020,11,12,11,14,36, -49.3548000000
2020,11,12,11,14,37, -50.0000000000
2020,11,12,11,14,37, -49.0323000000
2020,11,12,11,14,37, -50.0000000000
2020,11,12,11,14,38, -50.0000000000
2020,11,12,11,14,38, -48.3871000000
2020,11,12,11,14,38, -50.0000000000
2020,11,12,11,14,38, -47.4194000000
2020,11,12,11,14,39, -50.0000000000
2020,11,12,11,14,39, -48.0645000000
2020,11,12,11,14,39, -49.6774000000
2020,11,12,11,14,39, -50.0000000000
2020,11,12,11,14,40, -47.7419000000
2020,11,12,11,14,40, -49.3548000000
2020,11,12,11,14,40, -48.3871000000
2020,11,12,11,14,40, -50.0000000000
2020,11,12,11,14,41, -48.3871000000
2020,11,12,11,14,41, -50.0000000000
2020,11,12,11,14,41, -48.3871000000
2020,11,12,11,14,41, -50.0000000000
2020,11,12,11,14,42, -48.3871000000
2020,11,12,11,14,42, -50.0000000000
2020,11,12,11,14,42, -49.3548000000
2020,11,12,11,14,42, -49.3548000000
2020,11,12,11,14,43, -50.0000000000
2020,11,12,11,14,43, -50.0000000000
2020,11,12,11,14,43, -48.0645000000
2020,11,12,11,14,44, -48.7097000000
2020,11,12,11,14,44, -50.0000000000
2020,11,12,11,14,44, -50.0000000000
2020,11,12,11,14,44, -49.3548000000
2020,11,12,11,14,45, -49.3548000000
2020,11,12,11,14,45, -50.0000000000
2020,11,12,11,14,45, -49.6774000000
2020,11,12,11,14,45, -50.0000000000
2020,11,12,11,14,46, -47.7419000000
2020,11,12,11,14,46, -49.6774000000
2020,11,12,11,14,46, -50.0000000000
2020,11,12,11,14,46, -49.3548000000
2020,11,12,11,14,47, -50.0000000000
2020,11,12,11,14,47, -47.7419000000
2020,11,12,11,14,47, -50.0000000000
2020,11,12,11,14,47, -50.0000000000
2020,11,12,11,14,48, -48.0645000000
2020,11,12,11,14,48, -50.0000000000
2020,11,12,11,14,48, -48.7097000000
2020,11,12,11,14,49, -50.0000000000
2020,11,12,11,14,49, -50.0000000000
2020,11,12,11,14,49, -47.7419000000
2020,11,12,11,14,49, -50.0000000000
2020,11,12,11,14,50, -48.0645000000
2020,11,12,11,14,50, -50.0000000000
2020,11,12,11,14,50, -49.6774000000
2020,11,12,11,14,50, -48.7097000000
2020,11,12,11,14,51, -49.6774000000
2020,11,12,11,14,51, -49.0323000000
2020,11,12,11,14,51, -50.0000000000
2020,11,12,11,14,51, -50.0000000000
2020,11,12,11,14,52, -48.0645000000
2020,11,12,11,14,52, -50.0000000000
2020,11,12,11,14,52, -48.3871000000
2020,11,12,11,14,52, -50.0000000000
2020,11,12,11,14,53, -48.7097000000
2020,11,12,11,14,53, -49.6774000000
2020,11,12,11,14,53, -49.6774000000
2020,11,12,11,14,54, -50.0000000000
2020,11,12,11,14,54, -48.7097000000
2020,11,12,11,14,54, -49.3548000000
2020,11,12,11,14,54, -50.0000000000
2020,11,12,11,14,55, -49.3548000000
2020,11,12,11,14,55, -50.0000000000
2020,11,12,11,14,55, -50.0000000000
2020,11,12,11,14,55, -48.7097000000
2020,11,12,11,14,56, -50.0000000000
2020,11,12,11,14,56, -48.0645000000
2020,11,12,11,14,56, -50.0000000000
2020,11,12,11,14,56, -49.3548000000
2020,11,12,11,14,57, -50.0000000000
2020,11,12,11,14,57, -50.0000000000
2020,11,12,11,14,57, -50.0000000000
2020,11,12,11,14,57, -48.3871000000
2020,11,12,11,14,58, -50.0000000000
2020,11,12,11,14,58, -50.0000000000
2020,11,12,11,14,58, -49.3548000000
2020,11,12,11,14,59, -50.0000000000
2020,11,12,11,14,59, -49.0323000000
2020,11,12,11,14,59, -49.3548000000
2020,11,12,11,14,59, -48.7097000000
2020,11,12,11,15,0, -50.0000000000
2020,11,12,11,15,0, -48.0645000000
2020,11,12,11,15,0, -48.7097000000
2020,11,12,11,15,0, -50.0000000000
2020,11,12,11,15,1, -48.3871000000
2020,11,12,11,15,1, -50.0000000000
2020,11,12,11,15,1, -50.0000000000
2020,11,12,11,15,1, -47.7419000000
2020,11,12,11,15,2, -50.0000000000
2020,11,12,11,15,2, -48.7097000000
2020,11,12,11,15,2, -50.0000000000
2020,11,12,11,15,2, -48.7097000000
2020,11,12,11,15,3, -50.0000000000
2020,11,12,11,15,3, -50.0000000000
2020,11,12,11,15,3, -48.3871000000
2020,11,12,11,15,4, -50.0000000000
2020,11,12,11,15,4, -48.0645000000
2020,11,12,11,15,4, -50.0000000000
2020,11,12,11,15,4, -48.7097000000
2020,11,12,11,15,5, -50.0000000000
2020,11,12,11,15,5, -48.0645000000
2020,11,12,11,15,5, -50.0000000000
2020,11,12,11,15,5, -48.3871000000
2020,11,12,11,15,6, -50.0000000000
2020,11,12,11,15,6, -50.0000000000
2020,11,12,11,15,6, -49.0323000000
2020,11,12,11,15,6, -50.0000000000
2020,11,12,11,15,7, -48.0645000000
2020,11,12,11,15,7, -49.3548000000
2020,11,12,11,15,7, -49.6774000000
2020,11,12,11,15,7, -50.0000000000
2020,11,12,11,15,8, -50.0000000000
2020,11,12,11,15,8, -50.0000000000
2020,11,12,11,15,8, -49.3548000000
2020,11,12,11,15,8, -49.0323000000
2020,11,12,11,15,9, -50.0000000000
2020,11,12,11,15,9, -48.7097000000
2020,11,12,11,15,9, -50.0000000000
2020,11,12,11,15,10, -48.0645000000
2020,11,12,11,15,10, -49.3548000000
2020,11,12,11,15,10, -50.0000000000
2020,11,12,11,15,10, -49.0323000000
2020,11,12,11,15,11, -50.0000000000
2020,11,12,11,15,11, -48.0645000000
2020,11,12,11,15,11, -50.0000000000
2020,11,12,11,15,11, -50.0000000000
2020,11,12,11,15,12, -49.6774000000
2020,11,12,11,15,12, -49.3548000000
2020,11,12,11,15,12, -50.0000000000
2020,11,12,11,15,12, -48.3871000000
2020,11,12,11,15,13, -50.0000000000
2020,11,12,11,15,13, -49.0323000000
2020,11,12,11,15,13, -49.3548000000
2020,11,12,11,15,13, -50.0000000000
2020,11,12,11,15,14, -49.3548000000
2020,11,12,11,15,14, -50.0000000000
2020,11,12,11,15,14, -50.0000000000
2020,11,12,11,15,14, -48.0645000000
2020,11,12,11,15,15, -50.0000000000
2020,11,12,11,15,15, -48.0645000000
2020,11,12,11,15,15, -50.0000000000
2020,11,12,11,15,16, -49.0323000000
2020,11,12,11,15,16, -48.7097000000
2020,11,12,11,15,16, -50.0000000000
2020,11,12,11,15,16, -50.0000000000
2020,11,12,11,15,17, -48.7097000000
2020,11,12,11,15,17, -50.0000000000
2020,11,12,11,15,17, -50.0000000000
2020,11,12,11,15,17, -48.7097000000
2020,11,12,11,15,18, -50.0000000000
2020,11,12,11,15,18, -48.3871000000
2020,11,12,11,15,18, -49.6774000000
2020,11,12,11,15,18, -50.0000000000
2020,11,12,11,15,19, -50.0000000000
2020,11,12,11,15,19, -48.7097000000
2020,11,12,11,15,19, -50.0000000000
2020,11,12,11,15,19, -50.0000000000
2020,11,12,11,15,20, -49.0323000000
2020,11,12,11,15,20, -49.3548000000
2020,11,12,11,15,20, -49.6774000000
2020,11,12,11,15,20, -50.0000000000
2020,11,12,11,15,21, -49.3548000000
2020,11,12,11,15,21, -48.3871000000
2020,11,12,11,15,21, -50.0000000000
2020,11,12,11,15,22, -48.3871000000
2020,11,12,11,15,22, -48.7097000000
2020,11,12,11,15,22, -49.3548000000
2020,11,12,11,15,22, -50.0000000000
2020,11,12,11,15,23, -48.0645000000
2020,11,12,11,15,23, -50.0000000000
2020,11,12,11,15,23, -48.3871000000
2020,11,12,11,15,23, -48.7097000000
2020,11,12,11,15,24, -50.0000000000
2020,11,12,11,15,24, -48.3871000000
2020,11,12,11,15,24, -50.0000000000
2020,11,12,11,15,24, -49.0323000000
2020,11,12,11,15,25, -50.0000000000
2020,11,12,11,15,25, -49.6774000000
2020,11,12,11,15,25, -49.6774000000
2020,11,12,11,15,25, -50.0000000000
2020,11,12,11,15,26, -48.3871000000
2020,11,12,11,15,26, -50.0000000000
2020,11,12,11,15,26, -49.0323000000
2020,11,12,11,15,26, -50.0000000000
2020,11,12,11,15,27, -50.0000000000
2020,11,12,11,15,27, -49.3548000000
2020,11,12,11,15,27, -49.3548000000
2020,11,12,11,15,27, -48.3871000000
2020,11,12,11,15,28, -50.0000000000
2020,11,12,11,15,28, -50.0000000000
2020,11,12,11,15,28, -48.7097000000
2020,11,12,11,15,29, -50.0000000000
2020,11,12,11,15,29, -49.6774000000
2020,11,12,11,15,29, -48.7097000000
2020,11,12,11,15,29, -48.7097000000
2020,11,12,11,15,30, -50.0000000000
2020,11,12,11,15,30, -49.6774000000
2020,11,12,11,15,30, -49.0323000000
2020,11,12,11,15,30, -50.0000000000
2020,11,12,11,15,31, -48.0645000000
2020,11,12,11,15,31, -49.0323000000
2020,11,12,11,15,31, -50.0000000000
2020,11,12,11,15,31, -49.0323000000
2020,11,12,11,15,32, -50.0000000000
2020,11,12,11,15,32, -48.0645000000
2020,11,12,11,15,32, -48.7097000000
2020,11,12,11,15,32, -50.0000000000
2020,11,12,11,15,33, -49.0323000000
2020,11,12,11,15,33, -50.0000000000
2020,11,12,11,15,33, -49.3548000000
2020,11,12,11,15,33, -50.0000000000
2020,11,12,11,15,34, -49.0323000000
2020,11,12,11,15,34, -49.0323000000
2020,11,12,11,15,34, -50.0000000000
2020,11,12,11,15,35, -48.3871000000
2020,11,12,11,15,35, -49.0323000000
2020,11,12,11,15,35, -50.0000000000
2020,11,12,11,15,35, -48.7097000000
2020,11,12,11,15,36, -50.0000000000
2020,11,12,11,15,36, -49.6774000000
2020,11,12,11,15,36, -50.0000000000
2020,11,12,11,15,36, -50.0000000000
2020,11,12,11,15,37, -49.0323000000
2020,11,12,11,15,37, -50.0000000000
2020,11,12,11,15,37, -48.0645000000
2020,11,12,11,15,37, -50.0000000000
2020,11,12,11,15,38, -48.0645000000
2020,11,12,11,15,38, -50.0000000000
2020,11,12,11,15,38, -48.3871000000
2020,11,12,11,15,38, -50.0000000000
2020,11,12,11,15,39, -48.3871000000
2020,11,12,11,15,39, -50.0000000000
2020,11,12,11,15,39, -48.7097000000
2020,11,12,11,15,39, -50.0000000000
2020,11,12,11,15,40, -48.7097000000
2020,11,12,11,15,40, -48.7097000000
2020,11,12,11,15,40, -49.0323000000
2020,11,12,11,15,41, -50.0000000000
2020,11,12,11,15,41, -50.0000000000
2020,11,12,11,15,41, -48.3871000000
2020,11,12,11,15,41, -50.0000000000
2020,11,12,11,15,42, -50.0000000000
2020,11,12,11,15,42, -48.0645000000
2020,11,12,11,15,42, -50.0000000000
2020,11,12,11,15,42, -49.0323000000
2020,11,12,11,15,43, -49.3548000000
2020,11,12,11,15,43, -50.0000000000
2020,11,12,11,15,43, -50.0000000000
2020,11,12,11,15,43, -50.0000000000
2020,11,12,11,15,44, -47.7419000000
2020,11,12,11,15,44, -50.0000000000
2020,11,12,11,15,44, -50.0000000000
2020,11,12,11,15,44, -48.0645000000
2020,11,12,11,15,45, -50.0000000000
2020,11,12,11,15,45, -50.0000000000
2020,11,12,11,15,45, -50.0000000000
2020,11,12,11,15,46, -50.0000000000
2020,11,12,11,15,46, -49.6774000000
2020,11,12,11,15,46, -48.7097000000
2020,11,12,11,15,46, -49.0323000000
2020,11,12,11,15,47, -50.0000000000
2020,11,12,11,15,47, -48.7097000000
2020,11,12,11,15,47, -50.0000000000
2020,11,12,11,15,47, -50.0000000000
2020,11,12,11,15,48, -48.0645000000
2020,11,12,11,15,48, -50.0000000000
2020,11,12,11,15,48, -48.7097000000
2020,11,12,11,15,48, -50.0000000000
2020,11,12,11,15,49, -49.0323000000
2020,11,12,11,15,49, -49.3548000000
2020,11,12,11,15,49, -49.6774000000
2020,11,12,11,15,49, -50.0000000000
2020,11,12,11,15,50, -50.0000000000
2020,11,12,11,15,50, -48.7097000000
2020,11,12,11,15,50, -49.0323000000
2020,11,12,11,15,51, -50.0000000000
2020,11,12,11,15,51, -48.7097000000
2020,11,12,11,15,51, -50.0000000000
2020,11,12,11,15,51, -49.6774000000
2020,11,12,11,15,52, -50.0000000000
2020,11,12,11,15,52, -48.0645000000
2020,11,12,11,15,52, -49.0323000000
2020,11,12,11,15,52, -50.0000000000
2020,11,12,11,15,53, -50.0000000000
2020,11,12,11,15,53, -48.3871000000
2020,11,12,11,15,53, -50.0000000000
2020,11,12,11,15,53, -49.0323000000
2020,11,12,11,15,54, -49.6774000000
2020,11,12,11,15,54, -50.0000000000
2020,11,12,11,15,54, -50.0000000000
2020,11,12,11,15,54, -48.0645000000
2020,11,12,11,15,55, -50.0000000000
2020,11,12,11,15,55, -48.3871000000
2020,11,12,11,15,55, -50.0000000000
2020,11,12,11,15,55, -49.3548000000
2020,11,12,11,15,56, -48.7097000000
2020,11,12,11,15,56, -50.0000000000
2020,11,12,11,15,56, -49.3548000000
2020,11,12,11,15,56, -50.0000000000
2020,11,12,11,15,57, -48.0645000000
2020,11,12,11,15,57, -49.0323000000
2020,11,12,11,15,57, -50.0000000000
2020,11,12,11,15,58, -49.6774000000
2020,11,12,11,15,58, -48.3871000000
2020,11,12,11,15,58, -50.0000000000
2020,11,12,11,15,58, -48.7097000000
2020,11,12,11,15,59, -50.0000000000
2020,11,12,11,15,59, -50.0000000000
2020,11,12,11,15,59, -48.3871000000
2020,11,12,11,15,59, -50.0000000000
2020,11,12,11,16,0, -50.0000000000
2020,11,12,11,16,0, -49.3548000000
2020,11,12,11,16,0, -49.6774000000
2020,11,12,11,16,0, -50.0000000000
2020,11,12,11,16,1, -48.3871000000
2020,11,12,11,16,1, -50.0000000000
2020,11,12,11,16,1, -50.0000000000
2020,11,12,11,16,1, -49.0323000000
2020,11,12,11,16,2, -50.0000000000
2020,11,12,11,16,2, -50.0000000000
2020,11,12,11,16,2, -48.0645000000
2020,11,12,11,16,2, -50.0000000000
2020,11,12,11,16,3, -48.7097000000
2020,11,12,11,16,3, -50.0000000000
2020,11,12,11,16,3, -50.0000000000
2020,11,12,11,16,4, -50.0000000000
2020,11,12,11,16,4, -48.7097000000
2020,11,12,11,16,4, -50.0000000000
2020,11,12,11,16,4, -50.0000000000
2020,11,12,11,16,5, -50.0000000000
2020,11,12,11,16,5, -49.0323000000
2020,11,12,11,16,5, -50.0000000000
2020,11,12,11,16,5, -48.3871000000
2020,11,12,11,16,6, -49.0323000000
2020,11,12,11,16,6, -50.0000000000
2020,11,12,11,16,6, -49.0323000000
2020,11,12,11,16,6, -48.7097000000
2020,11,12,11,16,7, -50.0000000000
2020,11,12,11,16,7, -50.0000000000
2020,11,12,11,16,7, -49.0323000000
2020,11,12,11,16,7, -49.6774000000
2020,11,12,11,16,8, -48.7097000000
2020,11,12,11,16,8, -49.0323000000
2020,11,12,11,16,8, -50.0000000000
2020,11,12,11,16,9, -50.0000000000
2020,11,12,11,16,9, -50.0000000000
2020,11,12,11,16,9, -50.0000000000
2020,11,12,11,16,9, -50.0000000000
2020,11,12,11,16,10, -50.0000000000
2020,11,12,11,16,10, -50.0000000000
2020,11,12,11,16,10, -45.4839000000
2020,11,12,11,16,10, -50.0000000000
2020,11,12,11,16,11, -50.0000000000
2020,11,12,11,16,11, -50.0000000000
2020,11,12,11,16,11, -50.0000000000
2020,11,12,11,16,11, -50.0000000000
2020,11,12,11,16,12, -50.0000000000
2020,11,12,11,16,12, -50.0000000000
2020,11,12,11,16,12, -48.3871000000
2020,11,12,11,16,12, -48.0645000000
2020,11,12,11,16,13, -49.0323000000
2020,11,12,11,16,13, -50.0000000000
2020,11,12,11,16,13, -47.4194000000
2020,11,12,11,16,13, -50.0000000000
2020,11,12,11,16,14, -48.3871000000
2020,11,12,11,16,14, -49.3548000000
2020,11,12,11,16,14, -48.3871000000
2020,11,12,11,16,15, -50.0000000000
2020,11,12,11,16,15, -48.7097000000
2020,11,12,11,16,15, -48.3871000000
2020,11,12,11,16,15, -50.0000000000
2020,11,12,11,16,16, -48.3871000000
2020,11,12,11,16,16, -49.3548000000
2020,11,12,11,16,16, -50.0000000000
2020,11,12,11,16,16, -48.0645000000
2020,11,12,11,16,17, -50.0000000000
2020,11,12,11,16,17, -49.6774000000
2020,11,12,11,16,17, -49.6774000000
2020,11,12,11,16,17, -50.0000000000
2020,11,12,11,16,18, -48.0645000000
2020,11,12,11,16,18, -49.0323000000
2020,11,12,11,16,18, -50.0000000000
2020,11,12,11,16,18, -48.7097000000
2020,11,12,11,16,19, -48.7097000000
2020,11,12,11,16,19, -50.0000000000
2020,11,12,11,16,19, -50.0000000000
2020,11,12,11,16,20, -50.0000000000
2020,11,12,11,16,20, -50.0000000000
2020,11,12,11,16,20, -48.0645000000
2020,11,12,11,16,20, -50.0000000000
2020,11,12,11,16,21, -49.6774000000
2020,11,12,11,16,21, -48.0645000000
2020,11,12,11,16,21, -50.0000000000
2020,11,12,11,16,21, -48.3871000000
2020,11,12,11,16,22, -48.7097000000
2020,11,12,11,16,22, -50.0000000000
2020,11,12,11,16,22, -49.6774000000
2020,11,12,11,16,22, -48.7097000000
2020,11,12,11,16,23, -50.0000000000
2020,11,12,11,16,23, -48.3871000000
2020,11,12,11,16,23, -50.0000000000
2020,11,12,11,16,24, -49.6774000000
2020,11,12,11,16,24, -50.0000000000
2020,11,12,11,16,24, -47.7419000000
2020,11,12,11,16,24, -50.0000000000
2020,11,12,11,16,25, -49.0323000000
2020,11,12,11,16,25, -48.7097000000
2020,11,12,11,16,25, -50.0000000000
2020,11,12,11,16,25, -48.7097000000
2020,11,12,11,16,26, -48.7097000000
2020,11,12,11,16,26, -50.0000000000
2020,11,12,11,16,26, -49.6774000000
2020,11,12,11,16,26, -48.7097000000
2020,11,12,11,16,27, -48.7097000000
2020,11,12,11,16,27, -50.0000000000
2020,11,12,11,16,27, -50.0000000000
2020,11,12,11,16,28, -49.6774000000
2020,11,12,11,16,28, -48.3871000000
2020,11,12,11,16,28, -50.0000000000
2020,11,12,11,16,28, -48.7097000000
2020,11,12,11,16,29, -49.3548000000
2020,11,12,11,16,29, -48.7097000000
2020,11,12,11,16,29, -50.0000000000
2020,11,12,11,16,29, -50.0000000000
2020,11,12,11,16,30, -47.4194000000
2020,11,12,11,16,30, -46.7742000000
2020,11,12,11,16,30, -46.4516000000
2020,11,12,11,16,30, -50.0000000000
2020,11,12,11,16,31, -50.0000000000
2020,11,12,11,16,31, -50.0000000000
2020,11,12,11,16,31, -50.0000000000
2020,11,12,11,16,31, -46.4516000000
2020,11,12,11,16,32, -46.7742000000
2020,11,12,11,16,32, -45.8065000000
2020,11,12,11,16,32, -46.7742000000
2020,11,12,11,16,33, -49.3548000000
2020,11,12,11,16,33, -44.8387000000
2020,11,12,11,16,33, -50.0000000000
2020,11,12,11,16,33, -50.0000000000
2020,11,12,11,16,34, -48.3871000000
2020,11,12,11,16,34, -46.7742000000
2020,11,12,11,16,34, -50.0000000000
2020,11,12,11,16,34, -48.7097000000
2020,11,12,11,16,35, -49.3548000000
2020,11,12,11,16,35, -50.0000000000
2020,11,12,11,16,35, -48.3871000000
2020,11,12,11,16,35, -50.0000000000
2020,11,12,11,16,36, -48.3871000000
2020,11,12,11,16,36, -50.0000000000
2020,11,12,11,16,36, -50.0000000000
2020,11,12,11,16,37, -49.3548000000
2020,11,12,11,16,37, -48.3871000000
2020,11,12,11,16,37, -49.0323000000
2020,11,12,11,16,37, -49.0323000000
2020,11,12,11,16,38, -50.0000000000
2020,11,12,11,16,38, -49.3548000000
2020,11,12,11,16,38, -48.7097000000
2020,11,12,11,16,38, -50.0000000000
2020,11,12,11,16,39, -50.0000000000
2020,11,12,11,16,39, -48.0645000000
2020,11,12,11,16,39, -50.0000000000
2020,11,12,11,16,39, -48.3871000000
2020,11,12,11,16,40, -50.0000000000
2020,11,12,11,16,40, -48.3871000000
2020,11,12,11,16,40, -50.0000000000
2020,11,12,11,16,40, -49.6774000000
2020,11,12,11,16,41, -50.0000000000
2020,11,12,11,16,41, -48.3871000000
2020,11,12,11,16,41, -50.0000000000
2020,11,12,11,16,42, -49.0323000000
2020,11,12,11,16,42, -50.0000000000
2020,11,12,11,16,42, -50.0000000000
2020,11,12,11,16,42, -50.0000000000
2020,11,12,11,16,43, -49.3548000000
2020,11,12,11,16,43, -50.0000000000
2020,11,12,11,16,43, -48.3871000000
2020,11,12,11,16,43, -50.0000000000
2020,11,12,11,16,44, -50.0000000000
2020,11,12,11,16,44, -50.0000000000
2020,11,12,11,16,44, -50.0000000000
2020,11,12,11,16,44, -48.3871000000
2020,11,12,11,16,45, -50.0000000000
2020,11,12,11,16,45, -48.0645000000
2020,11,12,11,16,45, -50.0000000000
2020,11,12,11,16,45, -50.0000000000
2020,11,12,11,16,46, -49.0323000000
2020,11,12,11,16,46, -50.0000000000
2020,11,12,11,16,46, -49.6774000000
2020,11,12,11,16,46, -50.0000000000
2020,11,12,11,16,47, -50.0000000000
2020,11,12,11,16,47, -47.7419000000
2020,11,12,11,16,47, -50.0000000000
2020,11,12,11,16,48, -48.0645000000
2020,11,12,11,16,48, -50.0000000000
2020,11,12,11,16,48, -49.6774000000
2020,11,12,11,16,48, -49.0323000000
2020,11,12,11,16,49, -50.0000000000
2020,11,12,11,16,49, -47.7419000000
2020,11,12,11,16,49, -50.0000000000
2020,11,12,11,16,49, -49.0323000000
2020,11,12,11,16,50, -50.0000000000
2020,11,12,11,16,50, -48.3871000000
2020,11,12,11,16,50, -48.7097000000
2020,11,12,11,16,50, -50.0000000000
2020,11,12,11,16,51, -49.0323000000
2020,11,12,11,16,51, -48.7097000000
2020,11,12,11,16,51, -50.0000000000
2020,11,12,11,16,51, -48.3871000000
2020,11,12,11,16,52, -50.0000000000
2020,11,12,11,16,52, -50.0000000000
2020,11,12,11,16,52, -47.7419000000
2020,11,12,11,16,52, -50.0000000000
2020,11,12,11,16,53, -48.0645000000
2020,11,12,11,16,53, -50.0000000000
2020,11,12,11,16,53, -48.7097000000
2020,11,12,11,16,53, -50.0000000000
2020,11,12,11,16,54, -48.3871000000
2020,11,12,11,16,54, -50.0000000000
2020,11,12,11,16,54, -48.0645000000
2020,11,12,11,16,55, -49.0323000000
2020,11,12,11,16,55, -50.0000000000
2020,11,12,11,16,55, -50.0000000000
2020,11,12,11,16,55, -48.3871000000
2020,11,12,11,16,56, -49.0323000000
2020,11,12,11,16,56, -47.4194000000
2020,11,12,11,16,56, -44.8387000000
2020,11,12,11,16,56, -39.6774000000
2020,11,12,11,16,57, -39.0323000000
2020,11,12,11,16,57, -48.0645000000
2020,11,12,11,16,57, -46.7742000000
2020,11,12,11,16,57, -50.0000000000
2020,11,12,11,16,58, -50.0000000000
2020,11,12,11,16,58, -50.0000000000
2020,11,12,11,16,58, -50.0000000000
2020,11,12,11,16,58, -50.0000000000
2020,11,12,11,16,59, -48.0645000000
2020,11,12,11,16,59, -50.0000000000
2020,11,12,11,16,59, -50.0000000000
2020,11,12,11,16,59, -49.3548000000
2020,11,12,11,17,0, -47.0968000000
2020,11,12,11,17,0, -47.0968000000
2020,11,12,11,17,0, -50.0000000000
2020,11,12,11,17,1, -47.7419000000
2020,11,12,11,17,1, -48.0645000000
2020,11,12,11,17,1, -48.0645000000
2020,11,12,11,17,1, -50.0000000000
2020,11,12,11,17,2, -49.6774000000
2020,11,12,11,17,2, -47.4194000000
2020,11,12,11,17,2, -47.7419000000
2020,11,12,11,17,2, -49.6774000000
2020,11,12,11,17,3, -48.7097000000
2020,11,12,11,17,3, -50.0000000000
2020,11,12,11,17,3, -47.0968000000
2020,11,12,11,17,3, -50.0000000000
2020,11,12,11,17,4, -50.0000000000
2020,11,12,11,17,4, -48.0645000000
2020,11,12,11,17,4, -50.0000000000
2020,11,12,11,17,4, -50.0000000000
2020,11,12,11,17,5, -50.0000000000
2020,11,12,11,17,5, -48.3871000000
2020,11,12,11,17,5, -50.0000000000
2020,11,12,11,17,5, -48.3871000000
2020,11,12,11,17,6, -50.0000000000
2020,11,12,11,17,6, -50.0000000000
2020,11,12,11,17,6, -48.7097000000
2020,11,12,11,17,7, -50.0000000000
2020,11,12,11,17,7, -49.0323000000
2020,11,12,11,17,7, -50.0000000000
2020,11,12,11,17,7, -49.6774000000
2020,11,12,11,17,8, -50.0000000000
2020,11,12,11,17,8, -48.3871000000
2020,11,12,11,17,8, -50.0000000000
2020,11,12,11,17,8, -48.3871000000
2020,11,12,11,17,9, -50.0000000000
2020,11,12,11,17,9, -50.0000000000
2020,11,12,11,17,9, -48.3871000000
2020,11,12,11,17,9, -50.0000000000
2020,11,12,11,17,10, -48.3871000000
2020,11,12,11,17,10, -50.0000000000
2020,11,12,11,17,10, -47.7419000000
2020,11,12,11,17,10, -50.0000000000
2020,11,12,11,17,11, -49.6774000000
2020,11,12,11,17,11, -49.3548000000
2020,11,12,11,17,11, -50.0000000000
2020,11,12,11,17,11, -48.3871000000
2020,11,12,11,17,12, -50.0000000000
2020,11,12,11,17,12, -48.3871000000
2020,11,12,11,17,12, -48.7097000000
2020,11,12,11,17,13, -49.3548000000
2020,11,12,11,17,13, -50.0000000000
2020,11,12,11,17,13, -49.3548000000
2020,11,12,11,17,13, -49.6774000000
2020,11,12,11,17,14, -50.0000000000
2020,11,12,11,17,14, -48.0645000000
2020,11,12,11,17,14, -50.0000000000
2020,11,12,11,17,14, -48.7097000000
2020,11,12,11,17,15, -49.3548000000
2020,11,12,11,17,15, -50.0000000000
2020,11,12,11,17,15, -50.0000000000
2020,11,12,11,17,15, -49.0323000000
2020,11,12,11,17,16, -50.0000000000
2020,11,12,11,17,16, -48.3871000000
2020,11,12,11,17,16, -50.0000000000
2020,11,12,11,17,16, -48.3871000000
2020,11,12,11,17,17, -48.7097000000
2020,11,12,11,17,17, -50.0000000000
2020,11,12,11,17,17, -49.6774000000
2020,11,12,11,17,18, -49.0323000000
2020,11,12,11,17,18, -50.0000000000
2020,11,12,11,17,18, -50.0000000000
2020,11,12,11,17,18, -49.0323000000
2020,11,12,11,17,19, -50.0000000000
2020,11,12,11,17,19, -49.6774000000
2020,11,12,11,17,19, -50.0000000000
2020,11,12,11,17,19, -48.7097000000
2020,11,12,11,17,20, -48.7097000000
2020,11,12,11,17,20, -50.0000000000
2020,11,12,11,17,20, -50.0000000000
2020,11,12,11,17,20, -48.7097000000
2020,11,12,11,17,21, -50.0000000000
2020,11,12,11,17,21, -48.0645000000
2020,11,12,11,17,21, -50.0000000000
2020,11,12,11,17,21, -48.3871000000
2020,11,12,11,17,22, -48.7097000000
2020,11,12,11,17,22, -50.0000000000
2020,11,12,11,17,22, -49.0323000000
2020,11,12,11,17,22, -50.0000000000
2020,11,12,11,17,23, -49.6774000000
2020,11,12,11,17,23, -49.3548000000
2020,11,12,11,17,23, -48.7097000000
2020,11,12,11,17,24, -50.0000000000
2020,11,12,11,17,24, -50.0000000000
2020,11,12,11,17,24, -48.3871000000
2020,11,12,11,17,24, -49.6774000000
2020,11,12,11,17,25, -50.0000000000
2020,11,12,11,17,25, -48.0645000000
2020,11,12,11,17,25, -50.0000000000
2020,11,12,11,17,25, -49.0323000000
2020,11,12,11,17,26, -50.0000000000
2020,11,12,11,17,26, -48.0645000000
2020,11,12,11,17,26, -50.0000000000
2020,11,12,11,17,26, -48.7097000000
2020,11,12,11,17,27, -49.6774000000
2020,11,12,11,17,27, -50.0000000000
2020,11,12,11,17,27, -50.0000000000
2020,11,12,11,17,27, -47.4194000000
2020,11,12,11,17,28, -50.0000000000
2020,11,12,11,17,28, -47.4194000000
2020,11,12,11,17,28, -49.6774000000
2020,11,12,11,17,28, -48.0645000000
2020,11,12,11,17,29, -50.0000000000
2020,11,12,11,17,29, -48.3871000000
2020,11,12,11,17,29, -49.6774000000
2020,11,12,11,17,30, -50.0000000000
2020,11,12,11,17,30, -48.3871000000
2020,11,12,11,17,30, -50.0000000000
2020,11,12,11,17,30, -50.0000000000
2020,11,12,11,17,31, -48.3871000000
2020,11,12,11,17,31, -50.0000000000
2020,11,12,11,17,31, -50.0000000000
2020,11,12,11,17,31, -48.7097000000
2020,11,12,11,17,32, -48.3871000000
2020,11,12,11,17,32, -50.0000000000
2020,11,12,11,17,32, -50.0000000000
2020,11,12,11,17,32, -49.3548000000
2020,11,12,11,17,33, -50.0000000000
2020,11,12,11,17,33, -48.3871000000
2020,11,12,11,17,33, -50.0000000000
2020,11,12,11,17,33, -50.0000000000
2020,11,12,11,17,34, -50.0000000000
2020,11,12,11,17,34, -48.0645000000
2020,11,12,11,17,34, -50.0000000000
2020,11,12,11,17,34, -48.3871000000
2020,11,12,11,17,35, -50.0000000000
2020,11,12,11,17,35, -47.7419000000
2020,11,12,11,17,35, -50.0000000000
2020,11,12,11,17,35, -50.0000000000
2020,11,12,11,17,36, -49.3548000000
2020,11,12,11,17,36, -50.0000000000
2020,11,12,11,17,36, -48.3871000000
2020,11,12,11,17,37, -48.7097000000
2020,11,12,11,17,37, -50.0000000000
2020,11,12,11,17,37, -48.3871000000
2020,11,12,11,17,37, -50.0000000000
2020,11,12,11,17,38, -48.3871000000
2020,11,12,11,17,38, -50.0000000000
2020,11,12,11,17,38, -48.7097000000
2020,11,12,11,17,38, -49.6774000000
2020,11,12,11,17,39, -50.0000000000
2020,11,12,11,17,39, -50.0000000000
2020,11,12,11,17,39, -50.0000000000
2020,11,12,11,17,39, -50.0000000000
2020,11,12,11,17,40, -50.0000000000
2020,11,12,11,17,40, -48.3871000000
2020,11,12,11,17,40, -50.0000000000
2020,11,12,11,17,40, -50.0000000000
2020,11,12,11,17,41, -47.7419000000
2020,11,12,11,17,41, -50.0000000000
2020,11,12,11,17,41, -49.3548000000
2020,11,12,11,17,41, -50.0000000000
2020,11,12,11,17,42, -48.3871000000
2020,11,12,11,17,42, -49.6774000000
2020,11,12,11,17,42, -49.6774000000
2020,11,12,11,17,43, -49.3548000000
2020,11,12,11,17,43, -50.0000000000
2020,11,12,11,17,43, -49.3548000000
2020,11,12,11,17,43, -49.0323000000
2020,11,12,11,17,44, -50.0000000000
2020,11,12,11,17,44, -48.0645000000
2020,11,12,11,17,44, -49.3548000000
2020,11,12,11,17,44, -50.0000000000
2020,11,12,11,17,45, -48.0645000000
2020,11,12,11,17,45, -49.6774000000
2020,11,12,11,17,45, -49.6774000000
2020,11,12,11,17,45, -50.0000000000
2020,11,12,11,17,46, -48.0645000000
2020,11,12,11,17,46, -50.0000000000
2020,11,12,11,17,46, -48.0645000000
2020,11,12,11,17,46, -50.0000000000
2020,11,12,11,17,47, -48.0645000000
2020,11,12,11,17,47, -50.0000000000
2020,11,12,11,17,47, -49.6774000000
2020,11,12,11,17,47, -49.0323000000
2020,11,12,11,17,48, -49.3548000000
2020,11,12,11,17,48, -49.3548000000
2020,11,12,11,17,48, -50.0000000000
2020,11,12,11,17,49, -49.3548000000
2020,11,12,11,17,49, -50.0000000000
2020,11,12,11,17,49, -50.0000000000
2020,11,12,11,17,49, -48.3871000000
2020,11,12,11,17,50, -49.0323000000
2020,11,12,11,17,50, -50.0000000000
2020,11,12,11,17,50, -47.7419000000
2020,11,12,11,17,50, -50.0000000000
2020,11,12,11,17,51, -47.0968000000
2020,11,12,11,17,51, -50.0000000000
2020,11,12,11,17,51, -49.0323000000
2020,11,12,11,17,51, -50.0000000000
2020,11,12,11,17,52, -49.6774000000
2020,11,12,11,17,52, -50.0000000000
2020,11,12,11,17,52, -48.3871000000
2020,11,12,11,17,52, -48.3871000000
2020,11,12,11,17,53, -47.0968000000
2020,11,12,11,17,53, -50.0000000000
2020,11,12,11,17,53, -48.0645000000
2020,11,12,11,17,53, -50.0000000000
2020,11,12,11,17,54, -48.7097000000
2020,11,12,11,17,54, -50.0000000000
2020,11,12,11,17,54, -48.7097000000
2020,11,12,11,17,54, -50.0000000000
2020,11,12,11,17,55, -48.0645000000
2020,11,12,11,17,55, -50.0000000000
2020,11,12,11,17,55, -48.3871000000
2020,11,12,11,17,56, -49.0323000000
2020,11,12,11,17,56, -50.0000000000
2020,11,12,11,17,56, -50.0000000000
2020,11,12,11,17,56, -48.3871000000
2020,11,12,11,17,57, -50.0000000000
2020,11,12,11,17,57, -48.3871000000
2020,11,12,11,17,57, -50.0000000000
2020,11,12,11,17,57, -50.0000000000
2020,11,12,11,17,58, -48.3871000000
2020,11,12,11,17,58, -50.0000000000
2020,11,12,11,17,58, -49.0323000000
2020,11,12,11,17,58, -50.0000000000
2020,11,12,11,17,59, -48.7097000000
2020,11,12,11,17,59, -49.6774000000
2020,11,12,11,17,59, -50.0000000000
2020,11,12,11,17,59, -48.3871000000
2020,11,12,11,18,0, -50.0000000000
2020,11,12,11,18,0, -50.0000000000
2020,11,12,11,18,0, -48.0645000000
2020,11,12,11,18,0, -50.0000000000
2020,11,12,11,18,1, -48.7097000000
2020,11,12,11,18,1, -50.0000000000
2020,11,12,11,18,1, -48.7097000000
2020,11,12,11,18,2, -50.0000000000
2020,11,12,11,18,2, -49.0323000000
2020,11,12,11,18,2, -48.7097000000
2020,11,12,11,18,2, -50.0000000000
2020,11,12,11,18,3, -50.0000000000
2020,11,12,11,18,3, -50.0000000000
2020,11,12,11,18,3, -47.7419000000
2020,11,12,11,18,3, -50.0000000000
2020,11,12,11,18,4, -48.3871000000
2020,11,12,11,18,4, -49.6774000000
2020,11,12,11,18,4, -50.0000000000
2020,11,12,11,18,4, -46.7742000000
2020,11,12,11,18,5, -50.0000000000
2020,11,12,11,18,5, -47.0968000000
2020,11,12,11,18,5, -50.0000000000
2020,11,12,11,18,5, -50.0000000000
2020,11,12,11,18,6, -48.3871000000
2020,11,12,11,18,6, -50.0000000000
2020,11,12,11,18,6, -49.3548000000
2020,11,12,11,18,6, -49.6774000000
2020,11,12,11,18,7, -50.0000000000
2020,11,12,11,18,7, -50.0000000000
2020,11,12,11,18,7, -49.0323000000
2020,11,12,11,18,8, -49.3548000000
2020,11,12,11,18,8, -48.7097000000
2020,11,12,11,18,8, -50.0000000000
2020,11,12,11,18,8, -48.7097000000
2020,11,12,11,18,9, -49.3548000000
2020,11,12,11,18,9, -50.0000000000
2020,11,12,11,18,9, -48.0645000000
2020,11,12,11,18,9, -50.0000000000
2020,11,12,11,18,10, -48.7097000000
2020,11,12,11,18,10, -50.0000000000
2020,11,12,11,18,10, -50.0000000000
2020,11,12,11,18,10, -48.7097000000
2020,11,12,11,18,11, -50.0000000000
2020,11,12,11,18,11, -50.0000000000
2020,11,12,11,18,11, -49.3548000000
2020,11,12,11,18,11, -50.0000000000
2020,11,12,11,18,12, -47.7419000000
2020,11,12,11,18,12, -50.0000000000
2020,11,12,11,18,12, -49.3548000000
2020,11,12,11,18,13, -50.0000000000
2020,11,12,11,18,13, -50.0000000000
2020,11,12,11,18,13, -48.7097000000
2020,11,12,11,18,13, -50.0000000000
2020,11,12,11,18,14, -50.0000000000
2020,11,12,11,18,14, -48.0645000000
2020,11,12,11,18,14, -50.0000000000
2020,11,12,11,18,14, -50.0000000000
2020,11,12,11,18,15, -48.0645000000
2020,11,12,11,18,15, -49.3548000000
2020,11,12,11,18,15, -50.0000000000
2020,11,12,11,18,15, -48.3871000000
2020,11,12,11,18,16, -50.0000000000
2020,11,12,11,18,16, -49.0323000000
2020,11,12,11,18,16, -50.0000000000
2020,11,12,11,18,16, -50.0000000000
2020,11,12,11,18,17, -48.3871000000
2020,11,12,11,18,17, -50.0000000000
2020,11,12,11,18,17, -48.3871000000
2020,11,12,11,18,17, -50.0000000000
2020,11,12,11,18,18, -48.3871000000
2020,11,12,11,18,18, -50.0000000000
2020,11,12,11,18,18, -48.7097000000
2020,11,12,11,18,18, -50.0000000000
2020,11,12,11,18,19, -50.0000000000
2020,11,12,11,18,19, -47.7419000000
2020,11,12,11,18,19, -49.3548000000
2020,11,12,11,18,20, -49.6774000000
2020,11,12,11,18,20, -50.0000000000
2020,11,12,11,18,20, -50.0000000000
2020,11,12,11,18,20, -48.0645000000
2020,11,12,11,18,21, -50.0000000000
2020,11,12,11,18,21, -49.0323000000
2020,11,12,11,18,21, -49.6774000000
2020,11,12,11,18,21, -50.0000000000
2020,11,12,11,18,22, -49.0323000000
2020,11,12,11,18,22, -50.0000000000
2020,11,12,11,18,22, -48.0645000000
2020,11,12,11,18,22, -50.0000000000
2020,11,12,11,18,23, -48.3871000000
2020,11,12,11,18,23, -50.0000000000
2020,11,12,11,18,23, -50.0000000000
2020,11,12,11,18,23, -50.0000000000
2020,11,12,11,18,24, -48.7097000000
2020,11,12,11,18,24, -48.3871000000
2020,11,12,11,18,24, -49.6774000000
2020,11,12,11,18,24, -49.3548000000
2020,11,12,11,18,25, -50.0000000000
2020,11,12,11,18,25, -50.0000000000
2020,11,12,11,18,25, -48.0645000000
2020,11,12,11,18,26, -48.7097000000
2020,11,12,11,18,26, -50.0000000000
2020,11,12,11,18,26, -50.0000000000
2020,11,12,11,18,26, -50.0000000000
2020,11,12,11,18,27, -50.0000000000
2020,11,12,11,18,27, -50.0000000000
2020,11,12,11,18,27, -48.3871000000
2020,11,12,11,18,27, -50.0000000000
2020,11,12,11,18,28, -48.0645000000
2020,11,12,11,18,28, -50.0000000000
2020,11,12,11,18,28, -49.3548000000
2020,11,12,11,18,28, -50.0000000000
2020,11,12,11,18,29, -50.0000000000
2020,11,12,11,18,29, -48.7097000000
2020,11,12,11,18,29, -50.0000000000
2020,11,12,11,18,29, -49.6774000000
2020,11,12,11,18,30, -50.0000000000
2020,11,12,11,18,30, -48.0645000000
2020,11,12,11,18,30, -50.0000000000
2020,11,12,11,18,30, -50.0000000000
2020,11,12,11,18,31, -48.3871000000
2020,11,12,11,18,31, -50.0000000000
2020,11,12,11,18,31, -49.3548000000
2020,11,12,11,18,32, -49.3548000000
2020,11,12,11,18,32, -50.0000000000
2020,11,12,11,18,32, -48.0645000000
2020,11,12,11,18,32, -50.0000000000
2020,11,12,11,18,33, -50.0000000000
2020,11,12,11,18,33, -48.0645000000
2020,11,12,11,18,33, -50.0000000000
2020,11,12,11,18,33, -50.0000000000
2020,11,12,11,18,34, -49.3548000000
2020,11,12,11,18,34, -49.0323000000
2020,11,12,11,18,34, -50.0000000000
2020,11,12,11,18,34, -48.0645000000
2020,11,12,11,18,35, -50.0000000000
2020,11,12,11,18,35, -48.0645000000
2020,11,12,11,18,35, -48.7097000000
2020,11,12,11,18,35, -50.0000000000
2020,11,12,11,18,36, -50.0000000000
2020,11,12,11,18,36, -49.6774000000
2020,11,12,11,18,36, -48.3871000000
2020,11,12,11,18,36, -50.0000000000
2020,11,12,11,18,37, -50.0000000000
2020,11,12,11,18,37, -50.0000000000
2020,11,12,11,18,37, -50.0000000000
2020,11,12,11,18,37, -47.7419000000
2020,11,12,11,18,38, -50.0000000000
2020,11,12,11,18,38, -49.0323000000
2020,11,12,11,18,38, -48.3871000000
2020,11,12,11,18,39, -50.0000000000
2020,11,12,11,18,39, -48.7097000000
2020,11,12,11,18,39, -49.6774000000
2020,11,12,11,18,39, -50.0000000000
2020,11,12,11,18,40, -48.3871000000
2020,11,12,11,18,40, -50.0000000000
2020,11,12,11,18,40, -48.3871000000
2020,11,12,11,18,40, -50.0000000000
2020,11,12,11,18,41, -48.0645000000
2020,11,12,11,18,41, -50.0000000000
2020,11,12,11,18,41, -48.3871000000
2020,11,12,11,18,41, -50.0000000000
2020,11,12,11,18,42, -50.0000000000
2020,11,12,11,18,42, -48.3871000000
2020,11,12,11,18,42, -50.0000000000
2020,11,12,11,18,42, -48.7097000000
2020,11,12,11,18,43, -50.0000000000
2020,11,12,11,18,43, -48.3871000000
2020,11,12,11,18,43, -50.0000000000
2020,11,12,11,18,43, -47.7419000000
2020,11,12,11,18,44, -50.0000000000
2020,11,12,11,18,44, -50.0000000000
2020,11,12,11,18,44, -50.0000000000
2020,11,12,11,18,45, -48.3871000000
2020,11,12,11,18,45, -48.7097000000
2020,11,12,11,18,45, -50.0000000000
2020,11,12,11,18,45, -49.6774000000
2020,11,12,11,18,46, -50.0000000000
2020,11,12,11,18,46, -49.0323000000
2020,11,12,11,18,46, -50.0000000000
2020,11,12,11,18,46, -50.0000000000
2020,11,12,11,18,47, -48.0645000000
2020,11,12,11,18,47, -50.0000000000
2020,11,12,11,18,47, -48.0645000000
2020,11,12,11,18,47, -50.0000000000
2020,11,12,11,18,48, -50.0000000000
2020,11,12,11,18,48, -48.0645000000
2020,11,12,11,18,48, -50.0000000000
2020,11,12,11,18,48, -48.3871000000
2020,11,12,11,18,49, -50.0000000000
2020,11,12,11,18,49, -50.0000000000
2020,11,12,11,18,49, -50.0000000000
2020,11,12,11,18,49, -50.0000000000
2020,11,12,11,18,50, -50.0000000000
2020,11,12,11,18,50, -48.0645000000
2020,11,12,11,18,50, -48.7097000000
2020,11,12,11,18,51, -49.0323000000
2020,11,12,11,18,51, -50.0000000000
2020,11,12,11,18,51, -48.0645000000
2020,11,12,11,18,51, -49.6774000000
2020,11,12,11,18,52, -49.6774000000
2020,11,12,11,18,52, -49.6774000000
2020,11,12,11,18,52, -50.0000000000
2020,11,12,11,18,52, -48.0645000000
2020,11,12,11,18,53, -50.0000000000
2020,11,12,11,18,53, -48.3871000000
2020,11,12,11,18,53, -50.0000000000
2020,11,12,11,18,53, -45.4839000000
2020,11,12,11,18,54, -49.6774000000
2020,11,12,11,18,54, -50.0000000000
2020,11,12,11,18,54, -50.0000000000
2020,11,12,11,18,54, -50.0000000000
2020,11,12,11,18,55, -50.0000000000
2020,11,12,11,18,55, -47.4194000000
2020,11,12,11,18,55, -37.4194000000
2020,11,12,11,18,55, -38.3871000000
2020,11,12,11,18,56, -39.0323000000
2020,11,12,11,18,56, -41.2903000000
2020,11,12,11,18,56, -43.2258000000
2020,11,12,11,18,57, -46.1290000000
2020,11,12,11,18,57, -45.8065000000
2020,11,12,11,18,57, -47.7419000000
2020,11,12,11,18,57, -48.0645000000
2020,11,12,11,18,58, -50.0000000000
2020,11,12,11,18,58, -50.0000000000
2020,11,12,11,18,58, -50.0000000000
2020,11,12,11,18,58, -50.0000000000
2020,11,12,11,18,59, -50.0000000000
2020,11,12,11,18,59, -50.0000000000
2020,11,12,11,18,59, -50.0000000000
2020,11,12,11,18,59, -50.0000000000
2020,11,12,11,19,0, -49.3548000000
2020,11,12,11,19,0, -50.0000000000
2020,11,12,11,19,0, -50.0000000000
2020,11,12,11,19,0, -50.0000000000
2020,11,12,11,19,1, -49.0323000000
2020,11,12,11,19,1, -47.7419000000
2020,11,12,11,19,1, -50.0000000000
2020,11,12,11,19,1, -47.4194000000
2020,11,12,11,19,2, -50.0000000000
2020,11,12,11,19,2, -48.0645000000
2020,11,12,11,19,2, -48.0645000000
2020,11,12,11,19,3, -50.0000000000
2020,11,12,11,19,3, -50.0000000000
2020,11,12,11,19,3, -47.7419000000
2020,11,12,11,19,3, -50.0000000000
2020,11,12,11,19,4, -50.0000000000
2020,11,12,11,19,4, -50.0000000000
2020,11,12,11,19,4, -48.7097000000
2020,11,12,11,19,4, -50.0000000000
2020,11,12,11,19,5, -47.7419000000
2020,11,12,11,19,5, -50.0000000000
2020,11,12,11,19,5, -49.0323000000
2020,11,12,11,19,5, -49.3548000000
2020,11,12,11,19,6, -49.0323000000
2020,11,12,11,19,6, -50.0000000000
2020,11,12,11,19,6, -50.0000000000
2020,11,12,11,19,6, -50.0000000000
2020,11,12,11,19,7, -49.3548000000
2020,11,12,11,19,7, -48.7097000000
2020,11,12,11,19,7, -50.0000000000
2020,11,12,11,19,7, -50.0000000000
2020,11,12,11,19,8, -48.3871000000
2020,11,12,11,19,8, -50.0000000000
2020,11,12,11,19,8, -48.0645000000
2020,11,12,11,19,9, -50.0000000000
2020,11,12,11,19,9, -49.0323000000
2020,11,12,11,19,9, -48.7097000000
2020,11,12,11,19,9, -50.0000000000
2020,11,12,11,19,10, -48.0645000000
2020,11,12,11,19,10, -50.0000000000
2020,11,12,11,19,10, -49.6774000000
2020,11,12,11,19,10, -50.0000000000
2020,11,12,11,19,11, -50.0000000000
2020,11,12,11,19,11, -50.0000000000
2020,11,12,11,19,11, -48.3871000000
2020,11,12,11,19,11, -49.3548000000
2020,11,12,11,19,12, -50.0000000000
2020,11,12,11,19,12, -48.0645000000
2020,11,12,11,19,12, -50.0000000000
2020,11,12,11,19,12, -49.6774000000
2020,11,12,11,19,13, -48.7097000000
2020,11,12,11,19,13, -48.3871000000
2020,11,12,11,19,13, -49.0323000000
2020,11,12,11,19,13, -50.0000000000
2020,11,12,11,19,14, -48.3871000000
2020,11,12,11,19,14, -50.0000000000
2020,11,12,11,19,14, -48.7097000000
2020,11,12,11,19,14, -50.0000000000
2020,11,12,11,19,15, -49.0323000000
2020,11,12,11,19,15, -50.0000000000
2020,11,12,11,19,15, -50.0000000000
2020,11,12,11,19,16, -47.7419000000
2020,11,12,11,19,16, -50.0000000000
2020,11,12,11,19,16, -49.6774000000
2020,11,12,11,19,16, -48.7097000000
2020,11,12,11,19,17, -48.7097000000
2020,11,12,11,19,17, -50.0000000000
2020,11,12,11,19,17, -50.0000000000
2020,11,12,11,19,17, -50.0000000000
2020,11,12,11,19,18, -48.3871000000
2020,11,12,11,19,18, -50.0000000000
2020,11,12,11,19,18, -47.7419000000
2020,11,12,11,19,18, -50.0000000000
2020,11,12,11,19,19, -49.0323000000
2020,11,12,11,19,19, -50.0000000000
2020,11,12,11,19,19, -48.0645000000
2020,11,12,11,19,19, -50.0000000000
2020,11,12,11,19,20, -48.0645000000
2020,11,12,11,19,20, -50.0000000000
2020,11,12,11,19,20, -50.0000000000
2020,11,12,11,19,20, -49.0323000000
2020,11,12,11,19,21, -49.0323000000
2020,11,12,11,19,21, -50.0000000000
2020,11,12,11,19,21, -48.0645000000
2020,11,12,11,19,21, -50.0000000000
2020,11,12,11,19,22, -49.6774000000
2020,11,12,11,19,22, -50.0000000000
2020,11,12,11,19,22, -48.0645000000
2020,11,12,11,19,23, -48.7097000000
2020,11,12,11,19,23, -50.0000000000
2020,11,12,11,19,23, -50.0000000000
2020,11,12,11,19,23, -50.0000000000
2020,11,12,11,19,24, -50.0000000000
2020,11,12,11,19,24, -49.0323000000
2020,11,12,11,19,24, -48.3871000000
2020,11,12,11,19,24, -50.0000000000
2020,11,12,11,19,25, -48.7097000000
2020,11,12,11,19,25, -49.6774000000
2020,11,12,11,19,25, -50.0000000000
2020,11,12,11,19,25, -48.3871000000
2020,11,12,11,19,26, -48.7097000000
2020,11,12,11,19,26, -50.0000000000
2020,11,12,11,19,26, -48.7097000000
2020,11,12,11,19,26, -49.6774000000
2020,11,12,11,19,27, -50.0000000000
2020,11,12,11,19,27, -50.0000000000
2020,11,12,11,19,27, -49.0323000000
2020,11,12,11,19,27, -50.0000000000
2020,11,12,11,19,28, -47.7419000000
2020,11,12,11,19,28, -50.0000000000
2020,11,12,11,19,28, -48.3871000000
2020,11,12,11,19,28, -50.0000000000
2020,11,12,11,19,29, -48.0645000000
2020,11,12,11,19,29, -50.0000000000
2020,11,12,11,19,29, -48.0645000000
2020,11,12,11,19,30, -50.0000000000
2020,11,12,11,19,30, -50.0000000000
2020,11,12,11,19,30, -50.0000000000
2020,11,12,11,19,30, -49.0323000000
2020,11,12,11,19,31, -49.3548000000
2020,11,12,11,19,31, -50.0000000000
2020,11,12,11,19,31, -50.0000000000
2020,11,12,11,19,31, -47.4194000000
2020,11,12,11,19,32, -46.4516000000
2020,11,12,11,19,32, -47.4194000000
2020,11,12,11,19,32, -50.0000000000
2020,11,12,11,19,32, -50.0000000000
2020,11,12,11,19,33, -50.0000000000
2020,11,12,11,19,33, -47.4194000000
2020,11,12,11,19,33, -49.0323000000
2020,11,12,11,19,33, -50.0000000000
2020,11,12,11,19,34, -50.0000000000
2020,11,12,11,19,34, -50.0000000000
2020,11,12,11,19,34, -50.0000000000
2020,11,12,11,19,34, -47.0968000000
2020,11,12,11,19,35, -46.4516000000
2020,11,12,11,19,35, -50.0000000000
2020,11,12,11,19,35, -50.0000000000
2020,11,12,11,19,36, -49.3548000000
2020,11,12,11,19,36, -49.3548000000
2020,11,12,11,19,36, -49.3548000000
2020,11,12,11,19,36, -47.0968000000
2020,11,12,11,19,37, -48.0645000000
2020,11,12,11,19,37, -50.0000000000
2020,11,12,11,19,37, -49.3548000000
2020,11,12,11,19,37, -49.6774000000
2020,11,12,11,19,38, -48.3871000000
2020,11,12,11,19,38, -50.0000000000
2020,11,12,11,19,38, -48.0645000000
2020,11,12,11,19,38, -50.0000000000
2020,11,12,11,19,39, -48.0645000000
2020,11,12,11,19,39, -50.0000000000
2020,11,12,11,19,39, -48.0645000000
2020,11,12,11,19,39, -50.0000000000
2020,11,12,11,19,40, -48.7097000000
2020,11,12,11,19,40, -50.0000000000
2020,11,12,11,19,40, -48.7097000000
2020,11,12,11,19,40, -50.0000000000
2020,11,12,11,19,41, -48.7097000000
2020,11,12,11,19,41, -49.0323000000
2020,11,12,11,19,41, -50.0000000000
2020,11,12,11,19,41, -49.0323000000
2020,11,12,11,19,42, -50.0000000000
2020,11,12,11,19,42, -48.3871000000
2020,11,12,11,19,42, -48.7097000000
2020,11,12,11,19,43, -49.3548000000
2020,11,12,11,19,43, -50.0000000000
2020,11,12,11,19,43, -50.0000000000
2020,11,12,11,19,43, -50.0000000000
2020,11,12,11,19,44, -50.0000000000
2020,11,12,11,19,44, -48.0645000000
2020,11,12,11,19,44, -50.0000000000
2020,11,12,11,19,44, -48.3871000000
2020,11,12,11,19,45, -50.0000000000
2020,11,12,11,19,45, -49.6774000000
2020,11,12,11,19,45, -50.0000000000
2020,11,12,11,19,45, -48.0645000000
2020,11,12,11,19,46, -50.0000000000
2020,11,12,11,19,46, -48.3871000000
2020,11,12,11,19,46, -50.0000000000
2020,11,12,11,19,46, -49.6774000000
2020,11,12,11,19,47, -50.0000000000
2020,11,12,11,19,47, -48.3871000000
2020,11,12,11,19,47, -50.0000000000
2020,11,12,11,19,47, -50.0000000000
2020,11,12,11,19,48, -48.0645000000
2020,11,12,11,19,48, -50.0000000000
2020,11,12,11,19,48, -48.0645000000
2020,11,12,11,19,48, -50.0000000000
2020,11,12,11,19,49, -48.7097000000
2020,11,12,11,19,49, -48.7097000000
2020,11,12,11,19,49, -48.7097000000
2020,11,12,11,19,50, -50.0000000000
2020,11,12,11,19,50, -50.0000000000
2020,11,12,11,19,50, -48.7097000000
2020,11,12,11,19,50, -50.0000000000
2020,11,12,11,19,51, -48.3871000000
2020,11,12,11,19,51, -50.0000000000
2020,11,12,11,19,51, -48.3871000000
2020,11,12,11,19,51, -49.6774000000
2020,11,12,11,19,52, -49.0323000000
2020,11,12,11,19,52, -50.0000000000
2020,11,12,11,19,52, -49.6774000000
2020,11,12,11,19,52, -49.3548000000
2020,11,12,11,19,53, -50.0000000000
2020,11,12,11,19,53, -48.0645000000
2020,11,12,11,19,53, -50.0000000000
2020,11,12,11,19,53, -48.0645000000
2020,11,12,11,19,54, -50.0000000000
2020,11,12,11,19,54, -49.6774000000
2020,11,12,11,19,54, -50.0000000000
2020,11,12,11,19,54, -50.0000000000
2020,11,12,11,19,55, -49.6774000000
2020,11,12,11,19,55, -48.7097000000
2020,11,12,11,19,55, -50.0000000000
2020,11,12,11,19,56, -50.0000000000
2020,11,12,11,19,56, -48.7097000000
2020,11,12,11,19,56, -50.0000000000
2020,11,12,11,19,56, -50.0000000000
2020,11,12,11,19,57, -50.0000000000
2020,11,12,11,19,57, -48.3871000000
2020,11,12,11,19,57, -50.0000000000
2020,11,12,11,19,57, -48.0645000000
2020,11,12,11,19,58, -48.7097000000
2020,11,12,11,19,58, -50.0000000000
2020,11,12,11,19,58, -48.0645000000
2020,11,12,11,19,58, -50.0000000000
2020,11,12,11,19,59, -48.3871000000
2020,11,12,11,19,59, -50.0000000000
2020,11,12,11,19,59, -50.0000000000
2020,11,12,11,19,59, -48.0645000000
2020,11,12,11,20,0, -48.7097000000
2020,11,12,11,20,0, -50.0000000000
2020,11,12,11,20,0, -50.0000000000
2020,11,12,11,20,0, -49.6774000000
2020,11,12,11,20,1, -49.0323000000
2020,11,12,11,20,1, -49.3548000000
2020,11,12,11,20,1, -50.0000000000
2020,11,12,11,20,1, -50.0000000000
2020,11,12,11,20,2, -49.6774000000
2020,11,12,11,20,2, -50.0000000000
2020,11,12,11,20,2, -50.0000000000
2020,11,12,11,20,3, -49.6774000000
2020,11,12,11,20,3, -48.3871000000
2020,11,12,11,20,3, -50.0000000000
2020,11,12,11,20,3, -50.0000000000
2020,11,12,11,20,4, -50.0000000000
2020,11,12,11,20,4, -48.0645000000
2020,11,12,11,20,4, -50.0000000000
2020,11,12,11,20,4, -48.0645000000
2020,11,12,11,20,5, -50.0000000000
2020,11,12,11,20,5, -49.0323000000
2020,11,12,11,20,5, -50.0000000000
2020,11,12,11,20,5, -50.0000000000
2020,11,12,11,20,6, -49.6774000000
2020,11,12,11,20,6, -50.0000000000
2020,11,12,11,20,6, -48.7097000000
2020,11,12,11,20,6, -48.7097000000
2020,11,12,11,20,7, -50.0000000000
2020,11,12,11,20,7, -49.6774000000
2020,11,12,11,20,7, -50.0000000000
2020,11,12,11,20,8, -49.0323000000
2020,11,12,11,20,8, -49.3548000000
2020,11,12,11,20,8, -49.6774000000
2020,11,12,11,20,8, -50.0000000000
2020,11,12,11,20,9, -49.0323000000
2020,11,12,11,20,9, -50.0000000000
2020,11,12,11,20,9, -48.3871000000
2020,11,12,11,20,9, -50.0000000000
2020,11,12,11,20,10, -50.0000000000
2020,11,12,11,20,10, -49.3548000000
2020,11,12,11,20,10, -48.7097000000
2020,11,12,11,20,10, -50.0000000000
2020,11,12,11,20,11, -48.3871000000
2020,11,12,11,20,11, -50.0000000000
2020,11,12,11,20,11, -50.0000000000
2020,11,12,11,20,11, -50.0000000000
2020,11,12,11,20,12, -48.3871000000
2020,11,12,11,20,12, -50.0000000000
2020,11,12,11,20,12, -50.0000000000
2020,11,12,11,20,12, -48.0645000000
2020,11,12,11,20,13, -50.0000000000
2020,11,12,11,20,13, -50.0000000000
2020,11,12,11,20,13, -48.7097000000
2020,11,12,11,20,13, -50.0000000000
2020,11,12,11,20,14, -48.3871000000
2020,11,12,11,20,14, -50.0000000000
2020,11,12,11,20,14, -49.6774000000
2020,11,12,11,20,15, -49.3548000000
2020,11,12,11,20,15, -48.7097000000
2020,11,12,11,20,15, -49.0323000000
2020,11,12,11,20,15, -50.0000000000
2020,11,12,11,20,16, -48.7097000000
2020,11,12,11,20,16, -50.0000000000
2020,11,12,11,20,16, -48.0645000000
2020,11,12,11,20,16, -50.0000000000
2020,11,12,11,20,17, -50.0000000000
2020,11,12,11,20,17, -48.0645000000
2020,11,12,11,20,17, -50.0000000000
2020,11,12,11,20,17, -48.0645000000
2020,11,12,11,20,18, -50.0000000000
2020,11,12,11,20,18, -48.3871000000
2020,11,12,11,20,18, -50.0000000000
2020,11,12,11,20,18, -50.0000000000
2020,11,12,11,20,19, -49.6774000000
2020,11,12,11,20,19, -49.0323000000
2020,11,12,11,20,19, -50.0000000000
2020,11,12,11,20,19, -50.0000000000
2020,11,12,11,20,20, -48.0645000000
2020,11,12,11,20,20, -50.0000000000
2020,11,12,11,20,20, -48.3871000000
2020,11,12,11,20,21, -49.0323000000
2020,11,12,11,20,21, -50.0000000000
2020,11,12,11,20,21, -49.0323000000
2020,11,12,11,20,21, -49.3548000000
2020,11,12,11,20,22, -50.0000000000
2020,11,12,11,20,22, -48.3871000000
2020,11,12,11,20,22, -50.0000000000
2020,11,12,11,20,22, -48.0645000000
2020,11,12,11,20,23, -48.7097000000
2020,11,12,11,20,23, -50.0000000000
2020,11,12,11,20,23, -48.7097000000
2020,11,12,11,20,23, -50.0000000000
2020,11,12,11,20,24, -48.7097000000
2020,11,12,11,20,24, -50.0000000000
2020,11,12,11,20,24, -48.7097000000
2020,11,12,11,20,24, -48.7097000000
2020,11,12,11,20,25, -50.0000000000
2020,11,12,11,20,25, -48.3871000000
2020,11,12,11,20,25, -50.0000000000
2020,11,12,11,20,25, -50.0000000000
2020,11,12,11,20,26, -49.3548000000
2020,11,12,11,20,26, -50.0000000000
2020,11,12,11,20,26, -50.0000000000
2020,11,12,11,20,27, -50.0000000000
2020,11,12,11,20,27, -48.7097000000
2020,11,12,11,20,27, -50.0000000000
2020,11,12,11,20,27, -50.0000000000
2020,11,12,11,20,28, -48.0645000000
2020,11,12,11,20,28, -50.0000000000
2020,11,12,11,20,28, -50.0000000000
2020,11,12,11,20,28, -49.0323000000
2020,11,12,11,20,29, -49.6774000000
2020,11,12,11,20,29, -50.0000000000
2020,11,12,11,20,29, -48.3871000000
2020,11,12,11,20,29, -49.0323000000
2020,11,12,11,20,30, -50.0000000000
2020,11,12,11,20,30, -48.7097000000
2020,11,12,11,20,30, -49.3548000000
2020,11,12,11,20,30, -49.6774000000
2020,11,12,11,20,31, -50.0000000000
2020,11,12,11,20,31, -48.0645000000
2020,11,12,11,20,31, -50.0000000000
2020,11,12,11,20,31, -48.7097000000
2020,11,12,11,20,32, -49.6774000000
2020,11,12,11,20,32, -50.0000000000
2020,11,12,11,20,32, -49.3548000000
2020,11,12,11,20,33, -49.6774000000
2020,11,12,11,20,33, -50.0000000000
2020,11,12,11,20,33, -49.0323000000
2020,11,12,11,20,33, -49.6774000000
2020,11,12,11,20,34, -50.0000000000
2020,11,12,11,20,34, -48.0645000000
2020,11,12,11,20,34, -48.7097000000
2020,11,12,11,20,34, -50.0000000000
2020,11,12,11,20,35, -48.3871000000
2020,11,12,11,20,35, -50.0000000000
2020,11,12,11,20,35, -50.0000000000
2020,11,12,11,20,35, -48.0645000000
2020,11,12,11,20,36, -50.0000000000
2020,11,12,11,20,36, -48.0645000000
2020,11,12,11,20,36, -49.6774000000
2020,11,12,11,20,36, -50.0000000000
2020,11,12,11,20,37, -48.3871000000
2020,11,12,11,20,37, -50.0000000000
2020,11,12,11,20,37, -49.3548000000
2020,11,12,11,20,37, -50.0000000000
2020,11,12,11,20,38, -50.0000000000
2020,11,12,11,20,38, -48.3871000000
2020,11,12,11,20,38, -49.3548000000
2020,11,12,11,20,39, -49.0323000000
2020,11,12,11,20,39, -50.0000000000
2020,11,12,11,20,39, -48.7097000000
2020,11,12,11,20,39, -50.0000000000
2020,11,12,11,20,40, -48.3871000000
2020,11,12,11,20,40, -50.0000000000
2020,11,12,11,20,40, -48.0645000000
2020,11,12,11,20,40, -47.4194000000
2020,11,12,11,20,41, -44.8387000000
2020,11,12,11,20,41, -49.3548000000
2020,11,12,11,20,41, -48.0645000000
2020,11,12,11,20,41, -48.7097000000
2020,11,12,11,20,42, -50.0000000000
2020,11,12,11,20,42, -48.0645000000
2020,11,12,11,20,42, -50.0000000000
2020,11,12,11,20,42, -48.3871000000
2020,11,12,11,20,43, -48.7097000000
2020,11,12,11,20,43, -50.0000000000
2020,11,12,11,20,43, -49.0323000000
2020,11,12,11,20,44, -48.7097000000
2020,11,12,11,20,44, -50.0000000000
2020,11,12,11,20,44, -50.0000000000
2020,11,12,11,20,44, -48.0645000000
2020,11,12,11,20,45, -50.0000000000
2020,11,12,11,20,45, -50.0000000000
2020,11,12,11,20,45, -48.3871000000
2020,11,12,11,20,45, -50.0000000000
2020,11,12,11,20,46, -49.3548000000
2020,11,12,11,20,46, -50.0000000000
2020,11,12,11,20,46, -50.0000000000
2020,11,12,11,20,46, -50.0000000000
2020,11,12,11,20,47, -50.0000000000
2020,11,12,11,20,47, -48.3871000000
2020,11,12,11,20,47, -50.0000000000
2020,11,12,11,20,47, -48.3871000000
2020,11,12,11,20,48, -50.0000000000
2020,11,12,11,20,48, -48.3871000000
2020,11,12,11,20,48, -50.0000000000
2020,11,12,11,20,49, -50.0000000000
2020,11,12,11,20,49, -48.0645000000
2020,11,12,11,20,49, -50.0000000000
2020,11,12,11,20,49, -48.0645000000
2020,11,12,11,20,50, -50.0000000000
2020,11,12,11,20,50, -50.0000000000
2020,11,12,11,20,50, -50.0000000000
2020,11,12,11,20,50, -49.3548000000
2020,11,12,11,20,51, -50.0000000000
2020,11,12,11,20,51, -49.6774000000
2020,11,12,11,20,51, -48.7097000000
2020,11,12,11,20,51, -50.0000000000
2020,11,12,11,20,52, -50.0000000000
2020,11,12,11,20,52, -48.0645000000
2020,11,12,11,20,52, -50.0000000000
2020,11,12,11,20,52, -48.3871000000
2020,11,12,11,20,53, -50.0000000000
2020,11,12,11,20,53, -48.0645000000
2020,11,12,11,20,53, -48.3871000000
2020,11,12,11,20,54, -50.0000000000
2020,11,12,11,20,54, -50.0000000000
2020,11,12,11,20,54, -50.0000000000
2020,11,12,11,20,54, -48.0645000000
2020,11,12,11,20,55, -50.0000000000
2020,11,12,11,20,55, -48.7097000000
