2020,11,12,12,36,1, -47.7419000000
2020,11,12,12,36,1, -50.0000000000
2020,11,12,12,36,1, -48.3871000000
2020,11,12,12,36,1, -48.7097000000
2020,11,12,12,36,2, -48.0645000000
2020,11,12,12,36,2, -50.0000000000
2020,11,12,12,36,2, -48.7097000000
2020,11,12,12,36,2, -48.7097000000
2020,11,12,12,36,3, -50.0000000000
2020,11,12,12,36,3, -48.3871000000
2020,11,12,12,36,3, -50.0000000000
2020,11,12,12,36,3, -49.6774000000
2020,11,12,12,36,4, -50.0000000000
2020,11,12,12,36,4, -48.0645000000
2020,11,12,12,36,4, -50.0000000000
2020,11,12,12,36,5, -48.3871000000
2020,11,12,12,36,5, -50.0000000000
2020,11,12,12,36,5, -47.4194000000
2020,11,12,12,36,5, -50.0000000000
2020,11,12,12,36,6, -47.7419000000
2020,11,12,12,36,6, -50.0000000000
2020,11,12,12,36,6, -49.3548000000
2020,11,12,12,36,6, -48.0645000000
2020,11,12,12,36,7, -50.0000000000
2020,11,12,12,36,7, -47.0968000000
2020,11,12,12,36,7, -50.0000000000
2020,11,12,12,36,7, -49.6774000000
2020,11,12,12,36,8, -47.7419000000
2020,11,12,12,36,8, -50.0000000000
2020,11,12,12,36,8, -46.7742000000
2020,11,12,12,36,8, -49.3548000000
2020,11,12,12,36,9, -49.6774000000
2020,11,12,12,36,9, -50.0000000000
2020,11,12,12,36,9, -48.3871000000
2020,11,12,12,36,9, -50.0000000000
2020,11,12,12,36,10, -47.7419000000
2020,11,12,12,36,10, -50.0000000000
2020,11,12,12,36,10, -47.4194000000
2020,11,12,12,36,10, -50.0000000000
2020,11,12,12,36,11, -49.3548000000
2020,11,12,12,36,11, -47.4194000000
2020,11,12,12,36,11, -49.6774000000
2020,11,12,12,36,12, -50.0000000000
2020,11,12,12,36,12, -46.7742000000
2020,11,12,12,36,12, -50.0000000000
2020,11,12,12,36,12, -48.3871000000
2020,11,12,12,36,13, -50.0000000000
2020,11,12,12,36,13, -48.3871000000
2020,11,12,12,36,13, -50.0000000000
2020,11,12,12,36,13, -46.7742000000
2020,11,12,12,36,14, -50.0000000000
2020,11,12,12,36,14, -46.7742000000
2020,11,12,12,36,14, -49.3548000000
2020,11,12,12,36,14, -50.0000000000
2020,11,12,12,36,15, -47.7419000000
2020,11,12,12,36,15, -50.0000000000
2020,11,12,12,36,15, -48.3871000000
2020,11,12,12,36,15, -50.0000000000
2020,11,12,12,36,16, -47.7419000000
2020,11,12,12,36,16, -50.0000000000
2020,11,12,12,36,16, -50.0000000000
2020,11,12,12,36,16, -47.7419000000
2020,11,12,12,36,17, -50.0000000000
2020,11,12,12,36,17, -49.6774000000
2020,11,12,12,36,17, -48.3871000000
2020,11,12,12,36,17, -48.0645000000
2020,11,12,12,36,18, -50.0000000000
2020,11,12,12,36,18, -49.3548000000
2020,11,12,12,36,18, -47.7419000000
2020,11,12,12,36,18, -50.0000000000
2020,11,12,12,36,19, -48.3871000000
2020,11,12,12,36,19, -49.0323000000
2020,11,12,12,36,19, -50.0000000000
2020,11,12,12,36,20, -47.4194000000
2020,11,12,12,36,20, -50.0000000000
2020,11,12,12,36,20, -50.0000000000
2020,11,12,12,36,20, -47.0968000000
2020,11,12,12,36,21, -50.0000000000
2020,11,12,12,36,21, -47.4194000000
2020,11,12,12,36,21, -50.0000000000
2020,11,12,12,36,21, -49.3548000000
2020,11,12,12,36,22, -50.0000000000
2020,11,12,12,36,22, -48.7097000000
2020,11,12,12,36,22, -50.0000000000
2020,11,12,12,36,22, -50.0000000000
2020,11,12,12,36,23, -49.6774000000
2020,11,12,12,36,23, -50.0000000000
2020,11,12,12,36,23, -49.0323000000
2020,11,12,12,36,23, -50.0000000000
2020,11,12,12,36,24, -48.0645000000
2020,11,12,12,36,24, -50.0000000000
2020,11,12,12,36,24, -49.0323000000
2020,11,12,12,36,24, -48.7097000000
2020,11,12,12,36,25, -50.0000000000
2020,11,12,12,36,25, -47.0968000000
2020,11,12,12,36,25, -50.0000000000
2020,11,12,12,36,25, -47.4194000000
2020,11,12,12,36,26, -50.0000000000
2020,11,12,12,36,26, -48.0645000000
2020,11,12,12,36,26, -50.0000000000
2020,11,12,12,36,26, -49.3548000000
2020,11,12,12,36,27, -49.0323000000
2020,11,12,12,36,27, -50.0000000000
2020,11,12,12,36,27, -50.0000000000
2020,11,12,12,36,28, -49.6774000000
2020,11,12,12,36,28, -48.3871000000
2020,11,12,12,36,28, -50.0000000000
2020,11,12,12,36,28, -48.7097000000
2020,11,12,12,36,29, -48.3871000000
2020,11,12,12,36,29, -48.3871000000
2020,11,12,12,36,29, -50.0000000000
2020,11,12,12,36,29, -50.0000000000
2020,11,12,12,36,30, -47.0968000000
2020,11,12,12,36,30, -50.0000000000
2020,11,12,12,36,30, -49.3548000000
2020,11,12,12,36,30, -49.0323000000
2020,11,12,12,36,31, -49.0323000000
2020,11,12,12,36,31, -50.0000000000
2020,11,12,12,36,31, -48.0645000000
2020,11,12,12,36,31, -50.0000000000
2020,11,12,12,36,32, -48.7097000000
2020,11,12,12,36,32, -49.6774000000
2020,11,12,12,36,32, -50.0000000000
2020,11,12,12,36,32, -47.7419000000
2020,11,12,12,36,33, -50.0000000000
2020,11,12,12,36,33, -48.3871000000
2020,11,12,12,36,33, -50.0000000000
2020,11,12,12,36,33, -50.0000000000
2020,11,12,12,36,34, -49.3548000000
2020,11,12,12,36,34, -49.3548000000
2020,11,12,12,36,34, -48.0645000000
2020,11,12,12,36,34, -47.7419000000
2020,11,12,12,36,35, -50.0000000000
2020,11,12,12,36,35, -48.3871000000
2020,11,12,12,36,35, -48.7097000000
2020,11,12,12,36,36, -50.0000000000
2020,11,12,12,36,36, -47.0968000000
2020,11,12,12,36,36, -48.7097000000
2020,11,12,12,36,36, -50.0000000000
2020,11,12,12,36,37, -48.7097000000
2020,11,12,12,36,37, -49.3548000000
2020,11,12,12,36,37, -48.7097000000
2020,11,12,12,36,37, -48.3871000000
2020,11,12,12,36,38, -50.0000000000
2020,11,12,12,36,38, -48.7097000000
2020,11,12,12,36,38, -49.6774000000
2020,11,12,12,36,38, -50.0000000000
2020,11,12,12,36,39, -50.0000000000
2020,11,12,12,36,39, -50.0000000000
2020,11,12,12,36,39, -48.7097000000
2020,11,12,12,36,39, -50.0000000000
2020,11,12,12,36,40, -49.0323000000
2020,11,12,12,36,40, -50.0000000000
2020,11,12,12,36,40, -46.7742000000
2020,11,12,12,36,40, -50.0000000000
2020,11,12,12,36,41, -48.3871000000
2020,11,12,12,36,41, -50.0000000000
2020,11,12,12,36,41, -50.0000000000
2020,11,12,12,36,41, -47.4194000000
2020,11,12,12,36,42, -50.0000000000
2020,11,12,12,36,42, -48.7097000000
2020,11,12,12,36,42, -50.0000000000
2020,11,12,12,36,43, -48.7097000000
2020,11,12,12,36,43, -48.7097000000
2020,11,12,12,36,43, -50.0000000000
2020,11,12,12,36,43, -48.0645000000
2020,11,12,12,36,44, -50.0000000000
2020,11,12,12,36,44, -49.6774000000
2020,11,12,12,36,44, -48.7097000000
2020,11,12,12,36,44, -50.0000000000
2020,11,12,12,36,45, -48.0645000000
2020,11,12,12,36,45, -50.0000000000
2020,11,12,12,36,45, -48.3871000000
2020,11,12,12,36,45, -48.3871000000
2020,11,12,12,36,46, -49.0323000000
2020,11,12,12,36,46, -50.0000000000
2020,11,12,12,36,46, -47.4194000000
2020,11,12,12,36,46, -50.0000000000
2020,11,12,12,36,47, -50.0000000000
2020,11,12,12,36,47, -47.4194000000
2020,11,12,12,36,47, -50.0000000000
2020,11,12,12,36,47, -49.3548000000
2020,11,12,12,36,48, -50.0000000000
2020,11,12,12,36,48, -50.0000000000
2020,11,12,12,36,48, -47.0968000000
2020,11,12,12,36,48, -50.0000000000
2020,11,12,12,36,49, -49.0323000000
2020,11,12,12,36,49, -50.0000000000
2020,11,12,12,36,49, -50.0000000000
2020,11,12,12,36,49, -47.0968000000
2020,11,12,12,36,50, -50.0000000000
2020,11,12,12,36,50, -49.0323000000
2020,11,12,12,36,50, -47.7419000000
2020,11,12,12,36,50, -50.0000000000
2020,11,12,12,36,51, -48.0645000000
2020,11,12,12,36,51, -50.0000000000
2020,11,12,12,36,51, -48.7097000000
2020,11,12,12,36,51, -49.6774000000
2020,11,12,12,36,52, -50.0000000000
2020,11,12,12,36,52, -47.0968000000
2020,11,12,12,36,52, -50.0000000000
2020,11,12,12,36,53, -48.0645000000
2020,11,12,12,36,53, -50.0000000000
2020,11,12,12,36,53, -50.0000000000
2020,11,12,12,36,53, -48.0645000000
2020,11,12,12,36,54, -50.0000000000
2020,11,12,12,36,54, -49.3548000000
2020,11,12,12,36,54, -47.7419000000
2020,11,12,12,36,54, -50.0000000000
2020,11,12,12,36,55, -48.0645000000
2020,11,12,12,36,55, -50.0000000000
2020,11,12,12,36,55, -48.0645000000
2020,11,12,12,36,55, -49.6774000000
2020,11,12,12,36,56, -50.0000000000
2020,11,12,12,36,56, -50.0000000000
2020,11,12,12,36,56, -50.0000000000
2020,11,12,12,36,56, -50.0000000000
2020,11,12,12,36,57, -49.6774000000
2020,11,12,12,36,57, -50.0000000000
2020,11,12,12,36,57, -47.0968000000
2020,11,12,12,36,57, -50.0000000000
2020,11,12,12,36,58, -47.7419000000
2020,11,12,12,36,58, -50.0000000000
2020,11,12,12,36,58, -48.3871000000
2020,11,12,12,36,58, -50.0000000000
2020,11,12,12,36,59, -48.7097000000
2020,11,12,12,36,59, -50.0000000000
2020,11,12,12,36,59, -49.6774000000
2020,11,12,12,36,59, -48.3871000000
2020,11,12,12,37,0, -50.0000000000
2020,11,12,12,37,0, -48.0645000000
2020,11,12,12,37,0, -50.0000000000
2020,11,12,12,37,1, -49.0323000000
2020,11,12,12,37,1, -49.0323000000
2020,11,12,12,37,1, -50.0000000000
2020,11,12,12,37,1, -50.0000000000
2020,11,12,12,37,2, -49.0323000000
2020,11,12,12,37,2, -48.3871000000
2020,11,12,12,37,2, -50.0000000000
2020,11,12,12,37,2, -48.0645000000
2020,11,12,12,37,3, -49.0323000000
2020,11,12,12,37,3, -50.0000000000
2020,11,12,12,37,3, -50.0000000000
2020,11,12,12,37,3, -48.3871000000
2020,11,12,12,37,4, -48.3871000000
2020,11,12,12,37,4, -50.0000000000
2020,11,12,12,37,4, -47.4194000000
2020,11,12,12,37,4, -50.0000000000
2020,11,12,12,37,5, -48.3871000000
2020,11,12,12,37,5, -50.0000000000
2020,11,12,12,37,5, -48.3871000000
2020,11,12,12,37,5, -50.0000000000
2020,11,12,12,37,6, -48.3871000000
2020,11,12,12,37,6, -50.0000000000
2020,11,12,12,37,6, -50.0000000000
2020,11,12,12,37,6, -48.3871000000
2020,11,12,12,37,7, -50.0000000000
2020,11,12,12,37,7, -47.4194000000
2020,11,12,12,37,7, -50.0000000000
2020,11,12,12,37,7, -50.0000000000
2020,11,12,12,37,8, -49.0323000000
2020,11,12,12,37,8, -49.0323000000
2020,11,12,12,37,8, -50.0000000000
2020,11,12,12,37,9, -48.3871000000
2020,11,12,12,37,9, -50.0000000000
2020,11,12,12,37,9, -49.3548000000
2020,11,12,12,37,9, -48.7097000000
2020,11,12,12,37,10, -50.0000000000
2020,11,12,12,37,10, -48.7097000000
2020,11,12,12,37,10, -49.6774000000
2020,11,12,12,37,10, -50.0000000000
2020,11,12,12,37,11, -49.0323000000
2020,11,12,12,37,11, -50.0000000000
2020,11,12,12,37,11, -48.3871000000
2020,11,12,12,37,11, -50.0000000000
2020,11,12,12,37,12, -50.0000000000
2020,11,12,12,37,12, -49.3548000000
2020,11,12,12,37,12, -48.7097000000
2020,11,12,12,37,12, -50.0000000000
2020,11,12,12,37,13, -47.0968000000
2020,11,12,12,37,13, -50.0000000000
2020,11,12,12,37,13, -50.0000000000
2020,11,12,12,37,13, -49.6774000000
2020,11,12,12,37,14, -48.0645000000
2020,11,12,12,37,14, -50.0000000000
2020,11,12,12,37,14, -50.0000000000
2020,11,12,12,37,14, -47.0968000000
2020,11,12,12,37,15, -50.0000000000
2020,11,12,12,37,15, -49.3548000000
2020,11,12,12,37,15, -48.7097000000
2020,11,12,12,37,15, -50.0000000000
2020,11,12,12,37,16, -48.7097000000
2020,11,12,12,37,16, -50.0000000000
2020,11,12,12,37,16, -47.4194000000
2020,11,12,12,37,16, -50.0000000000
2020,11,12,12,37,17, -48.7097000000
2020,11,12,12,37,17, -50.0000000000
2020,11,12,12,37,17, -50.0000000000
2020,11,12,12,37,18, -48.7097000000
2020,11,12,12,37,18, -48.3871000000
2020,11,12,12,37,18, -48.7097000000
2020,11,12,12,37,18, -50.0000000000
2020,11,12,12,37,19, -49.3548000000
2020,11,12,12,37,19, -48.3871000000
2020,11,12,12,37,19, -50.0000000000
2020,11,12,12,37,19, -47.4194000000
2020,11,12,12,37,20, -50.0000000000
2020,11,12,12,37,20, -50.0000000000
2020,11,12,12,37,20, -48.0645000000
2020,11,12,12,37,20, -50.0000000000
2020,11,12,12,37,21, -47.4194000000
2020,11,12,12,37,21, -50.0000000000
2020,11,12,12,37,21, -50.0000000000
2020,11,12,12,37,21, -48.3871000000
2020,11,12,12,37,22, -50.0000000000
2020,11,12,12,37,22, -47.4194000000
2020,11,12,12,37,22, -50.0000000000
2020,11,12,12,37,22, -46.7742000000
2020,11,12,12,37,23, -50.0000000000
2020,11,12,12,37,23, -49.0323000000
2020,11,12,12,37,23, -50.0000000000
2020,11,12,12,37,23, -48.7097000000
2020,11,12,12,37,24, -50.0000000000
2020,11,12,12,37,24, -50.0000000000
2020,11,12,12,37,24, -46.7742000000
2020,11,12,12,37,24, -50.0000000000
2020,11,12,12,37,25, -48.3871000000
2020,11,12,12,37,25, -47.7419000000
2020,11,12,12,37,25, -50.0000000000
2020,11,12,12,37,26, -50.0000000000
2020,11,12,12,37,26, -50.0000000000
2020,11,12,12,37,26, -50.0000000000
2020,11,12,12,37,26, -50.0000000000
2020,11,12,12,37,27, -50.0000000000
2020,11,12,12,37,27, -49.6774000000
2020,11,12,12,37,27, -47.4194000000
2020,11,12,12,37,27, -50.0000000000
2020,11,12,12,37,28, -50.0000000000
2020,11,12,12,37,28, -50.0000000000
2020,11,12,12,37,28, -47.0968000000
2020,11,12,12,37,28, -49.3548000000
2020,11,12,12,37,29, -48.7097000000
2020,11,12,12,37,29, -50.0000000000
2020,11,12,12,37,29, -50.0000000000
2020,11,12,12,37,29, -49.0323000000
2020,11,12,12,37,30, -50.0000000000
2020,11,12,12,37,30, -50.0000000000
2020,11,12,12,37,30, -48.0645000000
2020,11,12,12,37,31, -50.0000000000
2020,11,12,12,37,31, -47.0968000000
2020,11,12,12,37,31, -50.0000000000
2020,11,12,12,37,31, -50.0000000000
2020,11,12,12,37,32, -48.0645000000
2020,11,12,12,37,32, -50.0000000000
2020,11,12,12,37,32, -49.0323000000
2020,11,12,12,37,32, -48.7097000000
2020,11,12,12,37,33, -50.0000000000
2020,11,12,12,37,33, -47.4194000000
2020,11,12,12,37,33, -50.0000000000
2020,11,12,12,37,33, -47.7419000000
2020,11,12,12,37,34, -48.3871000000
2020,11,12,12,37,34, -50.0000000000
2020,11,12,12,37,34, -49.3548000000
2020,11,12,12,37,34, -50.0000000000
2020,11,12,12,37,35, -50.0000000000
2020,11,12,12,37,35, -47.4194000000
2020,11,12,12,37,35, -50.0000000000
2020,11,12,12,37,36, -48.3871000000
2020,11,12,12,37,36, -47.0968000000
2020,11,12,12,37,36, -48.3871000000
2020,11,12,12,37,36, -50.0000000000
2020,11,12,12,37,37, -48.0645000000
2020,11,12,12,37,37, -50.0000000000
2020,11,12,12,37,37, -50.0000000000
2020,11,12,12,37,37, -50.0000000000
2020,11,12,12,37,38, -49.0323000000
2020,11,12,12,37,38, -47.7419000000
2020,11,12,12,37,38, -50.0000000000
2020,11,12,12,37,38, -47.4194000000
2020,11,12,12,37,39, -50.0000000000
2020,11,12,12,37,39, -47.7419000000
2020,11,12,12,37,39, -50.0000000000
2020,11,12,12,37,39, -50.0000000000
2020,11,12,12,37,40, -47.7419000000
2020,11,12,12,37,40, -50.0000000000
2020,11,12,12,37,40, -47.7419000000
2020,11,12,12,37,40, -50.0000000000
2020,11,12,12,37,41, -46.7742000000
2020,11,12,12,37,41, -50.0000000000
2020,11,12,12,37,41, -48.0645000000
2020,11,12,12,37,42, -50.0000000000
2020,11,12,12,37,42, -50.0000000000
2020,11,12,12,37,42, -48.7097000000
2020,11,12,12,37,42, -50.0000000000
2020,11,12,12,37,43, -48.3871000000
2020,11,12,12,37,43, -50.0000000000
2020,11,12,12,37,43, -49.3548000000
2020,11,12,12,37,43, -49.3548000000
2020,11,12,12,37,44, -50.0000000000
2020,11,12,12,37,44, -48.7097000000
2020,11,12,12,37,44, -50.0000000000
2020,11,12,12,37,44, -48.0645000000
2020,11,12,12,37,45, -48.7097000000
2020,11,12,12,37,45, -50.0000000000
2020,11,12,12,37,45, -47.4194000000
2020,11,12,12,37,45, -49.6774000000
2020,11,12,12,37,46, -49.6774000000
2020,11,12,12,37,46, -50.0000000000
2020,11,12,12,37,46, -47.7419000000
2020,11,12,12,37,46, -49.0323000000
2020,11,12,12,37,47, -50.0000000000
2020,11,12,12,37,47, -50.0000000000
2020,11,12,12,37,47, -48.7097000000
2020,11,12,12,37,47, -50.0000000000
2020,11,12,12,37,48, -50.0000000000
2020,11,12,12,37,48, -49.6774000000
2020,11,12,12,37,48, -48.7097000000
2020,11,12,12,37,49, -48.7097000000
2020,11,12,12,37,49, -50.0000000000
2020,11,12,12,37,49, -50.0000000000
2020,11,12,12,37,49, -48.7097000000
2020,11,12,12,37,50, -50.0000000000
2020,11,12,12,37,50, -47.4194000000
2020,11,12,12,37,50, -50.0000000000
2020,11,12,12,37,50, -47.0968000000
2020,11,12,12,37,51, -50.0000000000
2020,11,12,12,37,51, -50.0000000000
2020,11,12,12,37,51, -49.3548000000
2020,11,12,12,37,51, -50.0000000000
2020,11,12,12,37,52, -47.7419000000
2020,11,12,12,37,52, -50.0000000000
2020,11,12,12,37,52, -50.0000000000
2020,11,12,12,37,52, -49.3548000000
2020,11,12,12,37,53, -50.0000000000
2020,11,12,12,37,53, -47.0968000000
2020,11,12,12,37,53, -50.0000000000
2020,11,12,12,37,53, -49.0323000000
2020,11,12,12,37,54, -48.0645000000
2020,11,12,12,37,54, -50.0000000000
2020,11,12,12,37,54, -48.3871000000
2020,11,12,12,37,54, -49.6774000000
2020,11,12,12,37,55, -50.0000000000
2020,11,12,12,37,55, -50.0000000000
2020,11,12,12,37,55, -47.4194000000
2020,11,12,12,37,56, -50.0000000000
2020,11,12,12,37,56, -48.0645000000
2020,11,12,12,37,56, -50.0000000000
2020,11,12,12,37,56, -50.0000000000
2020,11,12,12,37,57, -47.7419000000
2020,11,12,12,37,57, -50.0000000000
2020,11,12,12,37,57, -49.6774000000
2020,11,12,12,37,57, -48.7097000000
2020,11,12,12,37,58, -49.6774000000
2020,11,12,12,37,58, -50.0000000000
2020,11,12,12,37,58, -49.6774000000
2020,11,12,12,37,58, -50.0000000000
2020,11,12,12,37,59, -47.4194000000
2020,11,12,12,37,59, -50.0000000000
2020,11,12,12,37,59, -50.0000000000
2020,11,12,12,37,59, -48.3871000000
2020,11,12,12,38,0, -50.0000000000
2020,11,12,12,38,0, -47.4194000000
2020,11,12,12,38,0, -50.0000000000
2020,11,12,12,38,0, -48.7097000000
2020,11,12,12,38,1, -49.6774000000
2020,11,12,12,38,1, -49.3548000000
2020,11,12,12,38,1, -49.0323000000
2020,11,12,12,38,1, -50.0000000000
2020,11,12,12,38,2, -47.4194000000
2020,11,12,12,38,2, -50.0000000000
2020,11,12,12,38,2, -50.0000000000
2020,11,12,12,38,2, -47.0968000000
2020,11,12,12,38,3, -50.0000000000
2020,11,12,12,38,3, -48.7097000000
2020,11,12,12,38,3, -48.7097000000
2020,11,12,12,38,4, -48.7097000000
2020,11,12,12,38,4, -50.0000000000
2020,11,12,12,38,4, -49.6774000000
2020,11,12,12,38,4, -48.0645000000
2020,11,12,12,38,5, -48.7097000000
2020,11,12,12,38,5, -50.0000000000
2020,11,12,12,38,5, -50.0000000000
2020,11,12,12,38,5, -48.7097000000
2020,11,12,12,38,6, -50.0000000000
2020,11,12,12,38,6, -47.7419000000
2020,11,12,12,38,6, -50.0000000000
2020,11,12,12,38,6, -50.0000000000
2020,11,12,12,38,7, -48.3871000000
2020,11,12,12,38,7, -49.0323000000
2020,11,12,12,38,7, -50.0000000000
2020,11,12,12,38,7, -48.7097000000
2020,11,12,12,38,8, -50.0000000000
2020,11,12,12,38,8, -47.4194000000
2020,11,12,12,38,8, -50.0000000000
2020,11,12,12,38,8, -47.7419000000
2020,11,12,12,38,9, -50.0000000000
2020,11,12,12,38,9, -50.0000000000
2020,11,12,12,38,9, -49.6774000000
2020,11,12,12,38,9, -50.0000000000
2020,11,12,12,38,10, -47.4194000000
2020,11,12,12,38,10, -49.0323000000
2020,11,12,12,38,10, -50.0000000000
2020,11,12,12,38,11, -50.0000000000
2020,11,12,12,38,11, -50.0000000000
2020,11,12,12,38,11, -50.0000000000
2020,11,12,12,38,11, -50.0000000000
2020,11,12,12,38,12, -50.0000000000
2020,11,12,12,38,12, -50.0000000000
2020,11,12,12,38,12, -50.0000000000
2020,11,12,12,38,12, -50.0000000000
2020,11,12,12,38,13, -49.3548000000
2020,11,12,12,38,13, -50.0000000000
2020,11,12,12,38,13, -50.0000000000
2020,11,12,12,38,13, -47.7419000000
2020,11,12,12,38,14, -50.0000000000
2020,11,12,12,38,14, -50.0000000000
2020,11,12,12,38,14, -50.0000000000
2020,11,12,12,38,14, -50.0000000000
2020,11,12,12,38,15, -50.0000000000
2020,11,12,12,38,15, -50.0000000000
2020,11,12,12,38,15, -47.4194000000
2020,11,12,12,38,15, -50.0000000000
2020,11,12,12,38,16, -48.7097000000
2020,11,12,12,38,16, -48.7097000000
2020,11,12,12,38,16, -50.0000000000
2020,11,12,12,38,17, -47.7419000000
2020,11,12,12,38,17, -50.0000000000
2020,11,12,12,38,17, -50.0000000000
2020,11,12,12,38,17, -47.4194000000
2020,11,12,12,38,18, -50.0000000000
2020,11,12,12,38,18, -48.0645000000
2020,11,12,12,38,18, -50.0000000000
2020,11,12,12,38,18, -47.0968000000
2020,11,12,12,38,19, -50.0000000000
2020,11,12,12,38,19, -48.0645000000
2020,11,12,12,38,19, -50.0000000000
2020,11,12,12,38,19, -49.6774000000
2020,11,12,12,38,20, -49.6774000000
2020,11,12,12,38,20, -50.0000000000
2020,11,12,12,38,20, -50.0000000000
2020,11,12,12,38,20, -50.0000000000
2020,11,12,12,38,21, -48.3871000000
2020,11,12,12,38,21, -50.0000000000
2020,11,12,12,38,21, -50.0000000000
2020,11,12,12,38,21, -50.0000000000
2020,11,12,12,38,22, -48.3871000000
2020,11,12,12,38,22, -49.6774000000
2020,11,12,12,38,22, -50.0000000000
2020,11,12,12,38,22, -48.3871000000
2020,11,12,12,38,23, -50.0000000000
2020,11,12,12,38,23, -49.3548000000
2020,11,12,12,38,23, -49.3548000000
2020,11,12,12,38,24, -50.0000000000
2020,11,12,12,38,24, -48.3871000000
2020,11,12,12,38,24, -50.0000000000
2020,11,12,12,38,24, -48.0645000000
2020,11,12,12,38,25, -50.0000000000
2020,11,12,12,38,25, -48.3871000000
2020,11,12,12,38,25, -50.0000000000
2020,11,12,12,38,25, -47.0968000000
2020,11,12,12,38,26, -50.0000000000
2020,11,12,12,38,26, -47.7419000000
2020,11,12,12,38,26, -50.0000000000
2020,11,12,12,38,26, -48.3871000000
2020,11,12,12,38,27, -49.6774000000
2020,11,12,12,38,27, -50.0000000000
2020,11,12,12,38,27, -48.3871000000
2020,11,12,12,38,27, -50.0000000000
2020,11,12,12,38,28, -48.3871000000
2020,11,12,12,38,28, -50.0000000000
2020,11,12,12,38,28, -49.3548000000
2020,11,12,12,38,28, -49.3548000000
2020,11,12,12,38,29, -50.0000000000
2020,11,12,12,38,29, -48.0645000000
2020,11,12,12,38,29, -50.0000000000
2020,11,12,12,38,29, -50.0000000000
2020,11,12,12,38,30, -48.7097000000
2020,11,12,12,38,30, -50.0000000000
2020,11,12,12,38,30, -50.0000000000
2020,11,12,12,38,30, -50.0000000000
2020,11,12,12,38,31, -50.0000000000
2020,11,12,12,38,31, -50.0000000000
2020,11,12,12,38,31, -50.0000000000
2020,11,12,12,38,32, -50.0000000000
2020,11,12,12,38,32, -48.3871000000
2020,11,12,12,38,32, -50.0000000000
2020,11,12,12,38,32, -48.0645000000
2020,11,12,12,38,33, -50.0000000000
2020,11,12,12,38,33, -50.0000000000
2020,11,12,12,38,33, -48.0645000000
2020,11,12,12,38,33, -50.0000000000
2020,11,12,12,38,34, -49.0323000000
2020,11,12,12,38,34, -48.3871000000
2020,11,12,12,38,34, -50.0000000000
2020,11,12,12,38,34, -50.0000000000
2020,11,12,12,38,35, -50.0000000000
2020,11,12,12,38,35, 115.1613000000
2020,11,12,12,38,35, -50.0000000000
2020,11,12,12,38,35, -50.0000000000
2020,11,12,12,38,36, -50.0000000000
2020,11,12,12,38,36, -48.3871000000
2020,11,12,12,38,36, -50.0000000000
2020,11,12,12,38,36, -49.6774000000
2020,11,12,12,38,37, -50.0000000000
2020,11,12,12,38,37, -48.3871000000
2020,11,12,12,38,37, -50.0000000000
2020,11,12,12,38,38, -49.6774000000
2020,11,12,12,38,38, -50.0000000000
2020,11,12,12,38,38, -50.0000000000
2020,11,12,12,38,38, -50.0000000000
2020,11,12,12,38,39, -50.0000000000
2020,11,12,12,38,39, -48.3871000000
2020,11,12,12,38,39, -50.0000000000
2020,11,12,12,38,39, -50.0000000000
2020,11,12,12,38,40, -47.7419000000
2020,11,12,12,38,40, -50.0000000000
2020,11,12,12,38,40, -50.0000000000
2020,11,12,12,38,40, -50.0000000000
2020,11,12,12,38,41, -50.0000000000
2020,11,12,12,38,41, -50.0000000000
2020,11,12,12,38,41, -50.0000000000
2020,11,12,12,38,41, -50.0000000000
2020,11,12,12,38,42, -50.0000000000
2020,11,12,12,38,42, -50.0000000000
2020,11,12,12,38,42, -49.0323000000
2020,11,12,12,38,42, -50.0000000000
2020,11,12,12,38,43, -48.3871000000
2020,11,12,12,38,43, -50.0000000000
2020,11,12,12,38,43, -49.0323000000
2020,11,12,12,38,43, -48.0645000000
2020,11,12,12,38,44, -50.0000000000
2020,11,12,12,38,44, -47.4194000000
2020,11,12,12,38,44, -50.0000000000
2020,11,12,12,38,45, -49.0323000000
2020,11,12,12,38,45, -49.6774000000
2020,11,12,12,38,45, -50.0000000000
2020,11,12,12,38,45, -48.0645000000
2020,11,12,12,38,46, -50.0000000000
2020,11,12,12,38,46, -49.3548000000
2020,11,12,12,38,46, -50.0000000000
2020,11,12,12,38,46, -47.0968000000
2020,11,12,12,38,47, -50.0000000000
2020,11,12,12,38,47, -48.7097000000
2020,11,12,12,38,47, -50.0000000000
2020,11,12,12,38,47, -49.3548000000
2020,11,12,12,38,48, -49.3548000000
2020,11,12,12,38,48, -50.0000000000
2020,11,12,12,38,48, -48.7097000000
2020,11,12,12,38,48, -50.0000000000
2020,11,12,12,38,49, -48.3871000000
2020,11,12,12,38,49, -50.0000000000
2020,11,12,12,38,49, -50.0000000000
2020,11,12,12,38,49, -47.7419000000
2020,11,12,12,38,50, -50.0000000000
2020,11,12,12,38,50, -48.0645000000
2020,11,12,12,38,50, -50.0000000000
2020,11,12,12,38,50, -49.6774000000
2020,11,12,12,38,51, -48.0645000000
2020,11,12,12,38,51, -50.0000000000
2020,11,12,12,38,51, -48.0645000000
2020,11,12,12,38,51, -49.6774000000
2020,11,12,12,38,52, -50.0000000000
2020,11,12,12,38,52, -47.0968000000
2020,11,12,12,38,52, -50.0000000000
2020,11,12,12,38,52, -49.0323000000
2020,11,12,12,38,53, -50.0000000000
2020,11,12,12,38,53, -50.0000000000
2020,11,12,12,38,53, -47.7419000000
2020,11,12,12,38,54, -50.0000000000
2020,11,12,12,38,54, -48.0645000000
2020,11,12,12,38,54, -50.0000000000
2020,11,12,12,38,54, -50.0000000000
2020,11,12,12,38,55, -48.3871000000
2020,11,12,12,38,55, -50.0000000000
2020,11,12,12,38,55, -49.3548000000
2020,11,12,12,38,55, -49.0323000000
2020,11,12,12,38,56, -50.0000000000
2020,11,12,12,38,56, -49.6774000000
2020,11,12,12,38,56, -50.0000000000
2020,11,12,12,38,56, -47.7419000000
2020,11,12,12,38,57, -49.6774000000
2020,11,12,12,38,57, -49.0323000000
2020,11,12,12,38,57, -49.3548000000
2020,11,12,12,38,57, -50.0000000000
2020,11,12,12,38,58, -48.3871000000
2020,11,12,12,38,58, -50.0000000000
2020,11,12,12,38,58, -48.3871000000
2020,11,12,12,38,58, -50.0000000000
2020,11,12,12,38,59, -48.7097000000
2020,11,12,12,38,59, -50.0000000000
2020,11,12,12,38,59, -50.0000000000
2020,11,12,12,38,59, -47.4194000000
2020,11,12,12,39,0, -50.0000000000
2020,11,12,12,39,0, -50.0000000000
2020,11,12,12,39,0, -48.7097000000
2020,11,12,12,39,0, -50.0000000000
2020,11,12,12,39,1, -48.7097000000
2020,11,12,12,39,1, -49.0323000000
2020,11,12,12,39,1, -50.0000000000
2020,11,12,12,39,1, -49.0323000000
2020,11,12,12,39,2, -50.0000000000
2020,11,12,12,39,2, -48.0645000000
2020,11,12,12,39,2, -50.0000000000
2020,11,12,12,39,3, -50.0000000000
2020,11,12,12,39,3, -48.0645000000
2020,11,12,12,39,3, -50.0000000000
2020,11,12,12,39,3, -47.0968000000
2020,11,12,12,39,4, -50.0000000000
2020,11,12,12,39,4, -50.0000000000
2020,11,12,12,39,4, -47.0968000000
2020,11,12,12,39,4, -50.0000000000
2020,11,12,12,39,5, -48.0645000000
2020,11,12,12,39,5, -50.0000000000
2020,11,12,12,39,5, -49.6774000000
2020,11,12,12,39,5, -48.0645000000
2020,11,12,12,39,6, -50.0000000000
2020,11,12,12,39,6, -48.3871000000
2020,11,12,12,39,6, -50.0000000000
2020,11,12,12,39,6, -47.7419000000
2020,11,12,12,39,7, -50.0000000000
2020,11,12,12,39,7, -50.0000000000
2020,11,12,12,39,7, -47.7419000000
2020,11,12,12,39,7, -50.0000000000
2020,11,12,12,39,8, -48.3871000000
2020,11,12,12,39,8, -50.0000000000
2020,11,12,12,39,8, -48.7097000000
2020,11,12,12,39,8, -49.6774000000
2020,11,12,12,39,9, -50.0000000000
2020,11,12,12,39,9, -48.7097000000
2020,11,12,12,39,9, -50.0000000000
2020,11,12,12,39,9,  32.5806000000
2020,11,12,12,39,10, -50.0000000000
2020,11,12,12,39,10, -50.0000000000
2020,11,12,12,39,10, -47.7419000000
2020,11,12,12,39,11, -50.0000000000
2020,11,12,12,39,11, -49.6774000000
2020,11,12,12,39,11, -50.0000000000
2020,11,12,12,39,11, -48.3871000000
2020,11,12,12,39,12, -50.0000000000
2020,11,12,12,39,12, -49.6774000000
2020,11,12,12,39,12, -48.3871000000
2020,11,12,12,39,12, -50.0000000000
2020,11,12,12,39,13, -48.3871000000
2020,11,12,12,39,13, -50.0000000000
2020,11,12,12,39,13, -48.3871000000
2020,11,12,12,39,13, -50.0000000000
2020,11,12,12,39,14, -47.7419000000
2020,11,12,12,39,14, -49.0323000000
2020,11,12,12,39,14, -50.0000000000
2020,11,12,12,39,14, -46.7742000000
2020,11,12,12,39,15, -50.0000000000
2020,11,12,12,39,15, -50.0000000000
2020,11,12,12,39,15, -46.7742000000
2020,11,12,12,39,15, -50.0000000000
2020,11,12,12,39,16, -48.3871000000
2020,11,12,12,39,16, -49.3548000000
2020,11,12,12,39,16, -50.0000000000
2020,11,12,12,39,16, -50.0000000000
2020,11,12,12,39,17, -48.7097000000
2020,11,12,12,39,17, -47.7419000000
2020,11,12,12,39,17, -50.0000000000
2020,11,12,12,39,17, -48.3871000000
2020,11,12,12,39,18, -49.6774000000
2020,11,12,12,39,18, -50.0000000000
2020,11,12,12,39,18, -47.7419000000
2020,11,12,12,39,19, -50.0000000000
2020,11,12,12,39,19, -48.3871000000
2020,11,12,12,39,19, -50.0000000000
2020,11,12,12,39,19, -48.3871000000
2020,11,12,12,39,20, -49.6774000000
2020,11,12,12,39,20, -50.0000000000
2020,11,12,12,39,20, -47.7419000000
2020,11,12,12,39,20, -50.0000000000
2020,11,12,12,39,21, -48.3871000000
2020,11,12,12,39,21, -50.0000000000
2020,11,12,12,39,21, -50.0000000000
2020,11,12,12,39,21, -48.0645000000
2020,11,12,12,39,22, -50.0000000000
2020,11,12,12,39,22, -47.4194000000
2020,11,12,12,39,22, -50.0000000000
2020,11,12,12,39,22, -47.7419000000
2020,11,12,12,39,23, -48.7097000000
2020,11,12,12,39,23, -50.0000000000
2020,11,12,12,39,23, -48.3871000000
2020,11,12,12,39,23, -50.0000000000
2020,11,12,12,39,24, -49.6774000000
2020,11,12,12,39,24, -49.3548000000
2020,11,12,12,39,24, -50.0000000000
2020,11,12,12,39,24, -48.3871000000
2020,11,12,12,39,25, -50.0000000000
2020,11,12,12,39,25, -49.6774000000
2020,11,12,12,39,25, -50.0000000000
2020,11,12,12,39,25, -48.7097000000
2020,11,12,12,39,26, -50.0000000000
2020,11,12,12,39,26, -50.0000000000
2020,11,12,12,39,26, -47.0968000000
2020,11,12,12,39,27, -50.0000000000
2020,11,12,12,39,27, -48.0645000000
2020,11,12,12,39,27, -48.3871000000
2020,11,12,12,39,27, -50.0000000000
2020,11,12,12,39,28, -47.7419000000
2020,11,12,12,39,28, -50.0000000000
2020,11,12,12,39,28, -48.7097000000
2020,11,12,12,39,28, -48.7097000000
2020,11,12,12,39,29, -50.0000000000
2020,11,12,12,39,29, -48.0645000000
2020,11,12,12,39,29, -50.0000000000
2020,11,12,12,39,29, -50.0000000000
2020,11,12,12,39,30, -47.7419000000
2020,11,12,12,39,30, -50.0000000000
2020,11,12,12,39,30, -48.7097000000
2020,11,12,12,39,30, -49.0323000000
2020,11,12,12,39,31, -50.0000000000
2020,11,12,12,39,31, -48.3871000000
2020,11,12,12,39,31, -50.0000000000
2020,11,12,12,39,31, -49.3548000000
2020,11,12,12,39,32, -48.7097000000
2020,11,12,12,39,32, -50.0000000000
2020,11,12,12,39,32, -47.0968000000
2020,11,12,12,39,32, -50.0000000000
2020,11,12,12,39,33, -48.3871000000
2020,11,12,12,39,33, -50.0000000000
2020,11,12,12,39,33, -50.0000000000
2020,11,12,12,39,34, -47.4194000000
2020,11,12,12,39,34, -50.0000000000
2020,11,12,12,39,34, -50.0000000000
2020,11,12,12,39,34, -48.0645000000
2020,11,12,12,39,35, -49.3548000000
2020,11,12,12,39,35, -50.0000000000
2020,11,12,12,39,35, -48.0645000000
2020,11,12,12,39,35, -47.7419000000
2020,11,12,12,39,36, -50.0000000000
2020,11,12,12,39,36, -49.0323000000
2020,11,12,12,39,36, -50.0000000000
2020,11,12,12,39,36, -48.3871000000
2020,11,12,12,39,37, -50.0000000000
2020,11,12,12,39,37, -50.0000000000
2020,11,12,12,39,37, -47.7419000000
2020,11,12,12,39,37, -49.0323000000
2020,11,12,12,39,38, -50.0000000000
2020,11,12,12,39,38, -47.0968000000
2020,11,12,12,39,38, -50.0000000000
2020,11,12,12,39,38, -50.0000000000
2020,11,12,12,39,39, -48.0645000000
2020,11,12,12,39,39, -49.3548000000
2020,11,12,12,39,39, -50.0000000000
2020,11,12,12,39,39, -49.0323000000
2020,11,12,12,39,40, -50.0000000000
2020,11,12,12,39,40, -48.0645000000
2020,11,12,12,39,40, -50.0000000000
2020,11,12,12,39,41, -48.3871000000
2020,11,12,12,39,41, -50.0000000000
2020,11,12,12,39,41, -49.3548000000
2020,11,12,12,39,41, -48.7097000000
2020,11,12,12,39,42, -50.0000000000
2020,11,12,12,39,42, -48.0645000000
2020,11,12,12,39,42, -50.0000000000
2020,11,12,12,39,42, -48.0645000000
2020,11,12,12,39,43, -50.0000000000
2020,11,12,12,39,43, -50.0000000000
2020,11,12,12,39,43, -48.7097000000
2020,11,12,12,39,43, -50.0000000000
2020,11,12,12,39,44, -48.0645000000
2020,11,12,12,39,44, -50.0000000000
2020,11,12,12,39,44, -47.4194000000
2020,11,12,12,39,44, -48.3871000000
2020,11,12,12,39,45, -49.0323000000
2020,11,12,12,39,45, -48.7097000000
2020,11,12,12,39,45, -47.7419000000
2020,11,12,12,39,45, -50.0000000000
2020,11,12,12,39,46, -49.6774000000
2020,11,12,12,39,46, -47.7419000000
2020,11,12,12,39,46, -50.0000000000
2020,11,12,12,39,46, -46.7742000000
2020,11,12,12,39,47, -50.0000000000
2020,11,12,12,39,47, -47.0968000000
2020,11,12,12,39,47, -50.0000000000
2020,11,12,12,39,48, -50.0000000000
2020,11,12,12,39,48, -47.4194000000
2020,11,12,12,39,48, -50.0000000000
2020,11,12,12,39,48, -49.0323000000
2020,11,12,12,39,49, -48.0645000000
2020,11,12,12,39,49, -50.0000000000
2020,11,12,12,39,49, -47.0968000000
2020,11,12,12,39,49, -50.0000000000
2020,11,12,12,39,50, -49.0323000000
2020,11,12,12,39,50, -50.0000000000
2020,11,12,12,39,50, -50.0000000000
2020,11,12,12,39,50, -47.4194000000
2020,11,12,12,39,51, -50.0000000000
2020,11,12,12,39,51, -49.0323000000
2020,11,12,12,39,51, -48.3871000000
2020,11,12,12,39,51, -50.0000000000
2020,11,12,12,39,52, -50.0000000000
2020,11,12,12,39,52, -47.4194000000
2020,11,12,12,39,52, -49.6774000000
2020,11,12,12,39,52, -50.0000000000
2020,11,12,12,39,53, -48.7097000000
2020,11,12,12,39,53, -49.0323000000
2020,11,12,12,39,53, -48.0645000000
2020,11,12,12,39,53, -50.0000000000
2020,11,12,12,39,54, -49.6774000000
2020,11,12,12,39,54, -48.0645000000
2020,11,12,12,39,54, -50.0000000000
2020,11,12,12,39,54, -48.0645000000
2020,11,12,12,39,55, -49.0323000000
2020,11,12,12,39,55, -50.0000000000
2020,11,12,12,39,55, -48.7097000000
2020,11,12,12,39,56, -50.0000000000
2020,11,12,12,39,56, -46.7742000000
2020,11,12,12,39,56, -50.0000000000
2020,11,12,12,39,56, -48.3871000000
2020,11,12,12,39,57, -49.0323000000
2020,11,12,12,39,57, -50.0000000000
2020,11,12,12,39,57, -49.0323000000
2020,11,12,12,39,57, -50.0000000000
2020,11,12,12,39,58, -48.3871000000
2020,11,12,12,39,58, -50.0000000000
2020,11,12,12,39,58, -49.3548000000
2020,11,12,12,39,58, -50.0000000000
2020,11,12,12,39,59, -47.4194000000
2020,11,12,12,39,59, -50.0000000000
2020,11,12,12,39,59, -50.0000000000
2020,11,12,12,39,59, -48.3871000000
2020,11,12,12,40,0, -50.0000000000
2020,11,12,12,40,0, -48.0645000000
2020,11,12,12,40,0, -50.0000000000
2020,11,12,12,40,0, -48.0645000000
2020,11,12,12,40,1, -50.0000000000
2020,11,12,12,40,1, -50.0000000000
2020,11,12,12,40,1, -48.0645000000
2020,11,12,12,40,1, -47.4194000000
2020,11,12,12,40,2, -50.0000000000
2020,11,12,12,40,2, -50.0000000000
2020,11,12,12,40,2, -48.7097000000
2020,11,12,12,40,2, -50.0000000000
2020,11,12,12,40,3, -47.4194000000
2020,11,12,12,40,3, -50.0000000000
2020,11,12,12,40,3, -49.3548000000
2020,11,12,12,40,4, -48.7097000000
2020,11,12,12,40,4, -50.0000000000
2020,11,12,12,40,4, -47.4194000000
2020,11,12,12,40,4, -49.6774000000
2020,11,12,12,40,5, -50.0000000000
2020,11,12,12,40,5, -47.7419000000
2020,11,12,12,40,5, -50.0000000000
2020,11,12,12,40,5, -48.0645000000
2020,11,12,12,40,6, -50.0000000000
2020,11,12,12,40,6, -49.0323000000
2020,11,12,12,40,6, -49.3548000000
2020,11,12,12,40,6, -50.0000000000
2020,11,12,12,40,7, -50.0000000000
2020,11,12,12,40,7, -48.0645000000
2020,11,12,12,40,7, -50.0000000000
2020,11,12,12,40,7, -48.3871000000
2020,11,12,12,40,8, -50.0000000000
2020,11,12,12,40,8, -50.0000000000
2020,11,12,12,40,8, -49.6774000000
2020,11,12,12,40,8, -47.7419000000
2020,11,12,12,40,9, -50.0000000000
2020,11,12,12,40,9, -47.7419000000
2020,11,12,12,40,9, -50.0000000000
2020,11,12,12,40,9, -49.6774000000
2020,11,12,12,40,10, -49.0323000000
2020,11,12,12,40,10, -50.0000000000
2020,11,12,12,40,10, -47.0968000000
2020,11,12,12,40,10, -50.0000000000
2020,11,12,12,40,11, -48.0645000000
2020,11,12,12,40,11, -50.0000000000
2020,11,12,12,40,11, -50.0000000000
2020,11,12,12,40,12, -49.6774000000
2020,11,12,12,40,12, -50.0000000000
2020,11,12,12,40,12, -47.7419000000
2020,11,12,12,40,12, -50.0000000000
2020,11,12,12,40,13, -50.0000000000
2020,11,12,12,40,13, -50.0000000000
2020,11,12,12,40,13, -47.0968000000
2020,11,12,12,40,13, -50.0000000000
2020,11,12,12,40,14, -50.0000000000
2020,11,12,12,40,14, -47.7419000000
2020,11,12,12,40,14, -50.0000000000
2020,11,12,12,40,14, -47.0968000000
2020,11,12,12,40,15, -49.0323000000
2020,11,12,12,40,15, -49.6774000000
2020,11,12,12,40,15, -47.7419000000
2020,11,12,12,40,15, -50.0000000000
2020,11,12,12,40,16, -48.3871000000
2020,11,12,12,40,16, -50.0000000000
2020,11,12,12,40,16, -49.3548000000
2020,11,12,12,40,16, -50.0000000000
2020,11,12,12,40,17, -48.3871000000
2020,11,12,12,40,17, -50.0000000000
2020,11,12,12,40,17, -50.0000000000
2020,11,12,12,40,17, -48.7097000000
2020,11,12,12,40,18, -50.0000000000
2020,11,12,12,40,18, -47.0968000000
2020,11,12,12,40,18, -48.7097000000
2020,11,12,12,40,18, -48.7097000000
2020,11,12,12,40,19, -50.0000000000
2020,11,12,12,40,19, -47.7419000000
2020,11,12,12,40,19, -50.0000000000
2020,11,12,12,40,19, -49.6774000000
2020,11,12,12,40,20, -48.7097000000
2020,11,12,12,40,20, -50.0000000000
2020,11,12,12,40,20, -48.0645000000
2020,11,12,12,40,21, -50.0000000000
2020,11,12,12,40,21, -48.3871000000
2020,11,12,12,40,21, -50.0000000000
2020,11,12,12,40,21, -49.3548000000
2020,11,12,12,40,22, -49.0323000000
2020,11,12,12,40,22, -50.0000000000
2020,11,12,12,40,22, -48.3871000000
2020,11,12,12,40,22, -50.0000000000
2020,11,12,12,40,23, -48.0645000000
2020,11,12,12,40,23, -50.0000000000
2020,11,12,12,40,23, -49.3548000000
2020,11,12,12,40,23, -47.7419000000
2020,11,12,12,40,24, -49.0323000000
2020,11,12,12,40,24, -49.0323000000
2020,11,12,12,40,24, -49.6774000000
2020,11,12,12,40,24, -48.0645000000
2020,11,12,12,40,25, -50.0000000000
2020,11,12,12,40,25, -47.7419000000
2020,11,12,12,40,25, -50.0000000000
2020,11,12,12,40,25, -49.3548000000
2020,11,12,12,40,26, -49.0323000000
2020,11,12,12,40,26, -50.0000000000
2020,11,12,12,40,26, -47.7419000000
2020,11,12,12,40,27, -50.0000000000
2020,11,12,12,40,27, -48.3871000000
2020,11,12,12,40,27, -50.0000000000
2020,11,12,12,40,27, -49.3548000000
2020,11,12,12,40,28, -50.0000000000
2020,11,12,12,40,28, -47.7419000000
2020,11,12,12,40,28, -49.6774000000
2020,11,12,12,40,28, -48.3871000000
2020,11,12,12,40,29, -50.0000000000
2020,11,12,12,40,29, -48.0645000000
2020,11,12,12,40,29, -50.0000000000
2020,11,12,12,40,29, -48.3871000000
2020,11,12,12,40,30, -50.0000000000
2020,11,12,12,40,30, -49.3548000000
2020,11,12,12,40,30, -48.7097000000
2020,11,12,12,40,30, -50.0000000000
2020,11,12,12,40,31, -48.3871000000
2020,11,12,12,40,31, -50.0000000000
2020,11,12,12,40,31, -49.0323000000
2020,11,12,12,40,31, -49.3548000000
2020,11,12,12,40,32, -50.0000000000
2020,11,12,12,40,32, -48.7097000000
2020,11,12,12,40,32, -50.0000000000
2020,11,12,12,40,32, -46.7742000000
2020,11,12,12,40,33, -50.0000000000
2020,11,12,12,40,33, -48.7097000000
2020,11,12,12,40,33, -49.0323000000
2020,11,12,12,40,33, -50.0000000000
2020,11,12,12,40,34, -47.0968000000
2020,11,12,12,40,34, -50.0000000000
2020,11,12,12,40,34, -48.3871000000
2020,11,12,12,40,34, -49.6774000000
2020,11,12,12,40,35, -50.0000000000
2020,11,12,12,40,35, -48.0645000000
2020,11,12,12,40,35, -50.0000000000
2020,11,12,12,40,36, -49.3548000000
2020,11,12,12,40,36, -49.0323000000
2020,11,12,12,40,36, -50.0000000000
2020,11,12,12,40,36, -47.7419000000
2020,11,12,12,40,37, -50.0000000000
2020,11,12,12,40,37, -50.0000000000
2020,11,12,12,40,37, -49.6774000000
2020,11,12,12,40,37, -50.0000000000
2020,11,12,12,40,38, -48.7097000000
2020,11,12,12,40,38, -50.0000000000
2020,11,12,12,40,38, -47.7419000000
2020,11,12,12,40,38, -50.0000000000
2020,11,12,12,40,39, -49.6774000000
2020,11,12,12,40,39, -49.0323000000
2020,11,12,12,40,39, -48.3871000000
2020,11,12,12,40,39, -50.0000000000
2020,11,12,12,40,40, -50.0000000000
2020,11,12,12,40,40, -48.3871000000
2020,11,12,12,40,40, -50.0000000000
2020,11,12,12,40,40, -47.0968000000
2020,11,12,12,40,41, -50.0000000000
2020,11,12,12,40,41, -50.0000000000
2020,11,12,12,40,41, -49.3548000000
2020,11,12,12,40,41, -48.7097000000
2020,11,12,12,40,42, -50.0000000000
2020,11,12,12,40,42, -48.3871000000
2020,11,12,12,40,42, -50.0000000000
2020,11,12,12,40,42, -50.0000000000
2020,11,12,12,40,43, -47.4194000000
2020,11,12,12,40,43, -50.0000000000
2020,11,12,12,40,43, -49.0323000000
2020,11,12,12,40,43, -48.0645000000
2020,11,12,12,40,44, -50.0000000000
2020,11,12,12,40,44, -49.3548000000
2020,11,12,12,40,44, -50.0000000000
2020,11,12,12,40,45, -47.7419000000
2020,11,12,12,40,45, -50.0000000000
2020,11,12,12,40,45, -48.7097000000
2020,11,12,12,40,45, -48.7097000000
2020,11,12,12,40,46, -50.0000000000
2020,11,12,12,40,46, -48.3871000000
2020,11,12,12,40,46, -49.6774000000
2020,11,12,12,40,46, -50.0000000000
2020,11,12,12,40,47, -48.0645000000
2020,11,12,12,40,47, -50.0000000000
2020,11,12,12,40,47, -49.0323000000
2020,11,12,12,40,47, -49.6774000000
2020,11,12,12,40,48, -50.0000000000
2020,11,12,12,40,48, -48.7097000000
2020,11,12,12,40,48, -48.7097000000
2020,11,12,12,40,48, -48.7097000000
2020,11,12,12,40,49, -50.0000000000
2020,11,12,12,40,49, -50.0000000000
2020,11,12,12,40,49, -47.7419000000
2020,11,12,12,40,49, -49.3548000000
2020,11,12,12,40,50, -39.6774000000
2020,11,12,12,40,50, -49.3548000000
2020,11,12,12,40,50, -50.0000000000
2020,11,12,12,40,51, -48.0645000000
2020,11,12,12,40,51, -48.7097000000
2020,11,12,12,40,51, -47.4194000000
2020,11,12,12,40,51, -50.0000000000
2020,11,12,12,40,52, -49.0323000000
2020,11,12,12,40,52, -50.0000000000
2020,11,12,12,40,52, -50.0000000000
2020,11,12,12,40,52, -48.3871000000
2020,11,12,12,40,53, -50.0000000000
2020,11,12,12,40,53, -49.3548000000
2020,11,12,12,40,53, -48.0645000000
2020,11,12,12,40,53, -50.0000000000
2020,11,12,12,40,54, -47.0968000000
2020,11,12,12,40,54, -50.0000000000
2020,11,12,12,40,54, -48.0645000000
2020,11,12,12,40,54, -50.0000000000
2020,11,12,12,40,55, -48.0645000000
2020,11,12,12,40,55, -50.0000000000
2020,11,12,12,40,55, -47.7419000000
2020,11,12,12,40,55, -49.3548000000
2020,11,12,12,40,56, -50.0000000000
2020,11,12,12,40,56, -48.3871000000
2020,11,12,12,40,56, -50.0000000000
2020,11,12,12,40,56, -49.0323000000
2020,11,12,12,40,57, -49.0323000000
2020,11,12,12,40,57, -50.0000000000
2020,11,12,12,40,57, -48.0645000000
2020,11,12,12,40,58, -50.0000000000
2020,11,12,12,40,58, -50.0000000000
2020,11,12,12,40,58, -48.0645000000
2020,11,12,12,40,58, -50.0000000000
2020,11,12,12,40,59, -50.0000000000
2020,11,12,12,40,59, -49.0323000000
2020,11,12,12,40,59, -50.0000000000
2020,11,12,12,40,59, -48.3871000000
2020,11,12,12,41,0, -50.0000000000
2020,11,12,12,41,0, -48.7097000000
2020,11,12,12,41,0, -50.0000000000
2020,11,12,12,41,0, -49.6774000000
2020,11,12,12,41,1, -50.0000000000
2020,11,12,12,41,1, -48.7097000000
2020,11,12,12,41,1, -50.0000000000
2020,11,12,12,41,1, -47.0968000000
2020,11,12,12,41,2, -48.7097000000
2020,11,12,12,41,2, -50.0000000000
2020,11,12,12,41,2, -49.6774000000
2020,11,12,12,41,2, -48.3871000000
2020,11,12,12,41,3, -50.0000000000
2020,11,12,12,41,3, -50.0000000000
2020,11,12,12,41,3, -47.7419000000
2020,11,12,12,41,3, -49.6774000000
2020,11,12,12,41,4, -50.0000000000
2020,11,12,12,41,4, -47.7419000000
2020,11,12,12,41,4, -50.0000000000
2020,11,12,12,41,4, -46.7742000000
2020,11,12,12,41,5, -50.0000000000
2020,11,12,12,41,5, -47.7419000000
2020,11,12,12,41,5, -49.0323000000
2020,11,12,12,41,6, -49.0323000000
2020,11,12,12,41,6, -50.0000000000
2020,11,12,12,41,6, -47.7419000000
2020,11,12,12,41,6, -50.0000000000
2020,11,12,12,41,7, -47.0968000000
2020,11,12,12,41,7, -50.0000000000
2020,11,12,12,41,7, -48.0645000000
2020,11,12,12,41,7, -50.0000000000
2020,11,12,12,41,8, -47.0968000000
2020,11,12,12,41,8, -50.0000000000
2020,11,12,12,41,8, -47.0968000000
2020,11,12,12,41,8, -49.0323000000
2020,11,12,12,41,9, -47.7419000000
2020,11,12,12,41,9, -48.7097000000
2020,11,12,12,41,9, -50.0000000000
2020,11,12,12,41,9, -47.7419000000
2020,11,12,12,41,10, -50.0000000000
2020,11,12,12,41,10, -48.7097000000
2020,11,12,12,41,10, -49.3548000000
2020,11,12,12,41,10, -50.0000000000
2020,11,12,12,41,11, -47.7419000000
2020,11,12,12,41,11, -50.0000000000
2020,11,12,12,41,11, -47.4194000000
2020,11,12,12,41,11, -50.0000000000
2020,11,12,12,41,12, -49.3548000000
2020,11,12,12,41,12, -49.6774000000
2020,11,12,12,41,12, -49.3548000000
2020,11,12,12,41,12, -49.0323000000
2020,11,12,12,41,13, -50.0000000000
2020,11,12,12,41,13, -50.0000000000
2020,11,12,12,41,13, -48.0645000000
2020,11,12,12,41,14, -50.0000000000
2020,11,12,12,41,14, -49.3548000000
2020,11,12,12,41,14, -50.0000000000
2020,11,12,12,41,14, -49.0323000000
2020,11,12,12,41,15, -49.6774000000
2020,11,12,12,41,15, -50.0000000000
2020,11,12,12,41,15, -48.0645000000
2020,11,12,12,41,15, -50.0000000000
2020,11,12,12,41,16, -50.0000000000
2020,11,12,12,41,16, -48.3871000000
2020,11,12,12,41,16, -49.3548000000
2020,11,12,12,41,16, -50.0000000000
2020,11,12,12,41,17, -50.0000000000
2020,11,12,12,41,17, -47.4194000000
2020,11,12,12,41,17, -50.0000000000
2020,11,12,12,41,17, -47.0968000000
2020,11,12,12,41,18, -50.0000000000
2020,11,12,12,41,18, -48.3871000000
2020,11,12,12,41,18, -50.0000000000
2020,11,12,12,41,18, -50.0000000000
2020,11,12,12,41,19, -48.0645000000
2020,11,12,12,41,19, -50.0000000000
2020,11,12,12,41,19, -48.7097000000
2020,11,12,12,41,19, -48.3871000000
2020,11,12,12,41,20, -50.0000000000
2020,11,12,12,41,20, -48.7097000000
2020,11,12,12,41,20, -49.3548000000
2020,11,12,12,41,20, -50.0000000000
2020,11,12,12,41,21, -48.0645000000
2020,11,12,12,41,21, -50.0000000000
2020,11,12,12,41,21, -48.7097000000
2020,11,12,12,41,21, -49.6774000000
2020,11,12,12,41,22, -47.4194000000
2020,11,12,12,41,22, -50.0000000000
2020,11,12,12,41,22, -50.0000000000
2020,11,12,12,41,23, -48.0645000000
2020,11,12,12,41,23, -50.0000000000
2020,11,12,12,41,23, -49.0323000000
2020,11,12,12,41,23, -50.0000000000
2020,11,12,12,41,24, -48.7097000000
2020,11,12,12,41,24, -48.7097000000
2020,11,12,12,41,24, -50.0000000000
2020,11,12,12,41,24, -48.3871000000
2020,11,12,12,41,25, -47.7419000000
2020,11,12,12,41,25, -50.0000000000
2020,11,12,12,41,25, -50.0000000000
2020,11,12,12,41,26, -47.7419000000
2020,11,12,12,41,26, -50.0000000000
2020,11,12,12,41,26, -47.0968000000
2020,11,12,12,41,26, -50.0000000000
2020,11,12,12,41,27, -47.4194000000
2020,11,12,12,41,27, -50.0000000000
2020,11,12,12,41,27, -49.3548000000
2020,11,12,12,41,27, -49.0323000000
2020,11,12,12,41,28, -50.0000000000
2020,11,12,12,41,28, -48.7097000000
2020,11,12,12,41,28, -50.0000000000
2020,11,12,12,41,28, -47.7419000000
2020,11,12,12,41,29, -50.0000000000
2020,11,12,12,41,29, -50.0000000000
2020,11,12,12,41,29, -50.0000000000
2020,11,12,12,41,29, -47.4194000000
2020,11,12,12,41,30, -50.0000000000
2020,11,12,12,41,30, -48.0645000000
2020,11,12,12,41,30, -50.0000000000
2020,11,12,12,41,30, -50.0000000000
2020,11,12,12,41,31, -48.3871000000
2020,11,12,12,41,31, -50.0000000000
2020,11,12,12,41,31, -49.0323000000
2020,11,12,12,41,32, -50.0000000000
2020,11,12,12,41,32, -48.7097000000
2020,11,12,12,41,32, -50.0000000000
2020,11,12,12,41,32, -48.3871000000
2020,11,12,12,41,33, -50.0000000000
2020,11,12,12,41,33, -50.0000000000
2020,11,12,12,41,33, -50.0000000000
2020,11,12,12,41,33, -50.0000000000
2020,11,12,12,41,34, -50.0000000000
2020,11,12,12,41,34, -50.0000000000
2020,11,12,12,41,34, -47.4194000000
2020,11,12,12,41,34, -50.0000000000
2020,11,12,12,41,35, -49.3548000000
2020,11,12,12,41,35, -49.3548000000
2020,11,12,12,41,35, -50.0000000000
2020,11,12,12,41,35, -47.4194000000
2020,11,12,12,41,36, -50.0000000000
2020,11,12,12,41,36, -48.0645000000
2020,11,12,12,41,36, -49.3548000000
2020,11,12,12,41,37, -50.0000000000
2020,11,12,12,41,37, -47.4194000000
2020,11,12,12,41,37, -50.0000000000
2020,11,12,12,41,37, -50.0000000000
2020,11,12,12,41,38, -48.0645000000
2020,11,12,12,41,38, -50.0000000000
2020,11,12,12,41,38, -47.4194000000
2020,11,12,12,41,38, -50.0000000000
2020,11,12,12,41,39, -49.0323000000
2020,11,12,12,41,39, -49.0323000000
2020,11,12,12,41,39, -50.0000000000
2020,11,12,12,41,39, -47.0968000000
2020,11,12,12,41,40, -50.0000000000
2020,11,12,12,41,40, -49.0323000000
2020,11,12,12,41,40, -48.3871000000
2020,11,12,12,41,40, -50.0000000000
2020,11,12,12,41,41, -47.7419000000
2020,11,12,12,41,41, -50.0000000000
2020,11,12,12,41,41, -48.3871000000
2020,11,12,12,41,41, -49.0323000000
2020,11,12,12,41,42, -50.0000000000
2020,11,12,12,41,42, -47.4194000000
2020,11,12,12,41,42, -50.0000000000
2020,11,12,12,41,42, -50.0000000000
2020,11,12,12,41,43, -48.7097000000
2020,11,12,12,41,43, -50.0000000000
2020,11,12,12,41,43, -49.3548000000
2020,11,12,12,41,43, -50.0000000000
2020,11,12,12,41,44, -48.0645000000
2020,11,12,12,41,44, -50.0000000000
2020,11,12,12,41,44, -49.0323000000
2020,11,12,12,41,44, -49.6774000000
2020,11,12,12,41,45, -50.0000000000
2020,11,12,12,41,45, -49.0323000000
2020,11,12,12,41,45, -48.3871000000
2020,11,12,12,41,45, -50.0000000000
2020,11,12,12,41,46, -50.0000000000
2020,11,12,12,41,46, -47.4194000000
2020,11,12,12,41,46, -50.0000000000
2020,11,12,12,41,47, -50.0000000000
2020,11,12,12,41,47, -49.6774000000
2020,11,12,12,41,47, -50.0000000000
2020,11,12,12,41,47, -47.7419000000
2020,11,12,12,41,48, -50.0000000000
2020,11,12,12,41,48, -50.0000000000
2020,11,12,12,41,48, -47.7419000000
2020,11,12,12,41,48, -50.0000000000
2020,11,12,12,41,49, -47.7419000000
2020,11,12,12,41,49, -50.0000000000
2020,11,12,12,41,49, -48.0645000000
2020,11,12,12,41,49, -50.0000000000
2020,11,12,12,41,50, -49.3548000000
2020,11,12,12,41,50, -47.4194000000
2020,11,12,12,41,50, -50.0000000000
2020,11,12,12,41,50, -47.0968000000
2020,11,12,12,41,51, -50.0000000000
2020,11,12,12,41,51, -49.6774000000
2020,11,12,12,41,51, -49.6774000000
2020,11,12,12,41,51, -50.0000000000
2020,11,12,12,41,52, -47.4194000000
2020,11,12,12,41,52, -50.0000000000
2020,11,12,12,41,52, -47.0968000000
2020,11,12,12,41,52, -49.0323000000
2020,11,12,12,41,53, -50.0000000000
2020,11,12,12,41,53, -47.7419000000
2020,11,12,12,41,53, -50.0000000000
2020,11,12,12,41,54, -50.0000000000
2020,11,12,12,41,54, -48.3871000000
2020,11,12,12,41,54, -50.0000000000
2020,11,12,12,41,54, -49.0323000000
2020,11,12,12,41,55, -49.3548000000
2020,11,12,12,41,55, -50.0000000000
2020,11,12,12,41,55, -48.3871000000
2020,11,12,12,41,55, -48.0645000000
2020,11,12,12,41,56, -50.0000000000
2020,11,12,12,41,56, -47.4194000000
2020,11,12,12,41,56, -50.0000000000
2020,11,12,12,41,56, -50.0000000000
2020,11,12,12,41,57, -47.7419000000
2020,11,12,12,41,57, -50.0000000000
2020,11,12,12,41,57, -50.0000000000
2020,11,12,12,41,57, -49.6774000000
2020,11,12,12,41,58, -50.0000000000
2020,11,12,12,41,58, -48.3871000000
2020,11,12,12,41,58, -49.3548000000
2020,11,12,12,41,59, -48.3871000000
2020,11,12,12,41,59, -50.0000000000
2020,11,12,12,41,59, -50.0000000000
2020,11,12,12,41,59, -50.0000000000
2020,11,12,12,42,0, -48.3871000000
2020,11,12,12,42,0, -48.0645000000
2020,11,12,12,42,0, -49.6774000000
2020,11,12,12,42,0, -50.0000000000
2020,11,12,12,42,1, -47.4194000000
2020,11,12,12,42,1, -50.0000000000
2020,11,12,12,42,1, -49.6774000000
2020,11,12,12,42,1, -50.0000000000
2020,11,12,12,42,2, -48.3871000000
2020,11,12,12,42,2, -50.0000000000
2020,11,12,12,42,2, -48.3871000000
2020,11,12,12,42,2, -50.0000000000
2020,11,12,12,42,3, -49.6774000000
2020,11,12,12,42,3, -48.7097000000
2020,11,12,12,42,3, -50.0000000000
2020,11,12,12,42,4, -48.7097000000
2020,11,12,12,42,4, -49.0323000000
2020,11,12,12,42,4, -49.3548000000
2020,11,12,12,42,4, -50.0000000000
2020,11,12,12,42,5, -48.7097000000
2020,11,12,12,42,5, -49.0323000000
2020,11,12,12,42,5, -50.0000000000
2020,11,12,12,42,5, -48.7097000000
2020,11,12,12,42,6, -49.3548000000
2020,11,12,12,42,6, -50.0000000000
2020,11,12,12,42,6, -50.0000000000
2020,11,12,12,42,6, -50.0000000000
2020,11,12,12,42,7, -47.0968000000
2020,11,12,12,42,7, -50.0000000000
2020,11,12,12,42,7, -48.0645000000
2020,11,12,12,42,7, -49.6774000000
2020,11,12,12,42,8, -50.0000000000
2020,11,12,12,42,8, -49.3548000000
2020,11,12,12,42,8, -49.0323000000
2020,11,12,12,42,8, -50.0000000000
2020,11,12,12,42,9, -46.7742000000
2020,11,12,12,42,9, -50.0000000000
2020,11,12,12,42,9, -47.7419000000
2020,11,12,12,42,9, -50.0000000000
2020,11,12,12,42,10, -50.0000000000
2020,11,12,12,42,10, -46.7742000000
2020,11,12,12,42,10, -50.0000000000
2020,11,12,12,42,10, -50.0000000000
2020,11,12,12,42,11, -49.0323000000
2020,11,12,12,42,11, -50.0000000000
2020,11,12,12,42,11, -47.7419000000
2020,11,12,12,42,11, -50.0000000000
2020,11,12,12,42,12, -50.0000000000
2020,11,12,12,42,12, -48.0645000000
2020,11,12,12,42,12, -50.0000000000
2020,11,12,12,42,13, -48.3871000000
2020,11,12,12,42,13, -49.6774000000
2020,11,12,12,42,13, -50.0000000000
2020,11,12,12,42,13, -48.3871000000
2020,11,12,12,42,14, -47.7419000000
2020,11,12,12,42,14, -50.0000000000
2020,11,12,12,42,14, -48.0645000000
2020,11,12,12,42,14, -49.3548000000
2020,11,12,12,42,15, -49.3548000000
2020,11,12,12,42,15, -47.7419000000
2020,11,12,12,42,15, -50.0000000000
2020,11,12,12,42,15, -50.0000000000
2020,11,12,12,42,16, -48.3871000000
2020,11,12,12,42,16, -50.0000000000
2020,11,12,12,42,16, -47.4194000000
2020,11,12,12,42,16, -50.0000000000
2020,11,12,12,42,17, -50.0000000000
2020,11,12,12,42,17, -48.0645000000
2020,11,12,12,42,17, -50.0000000000
2020,11,12,12,42,17, -46.7742000000
2020,11,12,12,42,18, -50.0000000000
2020,11,12,12,42,18, -47.7419000000
2020,11,12,12,42,18, -50.0000000000
2020,11,12,12,42,18, -50.0000000000
2020,11,12,12,42,19, -48.0645000000
2020,11,12,12,42,19, -50.0000000000
2020,11,12,12,42,19, -47.0968000000
2020,11,12,12,42,19, -50.0000000000
2020,11,12,12,42,20, -47.4194000000
2020,11,12,12,42,20, -49.6774000000
2020,11,12,12,42,20, -50.0000000000
2020,11,12,12,42,21, -47.0968000000
2020,11,12,12,42,21, -50.0000000000
2020,11,12,12,42,21, -49.3548000000
2020,11,12,12,42,21, -48.3871000000
2020,11,12,12,42,22, -50.0000000000
2020,11,12,12,42,22, -48.7097000000
2020,11,12,12,42,22, -50.0000000000
2020,11,12,12,42,22, -50.0000000000
2020,11,12,12,42,23, -47.0968000000
2020,11,12,12,42,23, -49.3548000000
2020,11,12,12,42,23, -50.0000000000
2020,11,12,12,42,23, -50.0000000000
2020,11,12,12,42,24, -50.0000000000
2020,11,12,12,42,24, -47.7419000000
2020,11,12,12,42,24, -50.0000000000
2020,11,12,12,42,24, -48.0645000000
2020,11,12,12,42,25, -50.0000000000
2020,11,12,12,42,25, -50.0000000000
2020,11,12,12,42,25, -48.7097000000
2020,11,12,12,42,25, -50.0000000000
2020,11,12,12,42,26, -47.7419000000
2020,11,12,12,42,26, -47.4194000000
2020,11,12,12,42,26, -48.7097000000
2020,11,12,12,42,26, -50.0000000000
2020,11,12,12,42,27, -50.0000000000
2020,11,12,12,42,27, -48.3871000000
2020,11,12,12,42,27, -49.0323000000
2020,11,12,12,42,28, -50.0000000000
2020,11,12,12,42,28, -48.3871000000
2020,11,12,12,42,28, -49.6774000000
2020,11,12,12,42,28, -50.0000000000
2020,11,12,12,42,29, -47.4194000000
2020,11,12,12,42,29, -50.0000000000
2020,11,12,12,42,29, -47.4194000000
2020,11,12,12,42,29, -50.0000000000
2020,11,12,12,42,30, -48.7097000000
2020,11,12,12,42,30, -49.3548000000
2020,11,12,12,42,30, -50.0000000000
2020,11,12,12,42,30, -47.4194000000
2020,11,12,12,42,31, -50.0000000000
2020,11,12,12,42,31, -49.0323000000
2020,11,12,12,42,31, -47.7419000000
2020,11,12,12,42,31, -50.0000000000
2020,11,12,12,42,32, -47.0968000000
2020,11,12,12,42,32, -50.0000000000
2020,11,12,12,42,32, -49.3548000000
2020,11,12,12,42,32, -48.3871000000
2020,11,12,12,42,33, -49.6774000000
2020,11,12,12,42,33, -50.0000000000
2020,11,12,12,42,33, -47.0968000000
2020,11,12,12,42,33, -50.0000000000
2020,11,12,12,42,34, -49.3548000000
2020,11,12,12,42,34, -49.0323000000
2020,11,12,12,42,34, -50.0000000000
2020,11,12,12,42,34, -48.0645000000
2020,11,12,12,42,35, -50.0000000000
2020,11,12,12,42,35, -47.7419000000
2020,11,12,12,42,35, -50.0000000000
2020,11,12,12,42,35, -48.0645000000
2020,11,12,12,42,36, -50.0000000000
2020,11,12,12,42,36, -50.0000000000
2020,11,12,12,42,36, -50.0000000000
2020,11,12,12,42,37, -47.4194000000
2020,11,12,12,42,37, -50.0000000000
2020,11,12,12,42,37, -48.3871000000
2020,11,12,12,42,37, -49.6774000000
2020,11,12,12,42,38, -50.0000000000
2020,11,12,12,42,38, -46.7742000000
2020,11,12,12,42,38, -50.0000000000
2020,11,12,12,42,38, -49.6774000000
2020,11,12,12,42,39, 197.7419000000
2020,11,12,12,42,39, -49.0323000000
2020,11,12,12,42,39, -49.0323000000
2020,11,12,12,42,39, -50.0000000000
2020,11,12,12,42,40, -48.3871000000
2020,11,12,12,42,40, -50.0000000000
2020,11,12,12,42,40, -47.0968000000
2020,11,12,12,42,40, -50.0000000000
2020,11,12,12,42,41, -48.3871000000
2020,11,12,12,42,41, -50.0000000000
2020,11,12,12,42,41, -48.3871000000
2020,11,12,12,42,41, -50.0000000000
2020,11,12,12,42,42, -49.6774000000
2020,11,12,12,42,42, -49.0323000000
2020,11,12,12,42,42, -50.0000000000
2020,11,12,12,42,43, -48.3871000000
2020,11,12,12,42,43, -50.0000000000
2020,11,12,12,42,43, -48.3871000000
2020,11,12,12,42,43, -50.0000000000
2020,11,12,12,42,44, -50.0000000000
2020,11,12,12,42,44, -47.4194000000
2020,11,12,12,42,44, -50.0000000000
2020,11,12,12,42,44, -49.6774000000
2020,11,12,12,42,45, -48.3871000000
2020,11,12,12,42,45, -50.0000000000
2020,11,12,12,42,45, -48.0645000000
2020,11,12,12,42,45, -50.0000000000
2020,11,12,12,42,46, -48.7097000000
2020,11,12,12,42,46, -50.0000000000
2020,11,12,12,42,46, -50.0000000000
2020,11,12,12,42,46, -49.0323000000
2020,11,12,12,42,47, -50.0000000000
2020,11,12,12,42,47, -47.0968000000
2020,11,12,12,42,47, -50.0000000000
2020,11,12,12,42,47, -50.0000000000
2020,11,12,12,42,48, -47.7419000000
2020,11,12,12,42,48, -50.0000000000
2020,11,12,12,42,48, -47.0968000000
2020,11,12,12,42,48, -50.0000000000
2020,11,12,12,42,49, -49.0323000000
2020,11,12,12,42,49, -48.3871000000
2020,11,12,12,42,49, -50.0000000000
2020,11,12,12,42,49, -48.3871000000
2020,11,12,12,42,50, -48.3871000000
2020,11,12,12,42,50, -50.0000000000
2020,11,12,12,42,50, -47.4194000000
2020,11,12,12,42,51, -50.0000000000
2020,11,12,12,42,51, -48.3871000000
2020,11,12,12,42,51, -49.6774000000
2020,11,12,12,42,51, -48.7097000000
2020,11,12,12,42,52, -50.0000000000
2020,11,12,12,42,52, -48.0645000000
2020,11,12,12,42,52, -50.0000000000
2020,11,12,12,42,52, -49.6774000000
2020,11,12,12,42,53, -48.3871000000
2020,11,12,12,42,53, -50.0000000000
2020,11,12,12,42,53, -47.4194000000
2020,11,12,12,42,53, -50.0000000000
2020,11,12,12,42,54, -47.7419000000
2020,11,12,12,42,54, -49.3548000000
2020,11,12,12,42,54, -49.3548000000
2020,11,12,12,42,54, -49.3548000000
2020,11,12,12,42,55, -48.7097000000
2020,11,12,12,42,55, -50.0000000000
2020,11,12,12,42,55, -47.7419000000
2020,11,12,12,42,55, -50.0000000000
2020,11,12,12,42,56, -49.0323000000
2020,11,12,12,42,56, -49.0323000000
2020,11,12,12,42,56, -50.0000000000
2020,11,12,12,42,56, -46.7742000000
2020,11,12,12,42,57, -50.0000000000
2020,11,12,12,42,57, -49.3548000000
2020,11,12,12,42,57, -50.0000000000
2020,11,12,12,42,57, -47.0968000000
2020,11,12,12,42,58, -50.0000000000
2020,11,12,12,42,58, -48.7097000000
2020,11,12,12,42,58, -49.3548000000
2020,11,12,12,42,59, -48.7097000000
2020,11,12,12,42,59, -50.0000000000
2020,11,12,12,42,59, -48.0645000000
2020,11,12,12,42,59, -47.4194000000
2020,11,12,12,43,0, -50.0000000000
2020,11,12,12,43,0, -50.0000000000
2020,11,12,12,43,0, -46.7742000000
2020,11,12,12,43,0, -50.0000000000
2020,11,12,12,43,1, -49.0323000000
2020,11,12,12,43,1, -47.7419000000
2020,11,12,12,43,1, -49.6774000000
2020,11,12,12,43,1, -49.6774000000
2020,11,12,12,43,2, -49.3548000000
2020,11,12,12,43,2, -49.6774000000
2020,11,12,12,43,2, -50.0000000000
2020,11,12,12,43,3, -48.0645000000
2020,11,12,12,43,3, -50.0000000000
2020,11,12,12,43,3, -50.0000000000
2020,11,12,12,43,3, -48.0645000000
2020,11,12,12,43,4, -50.0000000000
2020,11,12,12,43,4, -48.3871000000
2020,11,12,12,43,4, -50.0000000000
2020,11,12,12,43,4, -48.3871000000
2020,11,12,12,43,5, -50.0000000000
2020,11,12,12,43,5, -47.7419000000
2020,11,12,12,43,5, -50.0000000000
2020,11,12,12,43,5, -49.3548000000
2020,11,12,12,43,6, -49.3548000000
2020,11,12,12,43,6, -47.7419000000
2020,11,12,12,43,6, -50.0000000000
2020,11,12,12,43,6, -50.0000000000
2020,11,12,12,43,7, -47.0968000000
2020,11,12,12,43,7, -50.0000000000
2020,11,12,12,43,7, -47.0968000000
2020,11,12,12,43,7, -50.0000000000
2020,11,12,12,43,8, -48.3871000000
2020,11,12,12,43,8, -50.0000000000
2020,11,12,12,43,8, -48.3871000000
2020,11,12,12,43,8, -50.0000000000
2020,11,12,12,43,9, -50.0000000000
2020,11,12,12,43,9, -48.3871000000
2020,11,12,12,43,9, -50.0000000000
2020,11,12,12,43,9, -48.3871000000
2020,11,12,12,43,10, -49.3548000000
2020,11,12,12,43,10, -50.0000000000
2020,11,12,12,43,10, -49.0323000000
2020,11,12,12,43,11, -48.3871000000
2020,11,12,12,43,11, -50.0000000000
2020,11,12,12,43,11, -50.0000000000
2020,11,12,12,43,11, -47.4194000000
2020,11,12,12,43,12, -50.0000000000
2020,11,12,12,43,12, -48.7097000000
2020,11,12,12,43,12, -48.3871000000
2020,11,12,12,43,12, -50.0000000000
2020,11,12,12,43,13, -47.0968000000
2020,11,12,12,43,13, -50.0000000000
2020,11,12,12,43,13, -48.0645000000
2020,11,12,12,43,13, -50.0000000000
2020,11,12,12,43,14, -49.0323000000
2020,11,12,12,43,14, -49.0323000000
2020,11,12,12,43,14, -50.0000000000
2020,11,12,12,43,14, -48.0645000000
2020,11,12,12,43,15, -50.0000000000
2020,11,12,12,43,15, -48.0645000000
2020,11,12,12,43,15, -50.0000000000
2020,11,12,12,43,15, -49.0323000000
2020,11,12,12,43,16, -49.3548000000
2020,11,12,12,43,16, -50.0000000000
2020,11,12,12,43,16, -47.7419000000
2020,11,12,12,43,16, -50.0000000000
2020,11,12,12,43,17, -49.6774000000
2020,11,12,12,43,17, -49.3548000000
2020,11,12,12,43,17, -47.4194000000
2020,11,12,12,43,17, -50.0000000000
2020,11,12,12,43,18, -50.0000000000
2020,11,12,12,43,18, -47.4194000000
2020,11,12,12,43,18, -48.7097000000
2020,11,12,12,43,19, -50.0000000000
2020,11,12,12,43,19, -50.0000000000
2020,11,12,12,43,19, -48.0645000000
2020,11,12,12,43,19, -50.0000000000
2020,11,12,12,43,20, -48.7097000000
2020,11,12,12,43,20, -49.6774000000
2020,11,12,12,43,20, -50.0000000000
2020,11,12,12,43,20, -50.0000000000
2020,11,12,12,43,21, -47.4194000000
2020,11,12,12,43,21, -48.7097000000
2020,11,12,12,43,21, -49.0323000000
2020,11,12,12,43,21, -50.0000000000
2020,11,12,12,43,22, -47.7419000000
2020,11,12,12,43,22, -50.0000000000
2020,11,12,12,43,22, -48.7097000000
2020,11,12,12,43,22, -49.3548000000
2020,11,12,12,43,23, -50.0000000000
2020,11,12,12,43,23, -48.0645000000
2020,11,12,12,43,23, -50.0000000000
2020,11,12,12,43,24, -49.0323000000
2020,11,12,12,43,24, -48.7097000000
2020,11,12,12,43,24, -50.0000000000
2020,11,12,12,43,24, -47.0968000000
2020,11,12,12,43,25, -50.0000000000
2020,11,12,12,43,25, -47.7419000000
2020,11,12,12,43,25, -50.0000000000
2020,11,12,12,43,25, -50.0000000000
2020,11,12,12,43,26, -50.0000000000
2020,11,12,12,43,26, -49.0323000000
2020,11,12,12,43,26, -49.3548000000
2020,11,12,12,43,26, -50.0000000000
2020,11,12,12,43,27, -48.0645000000
2020,11,12,12,43,27, -50.0000000000
2020,11,12,12,43,27, -50.0000000000
2020,11,12,12,43,27, -48.0645000000
2020,11,12,12,43,28, -50.0000000000
2020,11,12,12,43,28, -48.3871000000
2020,11,12,12,43,28, -48.0645000000
2020,11,12,12,43,28, -48.7097000000
2020,11,12,12,43,29, -50.0000000000
2020,11,12,12,43,29, 228.7097000000
2020,11,12,12,43,29, -50.0000000000
2020,11,12,12,43,29, -48.7097000000
2020,11,12,12,43,30, -50.0000000000
2020,11,12,12,43,30, -49.3548000000
2020,11,12,12,43,30, -49.0323000000
2020,11,12,12,43,30, -50.0000000000
2020,11,12,12,43,31, -49.6774000000
2020,11,12,12,43,31, -50.0000000000
2020,11,12,12,43,31, -47.7419000000
2020,11,12,12,43,32, -50.0000000000
2020,11,12,12,43,32, -50.0000000000
2020,11,12,12,43,32, -48.0645000000
2020,11,12,12,43,32, -50.0000000000
2020,11,12,12,43,33, -49.3548000000
2020,11,12,12,43,33, -48.7097000000
2020,11,12,12,43,33, -50.0000000000
2020,11,12,12,43,33, -48.0645000000
2020,11,12,12,43,34, -50.0000000000
2020,11,12,12,43,34, -48.3871000000
2020,11,12,12,43,34, -50.0000000000
2020,11,12,12,43,34, -50.0000000000
2020,11,12,12,43,35, -47.7419000000
2020,11,12,12,43,35, -50.0000000000
2020,11,12,12,43,35, -50.0000000000
2020,11,12,12,43,35, -47.7419000000
2020,11,12,12,43,36, -50.0000000000
2020,11,12,12,43,36, -47.0968000000
2020,11,12,12,43,36, -50.0000000000
2020,11,12,12,43,36, -47.7419000000
2020,11,12,12,43,37, -50.0000000000
2020,11,12,12,43,37, -50.0000000000
2020,11,12,12,43,37, -49.6774000000
2020,11,12,12,43,37, -49.3548000000
2020,11,12,12,43,38, -50.0000000000
2020,11,12,12,43,38, -48.0645000000
2020,11,12,12,43,38, -50.0000000000
2020,11,12,12,43,38, -47.0968000000
2020,11,12,12,43,39, -50.0000000000
2020,11,12,12,43,39, -50.0000000000
2020,11,12,12,43,39, -47.4194000000
2020,11,12,12,43,39, -50.0000000000
2020,11,12,12,43,40, -48.0645000000
2020,11,12,12,43,40, -50.0000000000
2020,11,12,12,43,40, -48.3871000000
2020,11,12,12,43,41, -50.0000000000
2020,11,12,12,43,41, -48.0645000000
2020,11,12,12,43,41, -50.0000000000
2020,11,12,12,43,41, -49.3548000000
2020,11,12,12,43,42, -48.7097000000
2020,11,12,12,43,42, -50.0000000000
2020,11,12,12,43,42, -48.0645000000
2020,11,12,12,43,42, -50.0000000000
2020,11,12,12,43,43, -49.0323000000
2020,11,12,12,43,43, -49.6774000000
2020,11,12,12,43,43, -50.0000000000
2020,11,12,12,43,43, -48.0645000000
2020,11,12,12,43,44, -50.0000000000
2020,11,12,12,43,44, -47.4194000000
2020,11,12,12,43,44, -50.0000000000
2020,11,12,12,43,44, -48.3871000000
2020,11,12,12,43,45, -49.0323000000
2020,11,12,12,43,45, -50.0000000000
2020,11,12,12,43,45, -47.0968000000
2020,11,12,12,43,45, -50.0000000000
2020,11,12,12,43,46, -50.0000000000
2020,11,12,12,43,46, -47.4194000000
2020,11,12,12,43,46, -50.0000000000
2020,11,12,12,43,46, -48.0645000000
2020,11,12,12,43,47, -50.0000000000
2020,11,12,12,43,47, -47.7419000000
2020,11,12,12,43,47, -48.7097000000
2020,11,12,12,43,47, -49.3548000000
2020,11,12,12,43,48, -50.0000000000
2020,11,12,12,43,48, -48.3871000000
2020,11,12,12,43,48, -49.6774000000
2020,11,12,12,43,48, -50.0000000000
2020,11,12,12,43,49, -48.3871000000
2020,11,12,12,43,49, -50.0000000000
2020,11,12,12,43,49, -48.0645000000
2020,11,12,12,43,50, -50.0000000000
2020,11,12,12,43,50, -49.0323000000
2020,11,12,12,43,50, -49.0323000000
2020,11,12,12,43,50, -50.0000000000
2020,11,12,12,43,51, -48.3871000000
2020,11,12,12,43,51, -50.0000000000
2020,11,12,12,43,51, -49.6774000000
2020,11,12,12,43,51, -48.3871000000
2020,11,12,12,43,52, -50.0000000000
2020,11,12,12,43,52, -48.0645000000
2020,11,12,12,43,52, -50.0000000000
2020,11,12,12,43,52, -47.0968000000
2020,11,12,12,43,53, -50.0000000000
2020,11,12,12,43,53, -48.0645000000
2020,11,12,12,43,53, -48.0645000000
2020,11,12,12,43,53, -48.3871000000
2020,11,12,12,43,54, -50.0000000000
2020,11,12,12,43,54, -49.0323000000
2020,11,12,12,43,54, -49.3548000000
2020,11,12,12,43,54, -50.0000000000
2020,11,12,12,43,55, -48.0645000000
2020,11,12,12,43,55, -50.0000000000
2020,11,12,12,43,55, -47.7419000000
2020,11,12,12,43,56, -50.0000000000
2020,11,12,12,43,56, -48.7097000000
2020,11,12,12,43,56, -50.0000000000
2020,11,12,12,43,56, -47.0968000000
2020,11,12,12,43,57, -50.0000000000
2020,11,12,12,43,57, -50.0000000000
2020,11,12,12,43,57, -47.0968000000
2020,11,12,12,43,57, -50.0000000000
2020,11,12,12,43,58, -48.7097000000
2020,11,12,12,43,58, -48.7097000000
2020,11,12,12,43,58, -50.0000000000
2020,11,12,12,43,58, -47.0968000000
2020,11,12,12,43,59, -50.0000000000
2020,11,12,12,43,59, -49.0323000000
2020,11,12,12,43,59, -49.3548000000
2020,11,12,12,43,59, -50.0000000000
2020,11,12,12,44,0, -48.3871000000
2020,11,12,12,44,0, -50.0000000000
2020,11,12,12,44,0, -48.3871000000
2020,11,12,12,44,0, -49.3548000000
2020,11,12,12,44,1, -47.7419000000
2020,11,12,12,44,1, -50.0000000000
2020,11,12,12,44,1, -50.0000000000
2020,11,12,12,44,1, -47.7419000000
2020,11,12,12,44,2, -50.0000000000
2020,11,12,12,44,2, -47.7419000000
2020,11,12,12,44,2, -50.0000000000
2020,11,12,12,44,3, -49.0323000000
2020,11,12,12,44,3, -49.6774000000
2020,11,12,12,44,3, -50.0000000000
2020,11,12,12,44,3, -50.0000000000
2020,11,12,12,44,4, -47.4194000000
2020,11,12,12,44,4, -48.3871000000
2020,11,12,12,44,4, -48.7097000000
2020,11,12,12,44,4,  -6.1290000000
2020,11,12,12,44,5, -50.0000000000
2020,11,12,12,44,5, -47.7419000000
2020,11,12,12,44,5, -50.0000000000
2020,11,12,12,44,6, -49.0323000000
2020,11,12,12,44,6, -49.3548000000
2020,11,12,12,44,6, -50.0000000000
2020,11,12,12,44,6, -48.3871000000
2020,11,12,12,44,7, -50.0000000000
2020,11,12,12,44,7, -49.6774000000
2020,11,12,12,44,7, -48.7097000000
2020,11,12,12,44,7, -50.0000000000
2020,11,12,12,44,8, -47.7419000000
2020,11,12,12,44,8, -47.7419000000
2020,11,12,12,44,8, -50.0000000000
2020,11,12,12,44,8, -50.0000000000
2020,11,12,12,44,9, -47.4194000000
2020,11,12,12,44,9, -50.0000000000
2020,11,12,12,44,9, -48.3871000000
2020,11,12,12,44,9, -50.0000000000
2020,11,12,12,44,10, -48.7097000000
2020,11,12,12,44,10, -50.0000000000
2020,11,12,12,44,10, -50.0000000000
2020,11,12,12,44,10, -48.7097000000
2020,11,12,12,44,11, -50.0000000000
2020,11,12,12,44,11, -48.0645000000
2020,11,12,12,44,11, -50.0000000000
2020,11,12,12,44,11, -48.3871000000
2020,11,12,12,44,12, -50.0000000000
2020,11,12,12,44,12, -49.0323000000
2020,11,12,12,44,12, -48.3871000000
2020,11,12,12,44,12, -50.0000000000
2020,11,12,12,44,13, -47.4194000000
2020,11,12,12,44,13, -50.0000000000
2020,11,12,12,44,13, -49.0323000000
2020,11,12,12,44,13, -49.6774000000
2020,11,12,12,44,14, -50.0000000000
2020,11,12,12,44,14, -49.0323000000
2020,11,12,12,44,14, -50.0000000000
2020,11,12,12,44,15, -48.7097000000
2020,11,12,12,44,15, -50.0000000000
2020,11,12,12,44,15, -47.4194000000
2020,11,12,12,44,15, -50.0000000000
2020,11,12,12,44,16, -47.4194000000
2020,11,12,12,44,16, -50.0000000000
2020,11,12,12,44,16, -50.0000000000
2020,11,12,12,44,16, -47.0968000000
2020,11,12,12,44,17, -50.0000000000
2020,11,12,12,44,17, -48.3871000000
2020,11,12,12,44,17, -50.0000000000
2020,11,12,12,44,17, -50.0000000000
2020,11,12,12,44,18, -48.0645000000
2020,11,12,12,44,18, -50.0000000000
2020,11,12,12,44,18, -48.0645000000
2020,11,12,12,44,18, -50.0000000000
2020,11,12,12,44,19, -48.0645000000
2020,11,12,12,44,19, -50.0000000000
2020,11,12,12,44,19, -49.0323000000
2020,11,12,12,44,19, -49.3548000000
2020,11,12,12,44,20, -50.0000000000
2020,11,12,12,44,20, -48.0645000000
2020,11,12,12,44,20, -47.7419000000
2020,11,12,12,44,20, -48.7097000000
2020,11,12,12,44,21, -50.0000000000
2020,11,12,12,44,21, -49.0323000000
2020,11,12,12,44,21, -50.0000000000
2020,11,12,12,44,22, -48.3871000000
2020,11,12,12,44,22, -50.0000000000
2020,11,12,12,44,22, -49.3548000000
2020,11,12,12,44,22, -48.0645000000
2020,11,12,12,44,23, -50.0000000000
2020,11,12,12,44,23, -47.7419000000
2020,11,12,12,44,23, -50.0000000000
2020,11,12,12,44,23, -49.3548000000
2020,11,12,12,44,24, -48.7097000000
2020,11,12,12,44,24, -50.0000000000
2020,11,12,12,44,24, -50.0000000000
2020,11,12,12,44,24, -50.0000000000
2020,11,12,12,44,25, -47.4194000000
2020,11,12,12,44,25, -50.0000000000
2020,11,12,12,44,25, -49.0323000000
2020,11,12,12,44,25, -48.3871000000
2020,11,12,12,44,26, -50.0000000000
2020,11,12,12,44,26, -49.0323000000
2020,11,12,12,44,26, -50.0000000000
2020,11,12,12,44,26, -48.0645000000
2020,11,12,12,44,27, -50.0000000000
2020,11,12,12,44,27, -49.6774000000
2020,11,12,12,44,27, -48.0645000000
2020,11,12,12,44,27, -50.0000000000
2020,11,12,12,44,28, -48.3871000000
2020,11,12,12,44,28, -50.0000000000
2020,11,12,12,44,28, -50.0000000000
2020,11,12,12,44,28, -47.7419000000
2020,11,12,12,44,29, -50.0000000000
2020,11,12,12,44,29, -48.3871000000
2020,11,12,12,44,29, -50.0000000000
2020,11,12,12,44,30, -48.3871000000
2020,11,12,12,44,30, -50.0000000000
2020,11,12,12,44,30, -50.0000000000
2020,11,12,12,44,30, -47.4194000000
2020,11,12,12,44,31, -50.0000000000
2020,11,12,12,44,31, -49.3548000000
2020,11,12,12,44,31, -49.0323000000
2020,11,12,12,44,31, -50.0000000000
2020,11,12,12,44,32, -48.3871000000
2020,11,12,12,44,32, -50.0000000000
2020,11,12,12,44,32, -49.0323000000
2020,11,12,12,44,32, -48.7097000000
2020,11,12,12,44,33, -50.0000000000
2020,11,12,12,44,33, -48.3871000000
2020,11,12,12,44,33, -50.0000000000
2020,11,12,12,44,33, -48.3871000000
2020,11,12,12,44,34, -50.0000000000
2020,11,12,12,44,34, -50.0000000000
2020,11,12,12,44,34, -48.7097000000
2020,11,12,12,44,34, -50.0000000000
2020,11,12,12,44,35, -48.3871000000
2020,11,12,12,44,35, -50.0000000000
2020,11,12,12,44,35, -50.0000000000
2020,11,12,12,44,35, -50.0000000000
2020,11,12,12,44,36, -49.6774000000
2020,11,12,12,44,36, -48.7097000000
2020,11,12,12,44,36, -50.0000000000
2020,11,12,12,44,36, -48.7097000000
2020,11,12,12,44,37, -49.3548000000
2020,11,12,12,44,37, -50.0000000000
2020,11,12,12,44,37, -48.3871000000
2020,11,12,12,44,38, -50.0000000000
2020,11,12,12,44,38, -48.3871000000
2020,11,12,12,44,38, -50.0000000000
2020,11,12,12,44,38, -48.7097000000
2020,11,12,12,44,39, -49.0323000000
2020,11,12,12,44,39, -50.0000000000
2020,11,12,12,44,39, -48.0645000000
2020,11,12,12,44,39, -50.0000000000
2020,11,12,12,44,40, -49.0323000000
2020,11,12,12,44,40, -49.6774000000
2020,11,12,12,44,40, -48.3871000000
2020,11,12,12,44,40, -50.0000000000
2020,11,12,12,44,41, -47.4194000000
2020,11,12,12,44,41, -50.0000000000
2020,11,12,12,44,41, -47.4194000000
2020,11,12,12,44,41, -50.0000000000
2020,11,12,12,44,42, -50.0000000000
2020,11,12,12,44,42, -49.3548000000
2020,11,12,12,44,42, -49.6774000000
2020,11,12,12,44,42, -48.0645000000
2020,11,12,12,44,43, -50.0000000000
2020,11,12,12,44,43, -48.0645000000
2020,11,12,12,44,43, -50.0000000000
2020,11,12,12,44,43, -47.0968000000
2020,11,12,12,44,44, -50.0000000000
2020,11,12,12,44,44, -47.4194000000
2020,11,12,12,44,44, -50.0000000000
2020,11,12,12,44,44, -48.7097000000
2020,11,12,12,44,45, -49.3548000000
2020,11,12,12,44,45, -49.3548000000
2020,11,12,12,44,45, -49.3548000000
2020,11,12,12,44,45, -50.0000000000
2020,11,12,12,44,46, -46.7742000000
2020,11,12,12,44,46, -50.0000000000
2020,11,12,12,44,46, -50.0000000000
2020,11,12,12,44,47, -48.0645000000
2020,11,12,12,44,47, -50.0000000000
2020,11,12,12,44,47, -50.0000000000
2020,11,12,12,44,47, -48.0645000000
2020,11,12,12,44,48, -50.0000000000
2020,11,12,12,44,48, -50.0000000000
2020,11,12,12,44,48, -48.0645000000
2020,11,12,12,44,48, -50.0000000000
2020,11,12,12,44,49, -49.0323000000
2020,11,12,12,44,49, -50.0000000000
2020,11,12,12,44,49, -47.0968000000
2020,11,12,12,44,49, -50.0000000000
2020,11,12,12,44,50, -48.7097000000
2020,11,12,12,44,50, -50.0000000000
2020,11,12,12,44,50, -50.0000000000
2020,11,12,12,44,50, -48.7097000000
