31.340425,0.437887,-0.047856,10.116854,-19.300000,-78.500000,-219.200000,-0.171875,0.281250,0.320312,2.478352,-0.270775,44.973191
31.640059,0.461815,-0.040678,10.088140,-19.100000,-78.900000,-215.700000,-0.507812,0.132812,0.414062,2.621034,-0.230788,44.970014
31.927100,0.442672,-0.047856,10.107283,-19.100000,-80.600000,-215.700000,-0.390625,-0.203125,0.460938,2.507772,-0.271025,44.972550
32.211404,0.457029,-0.043071,10.090533,-20.200000,-80.000000,-216.700000,0.101562,0.335938,0.250000,2.593294,-0.244311,44.970645
32.501285,0.445065,-0.066999,10.092926,-19.500000,-80.000000,-219.300000,-0.132812,0.148438,0.109375,2.524865,-0.379967,44.972174
32.781402,0.447458,-0.050249,10.097711,-18.500000,-79.600000,-217.200000,-0.062500,0.164062,0.562500,2.537245,-0.284839,44.971901
33.069202,0.459422,-0.047856,10.140782,-19.200000,-79.300000,-217.100000,-0.335938,0.125000,0.296875,2.593948,-0.270112,44.970630
33.368422,0.447458,-0.038285,10.121640,-19.300000,-80.600000,-217.600000,0.023438,0.218750,0.382812,2.531268,-0.216509,44.972033
33.640991,0.452243,-0.026321,10.135997,-20.100000,-79.700000,-218.100000,-0.101562,0.218750,0.351562,2.554695,-0.148637,44.971513
33.923786,0.452243,-0.047856,10.092926,-19.100000,-80.200000,-218.700000,-0.109375,0.031250,0.546875,2.565562,-0.271398,44.971270
34.206378,0.447458,-0.043071,10.090533,-19.300000,-80.500000,-217.000000,-0.187500,0.085938,0.375000,2.539056,-0.244322,44.971861
34.493948,0.437887,-0.043071,10.116854,-19.800000,-80.100000,-216.500000,0.109375,0.320312,0.421875,2.478357,-0.243698,44.973191
34.777393,0.440279,-0.055035,10.112068,-19.600000,-78.600000,-216.700000,0.015625,0.265625,0.062500,2.493046,-0.311534,44.972871
35.061379,0.457029,-0.033500,10.114461,-20.100000,-79.900000,-216.800000,-0.062500,-0.101562,0.257812,2.587177,-0.189572,44.970784
35.357059,0.449851,-0.035892,10.114461,-20.300000,-80.300000,-218.100000,0.546875,0.226562,0.585938,2.546592,-0.203119,44.971694
35.643336,0.452243,-0.059821,10.124032,-19.800000,-80.300000,-217.600000,-0.210938,0.062500,0.171875,2.557674,-0.338206,44.971446
35.918425,0.435494,-0.057428,10.114461,-19.100000,-79.500000,-215.700000,0.023438,0.242188,0.265625,2.465396,-0.325009,44.973470
36.190832,0.445065,-0.059821,10.104890,-21.100000,-79.700000,-218.200000,-0.164062,0.078125,0.382812,2.521891,-0.338856,44.972240
36.461152,0.447458,-0.062213,10.100104,-20.000000,-80.100000,-217.300000,0.101562,0.171875,0.039062,2.536628,-0.352573,44.971914
36.741374,0.457029,-0.038285,10.116854,-19.700000,-80.100000,-216.300000,0.210938,0.054688,0.164062,2.586561,-0.216602,44.970798
37.011071,0.452243,-0.043071,10.104890,-19.400000,-79.900000,-218.800000,0.171875,0.062500,0.382812,2.562534,-0.243970,44.971338
37.289207,0.452243,-0.045464,10.133604,-19.400000,-78.400000,-216.900000,0.078125,0.109375,0.359375,2.555281,-0.256796,44.971500
37.573653,0.447458,-0.069392,10.109675,-20.100000,-79.300000,-218.700000,-0.218750,0.085938,0.429688,2.534218,-0.392882,44.971967
37.871698,0.433101,-0.062213,10.121640,-20.100000,-79.400000,-217.700000,0.148438,0.039062,0.171875,2.450123,-0.351846,44.973798
38.163591,0.433101,-0.028714,10.138389,-19.900000,-80.000000,-217.900000,0.148438,0.226562,0.234375,2.446116,-0.162124,44.973884
38.465198,0.440279,-0.050249,10.116854,-19.200000,-79.600000,-219.000000,-0.062500,-0.093750,0.179688,2.491875,-0.284310,44.972897
38.741709,0.447458,-0.052642,10.104890,-19.600000,-79.100000,-217.900000,-0.468750,0.062500,0.335938,2.535442,-0.298191,44.971941
39.021425,0.437887,-0.040678,10.085747,-19.400000,-79.700000,-217.300000,-0.062500,0.125000,0.218750,2.485993,-0.230867,44.973025
39.297233,0.454636,-0.052642,10.107283,-20.400000,-79.300000,-218.200000,-0.164062,0.187500,0.031250,2.575454,-0.298111,44.971048
39.575796,0.433101,-0.047856,10.114461,-19.800000,-79.900000,-217.600000,-0.218750,0.218750,0.242188,2.451878,-0.270844,44.973760
39.867377,0.457029,-0.045464,10.095319,-19.200000,-79.100000,-217.200000,-0.101562,0.132812,0.335938,2.592064,-0.257762,44.970673
40.156302,0.459422,-0.052642,10.112068,-19.600000,-80.700000,-217.000000,-0.171875,0.187500,0.468750,2.601297,-0.297964,44.970464
40.441392,0.464208,-0.033500,10.143175,-20.400000,-81.000000,-218.400000,-0.132812,0.234375,0.539062,2.620328,-0.189030,44.970030
40.710828,0.447458,-0.040678,10.109675,-20.000000,-80.300000,-218.600000,-0.351562,-0.054688,0.156250,2.534257,-0.230313,44.971967
41.000167,0.457029,-0.052642,10.116854,-19.400000,-80.500000,-217.500000,0.078125,0.320312,0.507812,2.586545,-0.297827,44.970798
41.274419,0.457029,-0.045464,10.119247,-19.000000,-79.400000,-217.600000,-0.210938,0.148438,0.320312,2.585943,-0.257154,44.970812
41.550877,0.457029,-0.069392,10.112068,-19.800000,-79.600000,-216.800000,-0.421875,0.007812,0.320312,2.587741,-0.392773,44.970770
41.826356,0.454636,-0.047856,10.121640,-20.200000,-80.000000,-216.500000,-0.046875,0.164062,0.414062,2.571812,-0.270627,44.971130
42.098819,0.433101,-0.047856,10.100104,-19.700000,-81.100000,-218.500000,-0.125000,0.312500,0.164062,2.455359,-0.271228,44.973686
42.378790,0.449851,-0.062213,10.092926,-19.800000,-79.600000,-216.800000,0.164062,0.093750,0.531250,2.551986,-0.352820,44.971573
42.661390,0.447458,-0.035892,10.088140,-20.400000,-79.400000,-218.700000,-0.164062,0.039062,0.078125,2.539664,-0.203650,44.971847
42.945166,0.452243,-0.071785,10.107283,-19.000000,-80.800000,-217.000000,0.492188,-0.046875,0.312500,2.561887,-0.406517,44.971351
43.217525,0.435494,-0.064606,10.097711,-20.500000,-79.900000,-217.900000,-0.273438,0.031250,0.226562,2.469469,-0.366239,44.973382
43.511256,0.447458,-0.047856,10.097711,-18.500000,-80.400000,-218.200000,-0.171875,0.210938,0.109375,2.537248,-0.271276,44.971901
43.791295,0.445065,-0.055035,10.121640,-19.400000,-79.900000,-218.000000,0.101562,0.156250,0.343750,2.517730,-0.311234,44.972331
44.071277,0.461815,-0.052642,10.114461,-19.300000,-79.400000,-217.500000,-0.382812,-0.007812,0.203125,2.614209,-0.297891,44.970170
44.363010,0.457029,-0.055035,10.124032,-18.100000,-79.200000,-216.600000,-0.070312,0.109375,0.375000,2.584710,-0.311144,44.970839
44.643410,0.418744,-0.045464,10.109675,-19.400000,-79.800000,-217.600000,-0.164062,0.242188,0.125000,2.371818,-0.257439,44.975447
44.923801,0.449851,-0.052642,10.126425,-19.700000,-79.800000,-218.400000,-0.109375,0.265625,0.484375,2.543569,-0.297555,44.971760
45.217294,0.454636,-0.043071,10.131211,-20.600000,-80.400000,-218.300000,-0.546875,-0.015625,0.414062,2.569391,-0.243335,44.971184
45.503261,0.447458,-0.050249,10.107283,-20.000000,-80.400000,-217.500000,0.148438,0.273438,0.367188,2.534845,-0.284570,44.971954
45.773921,0.447458,-0.055035,10.107283,-20.100000,-79.400000,-217.500000,-0.312500,0.171875,0.507812,2.534839,-0.311672,44.971954
46.096869,0.449851,-0.059821,10.088140,-19.700000,-81.200000,-217.200000,-0.023438,0.171875,0.695312,2.553199,-0.339411,44.971546
46.380535,0.471386,-0.038285,10.128818,-19.400000,-80.000000,-217.600000,-0.445312,0.421875,0.445312,2.664552,-0.216333,44.969010
46.661376,0.435494,-0.043071,10.085747,-19.100000,-79.800000,-216.900000,0.039062,0.062500,0.648438,2.472423,-0.244450,44.973319
46.941420,0.454636,-0.043071,10.119247,-19.600000,-79.800000,-219.000000,-0.359375,0.195312,0.429688,2.572425,-0.243622,44.971116
47.217117,0.449851,-0.052642,10.085747,-20.200000,-79.700000,-217.300000,-0.046875,0.078125,0.359375,2.553814,-0.298753,44.971532
47.494829,0.435494,-0.069392,10.112068,-19.100000,-79.800000,-217.100000,0.125000,0.085938,0.195312,2.465960,-0.392809,44.973457
47.781370,0.437887,-0.045464,10.104890,-20.000000,-79.500000,-217.600000,-0.171875,0.164062,0.335938,2.481285,-0.257540,44.973127
48.053072,0.449851,-0.076570,10.078569,-19.400000,-79.500000,-217.600000,0.101562,0.179688,0.289062,2.555592,-0.434854,44.971492
48.325248,0.445065,-0.055035,10.078569,-20.000000,-79.600000,-217.800000,0.015625,0.132812,0.289062,2.528475,-0.312561,44.972095
48.619976,0.428315,-0.047856,10.124032,-20.300000,-80.000000,-217.700000,-0.164062,0.265625,0.312500,2.422528,-0.270594,44.974385
48.890904,0.449851,-0.059821,10.107283,-19.500000,-80.400000,-218.300000,-0.023438,0.195312,0.390625,2.548370,-0.338769,44.971653
49.160918,0.459422,-0.062213,10.104890,-20.900000,-79.900000,-215.500000,-0.234375,0.242188,0.265625,2.603128,-0.352388,44.970422
49.438626,0.452243,-0.040678,10.109675,-20.000000,-79.900000,-216.500000,0.085938,0.085938,0.515625,2.561326,-0.230308,44.971365
49.711307,0.452243,-0.038285,10.114461,-19.100000,-79.300000,-219.700000,0.289062,0.000000,0.476562,2.560118,-0.216658,44.971392
49.991952,0.437887,-0.031107,10.131211,-19.000000,-79.400000,-217.700000,0.289062,0.039062,0.414062,2.474860,-0.175755,44.973266
50.306247,0.440279,-0.050249,10.107283,-20.600000,-80.000000,-215.800000,-0.546875,0.039062,0.375000,2.494231,-0.284579,44.972846
50.591048,0.445065,-0.055035,10.100104,-20.100000,-78.400000,-217.200000,-0.164062,-0.007812,0.296875,2.523091,-0.311896,44.972213
50.891269,0.445065,-0.052642,10.109675,-20.500000,-78.900000,-215.700000,-0.234375,0.171875,0.312500,2.520709,-0.298054,44.972266
51.181366,0.435494,-0.040678,10.126425,-19.700000,-78.800000,-218.200000,-0.039062,0.062500,0.335938,2.462506,-0.229944,44.973533
51.458676,0.445065,-0.057428,10.112068,-19.400000,-79.200000,-217.100000,-0.367188,0.148438,0.507812,2.520106,-0.325072,44.972279
51.737126,0.459422,-0.057428,10.088140,-18.700000,-79.400000,-217.900000,-0.234375,0.031250,0.445312,2.607452,-0.325821,44.970323
52.002278,0.449851,-0.055035,10.104890,-19.300000,-78.700000,-218.000000,0.218750,-0.070312,0.125000,2.548979,-0.311742,44.971640
52.267659,0.430708,-0.035892,10.119247,-20.000000,-79.100000,-217.400000,0.000000,0.156250,0.437500,2.437208,-0.203040,44.974074
52.533248,0.447458,-0.066999,10.092926,-19.600000,-79.500000,-216.600000,-0.257812,0.570312,0.281250,2.538422,-0.379963,44.971874
52.798065,0.440279,-0.035892,10.121640,-19.900000,-80.400000,-217.100000,-0.062500,0.039062,0.351562,2.490713,-0.202984,44.972923
53.070133,0.445065,-0.047856,10.112068,-18.600000,-79.500000,-217.000000,-0.085938,0.164062,0.226562,2.520119,-0.270894,44.972279
53.362527,0.447458,-0.047856,10.119247,-19.700000,-79.300000,-216.100000,0.023438,0.179688,0.382812,2.531855,-0.270700,44.972020
53.646320,0.445065,-0.062213,10.112068,-19.500000,-80.200000,-217.900000,-0.171875,0.054688,0.257812,2.520099,-0.352161,44.972279
53.920995,0.454636,-0.038285,10.073783,-19.100000,-79.300000,-217.800000,-0.312500,-0.046875,0.437500,2.584023,-0.217529,44.970855
54.201124,0.437887,-0.055035,10.128818,-20.300000,-79.300000,-216.900000,-0.195312,0.304688,0.312500,2.475419,-0.311023,44.973254
54.470835,0.447458,-0.074178,10.126425,-19.100000,-79.900000,-216.000000,0.078125,0.179688,0.304688,2.530023,-0.419283,44.972060
54.747632,0.442672,-0.066999,10.109675,-20.700000,-79.500000,-217.400000,-0.281250,0.257812,0.562500,2.507153,-0.379343,44.972563
55.015316,0.425922,-0.050249,10.121640,-19.400000,-80.300000,-218.100000,0.148438,0.179688,0.195312,2.409577,-0.284193,44.974658
55.280338,0.430708,-0.050249,10.128818,-19.500000,-79.800000,-218.000000,-0.164062,0.218750,0.320312,2.434894,-0.283987,44.974123
55.545359,0.457029,-0.055035,10.066605,-18.900000,-79.700000,-216.700000,-0.312500,0.351562,0.171875,2.599435,-0.312915,44.970506
55.810621,0.464208,-0.050249,10.109675,-19.800000,-78.700000,-218.300000,-0.296875,-0.007812,0.359375,2.628980,-0.284482,44.969831
56.097281,0.447458,-0.052642,10.104890,-20.600000,-79.100000,-218.300000,0.101562,0.109375,0.367188,2.535442,-0.298191,44.971941
56.412016,0.447458,-0.045464,10.095319,-20.900000,-79.500000,-218.900000,-0.070312,0.257812,0.351562,2.537851,-0.257773,44.971887
56.741379,0.466600,-0.057428,10.066605,-20.400000,-80.100000,-218.300000,0.023438,0.015625,0.382812,2.653792,-0.326506,44.969259
57.061733,0.447458,-0.047856,10.092926,-19.700000,-78.700000,-217.800000,-0.132812,0.078125,0.750000,2.538449,-0.271404,44.971874
57.381804,0.447458,-0.050249,10.088140,-19.400000,-79.800000,-218.200000,-0.054688,-0.101562,0.195312,2.539649,-0.285109,44.971847
57.674048,0.459422,-0.043071,10.109675,-19.500000,-79.000000,-217.400000,-0.507812,0.234375,0.546875,2.601923,-0.243847,44.970450
57.958977,0.440279,-0.059821,10.112068,-20.500000,-80.300000,-219.100000,-0.007812,0.226562,0.210938,2.493040,-0.338623,44.972871
58.240144,0.452243,-0.069392,10.102497,-20.100000,-80.000000,-219.100000,-0.406250,0.101562,0.226562,2.563103,-0.393152,44.971324
58.531317,0.449851,-0.057428,10.102497,-20.700000,-80.200000,-218.000000,-0.031250,-0.125000,0.343750,2.549579,-0.325372,44.971627
58.817361,0.442672,-0.052642,10.104890,-20.100000,-79.900000,-218.700000,-0.125000,-0.070312,0.421875,2.508360,-0.298197,44.972537
59.117548,0.445065,-0.055035,10.116854,-20.300000,-79.400000,-217.300000,-0.164062,0.351562,0.171875,2.518919,-0.311380,44.972305
59.401190,0.445065,-0.035892,10.138389,-20.300000,-80.100000,-218.800000,0.023438,0.132812,0.250000,2.513597,-0.202645,44.972423
59.681323,0.468993,-0.045464,10.097711,-19.100000,-79.500000,-216.700000,-0.195312,0.234375,0.726562,2.659193,-0.257687,44.969134
59.971862,0.447458,-0.055035,10.100104,-20.900000,-78.800000,-218.600000,-0.101562,0.007812,0.281250,2.536638,-0.311893,44.971914
60.263542,0.468993,-0.052642,10.131211,-18.900000,-79.800000,-219.000000,-0.257812,0.187500,0.375000,2.650404,-0.297390,44.969337
60.540698,0.459422,-0.055035,10.107283,-19.900000,-79.600000,-218.100000,-0.187500,0.125000,0.281250,2.602524,-0.311655,44.970436
60.821399,0.457029,-0.052642,10.109675,-20.700000,-80.100000,-217.900000,-0.296875,0.210938,0.171875,2.588379,-0.298038,44.970756
61.091153,0.442672,-0.043071,10.126425,-19.600000,-80.300000,-218.900000,0.164062,0.265625,0.265625,2.503043,-0.243463,44.972654
61.389822,0.454636,-0.071785,10.116854,-19.400000,-79.400000,-217.800000,-0.195312,0.234375,0.257812,2.572991,-0.406129,44.971102
61.670843,0.430708,-0.038285,10.109675,-20.400000,-78.300000,-218.100000,0.046875,0.093750,0.421875,2.439511,-0.216780,44.974025
61.958880,0.430708,-0.052642,10.107283,-19.800000,-79.800000,-216.400000,-0.101562,0.187500,0.312500,2.440072,-0.298142,44.974012
62.230935,0.466600,-0.045464,10.126425,-19.600000,-79.800000,-217.800000,-0.257812,0.242188,0.296875,2.638154,-0.256961,44.969621
62.510793,0.461815,-0.028714,10.102497,-21.100000,-81.200000,-218.700000,-0.257812,0.289062,0.148438,2.617325,-0.162679,44.970099
62.806992,0.452243,-0.033500,10.090533,-19.500000,-79.600000,-217.700000,0.085938,-0.109375,0.406250,2.566185,-0.190025,44.971256
63.135498,0.442672,-0.043071,10.126425,-19.100000,-79.000000,-216.900000,0.226562,0.132812,0.343750,2.503043,-0.243463,44.972654
63.413893,0.449851,-0.052642,10.112068,-19.200000,-79.400000,-219.500000,-0.281250,0.320312,-0.023438,2.547175,-0.297977,44.971680
63.725885,0.445065,-0.059821,10.135997,-20.800000,-81.100000,-217.300000,0.078125,0.000000,0.195312,2.514162,-0.337818,44.972410
64.025720,0.437887,-0.047856,10.090533,-20.300000,-80.100000,-217.700000,0.289062,0.289062,0.453125,2.484808,-0.271480,44.973051
64.331302,0.449851,-0.055035,10.102497,-19.500000,-81.000000,-217.500000,0.195312,0.203125,0.343750,2.549582,-0.311816,44.971627
64.617514,0.459422,-0.057428,10.114461,-20.000000,-80.000000,-217.900000,0.062500,0.070312,0.507812,2.600676,-0.324975,44.970478
64.896293,0.447458,-0.055035,10.112068,-20.400000,-79.000000,-217.000000,-0.226562,-0.078125,0.367188,2.533641,-0.311524,44.971980
65.183693,0.449851,-0.055035,10.124032,-18.600000,-79.000000,-218.500000,0.062500,0.203125,0.289062,2.544166,-0.311154,44.971747
65.474439,0.457029,-0.066999,10.112068,-19.400000,-80.000000,-216.100000,-0.164062,0.171875,0.453125,2.587745,-0.379229,44.970770
65.761310,0.452243,-0.050249,10.116854,-20.200000,-78.600000,-217.700000,-0.179688,-0.125000,0.125000,2.559500,-0.284295,44.971405
66.046801,0.440279,-0.057428,10.114461,-20.800000,-79.000000,-216.800000,-0.250000,0.132812,0.296875,2.492454,-0.325002,44.972884
66.360823,0.452243,-0.043071,10.095319,-19.200000,-80.200000,-218.600000,0.398438,0.085938,0.210938,2.564961,-0.244201,44.971283
66.675035,0.449851,-0.057428,10.095319,-20.900000,-80.500000,-218.000000,-0.023438,0.187500,0.242188,2.551389,-0.325603,44.971586
66.978844,0.433101,-0.052642,10.092926,-21.500000,-80.500000,-217.400000,-0.210938,0.109375,0.179688,2.457097,-0.298563,44.973648
67.268728,0.442672,-0.047856,10.073783,-20.200000,-79.600000,-217.700000,-0.296875,0.101562,0.453125,2.516101,-0.271925,44.972367
67.553092,0.437887,-0.064606,10.090533,-20.500000,-78.700000,-218.400000,0.015625,0.140625,0.476562,2.484785,-0.366495,44.973051
67.871760,0.461815,-0.057428,10.116854,-19.100000,-80.200000,-217.300000,0.023438,0.382812,0.492188,2.613585,-0.324894,44.970184
68.181449,0.449851,-0.047856,10.121640,-20.700000,-79.200000,-219.000000,-0.109375,0.281250,0.218750,2.544776,-0.270633,44.971734
68.481260,0.447458,-0.050249,10.088140,-19.600000,-78.400000,-218.400000,-0.289062,-0.015625,0.429688,2.539649,-0.285109,44.971847
68.752615,0.452243,-0.047856,10.121640,-19.700000,-79.300000,-217.800000,0.359375,0.242188,0.179688,2.558294,-0.270630,44.971432
69.064492,0.459422,-0.047856,10.124032,-19.800000,-79.800000,-218.400000,0.015625,0.062500,0.343750,2.598233,-0.270558,44.970533
69.362847,0.435494,-0.031107,10.116854,-20.200000,-80.000000,-217.200000,0.015625,0.203125,0.140625,2.464841,-0.176006,44.973482
69.655926,0.435494,-0.057428,10.121640,-19.100000,-80.600000,-217.800000,-0.234375,0.171875,0.000000,2.463649,-0.324778,44.973508
69.951143,0.449851,-0.052642,10.068998,-20.000000,-78.800000,-218.300000,-0.296875,0.078125,0.640625,2.558056,-0.299249,44.971438
70.259208,0.459422,-0.057428,10.095319,-19.600000,-79.800000,-217.500000,-0.148438,0.039062,0.335938,2.605600,-0.325590,44.970366
70.563789,0.459422,-0.055035,10.112068,-20.600000,-80.500000,-215.500000,0.023438,0.382812,0.437500,2.601294,-0.311508,44.970464
70.846219,0.457029,-0.066999,10.107283,-20.700000,-79.700000,-218.600000,-0.171875,0.039062,0.171875,2.588969,-0.379408,44.970742
71.146198,0.435494,-0.040678,10.107283,-19.600000,-79.000000,-217.100000,-0.195312,0.164062,0.171875,2.467164,-0.230379,44.973432
71.439553,0.430708,-0.050249,10.131211,-20.100000,-79.900000,-217.200000,-0.250000,0.015625,0.054688,2.434319,-0.283920,44.974135
71.721725,0.447458,-0.047856,10.128818,-20.100000,-79.800000,-218.400000,-0.085938,0.062500,0.265625,2.529466,-0.270444,44.972073
72.006422,0.435494,-0.028714,10.076176,-19.800000,-79.900000,-216.500000,0.148438,0.093750,0.273438,2.474781,-0.163122,44.973268
72.311137,0.454636,-0.055035,10.107283,-19.700000,-80.300000,-218.400000,-0.023438,0.242188,0.468750,2.575451,-0.311662,44.971048
72.596758,0.468993,-0.031107,10.121640,-19.200000,-80.000000,-218.000000,-0.164062,0.218750,0.320312,2.652930,-0.175897,44.969280
72.906738,0.437887,-0.064606,10.095319,-18.600000,-79.700000,-217.700000,-0.007812,0.015625,0.179688,2.483609,-0.366322,44.973076
73.187496,0.454636,-0.043071,10.102497,-20.500000,-79.900000,-216.100000,-0.218750,0.210938,0.375000,2.576684,-0.244025,44.971020
73.491519,0.473779,-0.059821,10.071390,-19.800000,-79.900000,-215.100000,0.078125,0.375000,0.515625,2.693278,-0.339937,44.968337
73.785527,0.445065,-0.050249,10.114461,-19.300000,-79.000000,-215.500000,-0.101562,0.039062,0.039062,2.519521,-0.284371,44.972292
74.076411,0.437887,-0.050249,10.119247,-20.100000,-80.100000,-217.600000,0.109375,0.015625,0.179688,2.477763,-0.284246,44.973203
74.385094,0.435494,-0.059821,10.116854,-21.100000,-78.800000,-215.900000,0.140625,0.109375,0.460938,2.464810,-0.338470,44.973482
74.685328,0.454636,-0.059821,10.109675,-20.200000,-80.400000,-217.700000,-0.007812,0.296875,0.226562,2.574835,-0.338682,44.971061
74.977629,0.445065,-0.059821,10.119247,-20.400000,-80.700000,-216.600000,0.164062,0.203125,0.289062,2.518318,-0.338377,44.972318
75.257288,0.445065,-0.052642,10.121640,-19.000000,-80.300000,-216.800000,-0.195312,0.101562,0.429688,2.517733,-0.297702,44.972331
75.551196,0.442672,-0.047856,10.109675,-19.200000,-79.800000,-216.400000,0.195312,0.242188,0.195312,2.507180,-0.270961,44.972563
75.845592,0.452243,-0.038285,10.112068,-19.100000,-80.700000,-217.400000,0.031250,-0.039062,0.453125,2.560723,-0.216709,44.971378
76.175056,0.452243,-0.031107,10.143175,-19.800000,-79.600000,-215.600000,-0.406250,0.507812,0.351562,2.552886,-0.175538,44.971554
76.461426,0.447458,-0.052642,10.095319,-20.000000,-80.800000,-217.400000,-0.132812,0.125000,0.445312,2.537842,-0.298473,44.971887
76.761608,0.454636,-0.040678,10.097711,-20.000000,-79.400000,-216.400000,-0.210938,-0.007812,0.296875,2.577906,-0.230578,44.970993
77.056184,0.447458,-0.047856,10.107283,-20.300000,-79.800000,-218.100000,-0.359375,0.125000,0.242188,2.534848,-0.271019,44.971954
77.362413,0.457029,-0.057428,10.114461,-19.700000,-79.100000,-217.700000,-0.085938,0.007812,0.148438,2.587149,-0.324978,44.970784
77.651329,0.447458,-0.071785,10.080962,-19.800000,-79.600000,-216.600000,-0.367188,-0.007812,0.226562,2.541422,-0.407585,44.971807
77.933654,0.445065,-0.043071,10.119247,-18.600000,-79.300000,-218.300000,0.085938,0.265625,0.101562,2.518339,-0.243632,44.972318
78.225628,0.459422,-0.038285,10.088140,-20.200000,-79.800000,-217.300000,0.023438,0.093750,0.250000,2.607475,-0.217215,44.970323
78.511699,0.449851,-0.043071,10.114461,-18.500000,-80.200000,-217.600000,-0.312500,0.234375,0.187500,2.546585,-0.243742,44.971694
78.801203,0.447458,-0.040678,10.092926,-20.600000,-78.900000,-216.600000,-0.039062,-0.078125,0.140625,2.538457,-0.230694,44.971874
79.086465,0.452243,-0.043071,10.116854,-19.000000,-80.000000,-218.400000,-0.250000,0.015625,0.453125,2.559508,-0.243682,44.971405
79.383177,0.445065,-0.055035,10.104890,-18.800000,-80.200000,-217.200000,-0.132812,0.257812,0.218750,2.521898,-0.311748,44.972240
79.687196,0.461815,-0.047856,10.102497,-19.700000,-79.300000,-217.300000,0.312500,0.242188,0.359375,2.617307,-0.271130,44.970099
79.975860,0.449851,-0.045464,10.126425,-19.800000,-80.300000,-218.100000,0.257812,-0.203125,0.429688,2.543578,-0.256980,44.971760
80.277620,0.445065,-0.031107,10.119247,-18.800000,-80.100000,-217.300000,-0.132812,0.195312,0.335938,2.518350,-0.175957,44.972318
80.546674,0.440279,-0.035892,10.107283,-18.800000,-79.600000,-216.800000,0.242188,-0.023438,0.257812,2.494246,-0.203272,44.972846
80.814987,0.457029,-0.064606,10.128818,-19.300000,-79.700000,-218.200000,-0.234375,0.242188,0.218750,2.583476,-0.365082,44.970867
81.095933,0.461815,-0.050249,10.102497,-19.600000,-79.900000,-218.100000,-0.195312,0.078125,0.335938,2.617304,-0.284686,44.970099
81.379908,0.454636,-0.043071,10.102497,-19.300000,-79.600000,-218.600000,-0.218750,0.218750,0.281250,2.576684,-0.244025,44.971020
81.651063,0.447458,-0.052642,10.128818,-18.900000,-79.600000,-217.000000,-0.554688,0.085938,0.390625,2.529460,-0.297488,44.972073
81.918459,0.447458,-0.045464,10.126425,-19.700000,-79.500000,-217.400000,-0.195312,0.242188,0.320312,2.530066,-0.256983,44.972060
82.197230,0.440279,-0.057428,10.104890,-19.900000,-79.900000,-218.100000,-0.203125,-0.054688,0.250000,2.494812,-0.325309,44.972833
82.485487,0.454636,-0.047856,10.112068,-18.800000,-79.400000,-217.600000,0.062500,0.289062,0.273438,2.574243,-0.270883,44.971075
82.780277,0.459422,-0.040678,10.085747,-20.400000,-79.700000,-216.600000,-0.429688,0.218750,0.804688,2.608090,-0.230846,44.970309
83.072860,0.440279,-0.050249,10.102497,-18.500000,-80.100000,-217.100000,0.007812,-0.070312,0.148438,2.495411,-0.284714,44.972820
83.389755,0.466600,-0.045464,10.143175,-19.300000,-79.500000,-217.100000,-0.187500,0.078125,0.390625,2.633804,-0.256538,44.969721
83.681490,0.435494,-0.040678,10.100104,-19.200000,-79.800000,-216.700000,0.226562,0.093750,0.257812,2.468916,-0.230542,44.973395
83.961288,0.459422,-0.052642,10.085747,-20.300000,-79.500000,-219.100000,-0.046875,0.367188,0.093750,2.608076,-0.298740,44.970309
84.229196,0.447458,-0.055035,10.092926,-18.600000,-78.900000,-217.000000,-0.460938,0.132812,0.445312,2.538440,-0.312114,44.971874
84.510803,0.452243,-0.055035,10.097711,-19.600000,-79.300000,-216.500000,-0.281250,0.148438,0.539062,2.564339,-0.311960,44.971297
84.790044,0.454636,-0.052642,10.092926,-19.800000,-79.400000,-217.300000,0.000000,0.140625,0.273438,2.579112,-0.298535,44.970965
85.058463,0.442672,-0.062213,10.126425,-20.400000,-79.100000,-216.500000,0.140625,0.156250,0.343750,2.503019,-0.351666,44.972654
85.338494,0.457029,-0.047856,10.112068,-19.300000,-80.000000,-218.100000,-0.234375,0.187500,0.312500,2.587773,-0.270880,44.970770
85.633435,0.452243,-0.064606,10.109675,-19.300000,-80.000000,-216.200000,0.250000,0.000000,0.234375,2.561294,-0.365780,44.971365
85.911831,0.445065,-0.066999,10.116854,-20.400000,-79.200000,-216.800000,0.406250,0.039062,0.304688,2.518901,-0.379070,44.972305
86.181488,0.442672,-0.040678,10.107283,-20.400000,-79.700000,-216.600000,-0.281250,0.101562,0.132812,2.507780,-0.230372,44.972550
86.449831,0.461815,-0.038285,10.107283,-18.800000,-79.100000,-217.000000,-0.187500,0.015625,0.453125,2.616080,-0.216802,44.970127
86.717577,0.454636,-0.043071,10.104890,-19.200000,-79.300000,-217.400000,-0.007812,0.109375,0.273438,2.576075,-0.243968,44.971034
86.990903,0.440279,-0.057428,10.116854,-19.100000,-79.500000,-217.400000,-0.125000,0.210938,0.359375,2.491865,-0.324925,44.972897
87.259486,0.435494,-0.052642,10.128818,-19.800000,-78.800000,-217.300000,0.148438,0.171875,0.078125,2.461912,-0.297504,44.973545
87.527547,0.449851,-0.059821,10.119247,-20.100000,-79.900000,-217.100000,0.015625,0.351562,0.273438,2.545361,-0.338369,44.971720
87.806880,0.449851,-0.035892,10.116854,-19.900000,-79.800000,-216.600000,-0.234375,0.171875,0.484375,2.545991,-0.203071,44.971707
88.084568,0.459422,-0.035892,10.128818,-19.500000,-81.400000,-217.300000,-0.335938,0.007812,0.226562,2.597020,-0.202823,44.970561
88.372194,0.440279,-0.064606,10.095319,-19.400000,-79.100000,-217.200000,-0.210938,0.171875,0.226562,2.497163,-0.366318,44.972781
88.640461,0.464208,-0.059821,10.116854,-19.500000,-78.900000,-218.600000,-0.445312,0.367188,0.429688,2.627104,-0.338428,44.969874
88.924026,0.440279,-0.050249,10.095319,-19.700000,-79.100000,-218.400000,-0.187500,0.085938,0.296875,2.497183,-0.284916,44.972781
89.233541,0.440279,-0.059821,10.076176,-20.300000,-79.400000,-217.800000,-0.062500,0.164062,0.164062,2.501908,-0.339827,44.972678
89.512807,0.454636,-0.055035,10.112068,-18.800000,-79.700000,-217.500000,-0.515625,-0.117188,0.398438,2.574234,-0.311514,44.971075
89.802154,0.454636,-0.059821,10.126425,-18.900000,-78.600000,-217.500000,0.148438,0.156250,0.718750,2.570582,-0.338123,44.971157
90.070747,0.459422,-0.047856,10.133604,-19.700000,-79.900000,-217.600000,-0.359375,0.078125,0.414062,2.595783,-0.270303,44.970589
90.338178,0.440279,-0.066999,10.124032,-19.500000,-79.500000,-216.600000,0.148438,0.023438,0.250000,2.490086,-0.378810,44.972935
90.622456,0.447458,-0.055035,10.104890,-18.800000,-79.100000,-217.100000,0.085938,0.351562,0.359375,2.535439,-0.311745,44.971941
90.890184,0.461815,-0.074178,10.112068,-19.500000,-79.600000,-216.100000,0.078125,0.179688,0.640625,2.614792,-0.419850,44.970155
91.167217,0.461815,-0.047856,10.124032,-19.400000,-79.900000,-215.800000,0.078125,0.062500,0.476562,2.611747,-0.270555,44.970226
91.440557,0.428315,-0.059821,10.107283,-20.300000,-78.500000,-217.800000,0.187500,0.250000,0.648438,2.426523,-0.338801,44.974300
91.708658,0.442672,-0.057428,10.109675,-19.900000,-80.400000,-218.200000,-0.367188,0.062500,0.312500,2.507167,-0.325152,44.972563
91.977381,0.459422,-0.047856,10.119247,-19.500000,-79.800000,-217.300000,0.070312,-0.039062,0.054688,2.599460,-0.270685,44.970505
92.255052,0.449851,-0.045464,10.114461,-20.000000,-80.000000,-216.900000,0.242188,-0.132812,0.257812,2.546582,-0.257284,44.971694
92.524129,0.459422,-0.059821,10.112068,-19.700000,-79.100000,-215.600000,0.210938,0.015625,0.171875,2.601287,-0.338595,44.970464
92.798494,0.449851,-0.050249,10.126425,-20.600000,-79.300000,-217.100000,0.023438,0.046875,0.531250,2.543572,-0.284030,44.971760
93.066933,0.447458,-0.026321,10.126425,-19.900000,-79.600000,-218.300000,-0.335938,0.164062,0.375000,2.530083,-0.148780,44.972060
93.366684,0.461815,-0.055035,10.092926,-19.600000,-80.200000,-217.000000,-0.031250,-0.070312,0.351562,2.619776,-0.312094,44.970042
93.638273,0.445065,-0.043071,10.095319,-20.900000,-79.600000,-216.200000,-0.234375,0.007812,0.171875,2.524300,-0.244209,44.972187
93.924457,0.445065,-0.062213,10.109675,-19.400000,-79.600000,-217.300000,0.203125,-0.109375,0.507812,2.520695,-0.352244,44.972266
94.210777,0.459422,-0.064606,10.088140,-19.600000,-80.300000,-216.600000,0.062500,0.289062,0.359375,2.607440,-0.366547,44.970323
94.495159,0.440279,-0.045464,10.109675,-19.900000,-80.000000,-216.800000,0.039062,0.109375,0.046875,2.493647,-0.257416,44.972859
94.763575,0.466600,-0.043071,10.124032,-19.800000,-79.500000,-217.600000,-0.039062,0.031250,0.218750,2.638779,-0.243494,44.969606
95.051119,0.457029,-0.040678,10.095319,-20.400000,-79.600000,-216.900000,-0.132812,0.125000,0.312500,2.592069,-0.230630,44.970673
95.325305,0.440279,-0.028714,10.102497,-20.700000,-80.000000,-217.300000,0.367188,-0.132812,0.242188,2.495432,-0.162694,44.972820
95.598077,0.435494,-0.047856,10.102497,-19.500000,-79.800000,-216.300000,0.046875,0.085938,0.250000,2.468324,-0.271161,44.973407
95.877034,0.423530,-0.059821,10.114461,-19.400000,-79.500000,-217.900000,0.000000,-0.046875,0.351562,2.397742,-0.338567,44.974906
96.145515,0.452243,-0.055035,10.104890,-19.700000,-78.400000,-217.500000,-0.218750,0.328125,0.187500,2.562520,-0.311739,44.971338
96.413631,0.459422,-0.055035,10.104890,-19.500000,-79.200000,-217.000000,-0.250000,0.078125,0.406250,2.603139,-0.311729,44.970422
96.681987,0.442672,-0.069392,10.107283,-19.800000,-79.400000,-217.600000,-0.351562,-0.015625,0.351562,2.507742,-0.392983,44.972550
96.961441,0.466600,-0.055035,10.109675,-19.800000,-79.900000,-218.500000,-0.210938,0.218750,0.562500,2.642506,-0.311571,44.969520
97.238357,0.449851,-0.050249,10.097711,-19.700000,-79.200000,-216.700000,0.078125,0.085938,0.421875,2.550795,-0.284836,44.971600
97.506679,0.454636,-0.047856,10.116854,-20.100000,-79.400000,-216.700000,-0.257812,0.132812,0.351562,2.573027,-0.270755,44.971102
97.774160,0.447458,-0.050249,10.116854,-19.400000,-80.100000,-215.900000,-0.398438,0.289062,0.312500,2.532450,-0.284301,44.972007
98.047079,0.452243,-0.040678,10.112068,-19.700000,-79.900000,-216.100000,-0.273438,0.140625,0.398438,2.560720,-0.230253,44.971378
98.314651,0.447458,-0.038285,10.116854,-20.200000,-79.900000,-217.400000,-0.296875,0.234375,0.414062,2.532464,-0.216611,44.972007
98.586515,0.437887,-0.066999,10.114461,-20.100000,-79.100000,-217.600000,-0.101562,0.210938,0.320312,2.478910,-0.379171,44.973178
98.867171,0.457029,-0.043071,10.085747,-20.000000,-79.300000,-217.600000,0.039062,0.312500,0.554688,2.594523,-0.244427,44.970618
99.135194,0.442672,-0.052642,10.140782,-20.300000,-80.000000,-215.900000,-0.171875,0.367188,0.296875,2.499493,-0.297144,44.972731
99.423013,0.454636,-0.035892,10.107283,-20.200000,-78.600000,-217.600000,-0.007812,0.171875,0.328125,2.575473,-0.203259,44.971048
99.696506,0.449851,-0.033500,10.138389,-19.400000,-79.800000,-216.700000,0.015625,0.382812,0.382812,2.540592,-0.189131,44.971827
99.999639,0.440279,-0.062213,10.097711,-19.500000,-78.900000,-217.200000,-0.101562,-0.140625,0.492188,2.496576,-0.352668,44.972794
100.267224,0.464208,-0.052642,10.114461,-19.200000,-79.900000,-217.500000,0.390625,-0.195312,0.109375,2.627735,-0.297887,44.969860
100.539534,0.440279,-0.062213,10.114461,-19.900000,-79.000000,-216.800000,0.085938,0.218750,0.367188,2.492447,-0.352085,44.972884
100.811183,0.452243,-0.055035,10.124032,-19.200000,-80.000000,-217.400000,-0.187500,0.414062,0.265625,2.557681,-0.311150,44.971446
101.121165,0.437887,-0.047856,10.076176,-19.400000,-78.300000,-215.800000,-0.046875,0.242188,0.312500,2.488344,-0.271866,44.972974
101.421456,0.433101,-0.057428,10.147961,-19.800000,-79.600000,-216.500000,-0.250000,0.125000,0.445312,2.443782,-0.323941,44.973933
101.704359,0.449851,-0.043071,10.095319,-19.700000,-80.000000,-218.100000,-0.359375,0.171875,0.546875,2.551407,-0.244204,44.971586
101.973127,0.454636,-0.057428,10.116854,-20.400000,-78.900000,-216.800000,-0.359375,0.445312,0.359375,2.573014,-0.324905,44.971102
102.241369,0.452243,-0.055035,10.112068,-19.500000,-79.900000,-216.900000,0.335938,0.195312,0.140625,2.560703,-0.311518,44.971378
102.518366,0.454636,-0.033500,10.133604,-20.100000,-80.200000,-219.000000,-0.101562,-0.054688,0.328125,2.568794,-0.189217,44.971198
102.806934,0.445065,-0.040678,10.126425,-19.800000,-80.500000,-217.500000,-0.070312,0.257812,0.203125,2.516558,-0.229935,44.972357
103.084823,0.447458,-0.031107,10.107283,-20.500000,-80.700000,-217.400000,-0.484375,0.054688,0.351562,2.534865,-0.176163,44.971954
103.383966,0.452243,-0.057428,10.100104,-20.100000,-79.500000,-218.600000,0.015625,0.171875,0.273438,2.563729,-0.325446,44.971311
103.661836,0.437887,-0.050249,10.104890,-19.900000,-81.000000,-216.000000,0.148438,0.132812,0.156250,2.481279,-0.284649,44.973127
103.933125,0.459422,-0.057428,10.090533,-19.100000,-80.200000,-217.100000,-0.085938,0.007812,0.296875,2.606834,-0.325744,44.970337
104.200676,0.445065,-0.033500,10.124032,-20.000000,-80.600000,-218.800000,-0.070312,0.054688,0.445312,2.517159,-0.189403,44.972344
104.475301,0.445065,-0.059821,10.109675,-19.500000,-79.100000,-218.100000,0.148438,0.273438,0.343750,2.520699,-0.338696,44.972266
104.744379,0.435494,-0.045464,10.133604,-20.800000,-80.100000,-218.100000,-0.304688,-0.046875,0.234375,2.460759,-0.256814,44.973570
105.031713,0.454636,-0.052642,10.121640,-20.000000,-79.300000,-217.700000,-0.359375,0.281250,0.070312,2.571806,-0.297689,44.971130
105.307892,0.440279,-0.059821,10.092926,-20.400000,-80.800000,-220.000000,-0.296875,0.015625,0.507812,2.497762,-0.339264,44.972768
105.589203,0.447458,-0.047856,10.083354,-19.400000,-79.900000,-218.600000,-0.023438,0.210938,0.414062,2.540856,-0.271661,44.971821
105.878328,0.433101,-0.045464,10.112068,-20.400000,-79.400000,-217.700000,-0.578125,0.148438,0.125000,2.452460,-0.257363,44.973748
106.158912,0.440279,-0.052642,10.100104,-19.600000,-79.600000,-217.200000,0.078125,0.039062,0.414062,2.495999,-0.298342,44.972807
106.435885,0.442672,-0.043071,10.100104,-19.900000,-78.900000,-217.500000,0.562500,-0.085938,0.320312,2.509558,-0.244096,44.972511
106.707937,0.437887,-0.033500,10.107283,-19.000000,-78.800000,-218.000000,0.125000,0.289062,0.273438,2.480710,-0.189722,44.973140
106.993852,0.447458,-0.050249,10.107283,-20.000000,-79.900000,-216.200000,-0.023438,0.031250,0.312500,2.534845,-0.284570,44.971954
107.270624,0.440279,-0.033500,10.080962,-20.000000,-80.000000,-217.800000,-0.421875,0.062500,0.203125,2.500752,-0.190215,44.972704
107.551147,0.445065,-0.035892,10.104890,-19.700000,-79.400000,-217.100000,-0.281250,0.148438,0.335938,2.521919,-0.203315,44.972240
107.841288,0.445065,-0.023928,10.124032,-19.400000,-79.900000,-217.900000,-0.492188,0.234375,0.226562,2.517166,-0.135288,44.972344
108.139851,0.449851,-0.028714,10.085747,-18.800000,-79.900000,-217.300000,0.109375,-0.062500,0.281250,2.553838,-0.162957,44.971532
108.437107,0.452243,-0.040678,10.124032,-18.600000,-79.700000,-219.000000,0.296875,0.023438,0.273438,2.557698,-0.229982,44.971446
108.752496,0.435494,-0.045464,10.138389,-20.900000,-79.100000,-219.300000,-0.046875,0.367188,0.578125,2.459599,-0.256693,44.973595
109.042294,0.447458,-0.038285,10.109675,-19.700000,-79.500000,-218.200000,-0.039062,0.164062,0.320312,2.534259,-0.216765,44.971967
109.324231,0.459422,-0.050249,10.131211,-19.500000,-78.500000,-218.600000,0.343750,0.070312,0.289062,2.596392,-0.283884,44.970575
109.622982,0.461815,-0.057428,10.097711,-20.300000,-79.600000,-216.500000,-0.101562,0.257812,0.359375,2.618532,-0.325509,44.970071
109.908065,0.464208,-0.050249,10.114461,-20.000000,-80.200000,-216.700000,-0.359375,-0.046875,0.367188,2.627738,-0.284347,44.969860
110.202526,0.452243,-0.055035,10.104890,-20.800000,-80.200000,-217.700000,-0.085938,0.054688,0.351562,2.562520,-0.311739,44.971338
110.480748,0.428315,-0.047856,10.085747,-19.600000,-80.400000,-216.800000,-0.273438,0.187500,0.335938,2.431713,-0.271619,44.974190
110.755483,0.423530,-0.052642,10.104890,-19.700000,-79.200000,-219.000000,0.257812,0.273438,0.328125,2.400020,-0.298222,44.974859
111.023650,0.447458,-0.074178,10.124032,-20.100000,-80.000000,-217.500000,-0.460938,0.039062,0.359375,2.530621,-0.419382,44.972047
111.297076,0.457029,-0.050249,10.116854,-20.500000,-78.800000,-218.000000,-0.343750,0.312500,0.406250,2.586548,-0.284289,44.970798
111.579955,0.437887,-0.059821,10.126425,-19.000000,-77.300000,-218.900000,0.226562,0.289062,0.359375,2.475996,-0.338148,44.973241
111.878781,0.447458,-0.055035,10.121640,-20.400000,-79.400000,-219.100000,0.382812,0.093750,0.195312,2.531248,-0.311230,44.972033
112.171351,0.447458,-0.023928,10.114461,-19.500000,-79.900000,-218.900000,0.242188,-0.007812,0.328125,2.533073,-0.135414,44.971994
112.449126,0.452243,-0.059821,10.114461,-19.800000,-79.700000,-217.700000,0.046875,0.109375,0.171875,2.560091,-0.338526,44.971392
112.725743,0.445065,-0.074178,10.090533,-19.700000,-78.900000,-217.500000,-0.250000,0.085938,0.562500,2.525451,-0.420776,44.972161
113.025314,0.459422,-0.066999,10.116854,-21.200000,-79.600000,-217.300000,-0.023438,0.132812,0.148438,2.600046,-0.379046,44.970491
113.341763,0.449851,-0.078963,10.112068,-19.200000,-78.600000,-217.200000,0.109375,0.179688,0.515625,2.547132,-0.446960,44.971680
113.630706,0.449851,-0.055035,10.109675,-19.900000,-80.100000,-218.200000,-0.039062,-0.117188,0.101562,2.547774,-0.311595,44.971667
113.935382,0.457029,-0.043071,10.121640,-19.900000,-79.700000,-217.000000,0.039062,0.351562,0.210938,2.585335,-0.243562,44.970825
114.267990,0.442672,-0.045464,10.131211,-19.200000,-78.800000,-217.900000,0.007812,-0.039062,0.132812,2.501860,-0.256867,44.972679
114.580549,0.440279,-0.066999,10.071390,-18.900000,-79.300000,-218.100000,-0.234375,0.171875,0.351562,2.503084,-0.380786,44.972652
114.877242,0.447458,-0.055035,10.114461,-20.200000,-79.400000,-218.100000,0.109375,-0.007812,0.554688,2.533043,-0.311451,44.971994
115.158666,0.454636,-0.059821,10.068998,-20.200000,-79.000000,-217.400000,-0.125000,0.148438,0.296875,2.585223,-0.340047,44.970827
115.472846,0.442672,-0.052642,10.102497,-19.800000,-80.000000,-216.500000,0.062500,0.039062,0.476562,2.508953,-0.298268,44.972524
115.758709,0.452243,-0.043071,10.126425,-19.300000,-80.100000,-217.800000,-0.171875,0.187500,0.265625,2.557092,-0.243452,44.971459
116.037629,0.440279,-0.066999,10.085747,-19.500000,-79.900000,-217.100000,0.148438,0.085938,0.210938,2.499526,-0.380245,44.972730
116.315110,0.471386,-0.059821,10.138389,-18.900000,-79.500000,-216.200000,-0.125000,0.125000,0.406250,2.662013,-0.337699,44.969068
116.595358,0.440279,-0.040678,10.131211,-20.300000,-79.400000,-217.400000,-0.109375,0.132812,0.187500,2.488358,-0.229831,44.972974
116.880014,0.457029,-0.062213,10.102497,-19.800000,-79.000000,-216.500000,-0.273438,0.078125,0.632812,2.590201,-0.352475,44.970715
117.152518,0.437887,-0.035892,10.088140,-20.500000,-79.300000,-217.100000,0.078125,0.062500,0.156250,2.485409,-0.203659,44.973038
117.453198,0.452243,-0.045464,10.090533,-20.500000,-80.200000,-218.400000,0.210938,0.156250,0.359375,2.566173,-0.257890,44.971256
117.753026,0.430708,-0.059821,10.116854,-19.600000,-79.800000,-219.000000,-0.250000,-0.031250,0.273438,2.437757,-0.338477,44.974062
118.031764,0.464208,-0.052642,10.097711,-18.800000,-79.900000,-218.900000,-0.218750,0.195312,0.296875,2.632088,-0.298381,44.969760
118.322260,0.449851,-0.071785,10.107283,-19.800000,-79.900000,-218.000000,-0.273438,0.210938,0.265625,2.548350,-0.406521,44.971653
118.625217,0.449851,-0.057428,10.126425,-20.400000,-79.600000,-216.100000,-0.234375,0.187500,0.109375,2.543562,-0.324605,44.971760
118.911254,0.473779,-0.038285,10.100104,-18.700000,-80.200000,-216.600000,0.015625,0.062500,0.132812,2.685661,-0.216944,44.968516
119.189706,0.440279,-0.038285,10.095319,-19.500000,-78.900000,-216.500000,0.015625,0.218750,0.320312,2.497196,-0.217079,44.972781
119.478529,0.437887,-0.062213,10.112068,-20.100000,-80.000000,-217.100000,0.101562,0.039062,0.328125,2.479504,-0.352172,44.973165
119.758483,0.461815,-0.033500,10.107283,-19.600000,-79.800000,-217.000000,-0.296875,0.031250,0.164062,2.616084,-0.189702,44.970127
120.037412,0.447458,-0.064606,10.090533,-19.600000,-80.600000,-218.700000,0.109375,0.015625,0.007812,2.539027,-0.366480,44.971861
120.342786,0.447458,-0.059821,10.121640,-18.700000,-80.000000,-217.400000,0.273438,0.320312,0.421875,2.531242,-0.338293,44.972033
120.654582,0.423530,-0.050249,10.135997,-19.700000,-79.900000,-215.300000,-0.109375,0.015625,0.335938,2.392666,-0.283794,44.975013
