2020,11,12,12,12,1, -50.0000000000
2020,11,12,12,12,1, -49.0323000000
2020,11,12,12,12,1, -48.0645000000
2020,11,12,12,12,1, -50.0000000000
2020,11,12,12,12,2, -48.3871000000
2020,11,12,12,12,2, -50.0000000000
2020,11,12,12,12,2, -49.3548000000
2020,11,12,12,12,2, -47.7419000000
2020,11,12,12,12,3, -50.0000000000
2020,11,12,12,12,3, -47.0968000000
2020,11,12,12,12,3, -50.0000000000
2020,11,12,12,12,3, -47.0968000000
2020,11,12,12,12,4, -50.0000000000
2020,11,12,12,12,4, -47.4194000000
2020,11,12,12,12,4, -50.0000000000
2020,11,12,12,12,5, -50.0000000000
2020,11,12,12,12,5, -48.0645000000
2020,11,12,12,12,5, -48.0645000000
2020,11,12,12,12,5, -48.3871000000
2020,11,12,12,12,6, -49.6774000000
2020,11,12,12,12,6, -50.0000000000
2020,11,12,12,12,6, -48.3871000000
2020,11,12,12,12,6, -50.0000000000
2020,11,12,12,12,7, -50.0000000000
2020,11,12,12,12,7, -48.7097000000
2020,11,12,12,12,7, -50.0000000000
2020,11,12,12,12,7, -48.0645000000
2020,11,12,12,12,8, -50.0000000000
2020,11,12,12,12,8, -49.6774000000
2020,11,12,12,12,8, -50.0000000000
2020,11,12,12,12,8, -48.0645000000
2020,11,12,12,12,9, -50.0000000000
2020,11,12,12,12,9, -49.6774000000
2020,11,12,12,12,9, -48.3871000000
2020,11,12,12,12,9, -50.0000000000
2020,11,12,12,12,10, -48.3871000000
2020,11,12,12,12,10, -50.0000000000
2020,11,12,12,12,10, -50.0000000000
2020,11,12,12,12,10, -47.7419000000
2020,11,12,12,12,11, -48.3871000000
2020,11,12,12,12,11, -50.0000000000
2020,11,12,12,12,11, -49.6774000000
2020,11,12,12,12,12, -50.0000000000
2020,11,12,12,12,12, -48.0645000000
2020,11,12,12,12,12, -50.0000000000
2020,11,12,12,12,12, -49.0323000000
2020,11,12,12,12,13, -49.3548000000
2020,11,12,12,12,13, -48.0645000000
2020,11,12,12,12,13, -50.0000000000
2020,11,12,12,12,13, -50.0000000000
2020,11,12,12,12,14, -48.7097000000
2020,11,12,12,12,14, -48.0645000000
2020,11,12,12,12,14, -50.0000000000
2020,11,12,12,12,14, -48.7097000000
2020,11,12,12,12,15, -48.7097000000
2020,11,12,12,12,15, -50.0000000000
2020,11,12,12,12,15, -48.7097000000
2020,11,12,12,12,15, -50.0000000000
2020,11,12,12,12,16, -49.6774000000
2020,11,12,12,12,16, -48.3871000000
2020,11,12,12,12,16, -50.0000000000
2020,11,12,12,12,16, -48.0645000000
2020,11,12,12,12,17, -49.6774000000
2020,11,12,12,12,17, -50.0000000000
2020,11,12,12,12,17, -48.3871000000
2020,11,12,12,12,18, -50.0000000000
2020,11,12,12,12,18, -50.0000000000
2020,11,12,12,12,18, -48.3871000000
2020,11,12,12,12,18, -50.0000000000
2020,11,12,12,12,19, -48.7097000000
2020,11,12,12,12,19, -50.0000000000
2020,11,12,12,12,19, -47.7419000000
2020,11,12,12,12,19, -50.0000000000
2020,11,12,12,12,20, -49.0323000000
2020,11,12,12,12,20, -49.0323000000
2020,11,12,12,12,20, -50.0000000000
2020,11,12,12,12,20, -48.0645000000
2020,11,12,12,12,21, -50.0000000000
2020,11,12,12,12,21, -48.7097000000
2020,11,12,12,12,21, -48.0645000000
2020,11,12,12,12,21, -50.0000000000
2020,11,12,12,12,22, -49.0323000000
2020,11,12,12,12,22, -48.3871000000
2020,11,12,12,12,22, -50.0000000000
2020,11,12,12,12,22, -50.0000000000
2020,11,12,12,12,23, -49.6774000000
2020,11,12,12,12,23, -47.7419000000
2020,11,12,12,12,23, -50.0000000000
2020,11,12,12,12,23, -49.0323000000
2020,11,12,12,12,24, -50.0000000000
2020,11,12,12,12,24, -50.0000000000
2020,11,12,12,12,24, -50.0000000000
2020,11,12,12,12,25, -50.0000000000
2020,11,12,12,12,25, -50.0000000000
2020,11,12,12,12,25, -47.4194000000
2020,11,12,12,12,25, -48.7097000000
2020,11,12,12,12,26, -49.6774000000
2020,11,12,12,12,26, -50.0000000000
2020,11,12,12,12,26, -47.0968000000
2020,11,12,12,12,26, -50.0000000000
2020,11,12,12,12,27, -37.0968000000
2020,11,12,12,12,27, -50.0000000000
2020,11,12,12,12,27, -50.0000000000
2020,11,12,12,12,27, -50.0000000000
2020,11,12,12,12,28, -50.0000000000
2020,11,12,12,12,28, -50.0000000000
2020,11,12,12,12,28, -50.0000000000
2020,11,12,12,12,28, -48.7097000000
2020,11,12,12,12,29, -50.0000000000
2020,11,12,12,12,29, -50.0000000000
2020,11,12,12,12,29, -50.0000000000
2020,11,12,12,12,30, -50.0000000000
2020,11,12,12,12,30, -47.4194000000
2020,11,12,12,12,30, -50.0000000000
2020,11,12,12,12,30, -50.0000000000
2020,11,12,12,12,31, -50.0000000000
2020,11,12,12,12,31, -49.6774000000
2020,11,12,12,12,31, -47.7419000000
2020,11,12,12,12,31, -47.7419000000
2020,11,12,12,12,32, -50.0000000000
2020,11,12,12,12,32, -49.3548000000
2020,11,12,12,12,32, -48.0645000000
2020,11,12,12,12,32, -50.0000000000
2020,11,12,12,12,33, -47.4194000000
2020,11,12,12,12,33, -50.0000000000
2020,11,12,12,12,33, -50.0000000000
2020,11,12,12,12,34, -47.0968000000
2020,11,12,12,12,34, -50.0000000000
2020,11,12,12,12,34, -50.0000000000
2020,11,12,12,12,34, -47.7419000000
2020,11,12,12,12,35, -50.0000000000
2020,11,12,12,12,35, -50.0000000000
2020,11,12,12,12,35, -47.0968000000
2020,11,12,12,12,35, -50.0000000000
2020,11,12,12,12,36, -50.0000000000
2020,11,12,12,12,36, -48.0645000000
2020,11,12,12,12,36, -50.0000000000
2020,11,12,12,12,36, -49.6774000000
2020,11,12,12,12,37, -49.0323000000
2020,11,12,12,12,37, -50.0000000000
2020,11,12,12,12,37, -47.7419000000
2020,11,12,12,12,37, -50.0000000000
2020,11,12,12,12,38, -46.7742000000
2020,11,12,12,12,38, -50.0000000000
2020,11,12,12,12,38, -48.3871000000
2020,11,12,12,12,38, -50.0000000000
2020,11,12,12,12,39, -48.3871000000
2020,11,12,12,12,39, -48.7097000000
2020,11,12,12,12,39, -50.0000000000
2020,11,12,12,12,39, -48.7097000000
2020,11,12,12,12,40, -50.0000000000
2020,11,12,12,12,40, -49.0323000000
2020,11,12,12,12,40, -49.3548000000
2020,11,12,12,12,41, -50.0000000000
2020,11,12,12,12,41, -50.0000000000
2020,11,12,12,12,41, -49.3548000000
2020,11,12,12,12,41, -50.0000000000
2020,11,12,12,12,42, -48.0645000000
2020,11,12,12,12,42, -49.3548000000
2020,11,12,12,12,42, -50.0000000000
2020,11,12,12,12,42, -49.3548000000
2020,11,12,12,12,43, -49.0323000000
2020,11,12,12,12,43, -48.7097000000
2020,11,12,12,12,43, -48.7097000000
2020,11,12,12,12,43, -50.0000000000
2020,11,12,12,12,44, -49.0323000000
2020,11,12,12,12,44, -50.0000000000
2020,11,12,12,12,44, -50.0000000000
2020,11,12,12,12,44, -50.0000000000
2020,11,12,12,12,45, -47.0968000000
2020,11,12,12,12,45, -49.3548000000
2020,11,12,12,12,45, -50.0000000000
2020,11,12,12,12,46, -48.0645000000
2020,11,12,12,12,46, -50.0000000000
2020,11,12,12,12,46, -50.0000000000
2020,11,12,12,12,46, -48.0645000000
2020,11,12,12,12,47, -50.0000000000
2020,11,12,12,12,47, -50.0000000000
2020,11,12,12,12,47, -48.0645000000
2020,11,12,12,12,47, -48.7097000000
2020,11,12,12,12,48, -48.3871000000
2020,11,12,12,12,48, -50.0000000000
2020,11,12,12,12,48, -50.0000000000
2020,11,12,12,12,48, -48.7097000000
2020,11,12,12,12,49, -50.0000000000
2020,11,12,12,12,49, -50.0000000000
2020,11,12,12,12,49, -48.0645000000
2020,11,12,12,12,49, -50.0000000000
2020,11,12,12,12,50, -47.7419000000
2020,11,12,12,12,50, -49.6774000000
2020,11,12,12,12,50, -49.3548000000
2020,11,12,12,12,50, -50.0000000000
2020,11,12,12,12,51, -48.0645000000
2020,11,12,12,12,51, -49.0323000000
2020,11,12,12,12,51, -50.0000000000
2020,11,12,12,12,51, -47.0968000000
2020,11,12,12,12,52, -50.0000000000
2020,11,12,12,12,52, -50.0000000000
2020,11,12,12,12,52, -50.0000000000
2020,11,12,12,12,53, -47.7419000000
2020,11,12,12,12,53, -50.0000000000
2020,11,12,12,12,53, -47.7419000000
2020,11,12,12,12,53, -49.6774000000
2020,11,12,12,12,54, -50.0000000000
2020,11,12,12,12,54, -48.7097000000
2020,11,12,12,12,54, -50.0000000000
2020,11,12,12,12,54, -48.3871000000
2020,11,12,12,12,55, -50.0000000000
2020,11,12,12,12,55, -50.0000000000
2020,11,12,12,12,55, -49.6774000000
2020,11,12,12,12,55, -49.6774000000
2020,11,12,12,12,56, -49.3548000000
2020,11,12,12,12,56, -49.6774000000
2020,11,12,12,12,56, -48.0645000000
2020,11,12,12,12,56, -50.0000000000
2020,11,12,12,12,57, -50.0000000000
2020,11,12,12,12,57, -47.7419000000
2020,11,12,12,12,57, -50.0000000000
2020,11,12,12,12,57, -49.3548000000
2020,11,12,12,12,58, -48.7097000000
2020,11,12,12,12,58, -50.0000000000
2020,11,12,12,12,58, -47.4194000000
2020,11,12,12,12,58, -50.0000000000
2020,11,12,12,12,59, -48.3871000000
2020,11,12,12,12,59, -49.6774000000
2020,11,12,12,12,59, -50.0000000000
2020,11,12,12,12,59, -47.0968000000
2020,11,12,12,13,0, -50.0000000000
2020,11,12,12,13,0, -48.3871000000
2020,11,12,12,13,0, -50.0000000000
2020,11,12,12,13,0, -50.0000000000
2020,11,12,12,13,1, -47.4194000000
2020,11,12,12,13,1, -48.7097000000
2020,11,12,12,13,1, -49.6774000000
2020,11,12,12,13,2, -50.0000000000
2020,11,12,12,13,2, -48.3871000000
2020,11,12,12,13,2, -50.0000000000
2020,11,12,12,13,2, -48.3871000000
2020,11,12,12,13,3, -50.0000000000
2020,11,12,12,13,3, -48.0645000000
2020,11,12,12,13,3, -49.3548000000
2020,11,12,12,13,3, -50.0000000000
2020,11,12,12,13,4, -47.4194000000
2020,11,12,12,13,4, -50.0000000000
2020,11,12,12,13,4, -50.0000000000
2020,11,12,12,13,4, -48.3871000000
2020,11,12,12,13,5, -49.0323000000
2020,11,12,12,13,5, -50.0000000000
2020,11,12,12,13,5, -47.7419000000
2020,11,12,12,13,5, -49.6774000000
2020,11,12,12,13,6, -49.0323000000
2020,11,12,12,13,6, -50.0000000000
2020,11,12,12,13,6, -49.0323000000
2020,11,12,12,13,6, -48.7097000000
2020,11,12,12,13,7, -49.3548000000
2020,11,12,12,13,7, -50.0000000000
2020,11,12,12,13,7, -48.0645000000
2020,11,12,12,13,7, -49.6774000000
2020,11,12,12,13,8, -50.0000000000
2020,11,12,12,13,8, -47.7419000000
2020,11,12,12,13,8, -50.0000000000
2020,11,12,12,13,8, -48.3871000000
2020,11,12,12,13,9, -47.4194000000
2020,11,12,12,13,9, -50.0000000000
2020,11,12,12,13,9, -50.0000000000
2020,11,12,12,13,10, -47.0968000000
2020,11,12,12,13,10, -50.0000000000
2020,11,12,12,13,10, -50.0000000000
2020,11,12,12,13,10, -47.7419000000
2020,11,12,12,13,11, -50.0000000000
2020,11,12,12,13,11, -48.0645000000
2020,11,12,12,13,11, -50.0000000000
2020,11,12,12,13,11, -47.0968000000
2020,11,12,12,13,12, -50.0000000000
2020,11,12,12,13,12, -47.7419000000
2020,11,12,12,13,12, -50.0000000000
2020,11,12,12,13,12, -50.0000000000
2020,11,12,12,13,13, -48.0645000000
2020,11,12,12,13,13, -50.0000000000
2020,11,12,12,13,13, -48.3871000000
2020,11,12,12,13,13, -50.0000000000
2020,11,12,12,13,14, -49.0323000000
2020,11,12,12,13,14, -49.6774000000
2020,11,12,12,13,14, -50.0000000000
2020,11,12,12,13,14, -48.3871000000
2020,11,12,12,13,15, -50.0000000000
2020,11,12,12,13,15, -47.4194000000
2020,11,12,12,13,15, -50.0000000000
2020,11,12,12,13,15, -49.3548000000
2020,11,12,12,13,16, -48.7097000000
2020,11,12,12,13,16, -50.0000000000
2020,11,12,12,13,16, -47.0968000000
2020,11,12,12,13,17, -49.3548000000
2020,11,12,12,13,17, -50.0000000000
2020,11,12,12,13,17, -47.0968000000
2020,11,12,12,13,17, -50.0000000000
2020,11,12,12,13,18, -48.7097000000
2020,11,12,12,13,18, -49.3548000000
2020,11,12,12,13,18, -48.3871000000
2020,11,12,12,13,18, -49.0323000000
2020,11,12,12,13,19, -50.0000000000
2020,11,12,12,13,19, -47.4194000000
2020,11,12,12,13,19, -49.3548000000
2020,11,12,12,13,19, -50.0000000000
2020,11,12,12,13,20, -47.0968000000
2020,11,12,12,13,20, -50.0000000000
2020,11,12,12,13,20, -47.7419000000
2020,11,12,12,13,20, -48.0645000000
2020,11,12,12,13,21, -50.0000000000
2020,11,12,12,13,21, -49.0323000000
2020,11,12,12,13,21, -48.3871000000
2020,11,12,12,13,21, -50.0000000000
2020,11,12,12,13,22, -48.0645000000
2020,11,12,12,13,22, -49.0323000000
2020,11,12,12,13,22, -50.0000000000
2020,11,12,12,13,22, -47.4194000000
2020,11,12,12,13,23, -50.0000000000
2020,11,12,12,13,23, -50.0000000000
2020,11,12,12,13,23, -48.3871000000
2020,11,12,12,13,23, -50.0000000000
2020,11,12,12,13,24, -50.0000000000
2020,11,12,12,13,24, -49.6774000000
2020,11,12,12,13,24, -50.0000000000
2020,11,12,12,13,24, -48.3871000000
2020,11,12,12,13,25, -50.0000000000
2020,11,12,12,13,25, -50.0000000000
2020,11,12,12,13,25, -47.7419000000
2020,11,12,12,13,26, -50.0000000000
2020,11,12,12,13,26, -48.3871000000
2020,11,12,12,13,26, -50.0000000000
2020,11,12,12,13,26, -50.0000000000
2020,11,12,12,13,27, -50.0000000000
2020,11,12,12,13,27, -48.7097000000
2020,11,12,12,13,27, -50.0000000000
2020,11,12,12,13,27, -48.0645000000
2020,11,12,12,13,28, -50.0000000000
2020,11,12,12,13,28, -48.7097000000
2020,11,12,12,13,28, -49.6774000000
2020,11,12,12,13,28, -50.0000000000
2020,11,12,12,13,29, -48.0645000000
2020,11,12,12,13,29, -49.3548000000
2020,11,12,12,13,29, -48.7097000000
2020,11,12,12,13,29, -50.0000000000
2020,11,12,12,13,30, -50.0000000000
2020,11,12,12,13,30, -50.0000000000
2020,11,12,12,13,30, -48.3871000000
2020,11,12,12,13,31, -50.0000000000
2020,11,12,12,13,31, -49.3548000000
2020,11,12,12,13,31, -50.0000000000
2020,11,12,12,13,31, -46.7742000000
2020,11,12,12,13,32, -50.0000000000
2020,11,12,12,13,32, -49.6774000000
2020,11,12,12,13,32, -47.7419000000
2020,11,12,12,13,32, -50.0000000000
2020,11,12,12,13,33, -47.7419000000
2020,11,12,12,13,33, -49.0323000000
2020,11,12,12,13,33, -50.0000000000
2020,11,12,12,13,33, -47.0968000000
2020,11,12,12,13,34, -50.0000000000
2020,11,12,12,13,34, -49.0323000000
2020,11,12,12,13,34, -48.7097000000
2020,11,12,12,13,34, -50.0000000000
2020,11,12,12,13,35, -49.6774000000
2020,11,12,12,13,35, -47.7419000000
2020,11,12,12,13,35, -49.6774000000
2020,11,12,12,13,35, -50.0000000000
2020,11,12,12,13,36, -47.4194000000
2020,11,12,12,13,36, -50.0000000000
2020,11,12,12,13,36, -48.3871000000
2020,11,12,12,13,36, -49.3548000000
2020,11,12,12,13,37, -48.3871000000
2020,11,12,12,13,37, -50.0000000000
2020,11,12,12,13,37, -49.0323000000
2020,11,12,12,13,37, -49.3548000000
2020,11,12,12,13,38, -50.0000000000
2020,11,12,12,13,38, -47.0968000000
2020,11,12,12,13,38, -50.0000000000
2020,11,12,12,13,38, -50.0000000000
2020,11,12,12,13,39, -50.0000000000
2020,11,12,12,13,39, -50.0000000000
2020,11,12,12,13,39, -50.0000000000
2020,11,12,12,13,40, -48.3871000000
2020,11,12,12,13,40, -50.0000000000
2020,11,12,12,13,40, -49.0323000000
2020,11,12,12,13,40, -49.3548000000
2020,11,12,12,13,41, -50.0000000000
2020,11,12,12,13,41, -47.7419000000
2020,11,12,12,13,41, -50.0000000000
2020,11,12,12,13,41, -47.4194000000
2020,11,12,12,13,42, -48.7097000000
2020,11,12,12,13,42, -50.0000000000
2020,11,12,12,13,42, -50.0000000000
2020,11,12,12,13,42, -48.3871000000
2020,11,12,12,13,43, -50.0000000000
2020,11,12,12,13,43, -48.7097000000
2020,11,12,12,13,43, -49.6774000000
2020,11,12,12,13,43, -47.4194000000
2020,11,12,12,13,44, -50.0000000000
2020,11,12,12,13,44, -48.3871000000
2020,11,12,12,13,44, -49.3548000000
2020,11,12,12,13,44, -49.3548000000
2020,11,12,12,13,45, -48.3871000000
2020,11,12,12,13,45, -50.0000000000
2020,11,12,12,13,45, -50.0000000000
2020,11,12,12,13,46, -48.3871000000
2020,11,12,12,13,46, -47.7419000000
2020,11,12,12,13,46, -50.0000000000
2020,11,12,12,13,46, -49.3548000000
2020,11,12,12,13,47, -48.7097000000
2020,11,12,12,13,47, -50.0000000000
2020,11,12,12,13,47, -49.0323000000
2020,11,12,12,13,47, -49.0323000000
2020,11,12,12,13,48, -50.0000000000
2020,11,12,12,13,48, -48.3871000000
2020,11,12,12,13,48, -50.0000000000
2020,11,12,12,13,48, -48.3871000000
2020,11,12,12,13,49, -50.0000000000
2020,11,12,12,13,49, -50.0000000000
2020,11,12,12,13,49, -46.7742000000
2020,11,12,12,13,49, -50.0000000000
2020,11,12,12,13,50, -50.0000000000
2020,11,12,12,13,50, -47.7419000000
2020,11,12,12,13,50, -50.0000000000
2020,11,12,12,13,50, -48.3871000000
2020,11,12,12,13,51, -50.0000000000
2020,11,12,12,13,51, -48.7097000000
2020,11,12,12,13,51, -47.4194000000
2020,11,12,12,13,51, -50.0000000000
2020,11,12,12,13,52, -48.3871000000
2020,11,12,12,13,52, -50.0000000000
2020,11,12,12,13,52, -49.0323000000
2020,11,12,12,13,53, -48.7097000000
2020,11,12,12,13,53, -50.0000000000
2020,11,12,12,13,53, -47.7419000000
2020,11,12,12,13,53, -50.0000000000
2020,11,12,12,13,54, -50.0000000000
2020,11,12,12,13,54, -48.0645000000
2020,11,12,12,13,54, -50.0000000000
2020,11,12,12,13,54, -49.0323000000
2020,11,12,12,13,55, -48.3871000000
2020,11,12,12,13,55, -49.0323000000
2020,11,12,12,13,55, -50.0000000000
2020,11,12,12,13,55, -50.0000000000
2020,11,12,12,13,56, -48.3871000000
2020,11,12,12,13,56, -49.3548000000
2020,11,12,12,13,56, -50.0000000000
2020,11,12,12,13,56, -49.3548000000
2020,11,12,12,13,57, -50.0000000000
2020,11,12,12,13,57, -50.0000000000
2020,11,12,12,13,57, -50.0000000000
2020,11,12,12,13,57,  -8.7097000000
2020,11,12,12,13,58, -50.0000000000
2020,11,12,12,13,58, -50.0000000000
2020,11,12,12,13,58, -50.0000000000
2020,11,12,12,13,59, -50.0000000000
2020,11,12,12,13,59, -50.0000000000
2020,11,12,12,13,59, -50.0000000000
2020,11,12,12,13,59, -50.0000000000
2020,11,12,12,14,0, -50.0000000000
2020,11,12,12,14,0, -50.0000000000
2020,11,12,12,14,0, -50.0000000000
2020,11,12,12,14,0, -47.7419000000
2020,11,12,12,14,1, -49.6774000000
2020,11,12,12,14,1, -50.0000000000
2020,11,12,12,14,1, -47.4194000000
2020,11,12,12,14,1, -50.0000000000
2020,11,12,12,14,2, -49.6774000000
2020,11,12,12,14,2, -48.0645000000
2020,11,12,12,14,2, -50.0000000000
2020,11,12,12,14,2, -48.7097000000
2020,11,12,12,14,3, -50.0000000000
2020,11,12,12,14,3, -50.0000000000
2020,11,12,12,14,3, -47.7419000000
2020,11,12,12,14,4, -50.0000000000
2020,11,12,12,14,4, -48.3871000000
2020,11,12,12,14,4, -49.6774000000
2020,11,12,12,14,4, -50.0000000000
2020,11,12,12,14,5, -48.3871000000
2020,11,12,12,14,5, -50.0000000000
2020,11,12,12,14,5, -49.3548000000
2020,11,12,12,14,5, -49.3548000000
2020,11,12,12,14,6, -50.0000000000
2020,11,12,12,14,6, -47.4194000000
2020,11,12,12,14,6, -50.0000000000
2020,11,12,12,14,6, -46.7742000000
2020,11,12,12,14,7, -50.0000000000
2020,11,12,12,14,7, -48.3871000000
2020,11,12,12,14,7, -50.0000000000
2020,11,12,12,14,7, -47.4194000000
2020,11,12,12,14,8, -50.0000000000
2020,11,12,12,14,8, -50.0000000000
2020,11,12,12,14,8, -50.0000000000
2020,11,12,12,14,8, -47.7419000000
2020,11,12,12,14,9, -49.3548000000
2020,11,12,12,14,9, -48.7097000000
2020,11,12,12,14,9, -50.0000000000
2020,11,12,12,14,9, -49.6774000000
2020,11,12,12,14,10, -49.6774000000
2020,11,12,12,14,10, -48.3871000000
2020,11,12,12,14,10, -50.0000000000
2020,11,12,12,14,10, -49.3548000000
2020,11,12,12,14,11, -50.0000000000
2020,11,12,12,14,11, -48.3871000000
2020,11,12,12,14,11, -50.0000000000
2020,11,12,12,14,12, -49.6774000000
2020,11,12,12,14,12, -50.0000000000
2020,11,12,12,14,12, -50.0000000000
2020,11,12,12,14,12, -46.7742000000
2020,11,12,12,14,13, -50.0000000000
2020,11,12,12,14,13, -50.0000000000
2020,11,12,12,14,13, -47.7419000000
2020,11,12,12,14,13, -50.0000000000
2020,11,12,12,14,14, -48.3871000000
2020,11,12,12,14,14, -50.0000000000
2020,11,12,12,14,14, -48.3871000000
2020,11,12,12,14,14, -49.6774000000
2020,11,12,12,14,15, -49.3548000000
2020,11,12,12,14,15, -50.0000000000
2020,11,12,12,14,15, -49.3548000000
2020,11,12,12,14,15, -48.3871000000
2020,11,12,12,14,16, -50.0000000000
2020,11,12,12,14,16, -47.0968000000
2020,11,12,12,14,16, -50.0000000000
2020,11,12,12,14,16, -48.0645000000
2020,11,12,12,14,17, -48.3871000000
2020,11,12,12,14,17, -50.0000000000
2020,11,12,12,14,17, -48.7097000000
2020,11,12,12,14,17, -48.3871000000
2020,11,12,12,14,18, -50.0000000000
2020,11,12,12,14,18, -47.4194000000
2020,11,12,12,14,18, -50.0000000000
2020,11,12,12,14,18, -49.6774000000
2020,11,12,12,14,19, -50.0000000000
2020,11,12,12,14,19, -48.0645000000
2020,11,12,12,14,19, -49.0323000000
2020,11,12,12,14,20, -50.0000000000
2020,11,12,12,14,20, -49.3548000000
2020,11,12,12,14,20, -47.7419000000
2020,11,12,12,14,20, -50.0000000000
2020,11,12,12,14,21, -50.0000000000
2020,11,12,12,14,21, -50.0000000000
2020,11,12,12,14,21, -48.0645000000
2020,11,12,12,14,21, -49.0323000000
2020,11,12,12,14,22, -50.0000000000
2020,11,12,12,14,22, -47.0968000000
2020,11,12,12,14,22, -48.7097000000
2020,11,12,12,14,22, -50.0000000000
2020,11,12,12,14,23, -49.0323000000
2020,11,12,12,14,23, -49.3548000000
2020,11,12,12,14,23, -50.0000000000
2020,11,12,12,14,23, -48.3871000000
2020,11,12,12,14,24, -50.0000000000
2020,11,12,12,14,24, -49.0323000000
2020,11,12,12,14,24, -48.0645000000
2020,11,12,12,14,25, -50.0000000000
2020,11,12,12,14,25, -49.6774000000
2020,11,12,12,14,25, -47.0968000000
2020,11,12,12,14,25, -50.0000000000
2020,11,12,12,14,26, -49.3548000000
2020,11,12,12,14,26, -48.7097000000
2020,11,12,12,14,26, -50.0000000000
2020,11,12,12,14,26, -47.0968000000
2020,11,12,12,14,27, -50.0000000000
2020,11,12,12,14,27, -48.0645000000
2020,11,12,12,14,27, -50.0000000000
2020,11,12,12,14,27, -48.3871000000
2020,11,12,12,14,28, -50.0000000000
2020,11,12,12,14,28, -48.7097000000
2020,11,12,12,14,28, -49.6774000000
2020,11,12,12,14,28, -50.0000000000
2020,11,12,12,14,29, -48.0645000000
2020,11,12,12,14,29, -50.0000000000
2020,11,12,12,14,29, -48.0645000000
2020,11,12,12,14,29, -47.4194000000
2020,11,12,12,14,30, -49.6774000000
2020,11,12,12,14,30, -50.0000000000
2020,11,12,12,14,30, -47.0968000000
2020,11,12,12,14,30, -49.0323000000
2020,11,12,12,14,31, -49.3548000000
2020,11,12,12,14,31, -50.0000000000
2020,11,12,12,14,31, -48.7097000000
2020,11,12,12,14,31, -49.0323000000
2020,11,12,12,14,32, -50.0000000000
2020,11,12,12,14,32, -48.0645000000
2020,11,12,12,14,32, -50.0000000000
2020,11,12,12,14,33, -48.3871000000
2020,11,12,12,14,33, -50.0000000000
2020,11,12,12,14,33, -50.0000000000
2020,11,12,12,14,33, -48.0645000000
2020,11,12,12,14,34, -50.0000000000
2020,11,12,12,14,34, -48.7097000000
2020,11,12,12,14,34, -49.3548000000
2020,11,12,12,14,34, -50.0000000000
2020,11,12,12,14,35, -48.3871000000
2020,11,12,12,14,35, -50.0000000000
2020,11,12,12,14,35, -47.0968000000
2020,11,12,12,14,35, -50.0000000000
2020,11,12,12,14,36, -49.3548000000
2020,11,12,12,14,36, -49.3548000000
2020,11,12,12,14,36, -50.0000000000
2020,11,12,12,14,36, -48.0645000000
2020,11,12,12,14,37, -50.0000000000
2020,11,12,12,14,37, -50.0000000000
2020,11,12,12,14,37, -48.3871000000
2020,11,12,12,14,37, -50.0000000000
2020,11,12,12,14,38, -47.7419000000
2020,11,12,12,14,38, -50.0000000000
2020,11,12,12,14,38, -50.0000000000
2020,11,12,12,14,38, -47.7419000000
2020,11,12,12,14,39, -50.0000000000
2020,11,12,12,14,39, -46.7742000000
2020,11,12,12,14,39, -50.0000000000
2020,11,12,12,14,39, -47.7419000000
2020,11,12,12,14,40, -50.0000000000
2020,11,12,12,14,40, -47.0968000000
2020,11,12,12,14,40, -50.0000000000
2020,11,12,12,14,40, -48.0645000000
2020,11,12,12,14,41, -50.0000000000
2020,11,12,12,14,41, -48.3871000000
2020,11,12,12,14,41, -50.0000000000
2020,11,12,12,14,42, -49.0323000000
2020,11,12,12,14,42, -49.0323000000
2020,11,12,12,14,42, -50.0000000000
2020,11,12,12,14,42, -48.7097000000
2020,11,12,12,14,43, -50.0000000000
2020,11,12,12,14,43, -47.0968000000
2020,11,12,12,14,43, -49.3548000000
2020,11,12,12,14,43, -50.0000000000
2020,11,12,12,14,44, -47.7419000000
2020,11,12,12,14,44, -50.0000000000
2020,11,12,12,14,44, -48.0645000000
2020,11,12,12,14,44, -50.0000000000
2020,11,12,12,14,45, -48.3871000000
2020,11,12,12,14,45, -50.0000000000
2020,11,12,12,14,45, -48.3871000000
2020,11,12,12,14,45, -50.0000000000
2020,11,12,12,14,46, -49.0323000000
2020,11,12,12,14,46, -50.0000000000
2020,11,12,12,14,46, -47.4194000000
2020,11,12,12,14,46, -50.0000000000
2020,11,12,12,14,47, -48.0645000000
2020,11,12,12,14,47, -49.6774000000
2020,11,12,12,14,47, -50.0000000000
2020,11,12,12,14,47, -47.4194000000
2020,11,12,12,14,48, -50.0000000000
2020,11,12,12,14,48, -50.0000000000
2020,11,12,12,14,48, -48.0645000000
2020,11,12,12,14,49, -50.0000000000
2020,11,12,12,14,49, -47.0968000000
2020,11,12,12,14,49, -50.0000000000
2020,11,12,12,14,49, -48.7097000000
2020,11,12,12,14,50, -48.3871000000
2020,11,12,12,14,50, -50.0000000000
2020,11,12,12,14,50, -47.4194000000
2020,11,12,12,14,50, -50.0000000000
2020,11,12,12,14,51, -49.0323000000
2020,11,12,12,14,51, -47.7419000000
2020,11,12,12,14,51, -50.0000000000
2020,11,12,12,14,51, -50.0000000000
2020,11,12,12,14,52, -48.3871000000
2020,11,12,12,14,52, -50.0000000000
2020,11,12,12,14,52, -47.0968000000
2020,11,12,12,14,52, -47.4194000000
2020,11,12,12,14,53, -50.0000000000
2020,11,12,12,14,53, -48.0645000000
2020,11,12,12,14,53, -50.0000000000
2020,11,12,12,14,53, -49.6774000000
2020,11,12,12,14,54, -48.0645000000
2020,11,12,12,14,54, -50.0000000000
2020,11,12,12,14,54, -46.4516000000
2020,11,12,12,14,54, -50.0000000000
2020,11,12,12,14,55, -48.3871000000
2020,11,12,12,14,55, -47.7419000000
2020,11,12,12,14,55, -49.3548000000
2020,11,12,12,14,55, -49.0323000000
2020,11,12,12,14,56, -50.0000000000
2020,11,12,12,14,56, -48.0645000000
2020,11,12,12,14,56, -50.0000000000
2020,11,12,12,14,56, -48.0645000000
2020,11,12,12,14,57, -50.0000000000
2020,11,12,12,14,57, -48.0645000000
2020,11,12,12,14,57, -50.0000000000
2020,11,12,12,14,58, -48.3871000000
2020,11,12,12,14,58, -50.0000000000
2020,11,12,12,14,58, -47.4194000000
2020,11,12,12,14,58, -50.0000000000
2020,11,12,12,14,59, -49.3548000000
2020,11,12,12,14,59, -48.0645000000
2020,11,12,12,14,59, -49.6774000000
2020,11,12,12,14,59, -50.0000000000
2020,11,12,12,15,0, -47.0968000000
2020,11,12,12,15,0, -48.7097000000
2020,11,12,12,15,0, -50.0000000000
2020,11,12,12,15,0, -47.4194000000
2020,11,12,12,15,1, -50.0000000000
2020,11,12,12,15,1, -50.0000000000
2020,11,12,12,15,1, -47.4194000000
2020,11,12,12,15,1, -50.0000000000
2020,11,12,12,15,2, -49.0323000000
2020,11,12,12,15,2, -48.3871000000
2020,11,12,12,15,2, -50.0000000000
2020,11,12,12,15,2, -48.7097000000
2020,11,12,12,15,3, -50.0000000000
2020,11,12,12,15,3, -47.7419000000
2020,11,12,12,15,3, -50.0000000000
2020,11,12,12,15,3, -49.0323000000
2020,11,12,12,15,4, -50.0000000000
2020,11,12,12,15,4, -48.0645000000
2020,11,12,12,15,4, -50.0000000000
2020,11,12,12,15,5, -48.3871000000
2020,11,12,12,15,5, -49.6774000000
2020,11,12,12,15,5, -50.0000000000
2020,11,12,12,15,5, -47.4194000000
2020,11,12,12,15,6, -50.0000000000
2020,11,12,12,15,6, -48.3871000000
2020,11,12,12,15,6, -48.3871000000
2020,11,12,12,15,6, -50.0000000000
2020,11,12,12,15,7, -47.0968000000
2020,11,12,12,15,7, -50.0000000000
2020,11,12,12,15,7, -47.7419000000
2020,11,12,12,15,7, -48.7097000000
2020,11,12,12,15,8, -50.0000000000
2020,11,12,12,15,8, -46.7742000000
2020,11,12,12,15,8, -50.0000000000
2020,11,12,12,15,8, -50.0000000000
2020,11,12,12,15,9, -50.0000000000
2020,11,12,12,15,9, -50.0000000000
2020,11,12,12,15,9, -50.0000000000
2020,11,12,12,15,9, -49.3548000000
2020,11,12,12,15,10, -48.3871000000
2020,11,12,12,15,10, -50.0000000000
2020,11,12,12,15,10, -48.0645000000
2020,11,12,12,15,10, -50.0000000000
2020,11,12,12,15,11, -48.7097000000
2020,11,12,12,15,11, -50.0000000000
2020,11,12,12,15,11, -47.4194000000
2020,11,12,12,15,12, -50.0000000000
2020,11,12,12,15,12, -47.7419000000
2020,11,12,12,15,12, -50.0000000000
2020,11,12,12,15,12, -49.3548000000
2020,11,12,12,15,13, -49.0323000000
2020,11,12,12,15,13, -50.0000000000
2020,11,12,12,15,13, -47.7419000000
2020,11,12,12,15,13, -50.0000000000
2020,11,12,12,15,14, -49.3548000000
2020,11,12,12,15,14, -50.0000000000
2020,11,12,12,15,14, -47.4194000000
2020,11,12,12,15,14, -50.0000000000
2020,11,12,12,15,15, -48.0645000000
2020,11,12,12,15,15, -50.0000000000
2020,11,12,12,15,15, -50.0000000000
2020,11,12,12,15,15, -47.0968000000
2020,11,12,12,15,16, -50.0000000000
2020,11,12,12,15,16, -48.3871000000
2020,11,12,12,15,16, -50.0000000000
2020,11,12,12,15,16, -49.6774000000
2020,11,12,12,15,17, -48.7097000000
2020,11,12,12,15,17, -50.0000000000
2020,11,12,12,15,17, -48.3871000000
2020,11,12,12,15,17, -50.0000000000
2020,11,12,12,15,18, -49.6774000000
2020,11,12,12,15,18, -48.0645000000
2020,11,12,12,15,18, -50.0000000000
2020,11,12,12,15,18, -50.0000000000
2020,11,12,12,15,19, -48.0645000000
2020,11,12,12,15,19, -50.0000000000
2020,11,12,12,15,19, -48.7097000000
2020,11,12,12,15,20, -49.3548000000
2020,11,12,12,15,20, -48.0645000000
2020,11,12,12,15,20, -50.0000000000
2020,11,12,12,15,20, -48.3871000000
2020,11,12,12,15,21, -50.0000000000
2020,11,12,12,15,21, -50.0000000000
2020,11,12,12,15,21, -48.3871000000
2020,11,12,12,15,21, -50.0000000000
2020,11,12,12,15,22, -48.3871000000
2020,11,12,12,15,22, -50.0000000000
2020,11,12,12,15,22, -48.3871000000
2020,11,12,12,15,22, -50.0000000000
2020,11,12,12,15,23, -49.3548000000
2020,11,12,12,15,23, -49.6774000000
2020,11,12,12,15,23, -50.0000000000
2020,11,12,12,15,23, -49.3548000000
2020,11,12,12,15,24, -50.0000000000
2020,11,12,12,15,24, -47.4194000000
2020,11,12,12,15,24, -50.0000000000
2020,11,12,12,15,24, -50.0000000000
2020,11,12,12,15,25, -47.7419000000
2020,11,12,12,15,25, -50.0000000000
2020,11,12,12,15,25, -50.0000000000
2020,11,12,12,15,25, -48.0645000000
2020,11,12,12,15,26, -50.0000000000
2020,11,12,12,15,26, -48.0645000000
2020,11,12,12,15,26, -49.0323000000
2020,11,12,12,15,27, -50.0000000000
2020,11,12,12,15,27, -50.0000000000
2020,11,12,12,15,27, -47.7419000000
2020,11,12,12,15,27, -50.0000000000
2020,11,12,12,15,28, -49.0323000000
2020,11,12,12,15,28, -48.7097000000
2020,11,12,12,15,28, -50.0000000000
2020,11,12,12,15,28, -48.0645000000
2020,11,12,12,15,29, -50.0000000000
2020,11,12,12,15,29, -50.0000000000
2020,11,12,12,15,29, -48.0645000000
2020,11,12,12,15,29, -50.0000000000
2020,11,12,12,15,30, -47.4194000000
2020,11,12,12,15,30, -50.0000000000
2020,11,12,12,15,30, -47.7419000000
2020,11,12,12,15,30, -50.0000000000
2020,11,12,12,15,31, -50.0000000000
2020,11,12,12,15,31, -49.6774000000
2020,11,12,12,15,31, -48.0645000000
2020,11,12,12,15,31, -50.0000000000
2020,11,12,12,15,32, -49.6774000000
2020,11,12,12,15,32, -48.7097000000
2020,11,12,12,15,32, -50.0000000000
2020,11,12,12,15,32, -48.3871000000
2020,11,12,12,15,33, -49.6774000000
2020,11,12,12,15,33, -50.0000000000
2020,11,12,12,15,33, -48.0645000000
2020,11,12,12,15,33, -50.0000000000
2020,11,12,12,15,34, -47.7419000000
2020,11,12,12,15,34, -48.3871000000
2020,11,12,12,15,34, -49.0323000000
2020,11,12,12,15,34, -50.0000000000
2020,11,12,12,15,35, -48.0645000000
2020,11,12,12,15,35, -50.0000000000
2020,11,12,12,15,35, -47.4194000000
2020,11,12,12,15,36, -50.0000000000
2020,11,12,12,15,36, -48.7097000000
2020,11,12,12,15,36, -50.0000000000
2020,11,12,12,15,36, -49.6774000000
2020,11,12,12,15,37, -50.0000000000
2020,11,12,12,15,37, -48.3871000000
2020,11,12,12,15,37, -49.6774000000
2020,11,12,12,15,37, -50.0000000000
2020,11,12,12,15,38, -47.4194000000
2020,11,12,12,15,38, -50.0000000000
2020,11,12,12,15,38, -50.0000000000
2020,11,12,12,15,38, -48.7097000000
2020,11,12,12,15,39, -50.0000000000
2020,11,12,12,15,39, -47.7419000000
2020,11,12,12,15,39, -50.0000000000
2020,11,12,12,15,39, -48.7097000000
2020,11,12,12,15,40, -49.6774000000
2020,11,12,12,15,40, -50.0000000000
2020,11,12,12,15,40, -48.3871000000
2020,11,12,12,15,40, -49.6774000000
2020,11,12,12,15,41, -49.0323000000
2020,11,12,12,15,41, -49.6774000000
2020,11,12,12,15,41, -49.0323000000
2020,11,12,12,15,41, -50.0000000000
2020,11,12,12,15,42, -47.7419000000
2020,11,12,12,15,42, -50.0000000000
2020,11,12,12,15,42, -48.0645000000
2020,11,12,12,15,42, -49.0323000000
2020,11,12,12,15,43, -47.7419000000
2020,11,12,12,15,43, -50.0000000000
2020,11,12,12,15,43, -49.0323000000
2020,11,12,12,15,44, -48.0645000000
2020,11,12,12,15,44, -50.0000000000
2020,11,12,12,15,44, -50.0000000000
2020,11,12,12,15,44, -49.0323000000
2020,11,12,12,15,45, -49.0323000000
2020,11,12,12,15,45, -50.0000000000
2020,11,12,12,15,45, -48.3871000000
2020,11,12,12,15,45, -50.0000000000
2020,11,12,12,15,46, -49.0323000000
2020,11,12,12,15,46, -49.3548000000
2020,11,12,12,15,46, -49.3548000000
2020,11,12,12,15,46, -50.0000000000
2020,11,12,12,15,47, -50.0000000000
2020,11,12,12,15,47, -47.7419000000
2020,11,12,12,15,47, -50.0000000000
2020,11,12,12,15,47, -47.7419000000
2020,11,12,12,15,48, -50.0000000000
2020,11,12,12,15,48, -47.4194000000
2020,11,12,12,15,48, -50.0000000000
2020,11,12,12,15,48, -48.3871000000
2020,11,12,12,15,49, -47.7419000000
2020,11,12,12,15,49, -50.0000000000
2020,11,12,12,15,49, -49.6774000000
2020,11,12,12,15,49, -50.0000000000
2020,11,12,12,15,50, -50.0000000000
2020,11,12,12,15,50, -47.4194000000
2020,11,12,12,15,50, -50.0000000000
2020,11,12,12,15,50, -49.3548000000
2020,11,12,12,15,51, -50.0000000000
2020,11,12,12,15,51, -47.7419000000
2020,11,12,12,15,51, -49.3548000000
2020,11,12,12,15,52, -49.0323000000
2020,11,12,12,15,52, -50.0000000000
2020,11,12,12,15,52, -47.7419000000
2020,11,12,12,15,52, -50.0000000000
2020,11,12,12,15,53, -48.0645000000
2020,11,12,12,15,53, -50.0000000000
2020,11,12,12,15,53, -50.0000000000
2020,11,12,12,15,53, -47.4194000000
2020,11,12,12,15,54, -50.0000000000
2020,11,12,12,15,54, -48.3871000000
2020,11,12,12,15,54, -49.3548000000
2020,11,12,12,15,54, -50.0000000000
2020,11,12,12,15,55, -48.3871000000
2020,11,12,12,15,55, -50.0000000000
2020,11,12,12,15,55, -50.0000000000
2020,11,12,12,15,55, -49.3548000000
2020,11,12,12,15,56, -50.0000000000
2020,11,12,12,15,56, -47.0968000000
2020,11,12,12,15,56, -50.0000000000
2020,11,12,12,15,56, -47.7419000000
2020,11,12,12,15,57, -50.0000000000
2020,11,12,12,15,57, -50.0000000000
2020,11,12,12,15,57, -48.0645000000
2020,11,12,12,15,57, -50.0000000000
2020,11,12,12,15,58, -48.3871000000
2020,11,12,12,15,58, -50.0000000000
2020,11,12,12,15,58, -49.6774000000
2020,11,12,12,15,58, -47.7419000000
2020,11,12,12,15,59, -50.0000000000
2020,11,12,12,15,59, -48.7097000000
2020,11,12,12,15,59, -48.0645000000
2020,11,12,12,15,59, -50.0000000000
2020,11,12,12,16,0, -50.0000000000
2020,11,12,12,16,0, -50.0000000000
2020,11,12,12,16,0, -48.7097000000
2020,11,12,12,16,1, -50.0000000000
2020,11,12,12,16,1, -46.4516000000
2020,11,12,12,16,1, -50.0000000000
2020,11,12,12,16,1, -50.0000000000
2020,11,12,12,16,2, -47.0968000000
2020,11,12,12,16,2, -50.0000000000
2020,11,12,12,16,2, -49.0323000000
2020,11,12,12,16,2, -48.0645000000
2020,11,12,12,16,3, -50.0000000000
2020,11,12,12,16,3, -49.6774000000
2020,11,12,12,16,3, -50.0000000000
2020,11,12,12,16,3, -47.7419000000
2020,11,12,12,16,4, -50.0000000000
2020,11,12,12,16,4, -48.7097000000
2020,11,12,12,16,4, -49.3548000000
2020,11,12,12,16,4, -49.6774000000
2020,11,12,12,16,5, -50.0000000000
2020,11,12,12,16,5, -48.7097000000
2020,11,12,12,16,5, -50.0000000000
2020,11,12,12,16,5, -49.0323000000
2020,11,12,12,16,6, -50.0000000000
2020,11,12,12,16,6, -48.0645000000
2020,11,12,12,16,6, -50.0000000000
2020,11,12,12,16,7, -47.7419000000
2020,11,12,12,16,7, -50.0000000000
2020,11,12,12,16,7, -50.0000000000
2020,11,12,12,16,7, -47.0968000000
2020,11,12,12,16,8, -50.0000000000
2020,11,12,12,16,8, -47.4194000000
2020,11,12,12,16,8, -50.0000000000
2020,11,12,12,16,8, -47.4194000000
2020,11,12,12,16,9, -50.0000000000
2020,11,12,12,16,9, -50.0000000000
2020,11,12,12,16,9, -48.3871000000
2020,11,12,12,16,9, -50.0000000000
2020,11,12,12,16,10, -48.7097000000
2020,11,12,12,16,10, -49.0323000000
2020,11,12,12,16,10, -50.0000000000
2020,11,12,12,16,10, -47.7419000000
2020,11,12,12,16,11, -49.0323000000
2020,11,12,12,16,11, -49.6774000000
2020,11,12,12,16,11, -50.0000000000
2020,11,12,12,16,11, -48.3871000000
2020,11,12,12,16,12, -50.0000000000
2020,11,12,12,16,12, -49.6774000000
2020,11,12,12,16,12, -48.7097000000
2020,11,12,12,16,12, -47.4194000000
2020,11,12,12,16,13, -50.0000000000
2020,11,12,12,16,13, -49.6774000000
2020,11,12,12,16,13, -49.6774000000
2020,11,12,12,16,13, -49.3548000000
2020,11,12,12,16,14, -48.3871000000
2020,11,12,12,16,14, -50.0000000000
2020,11,12,12,16,14, -48.3871000000
2020,11,12,12,16,15, -50.0000000000
2020,11,12,12,16,15, -47.7419000000
2020,11,12,12,16,15, -49.0323000000
2020,11,12,12,16,15, -50.0000000000
2020,11,12,12,16,16, -48.3871000000
2020,11,12,12,16,16, -48.3871000000
2020,11,12,12,16,16, -49.3548000000
2020,11,12,12,16,16, -50.0000000000
2020,11,12,12,16,17, -47.4194000000
2020,11,12,12,16,17, -50.0000000000
2020,11,12,12,16,17, -50.0000000000
2020,11,12,12,16,17, -47.4194000000
2020,11,12,12,16,18, -50.0000000000
2020,11,12,12,16,18, -49.0323000000
2020,11,12,12,16,18, -50.0000000000
2020,11,12,12,16,18, -50.0000000000
2020,11,12,12,16,19, -48.3871000000
2020,11,12,12,16,19, -50.0000000000
2020,11,12,12,16,19, -48.0645000000
2020,11,12,12,16,19, -50.0000000000
2020,11,12,12,16,20, -46.7742000000
2020,11,12,12,16,20, -50.0000000000
2020,11,12,12,16,20, -46.7742000000
2020,11,12,12,16,20, -48.3871000000
2020,11,12,12,16,21, -50.0000000000
2020,11,12,12,16,21, -47.7419000000
2020,11,12,12,16,21, -49.3548000000
2020,11,12,12,16,22, -48.3871000000
2020,11,12,12,16,22, -50.0000000000
2020,11,12,12,16,22, -49.3548000000
2020,11,12,12,16,22, -47.7419000000
2020,11,12,12,16,23, -50.0000000000
2020,11,12,12,16,23, -47.7419000000
2020,11,12,12,16,23, -50.0000000000
2020,11,12,12,16,23, -49.6774000000
2020,11,12,12,16,24, -48.3871000000
2020,11,12,12,16,24, -50.0000000000
2020,11,12,12,16,24, -47.0968000000
2020,11,12,12,16,24, -50.0000000000
2020,11,12,12,16,25, -48.7097000000
2020,11,12,12,16,25, -50.0000000000
2020,11,12,12,16,25, -48.0645000000
2020,11,12,12,16,25, -50.0000000000
2020,11,12,12,16,26, -50.0000000000
2020,11,12,12,16,26, -47.4194000000
2020,11,12,12,16,26, -50.0000000000
2020,11,12,12,16,26, -47.4194000000
2020,11,12,12,16,27, -50.0000000000
2020,11,12,12,16,27, -49.0323000000
2020,11,12,12,16,27, -48.3871000000
2020,11,12,12,16,27, -48.7097000000
2020,11,12,12,16,28, -50.0000000000
2020,11,12,12,16,28, -48.3871000000
2020,11,12,12,16,28, -49.0323000000
2020,11,12,12,16,28, -48.0645000000
2020,11,12,12,16,29, -50.0000000000
2020,11,12,12,16,29, -50.0000000000
2020,11,12,12,16,29, -49.6774000000
2020,11,12,12,16,30, -50.0000000000
2020,11,12,12,16,30, -48.7097000000
2020,11,12,12,16,30, -48.7097000000
2020,11,12,12,16,30, -50.0000000000
2020,11,12,12,16,31, -47.0968000000
2020,11,12,12,16,31, -50.0000000000
2020,11,12,12,16,31, -48.0645000000
2020,11,12,12,16,31, -50.0000000000
2020,11,12,12,16,32, -49.6774000000
2020,11,12,12,16,32, -47.4194000000
2020,11,12,12,16,32, -50.0000000000
2020,11,12,12,16,32, -47.7419000000
2020,11,12,12,16,33, -50.0000000000
2020,11,12,12,16,33, -48.3871000000
2020,11,12,12,16,33, -50.0000000000
2020,11,12,12,16,33, -48.3871000000
2020,11,12,12,16,34, -50.0000000000
2020,11,12,12,16,34, -50.0000000000
2020,11,12,12,16,34, -46.7742000000
2020,11,12,12,16,34, -50.0000000000
2020,11,12,12,16,35, -47.4194000000
2020,11,12,12,16,35, -50.0000000000
2020,11,12,12,16,35, -47.4194000000
2020,11,12,12,16,35, -50.0000000000
2020,11,12,12,16,36, -50.0000000000
2020,11,12,12,16,36, -50.0000000000
2020,11,12,12,16,36, -48.3871000000
2020,11,12,12,16,37, -50.0000000000
2020,11,12,12,16,37, -48.7097000000
2020,11,12,12,16,37, -50.0000000000
2020,11,12,12,16,37, -48.0645000000
2020,11,12,12,16,38, -50.0000000000
2020,11,12,12,16,38, -48.0645000000
2020,11,12,12,16,38, -50.0000000000
2020,11,12,12,16,38, -49.3548000000
2020,11,12,12,16,39, -49.0323000000
2020,11,12,12,16,39, -49.0323000000
2020,11,12,12,16,39, -49.0323000000
2020,11,12,12,16,39, -50.0000000000
2020,11,12,12,16,40, -48.3871000000
2020,11,12,12,16,40, -50.0000000000
2020,11,12,12,16,40, -50.0000000000
2020,11,12,12,16,40, -47.0968000000
2020,11,12,12,16,41, -50.0000000000
2020,11,12,12,16,41, -47.0968000000
2020,11,12,12,16,41, -50.0000000000
2020,11,12,12,16,41, -48.3871000000
2020,11,12,12,16,42, -50.0000000000
2020,11,12,12,16,42, -49.6774000000
2020,11,12,12,16,42, -47.4194000000
2020,11,12,12,16,42, -50.0000000000
2020,11,12,12,16,43, -49.0323000000
2020,11,12,12,16,43, -50.0000000000
2020,11,12,12,16,43, -49.3548000000
2020,11,12,12,16,43, -48.3871000000
2020,11,12,12,16,44, -50.0000000000
2020,11,12,12,16,44, -48.3871000000
2020,11,12,12,16,44, -50.0000000000
2020,11,12,12,16,44, -47.7419000000
2020,11,12,12,16,45, -50.0000000000
2020,11,12,12,16,45, -48.7097000000
2020,11,12,12,16,45, -47.4194000000
2020,11,12,12,16,46, -50.0000000000
2020,11,12,12,16,46, -50.0000000000
2020,11,12,12,16,46, -47.4194000000
2020,11,12,12,16,46, -50.0000000000
2020,11,12,12,16,47, -47.4194000000
2020,11,12,12,16,47, -50.0000000000
2020,11,12,12,16,47, -47.0968000000
2020,11,12,12,16,47, -50.0000000000
2020,11,12,12,16,48, -50.0000000000
2020,11,12,12,16,48, -47.0968000000
2020,11,12,12,16,48, -50.0000000000
2020,11,12,12,16,48, -50.0000000000
2020,11,12,12,16,49, -47.7419000000
2020,11,12,12,16,49, -50.0000000000
2020,11,12,12,16,49, -47.4194000000
2020,11,12,12,16,49, -50.0000000000
2020,11,12,12,16,50, -49.3548000000
2020,11,12,12,16,50, -47.7419000000
2020,11,12,12,16,50, -50.0000000000
2020,11,12,12,16,50, -50.0000000000
2020,11,12,12,16,51, -50.0000000000
2020,11,12,12,16,51, -48.0645000000
2020,11,12,12,16,51, -50.0000000000
2020,11,12,12,16,51, -49.0323000000
2020,11,12,12,16,52, -49.6774000000
2020,11,12,12,16,52, -47.7419000000
2020,11,12,12,16,52, -50.0000000000
2020,11,12,12,16,53, -48.0645000000
2020,11,12,12,16,53, -50.0000000000
2020,11,12,12,16,53, -50.0000000000
2020,11,12,12,16,53, -48.3871000000
2020,11,12,12,16,54, -50.0000000000
2020,11,12,12,16,54, -48.3871000000
2020,11,12,12,16,54, -50.0000000000
2020,11,12,12,16,54, -49.0323000000
2020,11,12,12,16,55, -49.6774000000
2020,11,12,12,16,55, -47.7419000000
2020,11,12,12,16,55, -50.0000000000
2020,11,12,12,16,55, -50.0000000000
2020,11,12,12,16,56, -49.3548000000
2020,11,12,12,16,56, -48.7097000000
2020,11,12,12,16,56, -50.0000000000
2020,11,12,12,16,56, -48.3871000000
2020,11,12,12,16,57, -48.0645000000
2020,11,12,12,16,57, -48.3871000000
2020,11,12,12,16,57, -50.0000000000
2020,11,12,12,16,57, -49.0323000000
2020,11,12,12,16,58, -50.0000000000
2020,11,12,12,16,58, -48.3871000000
2020,11,12,12,16,58, -50.0000000000
2020,11,12,12,16,58, -49.6774000000
2020,11,12,12,16,59, -50.0000000000
2020,11,12,12,16,59, -50.0000000000
2020,11,12,12,16,59, -50.0000000000
2020,11,12,12,17,0, -50.0000000000
2020,11,12,12,17,0, -50.0000000000
2020,11,12,12,17,0, -49.6774000000
2020,11,12,12,17,0, -50.0000000000
2020,11,12,12,17,1, -49.6774000000
2020,11,12,12,17,1, -50.0000000000
2020,11,12,12,17,1, -48.3871000000
2020,11,12,12,17,1, -47.7419000000
2020,11,12,12,17,2, -48.3871000000
2020,11,12,12,17,2, -50.0000000000
2020,11,12,12,17,2, -49.6774000000
2020,11,12,12,17,3, -50.0000000000
2020,11,12,12,17,3, -48.0645000000
2020,11,12,12,17,3, -50.0000000000
2020,11,12,12,17,3, -49.6774000000
2020,11,12,12,17,4, -48.7097000000
2020,11,12,12,17,4, -50.0000000000
2020,11,12,12,17,4, -48.0645000000
2020,11,12,12,17,4, -50.0000000000
2020,11,12,12,17,5, -48.7097000000
2020,11,12,12,17,5, -50.0000000000
2020,11,12,12,17,5, -47.0968000000
2020,11,12,12,17,5, -50.0000000000
2020,11,12,12,17,6, -48.0645000000
2020,11,12,12,17,6, -49.3548000000
2020,11,12,12,17,6, -48.3871000000
2020,11,12,12,17,6, -49.0323000000
2020,11,12,12,17,7, -50.0000000000
2020,11,12,12,17,7, -48.3871000000
2020,11,12,12,17,7, -49.6774000000
2020,11,12,12,17,7, -50.0000000000
2020,11,12,12,17,8, -48.3871000000
2020,11,12,12,17,8, -50.0000000000
2020,11,12,12,17,8, -50.0000000000
2020,11,12,12,17,8, -48.0645000000
2020,11,12,12,17,9, -50.0000000000
2020,11,12,12,17,9, -47.4194000000
2020,11,12,12,17,9, -50.0000000000
2020,11,12,12,17,9, -49.6774000000
2020,11,12,12,17,10, -48.3871000000
2020,11,12,12,17,10, -50.0000000000
2020,11,12,12,17,10, -48.7097000000
2020,11,12,12,17,10, -49.6774000000
2020,11,12,12,17,11, -50.0000000000
2020,11,12,12,17,11, -50.0000000000
2020,11,12,12,17,11, -47.0968000000
2020,11,12,12,17,12, -50.0000000000
2020,11,12,12,17,12, -48.7097000000
2020,11,12,12,17,12, -50.0000000000
2020,11,12,12,17,12, -47.0968000000
2020,11,12,12,17,13, -50.0000000000
2020,11,12,12,17,13, -48.3871000000
2020,11,12,12,17,13, -48.7097000000
2020,11,12,12,17,13, -50.0000000000
2020,11,12,12,17,14, -48.0645000000
2020,11,12,12,17,14, -48.3871000000
2020,11,12,12,17,14, -48.3871000000
2020,11,12,12,17,14, -50.0000000000
2020,11,12,12,17,15, -48.7097000000
2020,11,12,12,17,15, -49.3548000000
2020,11,12,12,17,15, -50.0000000000
2020,11,12,12,17,15, -48.0645000000
2020,11,12,12,17,16, -50.0000000000
2020,11,12,12,17,16, -49.0323000000
2020,11,12,12,17,16, -47.7419000000
2020,11,12,12,17,16, -50.0000000000
2020,11,12,12,17,17, -48.3871000000
2020,11,12,12,17,17, -50.0000000000
2020,11,12,12,17,17, -47.4194000000
2020,11,12,12,17,17, -49.3548000000
2020,11,12,12,17,18, -50.0000000000
2020,11,12,12,17,18, -48.3871000000
2020,11,12,12,17,18, -49.0323000000
2020,11,12,12,17,18, -50.0000000000
2020,11,12,12,17,19, -48.7097000000
2020,11,12,12,17,19, -50.0000000000
2020,11,12,12,17,19, -48.0645000000
2020,11,12,12,17,20, -49.3548000000
2020,11,12,12,17,20, -50.0000000000
2020,11,12,12,17,20, -48.0645000000
2020,11,12,12,17,20, -50.0000000000
2020,11,12,12,17,21, -48.3871000000
2020,11,12,12,17,21, -50.0000000000
2020,11,12,12,17,21, -49.3548000000
2020,11,12,12,17,21, -48.7097000000
2020,11,12,12,17,22, -50.0000000000
2020,11,12,12,17,22, -47.4194000000
2020,11,12,12,17,22, -50.0000000000
2020,11,12,12,17,22, -49.6774000000
2020,11,12,12,17,23, -48.3871000000
2020,11,12,12,17,23, -50.0000000000
2020,11,12,12,17,23, -48.0645000000
2020,11,12,12,17,23, -48.3871000000
2020,11,12,12,17,24, -50.0000000000
2020,11,12,12,17,24, -49.6774000000
2020,11,12,12,17,24, -48.0645000000
2020,11,12,12,17,24, -48.0645000000
2020,11,12,12,17,25, -50.0000000000
2020,11,12,12,17,25, -48.0645000000
2020,11,12,12,17,25, -49.0323000000
2020,11,12,12,17,26, -48.7097000000
2020,11,12,12,17,26, -47.7419000000
2020,11,12,12,17,26, -50.0000000000
2020,11,12,12,17,26, -48.7097000000
2020,11,12,12,17,27, -48.3871000000
2020,11,12,12,17,27, -50.0000000000
2020,11,12,12,17,27, -46.7742000000
2020,11,12,12,17,27, -50.0000000000
2020,11,12,12,17,28, -48.3871000000
2020,11,12,12,17,28, -49.3548000000
2020,11,12,12,17,28, -50.0000000000
2020,11,12,12,17,28, -47.0968000000
2020,11,12,12,17,29, -50.0000000000
2020,11,12,12,17,29, -50.0000000000
2020,11,12,12,17,29, -47.4194000000
2020,11,12,12,17,29, -50.0000000000
2020,11,12,12,17,30, -48.7097000000
2020,11,12,12,17,30, -49.3548000000
2020,11,12,12,17,30, -50.0000000000
2020,11,12,12,17,30, -48.3871000000
2020,11,12,12,17,31, -49.0323000000
2020,11,12,12,17,31, -50.0000000000
2020,11,12,12,17,31, -47.4194000000
2020,11,12,12,17,31, -48.0645000000
2020,11,12,12,17,32, -48.3871000000
2020,11,12,12,17,32, -49.3548000000
2020,11,12,12,17,32, -50.0000000000
2020,11,12,12,17,32, -46.7742000000
2020,11,12,12,17,33, -50.0000000000
2020,11,12,12,17,33, -50.0000000000
2020,11,12,12,17,33, -47.0968000000
2020,11,12,12,17,33, -50.0000000000
2020,11,12,12,17,34, -46.7742000000
2020,11,12,12,17,34, -50.0000000000
2020,11,12,12,17,34, -48.3871000000
2020,11,12,12,17,35, -50.0000000000
2020,11,12,12,17,35, -47.4194000000
2020,11,12,12,17,35, -50.0000000000
2020,11,12,12,17,35, -50.0000000000
2020,11,12,12,17,36, -50.0000000000
2020,11,12,12,17,36, -50.0000000000
2020,11,12,12,17,36, -47.0968000000
2020,11,12,12,17,36, -50.0000000000
2020,11,12,12,17,37, -47.0968000000
2020,11,12,12,17,37, -50.0000000000
2020,11,12,12,17,37, -50.0000000000
2020,11,12,12,17,37, -50.0000000000
2020,11,12,12,17,38, -50.0000000000
2020,11,12,12,17,38, -50.0000000000
2020,11,12,12,17,38, -50.0000000000
2020,11,12,12,17,38, -49.0323000000
2020,11,12,12,17,39, -48.3871000000
2020,11,12,12,17,39, -50.0000000000
2020,11,12,12,17,39, -48.7097000000
2020,11,12,12,17,39,  32.5806000000
2020,11,12,12,17,40, -50.0000000000
2020,11,12,12,17,40, -50.0000000000
2020,11,12,12,17,40, -50.0000000000
2020,11,12,12,17,40, -50.0000000000
2020,11,12,12,17,41, -50.0000000000
2020,11,12,12,17,41, 115.1613000000
2020,11,12,12,17,41, -50.0000000000
2020,11,12,12,17,42, -50.0000000000
2020,11,12,12,17,42,  32.5806000000
2020,11,12,12,17,42, -49.3548000000
2020,11,12,12,17,42, -50.0000000000
2020,11,12,12,17,43, -47.7419000000
2020,11,12,12,17,43, -50.0000000000
2020,11,12,12,17,43, -50.0000000000
2020,11,12,12,17,43, -50.0000000000
2020,11,12,12,17,44, -50.0000000000
2020,11,12,12,17,44, -47.7419000000
2020,11,12,12,17,44, -49.6774000000
2020,11,12,12,17,44, -50.0000000000
2020,11,12,12,17,45, -46.7742000000
2020,11,12,12,17,45, -50.0000000000
2020,11,12,12,17,45, -47.7419000000
2020,11,12,12,17,45, -50.0000000000
2020,11,12,12,17,46, -50.0000000000
2020,11,12,12,17,46, -50.0000000000
2020,11,12,12,17,46, -48.3871000000
2020,11,12,12,17,46, -50.0000000000
2020,11,12,12,17,47, -48.7097000000
2020,11,12,12,17,47, -48.3871000000
2020,11,12,12,17,47, -49.6774000000
2020,11,12,12,17,48, -50.0000000000
2020,11,12,12,17,48, -48.0645000000
2020,11,12,12,17,48, -50.0000000000
2020,11,12,12,17,48, -48.0645000000
2020,11,12,12,17,49, -49.0323000000
2020,11,12,12,17,49, -50.0000000000
2020,11,12,12,17,49, -47.0968000000
2020,11,12,12,17,49, -50.0000000000
2020,11,12,12,17,50, -50.0000000000
2020,11,12,12,17,50, -47.7419000000
2020,11,12,12,17,50, -50.0000000000
2020,11,12,12,17,50, -47.7419000000
2020,11,12,12,17,51, -49.3548000000
2020,11,12,12,17,51, -50.0000000000
2020,11,12,12,17,51, -48.3871000000
2020,11,12,12,17,51, -48.0645000000
2020,11,12,12,17,52, -50.0000000000
2020,11,12,12,17,52, -49.3548000000
2020,11,12,12,17,52, -47.7419000000
2020,11,12,12,17,52, -50.0000000000
2020,11,12,12,17,53, -48.7097000000
2020,11,12,12,17,53, -48.3871000000
2020,11,12,12,17,53, -50.0000000000
2020,11,12,12,17,53, -48.0645000000
2020,11,12,12,17,54, -50.0000000000
2020,11,12,12,17,54, -48.0645000000
2020,11,12,12,17,54, -48.7097000000
2020,11,12,12,17,54, -50.0000000000
2020,11,12,12,17,55, -47.4194000000
2020,11,12,12,17,55, -49.6774000000
2020,11,12,12,17,55, -50.0000000000
2020,11,12,12,17,55, -47.4194000000
2020,11,12,12,17,56, -50.0000000000
2020,11,12,12,17,56, -49.6774000000
2020,11,12,12,17,56, -48.7097000000
2020,11,12,12,17,57, -50.0000000000
2020,11,12,12,17,57, -50.0000000000
2020,11,12,12,17,57, -46.7742000000
2020,11,12,12,17,57, -50.0000000000
2020,11,12,12,17,58, -48.3871000000
2020,11,12,12,17,58, -50.0000000000
2020,11,12,12,17,58, -48.0645000000
2020,11,12,12,17,58, -50.0000000000
2020,11,12,12,17,59, -50.0000000000
2020,11,12,12,17,59, -50.0000000000
2020,11,12,12,17,59, -49.3548000000
2020,11,12,12,17,59, -48.7097000000
2020,11,12,12,18,0, -50.0000000000
2020,11,12,12,18,0, -50.0000000000
2020,11,12,12,18,0, -49.0323000000
2020,11,12,12,18,0, -49.3548000000
2020,11,12,12,18,1, -50.0000000000
2020,11,12,12,18,1, -48.0645000000
2020,11,12,12,18,1, -50.0000000000
2020,11,12,12,18,1, -49.0323000000
2020,11,12,12,18,2, -48.7097000000
2020,11,12,12,18,2, -50.0000000000
2020,11,12,12,18,2, -49.3548000000
2020,11,12,12,18,2, -48.7097000000
2020,11,12,12,18,3, -50.0000000000
2020,11,12,12,18,3, -48.7097000000
2020,11,12,12,18,3, -49.6774000000
2020,11,12,12,18,3, -49.6774000000
2020,11,12,12,18,4, -48.0645000000
2020,11,12,12,18,4, -50.0000000000
2020,11,12,12,18,4, -47.4194000000
2020,11,12,12,18,4, -49.0323000000
2020,11,12,12,18,5, -50.0000000000
2020,11,12,12,18,5, -50.0000000000
2020,11,12,12,18,5, -48.3871000000
2020,11,12,12,18,6, -50.0000000000
2020,11,12,12,18,6, -47.7419000000
2020,11,12,12,18,6, -50.0000000000
2020,11,12,12,18,6, -48.3871000000
2020,11,12,12,18,7, -50.0000000000
2020,11,12,12,18,7, -48.7097000000
2020,11,12,12,18,7, -48.7097000000
2020,11,12,12,18,7, -50.0000000000
2020,11,12,12,18,8, -47.7419000000
2020,11,12,12,18,8, -50.0000000000
2020,11,12,12,18,8, -48.7097000000
2020,11,12,12,18,8, -50.0000000000
2020,11,12,12,18,9, -47.7419000000
2020,11,12,12,18,9, -50.0000000000
2020,11,12,12,18,9, -48.3871000000
2020,11,12,12,18,9, -50.0000000000
2020,11,12,12,18,10, -50.0000000000
2020,11,12,12,18,10, -48.3871000000
2020,11,12,12,18,10, -50.0000000000
2020,11,12,12,18,10, -48.3871000000
2020,11,12,12,18,11, -50.0000000000
2020,11,12,12,18,11, -48.3871000000
2020,11,12,12,18,11, -50.0000000000
2020,11,12,12,18,11, -48.0645000000
2020,11,12,12,18,12, -50.0000000000
2020,11,12,12,18,12, -47.4194000000
2020,11,12,12,18,12, -50.0000000000
2020,11,12,12,18,12, -48.3871000000
2020,11,12,12,18,13, -48.3871000000
2020,11,12,12,18,13, -50.0000000000
2020,11,12,12,18,13, -50.0000000000
2020,11,12,12,18,14, -47.7419000000
2020,11,12,12,18,14, -50.0000000000
2020,11,12,12,18,14, -50.0000000000
2020,11,12,12,18,14, -47.4194000000
2020,11,12,12,18,15, -50.0000000000
2020,11,12,12,18,15, -49.6774000000
2020,11,12,12,18,15, -48.3871000000
2020,11,12,12,18,15, -50.0000000000
2020,11,12,12,18,16, -47.7419000000
2020,11,12,12,18,16, -50.0000000000
2020,11,12,12,18,16, -47.7419000000
2020,11,12,12,18,16, -50.0000000000
2020,11,12,12,18,17, -49.0323000000
2020,11,12,12,18,17, -49.0323000000
2020,11,12,12,18,17, -50.0000000000
2020,11,12,12,18,17, -48.3871000000
2020,11,12,12,18,18, -50.0000000000
2020,11,12,12,18,18, -50.0000000000
2020,11,12,12,18,18, -48.0645000000
2020,11,12,12,18,18, -50.0000000000
2020,11,12,12,18,19, -50.0000000000
2020,11,12,12,18,19, -50.0000000000
2020,11,12,12,18,19, -47.0968000000
2020,11,12,12,18,19, -50.0000000000
2020,11,12,12,18,20, -50.0000000000
2020,11,12,12,18,20, -48.0645000000
2020,11,12,12,18,20, -48.3871000000
2020,11,12,12,18,20, -50.0000000000
2020,11,12,12,18,21, -49.0323000000
2020,11,12,12,18,21, -50.0000000000
2020,11,12,12,18,21, -48.3871000000
2020,11,12,12,18,22, -50.0000000000
2020,11,12,12,18,22, -47.0968000000
2020,11,12,12,18,22, -50.0000000000
2020,11,12,12,18,22, -48.3871000000
2020,11,12,12,18,23, -50.0000000000
2020,11,12,12,18,23, -47.4194000000
2020,11,12,12,18,23, -50.0000000000
2020,11,12,12,18,23, -48.7097000000
2020,11,12,12,18,24, -49.6774000000
2020,11,12,12,18,24, -50.0000000000
2020,11,12,12,18,24, -47.7419000000
2020,11,12,12,18,24, -50.0000000000
2020,11,12,12,18,25, -47.7419000000
2020,11,12,12,18,25, -50.0000000000
2020,11,12,12,18,25, -50.0000000000
2020,11,12,12,18,25, -49.0323000000
2020,11,12,12,18,26, -49.0323000000
2020,11,12,12,18,26, -50.0000000000
2020,11,12,12,18,26, -48.7097000000
2020,11,12,12,18,26, -50.0000000000
2020,11,12,12,18,27, -48.7097000000
2020,11,12,12,18,27, -49.0323000000
2020,11,12,12,18,27, -50.0000000000
2020,11,12,12,18,28, -47.4194000000
2020,11,12,12,18,28, -48.7097000000
2020,11,12,12,18,28, -50.0000000000
2020,11,12,12,18,28, -50.0000000000
2020,11,12,12,18,29, -48.0645000000
2020,11,12,12,18,29, -50.0000000000
2020,11,12,12,18,29, -48.7097000000
2020,11,12,12,18,29, -48.3871000000
2020,11,12,12,18,30, -50.0000000000
2020,11,12,12,18,30, -48.0645000000
2020,11,12,12,18,30, -49.6774000000
2020,11,12,12,18,30, -50.0000000000
2020,11,12,12,18,31, -50.0000000000
2020,11,12,12,18,31, -48.3871000000
2020,11,12,12,18,31, -50.0000000000
2020,11,12,12,18,31, -50.0000000000
2020,11,12,12,18,32, -48.3871000000
2020,11,12,12,18,32, -50.0000000000
2020,11,12,12,18,32, -48.7097000000
2020,11,12,12,18,32, -50.0000000000
2020,11,12,12,18,33, -47.4194000000
2020,11,12,12,18,33, -48.7097000000
2020,11,12,12,18,33, -50.0000000000
2020,11,12,12,18,33, -49.0323000000
2020,11,12,12,18,34, -48.7097000000
2020,11,12,12,18,34, -50.0000000000
2020,11,12,12,18,34, -47.4194000000
2020,11,12,12,18,34, -50.0000000000
2020,11,12,12,18,35, -48.3871000000
2020,11,12,12,18,35, -49.6774000000
2020,11,12,12,18,35, -50.0000000000
2020,11,12,12,18,36, -47.7419000000
2020,11,12,12,18,36, -50.0000000000
2020,11,12,12,18,36, -48.7097000000
2020,11,12,12,18,36, -49.3548000000
2020,11,12,12,18,37, -50.0000000000
2020,11,12,12,18,37, -50.0000000000
2020,11,12,12,18,37, -48.0645000000
2020,11,12,12,18,37, -50.0000000000
2020,11,12,12,18,38, -48.7097000000
2020,11,12,12,18,38, -50.0000000000
2020,11,12,12,18,38, -48.0645000000
2020,11,12,12,18,38, -48.7097000000
2020,11,12,12,18,39, -50.0000000000
2020,11,12,12,18,39, -48.3871000000
2020,11,12,12,18,39, -49.3548000000
2020,11,12,12,18,39, -50.0000000000
2020,11,12,12,18,40, -48.3871000000
2020,11,12,12,18,40, -50.0000000000
2020,11,12,12,18,40, -48.3871000000
2020,11,12,12,18,40, -50.0000000000
2020,11,12,12,18,41, -50.0000000000
2020,11,12,12,18,41, -48.7097000000
2020,11,12,12,18,41, -50.0000000000
2020,11,12,12,18,41, -48.7097000000
2020,11,12,12,18,42, -49.0323000000
2020,11,12,12,18,42, -50.0000000000
2020,11,12,12,18,42, -48.3871000000
2020,11,12,12,18,42, -47.4194000000
2020,11,12,12,18,43, -50.0000000000
2020,11,12,12,18,43, -49.6774000000
2020,11,12,12,18,43, -48.3871000000
2020,11,12,12,18,44, -50.0000000000
2020,11,12,12,18,44, -47.7419000000
2020,11,12,12,18,44, -50.0000000000
2020,11,12,12,18,44, -49.3548000000
2020,11,12,12,18,45, -50.0000000000
2020,11,12,12,18,45, -47.7419000000
2020,11,12,12,18,45, -50.0000000000
2020,11,12,12,18,45, -48.0645000000
2020,11,12,12,18,46, -49.6774000000
2020,11,12,12,18,46, -48.3871000000
2020,11,12,12,18,46, -50.0000000000
2020,11,12,12,18,46, -48.3871000000
2020,11,12,12,18,47, -50.0000000000
2020,11,12,12,18,47, -48.3871000000
2020,11,12,12,18,47, -50.0000000000
2020,11,12,12,18,47, -48.7097000000
2020,11,12,12,18,48, -49.6774000000
2020,11,12,12,18,48, -50.0000000000
2020,11,12,12,18,48, -47.0968000000
2020,11,12,12,18,48, -50.0000000000
2020,11,12,12,18,49, -50.0000000000
2020,11,12,12,18,49, -50.0000000000
2020,11,12,12,18,49, -48.3871000000
2020,11,12,12,18,50, -49.0323000000
2020,11,12,12,18,50, -47.7419000000
2020,11,12,12,18,50, -50.0000000000
2020,11,12,12,18,50, -50.0000000000
2020,11,12,12,18,51, -48.7097000000
2020,11,12,12,18,51, -47.7419000000
2020,11,12,12,18,51, -50.0000000000
2020,11,12,12,18,51, -50.0000000000
2020,11,12,12,18,52, -50.0000000000
2020,11,12,12,18,52, -47.7419000000
2020,11,12,12,18,52, -50.0000000000
2020,11,12,12,18,52, -50.0000000000
2020,11,12,12,18,53, -49.3548000000
2020,11,12,12,18,53, -50.0000000000
2020,11,12,12,18,53, -48.0645000000
2020,11,12,12,18,53, -50.0000000000
2020,11,12,12,18,54, -47.4194000000
2020,11,12,12,18,54, -50.0000000000
2020,11,12,12,18,54, -50.0000000000
2020,11,12,12,18,54, -49.3548000000
2020,11,12,12,18,55, -50.0000000000
2020,11,12,12,18,55, -48.0645000000
2020,11,12,12,18,55, -50.0000000000
2020,11,12,12,18,55, -48.0645000000
2020,11,12,12,18,56, -49.6774000000
2020,11,12,12,18,56, -50.0000000000
2020,11,12,12,18,56, -47.7419000000
2020,11,12,12,18,57, -50.0000000000
2020,11,12,12,18,57, -48.7097000000
2020,11,12,12,18,57, -50.0000000000
2020,11,12,12,18,57, -50.0000000000
2020,11,12,12,18,58, -47.7419000000
2020,11,12,12,18,58, -50.0000000000
2020,11,12,12,18,58, -48.0645000000
2020,11,12,12,18,58, -50.0000000000
2020,11,12,12,18,59, -49.3548000000
2020,11,12,12,18,59, -48.0645000000
2020,11,12,12,18,59, -50.0000000000
2020,11,12,12,18,59, -47.7419000000
2020,11,12,12,19,0, -49.3548000000
2020,11,12,12,19,0, -48.3871000000
2020,11,12,12,19,0, -49.6774000000
2020,11,12,12,19,0, -50.0000000000
2020,11,12,12,19,1, -47.7419000000
2020,11,12,12,19,1, -49.3548000000
2020,11,12,12,19,1, -50.0000000000
2020,11,12,12,19,1, -49.3548000000
2020,11,12,12,19,2, -48.3871000000
2020,11,12,12,19,2, -50.0000000000
2020,11,12,12,19,2, -48.3871000000
2020,11,12,12,19,2, -50.0000000000
2020,11,12,12,19,3, -50.0000000000
2020,11,12,12,19,3, -47.4194000000
2020,11,12,12,19,3, -50.0000000000
2020,11,12,12,19,3, -49.0323000000
2020,11,12,12,19,4, -49.0323000000
2020,11,12,12,19,4, -50.0000000000
2020,11,12,12,19,4, -50.0000000000
2020,11,12,12,19,4, -48.0645000000
2020,11,12,12,19,5, -50.0000000000
2020,11,12,12,19,5, -50.0000000000
2020,11,12,12,19,5, -48.3871000000
2020,11,12,12,19,6, -50.0000000000
2020,11,12,12,19,6, -49.0323000000
2020,11,12,12,19,6, -50.0000000000
2020,11,12,12,19,6, -47.4194000000
2020,11,12,12,19,7, -50.0000000000
2020,11,12,12,19,7, -47.0968000000
2020,11,12,12,19,7, -50.0000000000
2020,11,12,12,19,7, -47.4194000000
2020,11,12,12,19,8, -49.3548000000
2020,11,12,12,19,8, -50.0000000000
2020,11,12,12,19,8, -48.3871000000
2020,11,12,12,19,8, -50.0000000000
2020,11,12,12,19,9, -49.6774000000
2020,11,12,12,19,9, -49.0323000000
2020,11,12,12,19,9, -50.0000000000
2020,11,12,12,19,9, -47.0968000000
2020,11,12,12,19,10, -50.0000000000
2020,11,12,12,19,10, -50.0000000000
2020,11,12,12,19,10, -50.0000000000
2020,11,12,12,19,10, -50.0000000000
2020,11,12,12,19,11, -47.4194000000
2020,11,12,12,19,11, -50.0000000000
2020,11,12,12,19,11, -49.0323000000
2020,11,12,12,19,11, -49.6774000000
2020,11,12,12,19,12, -50.0000000000
2020,11,12,12,19,12, -48.3871000000
2020,11,12,12,19,12, -50.0000000000
2020,11,12,12,19,12, -49.6774000000
2020,11,12,12,19,13, -49.3548000000
2020,11,12,12,19,13, -49.3548000000
2020,11,12,12,19,13, -50.0000000000
2020,11,12,12,19,14, -50.0000000000
2020,11,12,12,19,14, -49.3548000000
2020,11,12,12,19,14, -48.3871000000
2020,11,12,12,19,14, -50.0000000000
2020,11,12,12,19,15, -50.0000000000
2020,11,12,12,19,15, -50.0000000000
2020,11,12,12,19,15, -48.3871000000
2020,11,12,12,19,15, -50.0000000000
2020,11,12,12,19,16, -48.7097000000
2020,11,12,12,19,16, -48.3871000000
2020,11,12,12,19,16, -50.0000000000
2020,11,12,12,19,16, -48.7097000000
2020,11,12,12,19,17, -49.0323000000
2020,11,12,12,19,17, -50.0000000000
2020,11,12,12,19,17, -48.0645000000
2020,11,12,12,19,17, -50.0000000000
2020,11,12,12,19,18, -47.0968000000
2020,11,12,12,19,18, -50.0000000000
2020,11,12,12,19,18, -49.6774000000
2020,11,12,12,19,18, -47.4194000000
2020,11,12,12,19,19, -50.0000000000
2020,11,12,12,19,19, -49.0323000000
2020,11,12,12,19,19, -48.7097000000
2020,11,12,12,19,19, -48.0645000000
2020,11,12,12,19,20, -50.0000000000
2020,11,12,12,19,20, -49.0323000000
2020,11,12,12,19,20, -48.7097000000
2020,11,12,12,19,20, -50.0000000000
2020,11,12,12,19,21, -48.0645000000
2020,11,12,12,19,21, -50.0000000000
2020,11,12,12,19,21, -50.0000000000
2020,11,12,12,19,21, -47.0968000000
2020,11,12,12,19,22, -49.3548000000
2020,11,12,12,19,22, -49.0323000000
2020,11,12,12,19,22, -48.3871000000
2020,11,12,12,19,23, -50.0000000000
2020,11,12,12,19,23, -48.0645000000
2020,11,12,12,19,23, -49.3548000000
2020,11,12,12,19,23, -50.0000000000
2020,11,12,12,19,24, -48.3871000000
2020,11,12,12,19,24, -50.0000000000
2020,11,12,12,19,24, -48.7097000000
2020,11,12,12,19,24, -49.3548000000
2020,11,12,12,19,25, -50.0000000000
2020,11,12,12,19,25, -48.3871000000
2020,11,12,12,19,25, -50.0000000000
2020,11,12,12,19,25, -49.6774000000
2020,11,12,12,19,26, -49.3548000000
2020,11,12,12,19,26, -48.3871000000
2020,11,12,12,19,26, -50.0000000000
2020,11,12,12,19,26, -47.7419000000
2020,11,12,12,19,27, -50.0000000000
2020,11,12,12,19,27, -49.3548000000
2020,11,12,12,19,27, -50.0000000000
2020,11,12,12,19,27, -47.0968000000
2020,11,12,12,19,28, -50.0000000000
2020,11,12,12,19,28, -48.3871000000
2020,11,12,12,19,28, -47.7419000000
2020,11,12,12,19,28, -50.0000000000
2020,11,12,12,19,29, -48.7097000000
2020,11,12,12,19,29, -48.7097000000
2020,11,12,12,19,29, -50.0000000000
2020,11,12,12,19,30, -50.0000000000
2020,11,12,12,19,30, -47.7419000000
2020,11,12,12,19,30, -50.0000000000
2020,11,12,12,19,30, -48.0645000000
2020,11,12,12,19,31, -50.0000000000
2020,11,12,12,19,31, -47.4194000000
2020,11,12,12,19,31, -50.0000000000
2020,11,12,12,19,31, -50.0000000000
2020,11,12,12,19,32, -48.0645000000
2020,11,12,12,19,32, -50.0000000000
2020,11,12,12,19,32, -48.3871000000
2020,11,12,12,19,32, -50.0000000000
2020,11,12,12,19,33, -50.0000000000
2020,11,12,12,19,33, -48.0645000000
2020,11,12,12,19,33, -50.0000000000
2020,11,12,12,19,33, -48.0645000000
2020,11,12,12,19,34, -48.3871000000
2020,11,12,12,19,34, -50.0000000000
2020,11,12,12,19,34, -47.0968000000
2020,11,12,12,19,34, -50.0000000000
2020,11,12,12,19,35, -46.7742000000
2020,11,12,12,19,35, -50.0000000000
2020,11,12,12,19,35, -47.7419000000
2020,11,12,12,19,35, -50.0000000000
2020,11,12,12,19,36, -50.0000000000
2020,11,12,12,19,36, -47.7419000000
2020,11,12,12,19,36, -50.0000000000
2020,11,12,12,19,36, -46.7742000000
2020,11,12,12,19,37, -50.0000000000
2020,11,12,12,19,37, -48.0645000000
2020,11,12,12,19,37, -49.6774000000
2020,11,12,12,19,38, -48.0645000000
2020,11,12,12,19,38, -50.0000000000
2020,11,12,12,19,38, -50.0000000000
2020,11,12,12,19,38, -48.3871000000
2020,11,12,12,19,39, -48.7097000000
2020,11,12,12,19,39, -50.0000000000
2020,11,12,12,19,39, -48.3871000000
2020,11,12,12,19,39, -49.3548000000
2020,11,12,12,19,40, -50.0000000000
2020,11,12,12,19,40, -47.7419000000
2020,11,12,12,19,40, -50.0000000000
2020,11,12,12,19,40, -48.0645000000
2020,11,12,12,19,41, -49.6774000000
2020,11,12,12,19,41, -50.0000000000
2020,11,12,12,19,41, -48.3871000000
2020,11,12,12,19,41, -50.0000000000
2020,11,12,12,19,42, -50.0000000000
2020,11,12,12,19,42, -47.4194000000
2020,11,12,12,19,42, -50.0000000000
2020,11,12,12,19,42, -49.6774000000
2020,11,12,12,19,43, -47.7419000000
2020,11,12,12,19,43, -50.0000000000
2020,11,12,12,19,43, -48.0645000000
2020,11,12,12,19,43, -50.0000000000
2020,11,12,12,19,44, -49.3548000000
2020,11,12,12,19,44, -48.7097000000
2020,11,12,12,19,44, -50.0000000000
2020,11,12,12,19,44, -46.7742000000
2020,11,12,12,19,45, -50.0000000000
2020,11,12,12,19,45, -49.3548000000
2020,11,12,12,19,45, -50.0000000000
2020,11,12,12,19,46, -48.7097000000
2020,11,12,12,19,46, -48.3871000000
2020,11,12,12,19,46, -50.0000000000
2020,11,12,12,19,46, -49.0323000000
2020,11,12,12,19,47, -48.7097000000
2020,11,12,12,19,47, -50.0000000000
2020,11,12,12,19,47, -47.4194000000
2020,11,12,12,19,47, -50.0000000000
2020,11,12,12,19,48, -47.0968000000
2020,11,12,12,19,48, -50.0000000000
2020,11,12,12,19,48, -48.0645000000
2020,11,12,12,19,48, -48.3871000000
2020,11,12,12,19,49, -50.0000000000
2020,11,12,12,19,49, -48.0645000000
2020,11,12,12,19,49, -49.3548000000
2020,11,12,12,19,49, -48.0645000000
2020,11,12,12,19,50, -50.0000000000
2020,11,12,12,19,50, -48.0645000000
2020,11,12,12,19,50, -50.0000000000
2020,11,12,12,19,50, -48.3871000000
2020,11,12,12,19,51, -49.6774000000
2020,11,12,12,19,51, -47.7419000000
2020,11,12,12,19,51, -50.0000000000
2020,11,12,12,19,51, -47.4194000000
2020,11,12,12,19,52, -50.0000000000
2020,11,12,12,19,52, -49.3548000000
2020,11,12,12,19,52, -48.3871000000
2020,11,12,12,19,52, -48.7097000000
2020,11,12,12,19,53, -47.4194000000
2020,11,12,12,19,53, -50.0000000000
2020,11,12,12,19,53, -50.0000000000
2020,11,12,12,19,54, -50.0000000000
2020,11,12,12,19,54, -49.6774000000
2020,11,12,12,19,54, -50.0000000000
2020,11,12,12,19,54, -47.0968000000
2020,11,12,12,19,55, -50.0000000000
2020,11,12,12,19,55, -49.3548000000
2020,11,12,12,19,55, -47.7419000000
2020,11,12,12,19,55, -50.0000000000
2020,11,12,12,19,56, -49.3548000000
2020,11,12,12,19,56, -48.3871000000
2020,11,12,12,19,56, -50.0000000000
2020,11,12,12,19,56, -46.7742000000
2020,11,12,12,19,57, -50.0000000000
2020,11,12,12,19,57, -49.0323000000
2020,11,12,12,19,57, -50.0000000000
2020,11,12,12,19,57, -50.0000000000
2020,11,12,12,19,58, -48.0645000000
2020,11,12,12,19,58, -48.3871000000
2020,11,12,12,19,58, -49.0323000000
2020,11,12,12,19,58, -50.0000000000
2020,11,12,12,19,59, -47.4194000000
2020,11,12,12,19,59, -50.0000000000
2020,11,12,12,19,59, -49.3548000000
2020,11,12,12,19,59, -48.3871000000
2020,11,12,12,20,0, -50.0000000000
2020,11,12,12,20,0, -50.0000000000
2020,11,12,12,20,0, -50.0000000000
2020,11,12,12,20,0, -47.4194000000
2020,11,12,12,20,1, -50.0000000000
2020,11,12,12,20,1, -50.0000000000
2020,11,12,12,20,1, -50.0000000000
2020,11,12,12,20,2, -47.7419000000
2020,11,12,12,20,2, -49.6774000000
2020,11,12,12,20,2, -49.3548000000
2020,11,12,12,20,2, -48.0645000000
2020,11,12,12,20,3, -50.0000000000
2020,11,12,12,20,3, -48.3871000000
2020,11,12,12,20,3, -48.3871000000
2020,11,12,12,20,3, -50.0000000000
2020,11,12,12,20,4, -50.0000000000
2020,11,12,12,20,4, -48.3871000000
2020,11,12,12,20,4, -50.0000000000
2020,11,12,12,20,4, -48.0645000000
2020,11,12,12,20,5, -48.7097000000
2020,11,12,12,20,5, -50.0000000000
2020,11,12,12,20,5, -49.0323000000
2020,11,12,12,20,5, -48.7097000000
2020,11,12,12,20,6, -50.0000000000
2020,11,12,12,20,6, -47.4194000000
2020,11,12,12,20,6, -48.7097000000
2020,11,12,12,20,7, -47.7419000000
2020,11,12,12,20,7, -50.0000000000
2020,11,12,12,20,7, -50.0000000000
2020,11,12,12,20,7, -47.7419000000
2020,11,12,12,20,8, -50.0000000000
2020,11,12,12,20,8, -50.0000000000
2020,11,12,12,20,8, -47.7419000000
2020,11,12,12,20,8, -50.0000000000
2020,11,12,12,20,9, -47.7419000000
2020,11,12,12,20,9, -49.6774000000
2020,11,12,12,20,9, -50.0000000000
2020,11,12,12,20,9, -48.3871000000
2020,11,12,12,20,10, -50.0000000000
2020,11,12,12,20,10, -50.0000000000
2020,11,12,12,20,10, -47.7419000000
2020,11,12,12,20,10, -50.0000000000
2020,11,12,12,20,11, -50.0000000000
2020,11,12,12,20,11, -50.0000000000
2020,11,12,12,20,11, -49.6774000000
2020,11,12,12,20,11, -50.0000000000
2020,11,12,12,20,12, -47.7419000000
2020,11,12,12,20,12, -49.6774000000
2020,11,12,12,20,12, -50.0000000000
2020,11,12,12,20,12, -47.0968000000
2020,11,12,12,20,13, -50.0000000000
2020,11,12,12,20,13, -48.0645000000
2020,11,12,12,20,13, -50.0000000000
2020,11,12,12,20,13, -50.0000000000
2020,11,12,12,20,14, -50.0000000000
2020,11,12,12,20,14, -50.0000000000
2020,11,12,12,20,14, -47.4194000000
2020,11,12,12,20,15, -48.7097000000
2020,11,12,12,20,15, -50.0000000000
2020,11,12,12,20,15, -49.6774000000
2020,11,12,12,20,15, -49.0323000000
2020,11,12,12,20,16, -50.0000000000
2020,11,12,12,20,16, -47.4194000000
2020,11,12,12,20,16, -50.0000000000
2020,11,12,12,20,16, -49.0323000000
2020,11,12,12,20,17, -48.7097000000
2020,11,12,12,20,17, -49.6774000000
2020,11,12,12,20,17, -48.7097000000
2020,11,12,12,20,17, -50.0000000000
2020,11,12,12,20,18, -48.3871000000
2020,11,12,12,20,18, -49.0323000000
2020,11,12,12,20,18, -50.0000000000
2020,11,12,12,20,18, -50.0000000000
2020,11,12,12,20,19, -50.0000000000
2020,11,12,12,20,19, -47.0968000000
2020,11,12,12,20,19, -50.0000000000
2020,11,12,12,20,19, -47.7419000000
2020,11,12,12,20,20, -50.0000000000
2020,11,12,12,20,20, -50.0000000000
2020,11,12,12,20,20, -48.0645000000
2020,11,12,12,20,20, -50.0000000000
2020,11,12,12,20,21, -47.4194000000
2020,11,12,12,20,21, -50.0000000000
2020,11,12,12,20,21, -48.0645000000
2020,11,12,12,20,21, -50.0000000000
2020,11,12,12,20,22, -50.0000000000
2020,11,12,12,20,22, -50.0000000000
2020,11,12,12,20,22, -48.7097000000
2020,11,12,12,20,23, -48.7097000000
2020,11,12,12,20,23, -50.0000000000
2020,11,12,12,20,23, -50.0000000000
2020,11,12,12,20,23, -49.6774000000
2020,11,12,12,20,24, -48.0645000000
2020,11,12,12,20,24, -50.0000000000
2020,11,12,12,20,24, -47.4194000000
2020,11,12,12,20,24, -50.0000000000
2020,11,12,12,20,25, -49.0323000000
2020,11,12,12,20,25, -48.7097000000
2020,11,12,12,20,25, -50.0000000000
2020,11,12,12,20,25, -48.3871000000
2020,11,12,12,20,26, -49.3548000000
2020,11,12,12,20,26, -50.0000000000
2020,11,12,12,20,26, -49.3548000000
2020,11,12,12,20,26, -48.3871000000
2020,11,12,12,20,27, -50.0000000000
2020,11,12,12,20,27, -48.7097000000
2020,11,12,12,20,27, -49.0323000000
2020,11,12,12,20,27, -50.0000000000
2020,11,12,12,20,28, -48.0645000000
2020,11,12,12,20,28, -47.4194000000
2020,11,12,12,20,28, -50.0000000000
2020,11,12,12,20,28, -48.3871000000
2020,11,12,12,20,29, -50.0000000000
2020,11,12,12,20,29, -50.0000000000
2020,11,12,12,20,29, -49.0323000000
2020,11,12,12,20,29, -50.0000000000
2020,11,12,12,20,30, -47.4194000000
2020,11,12,12,20,30, -50.0000000000
2020,11,12,12,20,30, -50.0000000000
2020,11,12,12,20,31, -47.7419000000
2020,11,12,12,20,31, -50.0000000000
2020,11,12,12,20,31, -50.0000000000
2020,11,12,12,20,31, -48.0645000000
2020,11,12,12,20,32, -50.0000000000
2020,11,12,12,20,32, -47.7419000000
2020,11,12,12,20,32, -50.0000000000
2020,11,12,12,20,32, -49.6774000000
2020,11,12,12,20,33, -49.0323000000
2020,11,12,12,20,33, -50.0000000000
2020,11,12,12,20,33, -49.6774000000
2020,11,12,12,20,33, -50.0000000000
2020,11,12,12,20,34, -46.7742000000
2020,11,12,12,20,34, -50.0000000000
2020,11,12,12,20,34, -47.0968000000
2020,11,12,12,20,34, -50.0000000000
2020,11,12,12,20,35, -50.0000000000
2020,11,12,12,20,35, -47.4194000000
2020,11,12,12,20,35, -50.0000000000
2020,11,12,12,20,35, -48.0645000000
2020,11,12,12,20,36, -50.0000000000
2020,11,12,12,20,36, -47.0968000000
2020,11,12,12,20,36, -50.0000000000
2020,11,12,12,20,36, -49.0323000000
2020,11,12,12,20,37, -49.0323000000
2020,11,12,12,20,37, -50.0000000000
2020,11,12,12,20,37, -48.0645000000
2020,11,12,12,20,38, -50.0000000000
2020,11,12,12,20,38, -47.7419000000
2020,11,12,12,20,38, -48.3871000000
2020,11,12,12,20,38, -50.0000000000
2020,11,12,12,20,39, -48.7097000000
2020,11,12,12,20,39, -50.0000000000
2020,11,12,12,20,39, -48.3871000000
2020,11,12,12,20,39, -50.0000000000
2020,11,12,12,20,40, -50.0000000000
2020,11,12,12,20,40, -47.4194000000
2020,11,12,12,20,40, -50.0000000000
2020,11,12,12,20,40, -46.7742000000
2020,11,12,12,20,41, -50.0000000000
2020,11,12,12,20,41, -48.3871000000
2020,11,12,12,20,41, -50.0000000000
2020,11,12,12,20,41, -50.0000000000
2020,11,12,12,20,42, -47.4194000000
2020,11,12,12,20,42, -50.0000000000
2020,11,12,12,20,42, -50.0000000000
2020,11,12,12,20,42, -50.0000000000
2020,11,12,12,20,43, -49.6774000000
2020,11,12,12,20,43, -48.3871000000
2020,11,12,12,20,43, -50.0000000000
2020,11,12,12,20,44, -49.6774000000
2020,11,12,12,20,44, -50.0000000000
2020,11,12,12,20,44, -47.7419000000
2020,11,12,12,20,44, -50.0000000000
2020,11,12,12,20,45, -48.0645000000
2020,11,12,12,20,45, -49.6774000000
2020,11,12,12,20,45, -50.0000000000
2020,11,12,12,20,45, -49.6774000000
2020,11,12,12,20,46, -50.0000000000
2020,11,12,12,20,46, -47.0968000000
2020,11,12,12,20,46, -50.0000000000
2020,11,12,12,20,46, -50.0000000000
2020,11,12,12,20,47, -47.7419000000
2020,11,12,12,20,47, -50.0000000000
2020,11,12,12,20,47, -48.3871000000
2020,11,12,12,20,47, -49.3548000000
2020,11,12,12,20,48, -50.0000000000
2020,11,12,12,20,48, -48.3871000000
2020,11,12,12,20,48, -50.0000000000
2020,11,12,12,20,48, -47.0968000000
2020,11,12,12,20,49, -50.0000000000
2020,11,12,12,20,49, -47.0968000000
2020,11,12,12,20,49, -50.0000000000
2020,11,12,12,20,49, -49.6774000000
2020,11,12,12,20,50, -48.7097000000
2020,11,12,12,20,50, -50.0000000000
2020,11,12,12,20,50, -48.0645000000
2020,11,12,12,20,50, -50.0000000000
