2020,9,21,14,24,1,   5.2320000000
2020,9,21,14,24,1,   5.2320000000
2020,9,21,14,24,1,   5.2320000000
2020,9,21,14,24,2,   5.2320000000
2020,9,21,14,24,2,   5.2360000000
2020,9,21,14,24,2,   5.2320000000
2020,9,21,14,24,2,   5.2320000000
2020,9,21,14,24,3,   5.2280000000
2020,9,21,14,24,3,   5.2360000000
2020,9,21,14,24,3,   5.2320000000
2020,9,21,14,24,3,   5.2320000000
2020,9,21,14,24,4,   5.2320000000
2020,9,21,14,24,4,   5.2200000000
2020,9,21,14,24,4,   5.2200000000
2020,9,21,14,24,4,   5.2320000000
2020,9,21,14,24,5,   5.2320000000
2020,9,21,14,24,5,   5.2320000000
2020,9,21,14,24,5,   5.2280000000
2020,9,21,14,24,6,   5.2320000000
2020,9,21,14,24,6,   5.2320000000
2020,9,21,14,24,6,   5.2320000000
2020,9,21,14,24,6,   5.2320000000
2020,9,21,14,24,7,   5.2280000000
2020,9,21,14,24,7,   5.2320000000
2020,9,21,14,24,7,   5.2320000000
2020,9,21,14,24,7,   5.2280000000
2020,9,21,14,24,8,   5.2320000000
2020,9,21,14,24,8,   5.2320000000
2020,9,21,14,24,8,   5.2320000000
2020,9,21,14,24,8,   5.2280000000
2020,9,21,14,24,9,   5.2320000000
2020,9,21,14,24,9,   5.2320000000
2020,9,21,14,24,9,   5.2320000000
2020,9,21,14,24,9,   5.2240000000
2020,9,21,14,24,10,   5.2240000000
2020,9,21,14,24,10,   5.2320000000
2020,9,21,14,24,10,   5.2280000000
2020,9,21,14,24,11,   5.2320000000
2020,9,21,14,24,11,   5.2360000000
2020,9,21,14,24,11,   5.2320000000
2020,9,21,14,24,11,   5.2280000000
2020,9,21,14,24,12,   5.2320000000
2020,9,21,14,24,12,   5.2360000000
2020,9,21,14,24,12,   5.2320000000
2020,9,21,14,24,12,   5.2320000000
2020,9,21,14,24,13,   5.2280000000
2020,9,21,14,24,13,   5.2320000000
2020,9,21,14,24,13,   5.2360000000
2020,9,21,14,24,13,   5.2360000000
2020,9,21,14,24,14,   5.2320000000
2020,9,21,14,24,14,   5.2320000000
2020,9,21,14,24,14,   5.2200000000
2020,9,21,14,24,15,   5.2200000000
2020,9,21,14,24,15,   5.2320000000
2020,9,21,14,24,15,   5.2320000000
2020,9,21,14,24,15,   5.2320000000
2020,9,21,14,24,16,   5.2320000000
2020,9,21,14,24,16,   5.2280000000
2020,9,21,14,24,16,   5.2360000000
2020,9,21,14,24,16,   5.2320000000
2020,9,21,14,24,17,   5.2280000000
2020,9,21,14,24,17,   5.2360000000
2020,9,21,14,24,17,   5.2360000000
2020,9,21,14,24,17,   5.2320000000
2020,9,21,14,24,18,   5.2240000000
2020,9,21,14,24,18,   5.2320000000
2020,9,21,14,24,18,   5.2320000000
2020,9,21,14,24,18,   5.2320000000
2020,9,21,14,24,19,   5.2320000000
2020,9,21,14,24,19,   5.2320000000
2020,9,21,14,24,19,   5.2360000000
2020,9,21,14,24,20,   5.2360000000
2020,9,21,14,24,20,   5.2120000000
2020,9,21,14,24,20,   5.2280000000
2020,9,21,14,24,20,   5.2360000000
2020,9,21,14,24,21,   5.2320000000
2020,9,21,14,24,21,   5.2320000000
2020,9,21,14,24,21,   5.2360000000
2020,9,21,14,24,21,   5.2320000000
2020,9,21,14,24,22,   5.2360000000
2020,9,21,14,24,22,   5.2320000000
2020,9,21,14,24,22,   5.2280000000
2020,9,21,14,24,23,   5.2320000000
2020,9,21,14,24,23,   5.2280000000
2020,9,21,14,24,23,   5.2320000000
2020,9,21,14,24,23,   5.2320000000
2020,9,21,14,24,24,   5.2280000000
2020,9,21,14,24,24,   5.2320000000
2020,9,21,14,24,24,   5.2320000000
2020,9,21,14,24,24,   5.2320000000
2020,9,21,14,24,25,   5.2320000000
2020,9,21,14,24,25,   5.2280000000
2020,9,21,14,24,25,   5.2120000000
2020,9,21,14,24,25,   5.2200000000
2020,9,21,14,24,26,   5.2320000000
2020,9,21,14,24,26,   5.2320000000
2020,9,21,14,24,26,   5.2320000000
2020,9,21,14,24,27,   5.2280000000
2020,9,21,14,24,27,   5.2320000000
2020,9,21,14,24,27,   5.2280000000
2020,9,21,14,24,27,   5.2320000000
2020,9,21,14,24,28,   5.2320000000
2020,9,21,14,24,28,   5.2320000000
2020,9,21,14,24,28,   5.2320000000
2020,9,21,14,24,28,   5.2280000000
2020,9,21,14,24,29,   5.2320000000
2020,9,21,14,24,29,   5.2320000000
2020,9,21,14,24,29,   5.2320000000
2020,9,21,14,24,29,   5.2320000000
2020,9,21,14,24,30,   5.2320000000
2020,9,21,14,24,30,   5.2320000000
2020,9,21,14,24,30,   5.2320000000
2020,9,21,14,24,30,   5.2320000000
2020,9,21,14,24,31,   5.2160000000
2020,9,21,14,24,31,   5.2160000000
2020,9,21,14,24,31,   5.2320000000
2020,9,21,14,24,32,   5.2320000000
2020,9,21,14,24,32,   5.2360000000
2020,9,21,14,24,32,   5.2360000000
2020,9,21,14,24,32,   5.2320000000
2020,9,21,14,24,33,   5.2320000000
2020,9,21,14,24,33,   5.2280000000
2020,9,21,14,24,33,   5.2320000000
2020,9,21,14,24,33,   5.2280000000
2020,9,21,14,24,34,   5.2280000000
2020,9,21,14,24,34,   5.2360000000
2020,9,21,14,24,34,   5.2320000000
2020,9,21,14,24,34,   5.2280000000
2020,9,21,14,24,35,   5.2280000000
2020,9,21,14,24,35,   5.2280000000
2020,9,21,14,24,35,   5.2320000000
2020,9,21,14,24,36,   5.2320000000
2020,9,21,14,24,36,   5.2360000000
2020,9,21,14,24,36,   5.2320000000
2020,9,21,14,24,36,   5.2200000000
2020,9,21,14,24,37,   5.2200000000
2020,9,21,14,24,37,   5.2240000000
2020,9,21,14,24,37,   5.2320000000
2020,9,21,14,24,37,   5.2320000000
2020,9,21,14,24,38,   5.2360000000
2020,9,21,14,24,38,   5.2320000000
2020,9,21,14,24,38,   5.2320000000
2020,9,21,14,24,38,   5.2320000000
2020,9,21,14,24,39,   5.2320000000
2020,9,21,14,24,39,   5.2320000000
2020,9,21,14,24,39,   5.2320000000
2020,9,21,14,24,39,   5.2320000000
2020,9,21,14,24,40,   5.2320000000
2020,9,21,14,24,40,   5.2320000000
2020,9,21,14,24,40,   5.2320000000
2020,9,21,14,24,40,   5.2280000000
2020,9,21,14,24,41,   5.2320000000
2020,9,21,14,24,41,   5.2320000000
2020,9,21,14,24,41,   5.2320000000
2020,9,21,14,24,42,   5.2320000000
2020,9,21,14,24,42,   5.2240000000
2020,9,21,14,24,42,   5.2120000000
2020,9,21,14,24,42,   5.2280000000
2020,9,21,14,24,43,   5.2320000000
2020,9,21,14,24,43,   5.2320000000
2020,9,21,14,24,43,   5.2360000000
2020,9,21,14,24,43,   5.2360000000
2020,9,21,14,24,44,   5.2320000000
2020,9,21,14,24,44,   5.2320000000
2020,9,21,14,24,44,   5.2320000000
2020,9,21,14,24,44,   5.2280000000
2020,9,21,14,24,45,   5.2320000000
2020,9,21,14,24,45,   5.2320000000
2020,9,21,14,24,45,   5.2320000000
2020,9,21,14,24,45,   5.2320000000
2020,9,21,14,24,46,   5.2320000000
2020,9,21,14,24,46,   5.2320000000
2020,9,21,14,24,46,   5.2280000000
2020,9,21,14,24,46,   5.2320000000
2020,9,21,14,24,47,   5.2320000000
2020,9,21,14,24,47,   5.2320000000
2020,9,21,14,24,47,   5.2320000000
2020,9,21,14,24,47,   5.2160000000
2020,9,21,14,24,48,   5.2200000000
2020,9,21,14,24,48,   5.2320000000
2020,9,21,14,24,48,   5.2320000000
2020,9,21,14,24,49,   5.2320000000
2020,9,21,14,24,49,   5.2320000000
2020,9,21,14,24,49,   5.2320000000
2020,9,21,14,24,49,   5.2320000000
2020,9,21,14,24,50,   5.2360000000
2020,9,21,14,24,50,   5.2360000000
2020,9,21,14,24,50,   5.2280000000
2020,9,21,14,24,50,   5.2320000000
2020,9,21,14,24,51,   5.2280000000
2020,9,21,14,24,51,   5.2320000000
2020,9,21,14,24,51,   5.2320000000
2020,9,21,14,24,51,   5.2320000000
2020,9,21,14,24,52,   5.2320000000
2020,9,21,14,24,52,   5.2320000000
2020,9,21,14,24,52,   5.2320000000
2020,9,21,14,24,52,   5.2320000000
2020,9,21,14,24,53,   5.2320000000
2020,9,21,14,24,53,   5.2200000000
2020,9,21,14,24,53,   5.2200000000
2020,9,21,14,24,53,   5.2320000000
2020,9,21,14,24,54,   5.2320000000
2020,9,21,14,24,54,   5.2320000000
2020,9,21,14,24,54,   5.2320000000
2020,9,21,14,24,54,   5.2280000000
2020,9,21,14,24,55,   5.2320000000
2020,9,21,14,24,55,   5.2320000000
2020,9,21,14,24,55,   5.2320000000
2020,9,21,14,24,56,   5.2280000000
2020,9,21,14,24,56,   5.2320000000
2020,9,21,14,24,56,   5.2360000000
2020,9,21,14,24,56,   5.2320000000
2020,9,21,14,24,57,   5.2280000000
2020,9,21,14,24,57,   5.2280000000
2020,9,21,14,24,57,   5.2280000000
2020,9,21,14,24,57,   5.2320000000
2020,9,21,14,24,58,   5.2320000000
2020,9,21,14,24,58,   5.2280000000
2020,9,21,14,24,58,   5.2280000000
2020,9,21,14,24,58,   5.2200000000
2020,9,21,14,24,59,   5.2280000000
2020,9,21,14,24,59,   5.2320000000
2020,9,21,14,24,59,   5.2320000000
2020,9,21,14,24,59,   5.2320000000
2020,9,21,14,25,0,   5.2320000000
2020,9,21,14,25,0,   5.2320000000
2020,9,21,14,25,0,   5.2320000000
2020,9,21,14,25,0,   5.2320000000
2020,9,21,14,25,1,   5.2320000000
2020,9,21,14,25,1,   5.2280000000
2020,9,21,14,25,1,   5.2280000000
2020,9,21,14,25,2,   5.2320000000
2020,9,21,14,25,2,   5.2320000000
2020,9,21,14,25,2,   5.2320000000
2020,9,21,14,25,2,   5.2320000000
2020,9,21,14,25,3,   5.2320000000
2020,9,21,14,25,3,   5.2360000000
2020,9,21,14,25,3,   5.2320000000
2020,9,21,14,25,3,   5.2320000000
2020,9,21,14,25,4,   5.2360000000
2020,9,21,14,25,4,   5.1400000000
2020,9,21,14,25,4,   5.2200000000
2020,9,21,14,25,4,   5.2280000000
2020,9,21,14,25,5,   5.2360000000
2020,9,21,14,25,5,   5.2320000000
2020,9,21,14,25,5,   5.2320000000
2020,9,21,14,25,5,   5.2320000000
2020,9,21,14,25,6,   5.2320000000
2020,9,21,14,25,6,   5.2320000000
2020,9,21,14,25,6,   5.2320000000
2020,9,21,14,25,7,   5.2280000000
2020,9,21,14,25,7,   5.2320000000
2020,9,21,14,25,7,   5.2320000000
2020,9,21,14,25,7,   5.2320000000
2020,9,21,14,25,8,   5.2280000000
2020,9,21,14,25,8,   5.2320000000
2020,9,21,14,25,8,   5.2280000000
2020,9,21,14,25,8,   5.2320000000
2020,9,21,14,25,9,   5.2320000000
2020,9,21,14,25,9,   5.2200000000
2020,9,21,14,25,9,   5.2320000000
2020,9,21,14,25,9,   5.2320000000
2020,9,21,14,25,10,   5.2240000000
2020,9,21,14,25,10,   5.1000000000
2020,9,21,14,25,10,   5.2320000000
2020,9,21,14,25,10,   5.2320000000
2020,9,21,14,25,11,   5.2280000000
2020,9,21,14,25,11,   5.2320000000
2020,9,21,14,25,11,   5.2360000000
2020,9,21,14,25,11,   5.2320000000
2020,9,21,14,25,12,   5.2320000000
2020,9,21,14,25,12,   5.2360000000
2020,9,21,14,25,12,   5.2320000000
2020,9,21,14,25,12,   5.2320000000
2020,9,21,14,25,13,   5.2320000000
2020,9,21,14,25,13,   5.2360000000
2020,9,21,14,25,13,   5.2320000000
2020,9,21,14,25,14,   5.2320000000
2020,9,21,14,25,14,   5.2320000000
2020,9,21,14,25,14,   5.2320000000
2020,9,21,14,25,14,   5.2200000000
2020,9,21,14,25,15,   5.2160000000
2020,9,21,14,25,15,   5.2280000000
2020,9,21,14,25,15,   5.2320000000
2020,9,21,14,25,15,   5.2320000000
2020,9,21,14,25,16,   5.2280000000
2020,9,21,14,25,16,   5.2320000000
2020,9,21,14,25,16,   5.2320000000
2020,9,21,14,25,16,   5.2320000000
2020,9,21,14,25,17,   5.2320000000
2020,9,21,14,25,17,   5.2320000000
2020,9,21,14,25,17,   5.2280000000
2020,9,21,14,25,17,   5.2280000000
2020,9,21,14,25,18,   5.2320000000
2020,9,21,14,25,18,   5.2320000000
2020,9,21,14,25,18,   5.2320000000
2020,9,21,14,25,18,   5.2320000000
2020,9,21,14,25,19,   5.2280000000
2020,9,21,14,25,19,   5.2320000000
2020,9,21,14,25,19,   5.2320000000
2020,9,21,14,25,19,   5.2320000000
2020,9,21,14,25,20,   5.2200000000
2020,9,21,14,25,20,   5.2240000000
2020,9,21,14,25,20,   5.2320000000
2020,9,21,14,25,21,   5.2360000000
2020,9,21,14,25,21,   5.2320000000
2020,9,21,14,25,21,   5.2320000000
2020,9,21,14,25,21,   5.2320000000
2020,9,21,14,25,22,   5.2320000000
2020,9,21,14,25,22,   5.2320000000
2020,9,21,14,25,22,   5.2280000000
2020,9,21,14,25,22,   5.2320000000
2020,9,21,14,25,23,   5.2280000000
2020,9,21,14,25,23,   5.2320000000
2020,9,21,14,25,23,   5.2320000000
2020,9,21,14,25,23,   5.2320000000
2020,9,21,14,25,24,   5.2320000000
2020,9,21,14,25,24,   5.2320000000
2020,9,21,14,25,24,   5.2280000000
2020,9,21,14,25,24,   5.2320000000
2020,9,21,14,25,25,   5.2280000000
2020,9,21,14,25,25,   5.2320000000
2020,9,21,14,25,25,   5.2240000000
2020,9,21,14,25,25,   5.2200000000
2020,9,21,14,25,26,   5.2280000000
2020,9,21,14,25,26,   5.2320000000
2020,9,21,14,25,26,   5.2360000000
2020,9,21,14,25,27,   5.2280000000
2020,9,21,14,25,27,   5.2280000000
2020,9,21,14,25,27,   5.2320000000
2020,9,21,14,25,27,   5.2320000000
2020,9,21,14,25,28,   5.2280000000
2020,9,21,14,25,28,   5.2320000000
2020,9,21,14,25,28,   5.2320000000
2020,9,21,14,25,28,   5.2320000000
2020,9,21,14,25,29,   5.2280000000
2020,9,21,14,25,29,   5.2320000000
2020,9,21,14,25,29,   5.2320000000
2020,9,21,14,25,29,   5.2320000000
2020,9,21,14,25,30,   5.2320000000
2020,9,21,14,25,30,   5.2320000000
2020,9,21,14,25,30,   5.2320000000
2020,9,21,14,25,30,   5.2280000000
2020,9,21,14,25,31,   5.2200000000
2020,9,21,14,25,31,   5.2160000000
2020,9,21,14,25,31,   5.2240000000
2020,9,21,14,25,32,   5.2280000000
2020,9,21,14,25,32,   5.2320000000
2020,9,21,14,25,32,   5.2320000000
2020,9,21,14,25,32,   5.2320000000
2020,9,21,14,25,33,   5.2240000000
2020,9,21,14,25,33,   5.2320000000
2020,9,21,14,25,33,   5.2320000000
2020,9,21,14,25,33,   5.2320000000
2020,9,21,14,25,34,   5.2320000000
2020,9,21,14,25,34,   5.2320000000
2020,9,21,14,25,34,   5.2280000000
2020,9,21,14,25,34,   5.2280000000
2020,9,21,14,25,35,   5.2320000000
2020,9,21,14,25,35,   5.2320000000
2020,9,21,14,25,35,   5.2280000000
2020,9,21,14,25,35,   5.2320000000
2020,9,21,14,25,36,   5.2280000000
2020,9,21,14,25,36,   5.2320000000
2020,9,21,14,25,36,   5.2200000000
2020,9,21,14,25,36,   5.2200000000
2020,9,21,14,25,37,   5.2280000000
2020,9,21,14,25,37,   5.2280000000
2020,9,21,14,25,37,   5.2320000000
2020,9,21,14,25,38,   5.2320000000
2020,9,21,14,25,38,   5.2320000000
2020,9,21,14,25,38,   5.2320000000
2020,9,21,14,25,38,   5.2320000000
2020,9,21,14,25,39,   5.2320000000
2020,9,21,14,25,39,   5.2280000000
2020,9,21,14,25,39,   5.2280000000
2020,9,21,14,25,39,   5.2280000000
2020,9,21,14,25,40,   5.2320000000
2020,9,21,14,25,40,   5.2320000000
2020,9,21,14,25,40,   5.2320000000
2020,9,21,14,25,40,   5.2320000000
2020,9,21,14,25,41,   5.2320000000
2020,9,21,14,25,41,   5.2320000000
2020,9,21,14,25,41,   5.2280000000
2020,9,21,14,25,42,   5.2280000000
2020,9,21,14,25,42,   5.2160000000
2020,9,21,14,25,42,   5.2240000000
2020,9,21,14,25,42,   5.2320000000
2020,9,21,14,25,43,   5.2280000000
2020,9,21,14,25,43,   5.2320000000
2020,9,21,14,25,43,   5.2280000000
2020,9,21,14,25,43,   5.2280000000
2020,9,21,14,25,44,   5.2280000000
2020,9,21,14,25,44,   5.2280000000
2020,9,21,14,25,44,   5.2320000000
2020,9,21,14,25,44,   5.2320000000
2020,9,21,14,25,45,   5.2320000000
2020,9,21,14,25,45,   5.2280000000
2020,9,21,14,25,45,   5.2320000000
2020,9,21,14,25,46,   5.2320000000
2020,9,21,14,25,46,   5.2280000000
2020,9,21,14,25,46,   5.2320000000
2020,9,21,14,25,46,   5.2280000000
2020,9,21,14,25,47,   5.2280000000
2020,9,21,14,25,47,   5.2280000000
2020,9,21,14,25,47,   5.2320000000
2020,9,21,14,25,47,   5.2200000000
2020,9,21,14,25,48,   5.2200000000
2020,9,21,14,25,48,   5.2280000000
2020,9,21,14,25,48,   5.2280000000
2020,9,21,14,25,48,   5.2280000000
2020,9,21,14,25,49,   5.2320000000
2020,9,21,14,25,49,   5.2280000000
2020,9,21,14,25,49,   5.2200000000
2020,9,21,14,25,49,   5.2320000000
2020,9,21,14,25,50,   5.2320000000
2020,9,21,14,25,50,   5.2320000000
2020,9,21,14,25,50,   5.2320000000
2020,9,21,14,25,50,   5.2320000000
2020,9,21,14,25,51,   5.2320000000
2020,9,21,14,25,51,   5.2320000000
2020,9,21,14,25,51,   5.2320000000
2020,9,21,14,25,52,   5.2320000000
2020,9,21,14,25,52,   5.2280000000
2020,9,21,14,25,52,   5.2280000000
2020,9,21,14,25,52,   5.2320000000
2020,9,21,14,25,53,   5.2280000000
2020,9,21,14,25,53,   5.2200000000
2020,9,21,14,25,53,   5.2240000000
2020,9,21,14,25,53,   5.2280000000
2020,9,21,14,25,54,   5.2280000000
2020,9,21,14,25,54,   5.2320000000
2020,9,21,14,25,54,   5.2320000000
2020,9,21,14,25,54,   5.2320000000
2020,9,21,14,25,55,   5.2320000000
2020,9,21,14,25,55,   5.2280000000
2020,9,21,14,25,55,   5.2280000000
2020,9,21,14,25,56,   5.2320000000
2020,9,21,14,25,56,   5.2280000000
2020,9,21,14,25,56,   5.2320000000
2020,9,21,14,25,56,   5.2280000000
2020,9,21,14,25,57,   5.2320000000
2020,9,21,14,25,57,   5.2280000000
2020,9,21,14,25,57,   5.2360000000
2020,9,21,14,25,57,   5.2320000000
2020,9,21,14,25,58,   5.2320000000
2020,9,21,14,25,58,   5.2280000000
2020,9,21,14,25,58,   5.2320000000
2020,9,21,14,25,58,   5.2160000000
2020,9,21,14,25,59,   5.2160000000
2020,9,21,14,25,59,   5.2280000000
2020,9,21,14,25,59,   5.2000000000
2020,9,21,14,26,0,   5.2280000000
2020,9,21,14,26,0,   5.2320000000
2020,9,21,14,26,0,   5.2280000000
2020,9,21,14,26,0,   5.2320000000
2020,9,21,14,26,1,   5.2320000000
2020,9,21,14,26,1,   5.2320000000
2020,9,21,14,26,1,   5.2280000000
2020,9,21,14,26,1,   5.2320000000
2020,9,21,14,26,2,   5.2280000000
2020,9,21,14,26,2,   5.2320000000
2020,9,21,14,26,2,   5.2280000000
2020,9,21,14,26,2,   5.2320000000
2020,9,21,14,26,3,   5.2320000000
2020,9,21,14,26,3,   5.2320000000
2020,9,21,14,26,3,   5.2360000000
2020,9,21,14,26,3,   5.2320000000
2020,9,21,14,26,4,   5.2320000000
2020,9,21,14,26,4,   5.2280000000
2020,9,21,14,26,4,   5.0960000000
2020,9,21,14,26,5,   5.2320000000
2020,9,21,14,26,5,   5.2320000000
2020,9,21,14,26,5,   5.2280000000
2020,9,21,14,26,5,   5.2320000000
2020,9,21,14,26,6,   5.2320000000
2020,9,21,14,26,6,   5.2320000000
2020,9,21,14,26,6,   5.2280000000
2020,9,21,14,26,6,   5.2240000000
2020,9,21,14,26,7,   5.2280000000
2020,9,21,14,26,7,   5.2280000000
2020,9,21,14,26,7,   5.2280000000
2020,9,21,14,26,7,   5.2280000000
2020,9,21,14,26,8,   5.2280000000
2020,9,21,14,26,8,   5.2280000000
2020,9,21,14,26,8,   5.2280000000
2020,9,21,14,26,8,   5.2280000000
2020,9,21,14,26,9,   5.2320000000
2020,9,21,14,26,9,   5.2280000000
2020,9,21,14,26,9,   5.2320000000
2020,9,21,14,26,9,   5.2240000000
2020,9,21,14,26,10,   5.2240000000
2020,9,21,14,26,10,   5.2320000000
2020,9,21,14,26,10,   5.2320000000
2020,9,21,14,26,11,   5.2320000000
2020,9,21,14,26,11,   5.2280000000
2020,9,21,14,26,11,   5.2320000000
2020,9,21,14,26,11,   5.2360000000
2020,9,21,14,26,12,   5.2320000000
2020,9,21,14,26,12,   5.2320000000
2020,9,21,14,26,12,   5.2320000000
2020,9,21,14,26,12,   5.2320000000
2020,9,21,14,26,13,   5.2320000000
2020,9,21,14,26,13,   5.2320000000
2020,9,21,14,26,13,   5.2320000000
2020,9,21,14,26,13,   5.2320000000
2020,9,21,14,26,14,   5.2320000000
2020,9,21,14,26,14,   5.2280000000
2020,9,21,14,26,14,   5.2160000000
2020,9,21,14,26,14,   5.2200000000
2020,9,21,14,26,15,   5.2280000000
2020,9,21,14,26,15,   5.2320000000
2020,9,21,14,26,15,   5.2360000000
2020,9,21,14,26,15,   5.2320000000
2020,9,21,14,26,16,   5.2280000000
2020,9,21,14,26,16,   5.2320000000
2020,9,21,14,26,16,   5.2320000000
2020,9,21,14,26,16,   5.2320000000
2020,9,21,14,26,17,   5.2320000000
2020,9,21,14,26,17,   5.2280000000
2020,9,21,14,26,17,   5.2320000000
2020,9,21,14,26,18,   5.2320000000
2020,9,21,14,26,18,   5.2280000000
2020,9,21,14,26,18,   5.2320000000
2020,9,21,14,26,18,   5.2320000000
2020,9,21,14,26,19,   5.2280000000
2020,9,21,14,26,19,   5.2320000000
2020,9,21,14,26,19,   5.2320000000
2020,9,21,14,26,19,   5.2320000000
2020,9,21,14,26,20,   5.1160000000
2020,9,21,14,26,20,   5.2160000000
2020,9,21,14,26,20,   5.2280000000
2020,9,21,14,26,20,   5.2280000000
2020,9,21,14,26,21,   5.2280000000
2020,9,21,14,26,21,   5.2320000000
2020,9,21,14,26,21,   5.2320000000
2020,9,21,14,26,21,   5.2320000000
2020,9,21,14,26,22,   5.2320000000
2020,9,21,14,26,22,   5.2240000000
2020,9,21,14,26,22,   5.2280000000
2020,9,21,14,26,23,   5.2280000000
2020,9,21,14,26,23,   5.2240000000
2020,9,21,14,26,23,   5.2320000000
2020,9,21,14,26,23,   5.2280000000
2020,9,21,14,26,24,   5.2280000000
2020,9,21,14,26,24,   5.2280000000
2020,9,21,14,26,24,   5.2320000000
2020,9,21,14,26,24,   5.2320000000
2020,9,21,14,26,25,   5.2320000000
2020,9,21,14,26,25,   5.2320000000
2020,9,21,14,26,25,   5.2240000000
2020,9,21,14,26,25,   5.2160000000
2020,9,21,14,26,26,   5.2320000000
2020,9,21,14,26,26,   5.2280000000
2020,9,21,14,26,26,   5.2320000000
2020,9,21,14,26,27,   5.2280000000
2020,9,21,14,26,27,   5.2320000000
2020,9,21,14,26,27,   5.2320000000
2020,9,21,14,26,27,   5.2320000000
2020,9,21,14,26,28,   5.2280000000
2020,9,21,14,26,28,   5.2360000000
2020,9,21,14,26,28,   5.2320000000
2020,9,21,14,26,28,   5.2320000000
2020,9,21,14,26,29,   5.2280000000
2020,9,21,14,26,29,   5.2320000000
2020,9,21,14,26,29,   5.2280000000
2020,9,21,14,26,29,   5.2240000000
2020,9,21,14,26,30,   5.2320000000
2020,9,21,14,26,30,   5.2320000000
2020,9,21,14,26,30,   5.2280000000
2020,9,21,14,26,31,   5.2320000000
2020,9,21,14,26,31,   5.2160000000
2020,9,21,14,26,31,   5.2160000000
2020,9,21,14,26,31,   5.2320000000
2020,9,21,14,26,32,   5.2280000000
2020,9,21,14,26,32,   5.2320000000
2020,9,21,14,26,32,   5.2280000000
2020,9,21,14,26,32,   5.2320000000
2020,9,21,14,26,33,   5.2280000000
2020,9,21,14,26,33,   5.2280000000
2020,9,21,14,26,33,   5.2320000000
2020,9,21,14,26,33,   5.2280000000
2020,9,21,14,26,34,   5.2280000000
2020,9,21,14,26,34,   5.2320000000
2020,9,21,14,26,34,   5.2280000000
2020,9,21,14,26,35,   5.2080000000
2020,9,21,14,26,35,   5.2320000000
2020,9,21,14,26,35,   5.2320000000
2020,9,21,14,26,35,   5.2280000000
2020,9,21,14,26,36,   5.2320000000
2020,9,21,14,26,36,   5.2280000000
2020,9,21,14,26,36,   5.2320000000
2020,9,21,14,26,36,   5.2120000000
2020,9,21,14,26,37,   5.2200000000
2020,9,21,14,26,37,   5.2320000000
2020,9,21,14,26,37,   5.2320000000
2020,9,21,14,26,37,   5.2320000000
2020,9,21,14,26,38,   5.2280000000
2020,9,21,14,26,38,   5.2320000000
2020,9,21,14,26,38,   5.2280000000
2020,9,21,14,26,38,   5.2280000000
2020,9,21,14,26,39,   5.2280000000
2020,9,21,14,26,39,   5.2320000000
2020,9,21,14,26,39,   5.2280000000
2020,9,21,14,26,40,   5.2120000000
2020,9,21,14,26,40,   5.2280000000
2020,9,21,14,26,40,   5.2360000000
2020,9,21,14,26,40,   5.2320000000
2020,9,21,14,26,41,   5.2320000000
2020,9,21,14,26,41,   5.2320000000
2020,9,21,14,26,41,   5.2320000000
2020,9,21,14,26,41,   5.2320000000
2020,9,21,14,26,42,   5.2280000000
2020,9,21,14,26,42,   5.2200000000
2020,9,21,14,26,42,   5.2200000000
2020,9,21,14,26,42,   5.2320000000
2020,9,21,14,26,43,   5.2320000000
2020,9,21,14,26,43,   5.2320000000
2020,9,21,14,26,43,   5.2360000000
2020,9,21,14,26,44,   5.2320000000
2020,9,21,14,26,44,   5.2320000000
2020,9,21,14,26,44,   5.2280000000
2020,9,21,14,26,44,   5.2240000000
2020,9,21,14,26,45,   5.2280000000
2020,9,21,14,26,45,   5.2320000000
2020,9,21,14,26,45,   5.2240000000
2020,9,21,14,26,45,   5.2360000000
2020,9,21,14,26,46,   5.2320000000
2020,9,21,14,26,46,   5.2360000000
2020,9,21,14,26,46,   5.2360000000
2020,9,21,14,26,46,   5.2280000000
2020,9,21,14,26,47,   5.2320000000
2020,9,21,14,26,47,   5.2320000000
2020,9,21,14,26,47,   5.2160000000
2020,9,21,14,26,48,   5.2200000000
2020,9,21,14,26,48,   5.2280000000
2020,9,21,14,26,48,   5.2320000000
2020,9,21,14,26,48,   5.2280000000
2020,9,21,14,26,49,   5.2280000000
2020,9,21,14,26,49,   5.2280000000
2020,9,21,14,26,49,   5.2280000000
2020,9,21,14,26,49,   5.2320000000
2020,9,21,14,26,50,   5.2320000000
2020,9,21,14,26,50,   5.2320000000
2020,9,21,14,26,50,   5.2320000000
2020,9,21,14,26,50,   5.2320000000
2020,9,21,14,26,51,   5.2280000000
2020,9,21,14,26,51,   5.2280000000
2020,9,21,14,26,51,   5.2320000000
2020,9,21,14,26,51,   5.2320000000
2020,9,21,14,26,52,   5.2320000000
2020,9,21,14,26,52,   5.2320000000
2020,9,21,14,26,52,   5.2280000000
2020,9,21,14,26,53,   5.2320000000
2020,9,21,14,26,53,   5.2280000000
2020,9,21,14,26,53,   5.2160000000
2020,9,21,14,26,53,   5.2280000000
2020,9,21,14,26,54,   5.2320000000
2020,9,21,14,26,54,   5.2320000000
2020,9,21,14,26,54,   5.2320000000
2020,9,21,14,26,54,   5.2320000000
2020,9,21,14,26,55,   5.2280000000
2020,9,21,14,26,55,   5.2280000000
2020,9,21,14,26,55,   5.2320000000
2020,9,21,14,26,55,   5.2280000000
2020,9,21,14,26,56,   5.2280000000
2020,9,21,14,26,56,   5.2320000000
2020,9,21,14,26,56,   5.2320000000
2020,9,21,14,26,56,   5.2280000000
2020,9,21,14,26,57,   5.2320000000
2020,9,21,14,26,57,   5.2320000000
2020,9,21,14,26,57,   5.2320000000
2020,9,21,14,26,58,   5.2320000000
2020,9,21,14,26,58,   5.2320000000
2020,9,21,14,26,58,   5.2280000000
2020,9,21,14,26,58,   5.2360000000
2020,9,21,14,26,59,   5.2240000000
2020,9,21,14,26,59,   5.2160000000
2020,9,21,14,26,59,   5.2280000000
2020,9,21,14,26,59,   5.2320000000
2020,9,21,14,27,0,   5.2280000000
2020,9,21,14,27,0,   5.2280000000
2020,9,21,14,27,0,   5.2320000000
2020,9,21,14,27,0,   5.2320000000
2020,9,21,14,27,1,   5.2320000000
2020,9,21,14,27,1,   5.2280000000
2020,9,21,14,27,1,   5.2280000000
2020,9,21,14,27,2,   5.2320000000
2020,9,21,14,27,2,   5.2320000000
2020,9,21,14,27,2,   5.2320000000
2020,9,21,14,27,2,   5.2320000000
2020,9,21,14,27,3,   5.2320000000
2020,9,21,14,27,3,   5.2280000000
2020,9,21,14,27,3,   5.2280000000
2020,9,21,14,27,3,   5.2320000000
2020,9,21,14,27,4,   5.2320000000
2020,9,21,14,27,4,   5.2280000000
2020,9,21,14,27,4,   5.2240000000
2020,9,21,14,27,4,   5.2280000000
2020,9,21,14,27,5,   5.2280000000
2020,9,21,14,27,5,   5.2280000000
2020,9,21,14,27,5,   5.2320000000
2020,9,21,14,27,5,   5.2320000000
2020,9,21,14,27,6,   5.2320000000
2020,9,21,14,27,6,   5.2360000000
2020,9,21,14,27,6,   5.2320000000
2020,9,21,14,27,7,   5.2280000000
2020,9,21,14,27,7,   5.2320000000
2020,9,21,14,27,7,   5.2320000000
2020,9,21,14,27,7,   5.2320000000
2020,9,21,14,27,8,   5.2280000000
2020,9,21,14,27,8,   5.2320000000
2020,9,21,14,27,8,   5.2360000000
2020,9,21,14,27,8,   5.2320000000
2020,9,21,14,27,9,   5.2320000000
2020,9,21,14,27,9,   5.2360000000
2020,9,21,14,27,9,   5.2320000000
2020,9,21,14,27,9,   5.2320000000
2020,9,21,14,27,10,   5.2080000000
2020,9,21,14,27,10,   5.2280000000
2020,9,21,14,27,10,   5.2320000000
2020,9,21,14,27,10,   5.2320000000
2020,9,21,14,27,11,   5.2320000000
2020,9,21,14,27,11,   5.2280000000
2020,9,21,14,27,11,   5.2240000000
2020,9,21,14,27,12,   5.2240000000
2020,9,21,14,27,12,   5.2320000000
2020,9,21,14,27,12,   5.2320000000
2020,9,21,14,27,12,   5.2280000000
2020,9,21,14,27,13,   5.2320000000
2020,9,21,14,27,13,   5.2280000000
2020,9,21,14,27,13,   5.2280000000
2020,9,21,14,27,13,   5.2280000000
2020,9,21,14,27,14,   5.2320000000
2020,9,21,14,27,14,   5.2320000000
2020,9,21,14,27,14,   5.2200000000
2020,9,21,14,27,14,   5.2160000000
2020,9,21,14,27,15,   5.2320000000
2020,9,21,14,27,15,   5.2320000000
2020,9,21,14,27,15,   5.2320000000
2020,9,21,14,27,16,   5.2320000000
2020,9,21,14,27,16,   5.2240000000
2020,9,21,14,27,16,   5.2280000000
2020,9,21,14,27,16,   5.2320000000
2020,9,21,14,27,17,   5.2320000000
2020,9,21,14,27,17,   5.2320000000
2020,9,21,14,27,17,   5.2320000000
2020,9,21,14,27,17,   5.2320000000
2020,9,21,14,27,18,   5.2280000000
2020,9,21,14,27,18,   5.2320000000
2020,9,21,14,27,18,   5.2280000000
2020,9,21,14,27,18,   5.2320000000
2020,9,21,14,27,19,   5.2280000000
2020,9,21,14,27,19,   5.2280000000
2020,9,21,14,27,19,   5.2280000000
2020,9,21,14,27,19,   5.2320000000
2020,9,21,14,27,20,   5.2240000000
2020,9,21,14,27,20,   5.0960000000
2020,9,21,14,27,20,   5.2280000000
2020,9,21,14,27,20,   5.2320000000
2020,9,21,14,27,21,   5.2320000000
2020,9,21,14,27,21,   5.2320000000
2020,9,21,14,27,21,   5.2320000000
2020,9,21,14,27,22,   5.2280000000
2020,9,21,14,27,22,   5.2280000000
2020,9,21,14,27,22,   5.2320000000
2020,9,21,14,27,22,   5.2280000000
2020,9,21,14,27,23,   5.2320000000
2020,9,21,14,27,23,   5.2320000000
2020,9,21,14,27,23,   5.2320000000
2020,9,21,14,27,23,   5.2320000000
2020,9,21,14,27,24,   5.2280000000
2020,9,21,14,27,24,   5.2280000000
2020,9,21,14,27,24,   5.2320000000
2020,9,21,14,27,24,   5.2360000000
2020,9,21,14,27,25,   5.2320000000
2020,9,21,14,27,25,   5.2280000000
2020,9,21,14,27,25,   5.2320000000
2020,9,21,14,27,25,   5.2200000000
2020,9,21,14,27,26,   5.2160000000
2020,9,21,14,27,26,   5.2320000000
2020,9,21,14,27,26,   5.2320000000
2020,9,21,14,27,26,   5.2320000000
2020,9,21,14,27,27,   5.2320000000
2020,9,21,14,27,27,   5.2280000000
2020,9,21,14,27,27,   5.2280000000
2020,9,21,14,27,27,   5.2320000000
2020,9,21,14,27,28,   5.2360000000
2020,9,21,14,27,28,   5.2320000000
2020,9,21,14,27,28,   5.2320000000
2020,9,21,14,27,29,   5.2320000000
2020,9,21,14,27,29,   5.2320000000
2020,9,21,14,27,29,   5.2320000000
2020,9,21,14,27,29,   5.2320000000
2020,9,21,14,27,30,   5.2320000000
2020,9,21,14,27,30,   5.2320000000
2020,9,21,14,27,30,   5.2280000000
2020,9,21,14,27,30,   5.2280000000
2020,9,21,14,27,31,   5.2280000000
2020,9,21,14,27,31,   5.2200000000
2020,9,21,14,27,31,   5.2160000000
2020,9,21,14,27,31,   5.2320000000
2020,9,21,14,27,32,   5.2320000000
2020,9,21,14,27,32,   5.2320000000
2020,9,21,14,27,32,   5.2280000000
2020,9,21,14,27,32,   5.2280000000
2020,9,21,14,27,33,   5.2320000000
2020,9,21,14,27,33,   5.2320000000
2020,9,21,14,27,33,   5.2320000000
2020,9,21,14,27,33,   5.2320000000
2020,9,21,14,27,34,   5.2320000000
2020,9,21,14,27,34,   5.2320000000
2020,9,21,14,27,34,   5.2280000000
2020,9,21,14,27,35,   5.2320000000
2020,9,21,14,27,35,   5.2360000000
2020,9,21,14,27,35,   5.2200000000
2020,9,21,14,27,35,   5.2320000000
2020,9,21,14,27,36,   5.2320000000
2020,9,21,14,27,36,   5.2280000000
2020,9,21,14,27,36,   5.2320000000
2020,9,21,14,27,36,   5.2160000000
2020,9,21,14,27,37,   5.2080000000
2020,9,21,14,27,37,   5.2280000000
2020,9,21,14,27,37,   5.2280000000
2020,9,21,14,27,37,   5.2280000000
2020,9,21,14,27,38,   5.2280000000
2020,9,21,14,27,38,   5.2320000000
2020,9,21,14,27,38,   5.2320000000
2020,9,21,14,27,38,   5.2320000000
2020,9,21,14,27,39,   5.2280000000
2020,9,21,14,27,39,   5.2280000000
2020,9,21,14,27,39,   5.2280000000
2020,9,21,14,27,40,   5.2280000000
2020,9,21,14,27,40,   5.2320000000
2020,9,21,14,27,40,   5.2200000000
2020,9,21,14,27,40,   5.2280000000
2020,9,21,14,27,41,   5.2320000000
2020,9,21,14,27,41,   5.2320000000
2020,9,21,14,27,41,   5.2320000000
2020,9,21,14,27,41,   5.2320000000
2020,9,21,14,27,42,   5.2280000000
2020,9,21,14,27,42,   5.0960000000
2020,9,21,14,27,42,   5.1320000000
2020,9,21,14,27,42,   5.2280000000
2020,9,21,14,27,43,   5.2280000000
2020,9,21,14,27,43,   5.2320000000
2020,9,21,14,27,43,   5.2280000000
2020,9,21,14,27,44,   5.2320000000
2020,9,21,14,27,44,   5.2280000000
2020,9,21,14,27,44,   5.2240000000
2020,9,21,14,27,44,   5.2280000000
2020,9,21,14,27,45,   5.2320000000
2020,9,21,14,27,45,   5.2320000000
2020,9,21,14,27,45,   5.2280000000
2020,9,21,14,27,45,   5.2280000000
2020,9,21,14,27,46,   5.2280000000
2020,9,21,14,27,46,   5.2320000000
2020,9,21,14,27,46,   5.2320000000
2020,9,21,14,27,46,   5.2280000000
2020,9,21,14,27,47,   5.2280000000
2020,9,21,14,27,47,   5.2320000000
2020,9,21,14,27,47,   5.2320000000
2020,9,21,14,27,47,   5.2160000000
2020,9,21,14,27,48,   5.2200000000
2020,9,21,14,27,48,   5.2320000000
2020,9,21,14,27,48,   5.2320000000
2020,9,21,14,27,48,   5.2280000000
2020,9,21,14,27,49,   5.2320000000
2020,9,21,14,27,49,   5.2320000000
2020,9,21,14,27,49,   5.2280000000
2020,9,21,14,27,50,   5.2320000000
2020,9,21,14,27,50,   5.2320000000
2020,9,21,14,27,50,   5.2280000000
2020,9,21,14,27,50,   5.2320000000
2020,9,21,14,27,51,   5.2320000000
2020,9,21,14,27,51,   5.2320000000
2020,9,21,14,27,51,   5.2320000000
2020,9,21,14,27,51,   5.2280000000
2020,9,21,14,27,52,   5.2320000000
2020,9,21,14,27,52,   5.2320000000
2020,9,21,14,27,52,   5.2320000000
2020,9,21,14,27,52,   5.2280000000
2020,9,21,14,27,53,   5.2320000000
2020,9,21,14,27,53,   5.2200000000
2020,9,21,14,27,53,   5.1960000000
2020,9,21,14,27,53,   5.2240000000
2020,9,21,14,27,54,   5.2320000000
2020,9,21,14,27,54,   5.2320000000
2020,9,21,14,27,54,   5.2320000000
2020,9,21,14,27,55,   5.2320000000
2020,9,21,14,27,55,   5.2320000000
2020,9,21,14,27,55,   5.2280000000
2020,9,21,14,27,55,   5.2320000000
2020,9,21,14,27,56,   5.2320000000
2020,9,21,14,27,56,   5.2320000000
2020,9,21,14,27,56,   5.2280000000
2020,9,21,14,27,56,   5.2320000000
2020,9,21,14,27,57,   5.2280000000
2020,9,21,14,27,57,   5.2280000000
2020,9,21,14,27,57,   5.2320000000
2020,9,21,14,27,57,   5.2320000000
2020,9,21,14,27,58,   5.2280000000
2020,9,21,14,27,58,   5.2280000000
2020,9,21,14,27,58,   5.2320000000
2020,9,21,14,27,58,   5.2240000000
2020,9,21,14,27,59,   5.2200000000
2020,9,21,14,27,59,   5.2240000000
2020,9,21,14,27,59,   5.2320000000
2020,9,21,14,27,59,   5.2280000000
2020,9,21,14,28,0,   5.2240000000
2020,9,21,14,28,0,   5.2320000000
2020,9,21,14,28,0,   5.2360000000
2020,9,21,14,28,1,   5.2320000000
2020,9,21,14,28,1,   5.2320000000
2020,9,21,14,28,1,   5.2360000000
2020,9,21,14,28,1,   5.2360000000
2020,9,21,14,28,2,   5.2280000000
2020,9,21,14,28,2,   5.2320000000
2020,9,21,14,28,2,   5.2320000000
2020,9,21,14,28,2,   5.2360000000
2020,9,21,14,28,3,   5.2320000000
2020,9,21,14,28,3,   5.2280000000
2020,9,21,14,28,3,   5.2320000000
2020,9,21,14,28,3,   5.2320000000
2020,9,21,14,28,4,   5.2320000000
2020,9,21,14,28,4,   5.1320000000
2020,9,21,14,28,4,   5.2160000000
2020,9,21,14,28,4,   5.2280000000
2020,9,21,14,28,5,   5.2280000000
2020,9,21,14,28,5,   5.2320000000
2020,9,21,14,28,5,   5.2320000000
2020,9,21,14,28,5,   5.2360000000
2020,9,21,14,28,6,   5.2320000000
2020,9,21,14,28,6,   5.2320000000
2020,9,21,14,28,6,   5.2320000000
2020,9,21,14,28,6,   5.2320000000
2020,9,21,14,28,7,   5.2280000000
2020,9,21,14,28,7,   5.2280000000
2020,9,21,14,28,7,   5.2280000000
2020,9,21,14,28,8,   5.2320000000
2020,9,21,14,28,8,   5.2280000000
2020,9,21,14,28,8,   5.2320000000
2020,9,21,14,28,8,   5.2320000000
2020,9,21,14,28,9,   5.2320000000
2020,9,21,14,28,9,   5.2320000000
2020,9,21,14,28,9,   5.2320000000
2020,9,21,14,28,9,   5.2320000000
2020,9,21,14,28,10,   5.2160000000
2020,9,21,14,28,10,   5.2160000000
2020,9,21,14,28,10,   5.2280000000
2020,9,21,14,28,10,   5.2280000000
2020,9,21,14,28,11,   5.2280000000
2020,9,21,14,28,11,   5.2320000000
2020,9,21,14,28,11,   5.2280000000
2020,9,21,14,28,11,   5.2320000000
2020,9,21,14,28,12,   5.2320000000
2020,9,21,14,28,12,   5.2280000000
2020,9,21,14,28,12,   5.2280000000
2020,9,21,14,28,12,   5.2280000000
2020,9,21,14,28,13,   5.2320000000
2020,9,21,14,28,13,   5.2320000000
2020,9,21,14,28,13,   5.2320000000
2020,9,21,14,28,14,   5.2320000000
2020,9,21,14,28,14,   5.2320000000
2020,9,21,14,28,14,   5.2240000000
2020,9,21,14,28,14,   5.0960000000
2020,9,21,14,28,15,   5.2160000000
2020,9,21,14,28,15,   5.2320000000
2020,9,21,14,28,15,   5.2320000000
2020,9,21,14,28,15,   5.2320000000
2020,9,21,14,28,16,   5.2320000000
2020,9,21,14,28,16,   5.2320000000
2020,9,21,14,28,16,   5.2320000000
2020,9,21,14,28,16,   5.2320000000
2020,9,21,14,28,17,   5.2280000000
2020,9,21,14,28,17,   5.2280000000
2020,9,21,14,28,17,   5.2280000000
2020,9,21,14,28,17,   5.2360000000
2020,9,21,14,28,18,   5.2280000000
2020,9,21,14,28,18,   5.2280000000
2020,9,21,14,28,18,   5.2320000000
2020,9,21,14,28,18,   5.2320000000
2020,9,21,14,28,19,   5.2320000000
2020,9,21,14,28,19,   5.2320000000
2020,9,21,14,28,19,   5.2280000000
2020,9,21,14,28,19,   5.2280000000
2020,9,21,14,28,20,   5.2240000000
2020,9,21,14,28,20,   5.2200000000
2020,9,21,14,28,20,   5.2280000000
2020,9,21,14,28,21,   5.2320000000
2020,9,21,14,28,21,   5.2280000000
2020,9,21,14,28,21,   5.2280000000
2020,9,21,14,28,21,   5.2320000000
2020,9,21,14,28,22,   5.2320000000
2020,9,21,14,28,22,   5.2280000000
2020,9,21,14,28,22,   5.2320000000
2020,9,21,14,28,22,   5.2280000000
2020,9,21,14,28,23,   5.2280000000
2020,9,21,14,28,23,   5.2280000000
2020,9,21,14,28,23,   5.2280000000
2020,9,21,14,28,23,   5.2320000000
2020,9,21,14,28,24,   5.2320000000
2020,9,21,14,28,24,   5.2320000000
2020,9,21,14,28,24,   5.2320000000
2020,9,21,14,28,24,   5.2280000000
2020,9,21,14,28,25,   5.2320000000
2020,9,21,14,28,25,   5.2280000000
2020,9,21,14,28,25,   5.2160000000
2020,9,21,14,28,25,   5.2160000000
2020,9,21,14,28,26,   5.2320000000
2020,9,21,14,28,26,   5.2320000000
2020,9,21,14,28,26,   5.2320000000
2020,9,21,14,28,27,   5.2240000000
2020,9,21,14,28,27,   5.2320000000
2020,9,21,14,28,27,   5.2320000000
2020,9,21,14,28,27,   5.2280000000
2020,9,21,14,28,28,   5.2280000000
2020,9,21,14,28,28,   5.2320000000
2020,9,21,14,28,28,   5.2320000000
2020,9,21,14,28,28,   5.2320000000
2020,9,21,14,28,29,   5.2320000000
2020,9,21,14,28,29,   5.2280000000
2020,9,21,14,28,29,   5.2320000000
2020,9,21,14,28,29,   5.2280000000
2020,9,21,14,28,30,   5.2320000000
2020,9,21,14,28,30,   5.2280000000
2020,9,21,14,28,30,   5.2280000000
2020,9,21,14,28,30,   5.2280000000
2020,9,21,14,28,31,   5.2320000000
2020,9,21,14,28,31,   5.2200000000
2020,9,21,14,28,31,   5.2280000000
2020,9,21,14,28,31,   5.2280000000
2020,9,21,14,28,32,   5.2280000000
2020,9,21,14,28,32,   5.2320000000
2020,9,21,14,28,32,   5.2280000000
2020,9,21,14,28,33,   5.2320000000
2020,9,21,14,28,33,   5.2320000000
2020,9,21,14,28,33,   5.2280000000
2020,9,21,14,28,33,   5.2320000000
2020,9,21,14,28,34,   5.2320000000
2020,9,21,14,28,34,   5.2320000000
2020,9,21,14,28,34,   5.2320000000
2020,9,21,14,28,34,   5.2360000000
2020,9,21,14,28,35,   5.2320000000
2020,9,21,14,28,35,   5.2320000000
2020,9,21,14,28,35,   5.2320000000
2020,9,21,14,28,35,   5.2280000000
2020,9,21,14,28,36,   5.2280000000
2020,9,21,14,28,36,   5.2360000000
2020,9,21,14,28,36,   5.2320000000
2020,9,21,14,28,36,   5.2200000000
2020,9,21,14,28,37,   5.2240000000
2020,9,21,14,28,37,   5.2320000000
2020,9,21,14,28,37,   5.2280000000
2020,9,21,14,28,37,   5.2320000000
2020,9,21,14,28,38,   5.2320000000
2020,9,21,14,28,38,   5.2280000000
2020,9,21,14,28,38,   5.2320000000
2020,9,21,14,28,38,   5.2320000000
2020,9,21,14,28,39,   5.2320000000
2020,9,21,14,28,39,   5.2320000000
2020,9,21,14,28,39,   5.2320000000
2020,9,21,14,28,40,   5.2320000000
2020,9,21,14,28,40,   5.2320000000
2020,9,21,14,28,40,   5.2320000000
2020,9,21,14,28,40,   5.2320000000
2020,9,21,14,28,41,   5.2120000000
2020,9,21,14,28,41,   5.2320000000
2020,9,21,14,28,41,   5.2320000000
2020,9,21,14,28,41,   5.2320000000
2020,9,21,14,28,42,   5.2320000000
2020,9,21,14,28,42,   5.2200000000
2020,9,21,14,28,42,   5.2160000000
2020,9,21,14,28,42,   5.2320000000
2020,9,21,14,28,43,   5.2320000000
2020,9,21,14,28,43,   5.2320000000
2020,9,21,14,28,43,   5.2280000000
2020,9,21,14,28,43,   5.2320000000
2020,9,21,14,28,44,   5.2320000000
2020,9,21,14,28,44,   5.2280000000
2020,9,21,14,28,44,   5.2320000000
2020,9,21,14,28,44,   5.2280000000
2020,9,21,14,28,45,   5.2280000000
2020,9,21,14,28,45,   5.2320000000
2020,9,21,14,28,45,   5.2320000000
2020,9,21,14,28,46,   5.2280000000
2020,9,21,14,28,46,   5.2320000000
2020,9,21,14,28,46,   5.2320000000
2020,9,21,14,28,46,   5.2280000000
2020,9,21,14,28,47,   5.2320000000
2020,9,21,14,28,47,   5.2320000000
2020,9,21,14,28,47,   5.2320000000
2020,9,21,14,28,47,   5.2200000000
2020,9,21,14,28,48,   5.2200000000
2020,9,21,14,28,48,   5.2280000000
2020,9,21,14,28,48,   5.2320000000
2020,9,21,14,28,48,   5.2320000000
2020,9,21,14,28,49,   5.2320000000
2020,9,21,14,28,49,   5.2320000000
2020,9,21,14,28,49,   5.2320000000
2020,9,21,14,28,49,   5.2280000000
2020,9,21,14,28,50,   5.2360000000
2020,9,21,14,28,50,   5.2320000000
2020,9,21,14,28,50,   5.2280000000
2020,9,21,14,28,51,   5.2320000000
2020,9,21,14,28,51,   5.2320000000
2020,9,21,14,28,51,   5.2320000000
2020,9,21,14,28,51,   5.2280000000
2020,9,21,14,28,52,   5.2320000000
2020,9,21,14,28,52,   5.2360000000
2020,9,21,14,28,52,   5.2320000000
2020,9,21,14,28,52,   5.2320000000
2020,9,21,14,28,53,   5.2320000000
2020,9,21,14,28,53,   5.2240000000
2020,9,21,14,28,53,   5.2240000000
2020,9,21,14,28,53,   5.2280000000
2020,9,21,14,28,54,   5.2280000000
2020,9,21,14,28,54,   5.2360000000
2020,9,21,14,28,54,   5.2360000000
2020,9,21,14,28,54,   5.2320000000
2020,9,21,14,28,55,   5.2360000000
2020,9,21,14,28,55,   5.2280000000
2020,9,21,14,28,55,   5.2320000000
2020,9,21,14,28,56,   5.2320000000
2020,9,21,14,28,56,   5.2320000000
2020,9,21,14,28,56,   5.2280000000
2020,9,21,14,28,56,   5.2320000000
2020,9,21,14,28,57,   5.2320000000
2020,9,21,14,28,57,   5.2280000000
2020,9,21,14,28,57,   5.2280000000
2020,9,21,14,28,57,   5.2320000000
2020,9,21,14,28,58,   5.2320000000
2020,9,21,14,28,58,   5.2280000000
2020,9,21,14,28,58,   5.2320000000
2020,9,21,14,28,58,   5.0960000000
2020,9,21,14,28,59,   5.2240000000
2020,9,21,14,28,59,   5.2280000000
2020,9,21,14,28,59,   5.2320000000
2020,9,21,14,28,59,   5.2320000000
2020,9,21,14,29,0,   5.2280000000
2020,9,21,14,29,0,   5.2280000000
2020,9,21,14,29,0,   5.2280000000
2020,9,21,14,29,1,   5.2240000000
2020,9,21,14,29,1,   5.2280000000
2020,9,21,14,29,1,   5.2320000000
2020,9,21,14,29,1,   5.2320000000
2020,9,21,14,29,2,   5.2320000000
2020,9,21,14,29,2,   5.2280000000
2020,9,21,14,29,2,   5.2280000000
2020,9,21,14,29,2,   5.2280000000
2020,9,21,14,29,3,   5.2280000000
2020,9,21,14,29,3,   5.2280000000
2020,9,21,14,29,3,   5.2320000000
2020,9,21,14,29,3,   5.2280000000
2020,9,21,14,29,4,   5.2320000000
2020,9,21,14,29,4,   5.1800000000
2020,9,21,14,29,4,   5.1760000000
2020,9,21,14,29,4,   5.2280000000
2020,9,21,14,29,5,   5.2320000000
2020,9,21,14,29,5,   5.2280000000
2020,9,21,14,29,5,   5.2280000000
2020,9,21,14,29,5,   5.2280000000
2020,9,21,14,29,6,   5.2280000000
2020,9,21,14,29,6,   5.2280000000
2020,9,21,14,29,6,   5.2280000000
2020,9,21,14,29,7,   5.2320000000
2020,9,21,14,29,7,   5.2320000000
2020,9,21,14,29,7,   5.2320000000
2020,9,21,14,29,7,   5.2280000000
2020,9,21,14,29,8,   5.2280000000
2020,9,21,14,29,8,   5.2280000000
2020,9,21,14,29,8,   5.2320000000
2020,9,21,14,29,8,   5.2320000000
2020,9,21,14,29,9,   5.2320000000
2020,9,21,14,29,9,   5.2280000000
2020,9,21,14,29,9,   5.2280000000
2020,9,21,14,29,9,   5.2320000000
2020,9,21,14,29,10,   5.2240000000
2020,9,21,14,29,10,   5.0920000000
2020,9,21,14,29,10,   5.2280000000
2020,9,21,14,29,10,   5.2320000000
2020,9,21,14,29,11,   5.2320000000
2020,9,21,14,29,11,   5.2280000000
2020,9,21,14,29,11,   5.2320000000
2020,9,21,14,29,11,   5.2320000000
2020,9,21,14,29,12,   5.2240000000
2020,9,21,14,29,12,   5.2320000000
2020,9,21,14,29,12,   5.2280000000
2020,9,21,14,29,12,   5.2280000000
2020,9,21,14,29,13,   5.2240000000
2020,9,21,14,29,13,   5.2320000000
2020,9,21,14,29,13,   5.2320000000
2020,9,21,14,29,14,   5.2320000000
2020,9,21,14,29,14,   5.2280000000
2020,9,21,14,29,14,   5.2280000000
2020,9,21,14,29,14,   5.2200000000
2020,9,21,14,29,15,   5.2200000000
2020,9,21,14,29,15,   5.2320000000
2020,9,21,14,29,15,   5.2320000000
2020,9,21,14,29,15,   5.2320000000
2020,9,21,14,29,16,   5.2280000000
2020,9,21,14,29,16,   5.2320000000
2020,9,21,14,29,16,   5.2240000000
2020,9,21,14,29,16,   5.2320000000
2020,9,21,14,29,17,   5.2280000000
2020,9,21,14,29,17,   5.2320000000
2020,9,21,14,29,17,   5.2280000000
2020,9,21,14,29,17,   5.2320000000
2020,9,21,14,29,18,   5.2360000000
2020,9,21,14,29,18,   5.2320000000
2020,9,21,14,29,18,   5.2320000000
2020,9,21,14,29,18,   5.2320000000
2020,9,21,14,29,19,   5.2240000000
2020,9,21,14,29,19,   5.2280000000
2020,9,21,14,29,19,   5.2280000000
2020,9,21,14,29,19,   5.2320000000
2020,9,21,14,29,20,   5.2160000000
2020,9,21,14,29,20,   5.2200000000
2020,9,21,14,29,20,   5.2280000000
2020,9,21,14,29,21,   5.2280000000
2020,9,21,14,29,21,   5.2240000000
2020,9,21,14,29,21,   5.2280000000
2020,9,21,14,29,21,   5.2280000000
2020,9,21,14,29,22,   5.2280000000
2020,9,21,14,29,22,   5.2280000000
2020,9,21,14,29,22,   5.2280000000
2020,9,21,14,29,22,   5.2280000000
2020,9,21,14,29,23,   5.2280000000
2020,9,21,14,29,23,   5.2240000000
2020,9,21,14,29,23,   5.2280000000
2020,9,21,14,29,23,   5.2280000000
2020,9,21,14,29,24,   5.2280000000
2020,9,21,14,29,24,   5.2320000000
2020,9,21,14,29,24,   5.2280000000
2020,9,21,14,29,25,   5.2280000000
2020,9,21,14,29,25,   5.2280000000
2020,9,21,14,29,25,   5.2280000000
2020,9,21,14,29,25,   5.2200000000
2020,9,21,14,29,26,   5.2120000000
2020,9,21,14,29,26,   5.2280000000
2020,9,21,14,29,26,   5.2320000000
2020,9,21,14,29,26,   5.2280000000
2020,9,21,14,29,27,   5.2320000000
2020,9,21,14,29,27,   5.2320000000
2020,9,21,14,29,27,   5.2280000000
2020,9,21,14,29,27,   5.2280000000
2020,9,21,14,29,28,   5.2320000000
2020,9,21,14,29,28,   5.2280000000
2020,9,21,14,29,28,   5.2280000000
2020,9,21,14,29,28,   5.2320000000
2020,9,21,14,29,29,   5.2320000000
2020,9,21,14,29,29,   5.2320000000
2020,9,21,14,29,29,   5.2280000000
2020,9,21,14,29,29,   5.2320000000
2020,9,21,14,29,30,   5.2280000000
2020,9,21,14,29,30,   5.2280000000
2020,9,21,14,29,30,   5.2240000000
2020,9,21,14,29,31,   5.2280000000
2020,9,21,14,29,31,   5.2040000000
2020,9,21,14,29,31,   5.2200000000
2020,9,21,14,29,31,   5.2320000000
2020,9,21,14,29,32,   5.2280000000
2020,9,21,14,29,32,   5.2320000000
2020,9,21,14,29,32,   5.2320000000
2020,9,21,14,29,32,   5.2280000000
2020,9,21,14,29,33,   5.2320000000
2020,9,21,14,29,33,   5.2280000000
2020,9,21,14,29,33,   5.2320000000
2020,9,21,14,29,33,   5.2280000000
2020,9,21,14,29,34,   5.2280000000
2020,9,21,14,29,34,   5.2280000000
2020,9,21,14,29,34,   5.2320000000
2020,9,21,14,29,34,   5.2320000000
2020,9,21,14,29,35,   5.2320000000
2020,9,21,14,29,35,   5.2320000000
2020,9,21,14,29,35,   5.2280000000
2020,9,21,14,29,36,   5.2360000000
2020,9,21,14,29,36,   5.2280000000
2020,9,21,14,29,36,   5.2320000000
2020,9,21,14,29,36,   5.2160000000
2020,9,21,14,29,37,   5.2200000000
2020,9,21,14,29,37,   5.2320000000
2020,9,21,14,29,37,   5.2320000000
2020,9,21,14,29,37,   5.2320000000
2020,9,21,14,29,38,   5.2320000000
2020,9,21,14,29,38,   5.2320000000
2020,9,21,14,29,38,   5.2280000000
2020,9,21,14,29,38,   5.2320000000
2020,9,21,14,29,39,   5.2320000000
2020,9,21,14,29,39,   5.2280000000
2020,9,21,14,29,39,   5.2280000000
2020,9,21,14,29,39,   5.2320000000
2020,9,21,14,29,40,   5.2320000000
2020,9,21,14,29,40,   5.2320000000
2020,9,21,14,29,40,   5.2280000000
2020,9,21,14,29,40,   5.2280000000
2020,9,21,14,29,41,   5.2320000000
2020,9,21,14,29,41,   5.2240000000
2020,9,21,14,29,41,   5.2280000000
2020,9,21,14,29,42,   5.2320000000
2020,9,21,14,29,42,   5.2240000000
2020,9,21,14,29,42,   5.2200000000
2020,9,21,14,29,42,   5.2240000000
2020,9,21,14,29,43,   5.2280000000
2020,9,21,14,29,43,   5.2320000000
2020,9,21,14,29,43,   5.2320000000
2020,9,21,14,29,43,   5.2320000000
2020,9,21,14,29,44,   5.2320000000
2020,9,21,14,29,44,   5.2320000000
2020,9,21,14,29,44,   5.2320000000
2020,9,21,14,29,44,   5.2320000000
2020,9,21,14,29,45,   5.2320000000
2020,9,21,14,29,45,   5.2320000000
2020,9,21,14,29,45,   5.2320000000
2020,9,21,14,29,45,   5.2280000000
2020,9,21,14,29,46,   5.2320000000
2020,9,21,14,29,46,   5.2280000000
2020,9,21,14,29,46,   5.2280000000
2020,9,21,14,29,46,   5.2320000000
2020,9,21,14,29,47,   5.2240000000
2020,9,21,14,29,47,   5.2320000000
2020,9,21,14,29,47,   5.2200000000
2020,9,21,14,29,48,   5.0960000000
2020,9,21,14,29,48,   5.2280000000
2020,9,21,14,29,48,   5.2280000000
2020,9,21,14,29,48,   5.2320000000
2020,9,21,14,29,49,   5.2320000000
2020,9,21,14,29,49,   5.2320000000
2020,9,21,14,29,49,   5.2320000000
2020,9,21,14,29,49,   5.2320000000
2020,9,21,14,29,50,   5.2280000000
2020,9,21,14,29,50,   5.2320000000
2020,9,21,14,29,50,   5.2280000000
2020,9,21,14,29,50,   5.2280000000
2020,9,21,14,29,51,   5.2320000000
2020,9,21,14,29,51,   5.2320000000
2020,9,21,14,29,51,   5.2320000000
2020,9,21,14,29,52,   5.2280000000
2020,9,21,14,29,52,   5.2320000000
2020,9,21,14,29,52,   5.2320000000
2020,9,21,14,29,52,   5.2280000000
2020,9,21,14,29,53,   5.2280000000
2020,9,21,14,29,53,   5.2200000000
2020,9,21,14,29,53,   5.2200000000
2020,9,21,14,29,53,   5.2280000000
2020,9,21,14,29,54,   5.2280000000
2020,9,21,14,29,54,   5.2320000000
2020,9,21,14,29,54,   5.2280000000
2020,9,21,14,29,54,   5.2320000000
2020,9,21,14,29,55,   5.2280000000
2020,9,21,14,29,55,   5.2320000000
2020,9,21,14,29,55,   5.2320000000
2020,9,21,14,29,56,   5.2320000000
2020,9,21,14,29,56,   5.2280000000
2020,9,21,14,29,56,   5.2280000000
2020,9,21,14,29,56,   5.2320000000
2020,9,21,14,29,57,   5.2280000000
2020,9,21,14,29,57,   5.2280000000
2020,9,21,14,29,57,   5.2280000000
2020,9,21,14,29,57,   5.2320000000
2020,9,21,14,29,58,   5.2320000000
2020,9,21,14,29,58,   5.2320000000
2020,9,21,14,29,58,   5.2320000000
2020,9,21,14,29,58,   5.2160000000
2020,9,21,14,29,59,   5.2200000000
2020,9,21,14,29,59,   5.2320000000
2020,9,21,14,29,59,   5.2320000000
2020,9,21,14,30,0,   5.2280000000
2020,9,21,14,30,0,   5.2320000000
2020,9,21,14,30,0,   5.2320000000
2020,9,21,14,30,0,   5.2280000000
2020,9,21,14,30,1,   5.2320000000
2020,9,21,14,30,1,   5.2280000000
2020,9,21,14,30,1,   5.2320000000
2020,9,21,14,30,1,   5.2320000000
2020,9,21,14,30,2,   5.2320000000
2020,9,21,14,30,2,   5.2320000000
2020,9,21,14,30,2,   5.2320000000
2020,9,21,14,30,2,   5.2280000000
2020,9,21,14,30,3,   5.2280000000
2020,9,21,14,30,3,   5.2320000000
2020,9,21,14,30,3,   5.2280000000
2020,9,21,14,30,3,   5.2320000000
2020,9,21,14,30,4,   5.2280000000
2020,9,21,14,30,4,   5.2200000000
2020,9,21,14,30,4,   5.2240000000
2020,9,21,14,30,5,   5.2280000000
2020,9,21,14,30,5,   5.2360000000
2020,9,21,14,30,5,   5.2280000000
2020,9,21,14,30,5,   5.2320000000
2020,9,21,14,30,6,   5.2320000000
2020,9,21,14,30,6,   5.2320000000
2020,9,21,14,30,6,   5.2280000000
2020,9,21,14,30,6,   5.2280000000
2020,9,21,14,30,7,   5.2320000000
2020,9,21,14,30,7,   5.2320000000
2020,9,21,14,30,7,   5.2280000000
2020,9,21,14,30,7,   5.2320000000
2020,9,21,14,30,8,   5.2280000000
2020,9,21,14,30,8,   5.2280000000
2020,9,21,14,30,8,   5.2280000000
2020,9,21,14,30,8,   5.2240000000
2020,9,21,14,30,9,   5.2280000000
2020,9,21,14,30,9,   5.2280000000
2020,9,21,14,30,9,   5.2280000000
2020,9,21,14,30,10,   5.2160000000
2020,9,21,14,30,10,   5.2160000000
2020,9,21,14,30,10,   5.2280000000
2020,9,21,14,30,10,   5.2280000000
2020,9,21,14,30,11,   5.2200000000
2020,9,21,14,30,11,   5.2240000000
2020,9,21,14,30,11,   5.2240000000
2020,9,21,14,30,11,   5.2240000000
2020,9,21,14,30,12,   5.2320000000
2020,9,21,14,30,12,   5.2240000000
2020,9,21,14,30,12,   5.2240000000
2020,9,21,14,30,12,   5.2240000000
2020,9,21,14,30,13,   5.2280000000
2020,9,21,14,30,13,   5.2240000000
2020,9,21,14,30,13,   5.2240000000
2020,9,21,14,30,13,   5.2240000000
2020,9,21,14,30,14,   5.2240000000
2020,9,21,14,30,14,   5.2240000000
2020,9,21,14,30,14,   5.2200000000
2020,9,21,14,30,14,   5.2120000000
2020,9,21,14,30,15,   5.2280000000
2020,9,21,14,30,15,   5.2240000000
2020,9,21,14,30,15,   5.2280000000
2020,9,21,14,30,16,   5.2240000000
2020,9,21,14,30,16,   5.2240000000
2020,9,21,14,30,16,   5.2280000000
2020,9,21,14,30,16,   5.2240000000
2020,9,21,14,30,17,   5.2280000000
2020,9,21,14,30,17,   5.2240000000
2020,9,21,14,30,17,   5.2240000000
2020,9,21,14,30,17,   5.2200000000
2020,9,21,14,30,18,   5.2200000000
2020,9,21,14,30,18,   5.2240000000
2020,9,21,14,30,18,   5.2240000000
2020,9,21,14,30,18,   5.2240000000
2020,9,21,14,30,19,   5.2240000000
2020,9,21,14,30,19,   5.2000000000
2020,9,21,14,30,19,   5.2240000000
2020,9,21,14,30,20,   5.2240000000
2020,9,21,14,30,20,   5.2120000000
2020,9,21,14,30,20,   5.2120000000
2020,9,21,14,30,20,   5.2280000000
2020,9,21,14,30,21,   5.2280000000
2020,9,21,14,30,21,   5.2200000000
2020,9,21,14,30,21,   5.2240000000
2020,9,21,14,30,21,   5.2240000000
2020,9,21,14,30,22,   5.2240000000
2020,9,21,14,30,22,   5.2280000000
2020,9,21,14,30,22,   5.2320000000
2020,9,21,14,30,22,   5.2240000000
2020,9,21,14,30,23,   5.2240000000
2020,9,21,14,30,23,   5.2240000000
2020,9,21,14,30,23,   5.2240000000
2020,9,21,14,30,23,   5.2240000000
2020,9,21,14,30,24,   5.2200000000
2020,9,21,14,30,24,   5.2240000000
2020,9,21,14,30,24,   5.2240000000
2020,9,21,14,30,25,   5.2320000000
2020,9,21,14,30,25,   5.2280000000
2020,9,21,14,30,25,   5.2240000000
2020,9,21,14,30,25,   5.2160000000
2020,9,21,14,30,26,   5.2080000000
2020,9,21,14,30,26,   5.2240000000
2020,9,21,14,30,26,   5.2240000000
2020,9,21,14,30,26,   5.2240000000
2020,9,21,14,30,27,   5.2200000000
2020,9,21,14,30,27,   5.2240000000
2020,9,21,14,30,27,   5.2280000000
2020,9,21,14,30,28,   5.2200000000
2020,9,21,14,30,28,   5.2280000000
2020,9,21,14,30,28,   5.2240000000
2020,9,21,14,30,28,   5.2240000000
2020,9,21,14,30,29,   5.2200000000
2020,9,21,14,30,29,   5.2240000000
2020,9,21,14,30,29,   5.2200000000
2020,9,21,14,30,29,   5.2240000000
2020,9,21,14,30,30,   5.2240000000
2020,9,21,14,30,30,   5.2240000000
2020,9,21,14,30,30,   5.2240000000
2020,9,21,14,30,30,   5.2240000000
2020,9,21,14,30,31,   5.1280000000
2020,9,21,14,30,31,   5.2040000000
2020,9,21,14,30,31,   5.2240000000
2020,9,21,14,30,31,   5.2200000000
2020,9,21,14,30,32,   5.2240000000
2020,9,21,14,30,32,   5.2240000000
2020,9,21,14,30,32,   5.2240000000
2020,9,21,14,30,33,   5.2280000000
2020,9,21,14,30,33,   5.2280000000
2020,9,21,14,30,33,   5.2240000000
2020,9,21,14,30,33,   5.2280000000
2020,9,21,14,30,34,   5.2280000000
2020,9,21,14,30,34,   5.2280000000
2020,9,21,14,30,34,   5.2040000000
2020,9,21,14,30,34,   5.2240000000
2020,9,21,14,30,35,   5.2280000000
2020,9,21,14,30,35,   5.2160000000
2020,9,21,14,30,35,   5.2240000000
2020,9,21,14,30,36,   5.2320000000
2020,9,21,14,30,36,   5.2240000000
2020,9,21,14,30,36,   5.2280000000
2020,9,21,14,30,36,   5.2160000000
2020,9,21,14,30,37,   5.2160000000
2020,9,21,14,30,37,   5.2160000000
2020,9,21,14,30,37,   5.2240000000
2020,9,21,14,30,37,   5.2240000000
2020,9,21,14,30,38,   5.2240000000
2020,9,21,14,30,38,   5.2280000000
2020,9,21,14,30,38,   5.2240000000
2020,9,21,14,30,38,   5.2240000000
2020,9,21,14,30,39,   5.2240000000
2020,9,21,14,30,39,   5.2320000000
2020,9,21,14,30,39,   5.2280000000
2020,9,21,14,30,40,   5.2240000000
2020,9,21,14,30,40,   5.2240000000
2020,9,21,14,30,40,   5.2240000000
2020,9,21,14,30,40,   5.2240000000
2020,9,21,14,30,41,   5.2200000000
2020,9,21,14,30,41,   5.2280000000
2020,9,21,14,30,41,   5.2240000000
2020,9,21,14,30,41,   5.2280000000
2020,9,21,14,30,42,   5.2240000000
2020,9,21,14,30,42,   5.2160000000
2020,9,21,14,30,42,   5.2200000000
2020,9,21,14,30,43,   5.2280000000
2020,9,21,14,30,43,   5.2240000000
2020,9,21,14,30,43,   5.2240000000
2020,9,21,14,30,43,   5.2240000000
2020,9,21,14,30,44,   5.2280000000
2020,9,21,14,30,44,   5.2240000000
2020,9,21,14,30,44,   5.2240000000
2020,9,21,14,30,44,   5.2280000000
2020,9,21,14,30,45,   5.2240000000
2020,9,21,14,30,45,   5.2240000000
2020,9,21,14,30,45,   5.2240000000
2020,9,21,14,30,46,   5.2240000000
2020,9,21,14,30,46,   5.2280000000
2020,9,21,14,30,46,   5.2240000000
2020,9,21,14,30,46,   5.2240000000
2020,9,21,14,30,47,   5.2240000000
2020,9,21,14,30,47,   5.2240000000
2020,9,21,14,30,47,   5.2240000000
2020,9,21,14,30,47,   5.2120000000
2020,9,21,14,30,48,   5.2160000000
2020,9,21,14,30,48,   5.2320000000
2020,9,21,14,30,48,   5.2280000000
2020,9,21,14,30,48,   5.2280000000
2020,9,21,14,30,49,   5.2240000000
2020,9,21,14,30,49,   5.2280000000
2020,9,21,14,30,49,   5.2280000000
2020,9,21,14,30,50,   5.2240000000
2020,9,21,14,30,50,   5.2240000000
2020,9,21,14,30,50,   5.2280000000
2020,9,21,14,30,50,   5.2240000000
2020,9,21,14,30,51,   5.2240000000
2020,9,21,14,30,51,   5.2240000000
2020,9,21,14,30,51,   5.2240000000
2020,9,21,14,30,51,   5.2240000000
2020,9,21,14,30,52,   5.2240000000
2020,9,21,14,30,52,   5.2240000000
2020,9,21,14,30,52,   5.2240000000
2020,9,21,14,30,52,   5.2240000000
2020,9,21,14,30,53,   5.2280000000
2020,9,21,14,30,53,   5.2080000000
2020,9,21,14,30,53,   5.2120000000
2020,9,21,14,30,53,   5.2320000000
2020,9,21,14,30,54,   5.2240000000
2020,9,21,14,30,54,   5.2240000000
2020,9,21,14,30,54,   5.2280000000
2020,9,21,14,30,54,   5.2280000000
2020,9,21,14,30,55,   5.2280000000
2020,9,21,14,30,55,   5.2240000000
2020,9,21,14,30,55,   5.2200000000
2020,9,21,14,30,56,   5.2280000000
2020,9,21,14,30,56,   5.2240000000
2020,9,21,14,30,56,   5.2240000000
2020,9,21,14,30,56,   5.2240000000
2020,9,21,14,30,57,   5.2240000000
2020,9,21,14,30,57,   5.2280000000
2020,9,21,14,30,57,   5.2240000000
2020,9,21,14,30,57,   5.2240000000
2020,9,21,14,30,58,   5.2240000000
2020,9,21,14,30,58,   5.2240000000
2020,9,21,14,30,58,   5.2240000000
2020,9,21,14,30,58,   5.2080000000
2020,9,21,14,30,59,   5.0920000000
2020,9,21,14,30,59,   5.2320000000
2020,9,21,14,30,59,   5.2280000000
2020,9,21,14,30,59,   5.2240000000
2020,9,21,14,31,0,   5.2240000000
2020,9,21,14,31,0,   5.2280000000
2020,9,21,14,31,0,   5.2240000000
2020,9,21,14,31,1,   5.2280000000
2020,9,21,14,31,1,   5.2280000000
2020,9,21,14,31,1,   5.2240000000
2020,9,21,14,31,1,   5.2240000000
2020,9,21,14,31,2,   5.2240000000
2020,9,21,14,31,2,   5.2040000000
2020,9,21,14,31,2,   5.2240000000
2020,9,21,14,31,2,   5.2320000000
2020,9,21,14,31,3,   5.2240000000
2020,9,21,14,31,3,   5.2240000000
2020,9,21,14,31,3,   5.2240000000
2020,9,21,14,31,4,   5.2240000000
2020,9,21,14,31,4,   5.2240000000
2020,9,21,14,31,4,   5.2080000000
2020,9,21,14,31,4,   5.2160000000
2020,9,21,14,31,5,   5.2240000000
2020,9,21,14,31,5,   5.2240000000
2020,9,21,14,31,5,   5.2240000000
2020,9,21,14,31,5,   5.2240000000
2020,9,21,14,31,6,   5.2280000000
2020,9,21,14,31,6,   5.2240000000
2020,9,21,14,31,6,   5.2240000000
2020,9,21,14,31,6,   5.2280000000
2020,9,21,14,31,7,   5.2280000000
2020,9,21,14,31,7,   5.2240000000
2020,9,21,14,31,7,   5.2240000000
2020,9,21,14,31,8,   5.2280000000
2020,9,21,14,31,8,   5.2200000000
2020,9,21,14,31,8,   5.2240000000
2020,9,21,14,31,8,   5.2240000000
2020,9,21,14,31,9,   5.2240000000
2020,9,21,14,31,9,   5.2240000000
2020,9,21,14,31,9,   5.2240000000
2020,9,21,14,31,9,   5.2240000000
2020,9,21,14,31,10,   5.2160000000
2020,9,21,14,31,10,   5.2120000000
2020,9,21,14,31,10,   5.2240000000
2020,9,21,14,31,10,   5.2280000000
2020,9,21,14,31,11,   5.2280000000
2020,9,21,14,31,11,   5.2240000000
2020,9,21,14,31,11,   5.2240000000
2020,9,21,14,31,11,   5.2280000000
2020,9,21,14,31,12,   5.2160000000
2020,9,21,14,31,12,   5.2280000000
2020,9,21,14,31,12,   5.2240000000
2020,9,21,14,31,13,   5.2280000000
2020,9,21,14,31,13,   5.2280000000
2020,9,21,14,31,13,   5.2240000000
2020,9,21,14,31,13,   5.2280000000
2020,9,21,14,31,14,   5.2240000000
2020,9,21,14,31,14,   5.2240000000
2020,9,21,14,31,14,   5.2320000000
2020,9,21,14,31,14,   5.0880000000
2020,9,21,14,31,15,   5.2200000000
2020,9,21,14,31,15,   5.2240000000
2020,9,21,14,31,15,   5.2240000000
2020,9,21,14,31,15,   5.2240000000
2020,9,21,14,31,16,   5.2280000000
2020,9,21,14,31,16,   5.2280000000
2020,9,21,14,31,16,   5.2280000000
2020,9,21,14,31,16,   5.2240000000
2020,9,21,14,31,17,   5.2240000000
2020,9,21,14,31,17,   5.2240000000
2020,9,21,14,31,17,   5.2240000000
2020,9,21,14,31,17,   5.2280000000
2020,9,21,14,31,18,   5.2280000000
2020,9,21,14,31,18,   5.2240000000
2020,9,21,14,31,18,   5.2240000000
2020,9,21,14,31,19,   5.2240000000
2020,9,21,14,31,19,   5.2280000000
2020,9,21,14,31,19,   5.2240000000
2020,9,21,14,31,19,   5.2240000000
2020,9,21,14,31,20,   5.2280000000
2020,9,21,14,31,20,   5.0840000000
2020,9,21,14,31,20,   5.2160000000
2020,9,21,14,31,20,   5.2240000000
2020,9,21,14,31,21,   5.2280000000
2020,9,21,14,31,21,   5.2240000000
2020,9,21,14,31,21,   5.2240000000
2020,9,21,14,31,21,   5.2240000000
2020,9,21,14,31,22,   5.2240000000
2020,9,21,14,31,22,   5.2240000000
2020,9,21,14,31,22,   5.2240000000
2020,9,21,14,31,22,   5.2280000000
2020,9,21,14,31,23,   5.2280000000
2020,9,21,14,31,23,   5.2200000000
2020,9,21,14,31,23,   5.2200000000
2020,9,21,14,31,24,   5.2240000000
2020,9,21,14,31,24,   5.2240000000
2020,9,21,14,31,24,   5.2240000000
2020,9,21,14,31,24,   5.2280000000
2020,9,21,14,31,25,   5.2240000000
2020,9,21,14,31,25,   5.2280000000
2020,9,21,14,31,25,   5.2120000000
2020,9,21,14,31,25,   5.2240000000
2020,9,21,14,31,26,   5.2200000000
2020,9,21,14,31,26,   5.2200000000
2020,9,21,14,31,26,   5.2200000000
2020,9,21,14,31,27,   5.2240000000
2020,9,21,14,31,27,   5.2320000000
2020,9,21,14,31,27,   5.2200000000
2020,9,21,14,31,27,   5.2240000000
2020,9,21,14,31,28,   5.2240000000
2020,9,21,14,31,28,   5.2240000000
2020,9,21,14,31,28,   5.2240000000
2020,9,21,14,31,28,   5.2240000000
2020,9,21,14,31,29,   5.2240000000
2020,9,21,14,31,29,   5.2240000000
2020,9,21,14,31,29,   5.2240000000
2020,9,21,14,31,29,   5.2240000000
2020,9,21,14,31,30,   5.2240000000
2020,9,21,14,31,30,   5.2240000000
2020,9,21,14,31,30,   5.2240000000
2020,9,21,14,31,31,   5.2240000000
2020,9,21,14,31,31,   5.2120000000
2020,9,21,14,31,31,   5.2160000000
2020,9,21,14,31,31,   5.2240000000
2020,9,21,14,31,32,   5.2200000000
2020,9,21,14,31,32,   5.2000000000
2020,9,21,14,31,32,   5.2280000000
2020,9,21,14,31,32,   5.2280000000
2020,9,21,14,31,33,   5.2240000000
2020,9,21,14,31,33,   5.2240000000
2020,9,21,14,31,33,   5.2240000000
2020,9,21,14,31,34,   5.2280000000
2020,9,21,14,31,34,   5.2240000000
2020,9,21,14,31,34,   5.2280000000
2020,9,21,14,31,34,   5.2320000000
2020,9,21,14,31,35,   5.2240000000
2020,9,21,14,31,35,   5.2240000000
2020,9,21,14,31,35,   5.2240000000
2020,9,21,14,31,35,   5.2240000000
2020,9,21,14,31,36,   5.2240000000
2020,9,21,14,31,36,   5.2320000000
2020,9,21,14,31,36,   5.2240000000
2020,9,21,14,31,36,   5.2080000000
2020,9,21,14,31,37,   5.2240000000
2020,9,21,14,31,37,   5.2200000000
2020,9,21,14,31,37,   5.2240000000
2020,9,21,14,31,38,   5.2240000000
2020,9,21,14,31,38,   5.2240000000
2020,9,21,14,31,38,   5.2240000000
2020,9,21,14,31,38,   5.2240000000
2020,9,21,14,31,39,   5.2240000000
2020,9,21,14,31,39,   5.2240000000
2020,9,21,14,31,39,   5.2240000000
2020,9,21,14,31,39,   5.2280000000
2020,9,21,14,31,40,   5.2280000000
2020,9,21,14,31,40,   5.2240000000
2020,9,21,14,31,40,   5.2280000000
2020,9,21,14,31,41,   5.2280000000
2020,9,21,14,31,41,   5.2240000000
2020,9,21,14,31,41,   5.2280000000
2020,9,21,14,31,41,   5.2240000000
2020,9,21,14,31,42,   5.2240000000
2020,9,21,14,31,42,   5.2040000000
2020,9,21,14,31,42,   5.2160000000
2020,9,21,14,31,42,   5.2280000000
2020,9,21,14,31,43,   5.2320000000
2020,9,21,14,31,43,   5.2240000000
2020,9,21,14,31,43,   5.2240000000
2020,9,21,14,31,44,   5.2240000000
2020,9,21,14,31,44,   5.2240000000
2020,9,21,14,31,44,   5.2240000000
2020,9,21,14,31,44,   5.2240000000
2020,9,21,14,31,45,   5.2240000000
2020,9,21,14,31,45,   5.2200000000
2020,9,21,14,31,45,   5.2240000000
2020,9,21,14,31,45,   5.2240000000
2020,9,21,14,31,46,   5.2320000000
2020,9,21,14,31,46,   5.2280000000
2020,9,21,14,31,46,   5.2240000000
2020,9,21,14,31,46,   5.2240000000
2020,9,21,14,31,47,   5.2280000000
2020,9,21,14,31,47,   5.2320000000
2020,9,21,14,31,47,   5.2240000000
2020,9,21,14,31,48,   5.2120000000
2020,9,21,14,31,48,   5.2080000000
2020,9,21,14,31,48,   5.2240000000
2020,9,21,14,31,48,   5.2240000000
2020,9,21,14,31,49,   5.2360000000
2020,9,21,14,31,49,   5.2280000000
2020,9,21,14,31,49,   5.2280000000
2020,9,21,14,31,49,   5.2240000000
2020,9,21,14,31,50,   5.2280000000
2020,9,21,14,31,50,   5.2240000000
2020,9,21,14,31,50,   5.2320000000
2020,9,21,14,31,50,   5.2240000000
2020,9,21,14,31,51,   5.2240000000
2020,9,21,14,31,51,   5.2240000000
2020,9,21,14,31,51,   5.2240000000
2020,9,21,14,31,52,   5.2240000000
2020,9,21,14,31,52,   5.2240000000
2020,9,21,14,31,52,   5.2320000000
2020,9,21,14,31,52,   5.2240000000
2020,9,21,14,31,53,   5.2280000000
2020,9,21,14,31,53,   5.2200000000
2020,9,21,14,31,53,   5.2160000000
2020,9,21,14,31,53,   5.2200000000
2020,9,21,14,31,54,   5.2240000000
2020,9,21,14,31,54,   5.2280000000
2020,9,21,14,31,54,   5.2240000000
2020,9,21,14,31,54,   5.2240000000
2020,9,21,14,31,55,   5.2240000000
2020,9,21,14,31,55,   5.2200000000
2020,9,21,14,31,55,   5.2240000000
2020,9,21,14,31,55,   5.2120000000
2020,9,21,14,31,56,   5.2320000000
2020,9,21,14,31,56,   5.2240000000
2020,9,21,14,31,56,   5.2240000000
2020,9,21,14,31,57,   5.2240000000
2020,9,21,14,31,57,   5.2280000000
2020,9,21,14,31,57,   5.2280000000
2020,9,21,14,31,57,   5.2240000000
2020,9,21,14,31,58,   5.2280000000
2020,9,21,14,31,58,   5.2280000000
2020,9,21,14,31,58,   5.2240000000
2020,9,21,14,31,58,   5.2240000000
2020,9,21,14,31,59,   5.0880000000
2020,9,21,14,31,59,   5.2240000000
2020,9,21,14,31,59,   5.2200000000
2020,9,21,14,31,59,   5.2240000000
2020,9,21,14,32,0,   5.2280000000
2020,9,21,14,32,0,   5.2280000000
2020,9,21,14,32,0,   5.2280000000
2020,9,21,14,32,0,   5.2280000000
2020,9,21,14,32,1,   5.2240000000
2020,9,21,14,32,1,   5.2240000000
2020,9,21,14,32,1,   5.2200000000
2020,9,21,14,32,2,   5.2240000000
2020,9,21,14,32,2,   5.2280000000
2020,9,21,14,32,2,   5.2280000000
2020,9,21,14,32,2,   5.2280000000
2020,9,21,14,32,3,   5.2280000000
2020,9,21,14,32,3,   5.2240000000
2020,9,21,14,32,3,   5.2240000000
2020,9,21,14,32,3,   5.2280000000
2020,9,21,14,32,4,   5.2280000000
2020,9,21,14,32,4,   5.2200000000
2020,9,21,14,32,4,   5.2160000000
2020,9,21,14,32,5,   5.2240000000
2020,9,21,14,32,5,   5.2240000000
2020,9,21,14,32,5,   5.2280000000
2020,9,21,14,32,5,   5.2280000000
2020,9,21,14,32,6,   5.2280000000
2020,9,21,14,32,6,   5.2360000000
2020,9,21,14,32,6,   5.2240000000
2020,9,21,14,32,6,   5.2280000000
2020,9,21,14,32,7,   5.2280000000
2020,9,21,14,32,7,   5.2200000000
2020,9,21,14,32,7,   5.2240000000
2020,9,21,14,32,8,   5.2280000000
2020,9,21,14,32,8,   5.2320000000
2020,9,21,14,32,8,   5.2280000000
2020,9,21,14,32,8,   5.2280000000
2020,9,21,14,32,9,   5.2240000000
2020,9,21,14,32,9,   5.2240000000
2020,9,21,14,32,9,   5.2240000000
2020,9,21,14,32,9,   5.2280000000
2020,9,21,14,32,10,   5.2160000000
2020,9,21,14,32,10,   5.2240000000
2020,9,21,14,32,10,   5.2280000000
2020,9,21,14,32,11,   5.2280000000
2020,9,21,14,32,11,   5.2280000000
2020,9,21,14,32,11,   5.2280000000
2020,9,21,14,32,11,   5.2320000000
2020,9,21,14,32,12,   5.2320000000
2020,9,21,14,32,12,   5.2280000000
2020,9,21,14,32,12,   5.2320000000
2020,9,21,14,32,12,   5.2280000000
2020,9,21,14,32,13,   5.2280000000
2020,9,21,14,32,13,   5.2240000000
2020,9,21,14,32,13,   5.2280000000
2020,9,21,14,32,14,   5.2280000000
2020,9,21,14,32,14,   5.2240000000
2020,9,21,14,32,14,   5.2240000000
2020,9,21,14,32,14,   5.2160000000
2020,9,21,14,32,15,   5.2240000000
2020,9,21,14,32,15,   5.2280000000
2020,9,21,14,32,15,   5.2240000000
2020,9,21,14,32,15,   5.2320000000
2020,9,21,14,32,16,   5.2320000000
2020,9,21,14,32,16,   5.2240000000
2020,9,21,14,32,16,   5.2240000000
2020,9,21,14,32,17,   5.2280000000
2020,9,21,14,32,17,   5.2280000000
2020,9,21,14,32,17,   5.2280000000
2020,9,21,14,32,17,   5.2240000000
2020,9,21,14,32,18,   5.2280000000
2020,9,21,14,32,18,   5.2280000000
2020,9,21,14,32,18,   5.2320000000
2020,9,21,14,32,18,   5.2280000000
2020,9,21,14,32,19,   5.2240000000
2020,9,21,14,32,19,   5.2320000000
2020,9,21,14,32,19,   5.2320000000
2020,9,21,14,32,20,   5.2320000000
2020,9,21,14,32,20,   5.2160000000
2020,9,21,14,32,20,   5.2200000000
2020,9,21,14,32,20,   5.2240000000
2020,9,21,14,32,21,   5.2240000000
2020,9,21,14,32,21,   5.2360000000
2020,9,21,14,32,21,   5.2320000000
2020,9,21,14,32,21,   5.2280000000
2020,9,21,14,32,22,   5.2280000000
2020,9,21,14,32,22,   5.2280000000
2020,9,21,14,32,22,   5.2280000000
2020,9,21,14,32,22,   5.2240000000
2020,9,21,14,32,23,   5.2240000000
2020,9,21,14,32,23,   5.2280000000
2020,9,21,14,32,23,   5.2240000000
2020,9,21,14,32,24,   5.2280000000
2020,9,21,14,32,24,   5.2240000000
2020,9,21,14,32,24,   5.2240000000
2020,9,21,14,32,24,   5.2280000000
2020,9,21,14,32,25,   5.2280000000
2020,9,21,14,32,25,   5.2320000000
2020,9,21,14,32,25,   5.2280000000
2020,9,21,14,32,25,   5.2160000000
2020,9,21,14,32,26,   5.1600000000
2020,9,21,14,32,26,   5.2280000000
2020,9,21,14,32,26,   5.2280000000
2020,9,21,14,32,26,   5.2240000000
2020,9,21,14,32,27,   5.2280000000
2020,9,21,14,32,27,   5.2240000000
2020,9,21,14,32,27,   5.2240000000
2020,9,21,14,32,27,   5.2240000000
2020,9,21,14,32,28,   5.2280000000
2020,9,21,14,32,28,   5.2240000000
2020,9,21,14,32,28,   5.2240000000
2020,9,21,14,32,29,   5.2280000000
2020,9,21,14,32,29,   5.2280000000
2020,9,21,14,32,29,   5.2360000000
2020,9,21,14,32,29,   5.2240000000
2020,9,21,14,32,30,   5.2240000000
2020,9,21,14,32,30,   5.2280000000
2020,9,21,14,32,30,   5.2280000000
2020,9,21,14,32,30,   5.2320000000
2020,9,21,14,32,31,   5.2280000000
2020,9,21,14,32,31,   5.2160000000
2020,9,21,14,32,31,   5.2200000000
2020,9,21,14,32,31,   5.2240000000
2020,9,21,14,32,32,   5.2320000000
2020,9,21,14,32,32,   5.2320000000
2020,9,21,14,32,32,   5.2320000000
2020,9,21,14,32,33,   5.2320000000
2020,9,21,14,32,33,   5.2240000000
2020,9,21,14,32,33,   5.2280000000
2020,9,21,14,32,33,   5.2280000000
2020,9,21,14,32,34,   5.2240000000
2020,9,21,14,32,34,   5.2280000000
2020,9,21,14,32,34,   5.2280000000
2020,9,21,14,32,34,   5.2240000000
2020,9,21,14,32,35,   5.2240000000
2020,9,21,14,32,35,   5.2280000000
2020,9,21,14,32,35,   5.2240000000
2020,9,21,14,32,36,   5.2280000000
2020,9,21,14,32,36,   5.2280000000
2020,9,21,14,32,36,   5.2280000000
2020,9,21,14,32,36,   5.2240000000
2020,9,21,14,32,37,   5.0840000000
2020,9,21,14,32,37,   5.2280000000
2020,9,21,14,32,37,   5.2320000000
2020,9,21,14,32,37,   5.2240000000
2020,9,21,14,32,38,   5.2240000000
2020,9,21,14,32,38,   5.2280000000
2020,9,21,14,32,38,   5.2240000000
2020,9,21,14,32,39,   5.2240000000
2020,9,21,14,32,39,   5.2280000000
2020,9,21,14,32,39,   5.2240000000
2020,9,21,14,32,39,   5.2240000000
2020,9,21,14,32,40,   5.2320000000
2020,9,21,14,32,40,   5.2320000000
2020,9,21,14,32,40,   5.2280000000
2020,9,21,14,32,40,   5.2280000000
2020,9,21,14,32,41,   5.2280000000
2020,9,21,14,32,41,   5.2240000000
2020,9,21,14,32,41,   5.2280000000
2020,9,21,14,32,41,   5.2240000000
2020,9,21,14,32,42,   5.2240000000
2020,9,21,14,32,42,   5.2200000000
2020,9,21,14,32,42,   5.2240000000
2020,9,21,14,32,43,   5.2160000000
2020,9,21,14,32,43,   5.2320000000
2020,9,21,14,32,43,   5.2240000000
2020,9,21,14,32,43,   5.2280000000
2020,9,21,14,32,44,   5.2280000000
2020,9,21,14,32,44,   5.2280000000
2020,9,21,14,32,44,   5.2240000000
2020,9,21,14,32,44,   5.2280000000
2020,9,21,14,32,45,   5.2240000000
2020,9,21,14,32,45,   5.2280000000
2020,9,21,14,32,45,   5.2280000000
2020,9,21,14,32,45,   5.2280000000
2020,9,21,14,32,46,   5.2320000000
2020,9,21,14,32,46,   5.2280000000
2020,9,21,14,32,46,   5.2320000000
2020,9,21,14,32,47,   5.2240000000
2020,9,21,14,32,47,   5.2280000000
2020,9,21,14,32,47,   5.2240000000
2020,9,21,14,32,47,   5.1240000000
2020,9,21,14,32,48,   5.2120000000
2020,9,21,14,32,48,   5.2280000000
2020,9,21,14,32,48,   5.2240000000
2020,9,21,14,32,48,   5.2280000000
2020,9,21,14,32,49,   5.2320000000
2020,9,21,14,32,49,   5.2320000000
2020,9,21,14,32,49,   5.2280000000
2020,9,21,14,32,49,   5.2240000000
2020,9,21,14,32,50,   5.2320000000
2020,9,21,14,32,50,   5.2320000000
2020,9,21,14,32,50,   5.2240000000
2020,9,21,14,32,50,   5.2280000000
2020,9,21,14,32,51,   5.2320000000
2020,9,21,14,32,51,   5.2280000000
2020,9,21,14,32,51,   5.2280000000
2020,9,21,14,32,51,   5.2320000000
2020,9,21,14,32,52,   5.2320000000
2020,9,21,14,32,52,   5.2280000000
2020,9,21,14,32,52,   5.2320000000
2020,9,21,14,32,53,   5.2280000000
2020,9,21,14,32,53,   5.2280000000
2020,9,21,14,32,53,   5.2160000000
2020,9,21,14,32,53,   5.2240000000
2020,9,21,14,32,54,   5.2240000000
2020,9,21,14,32,54,   5.2240000000
2020,9,21,14,32,54,   5.2280000000
2020,9,21,14,32,54,   5.2280000000
2020,9,21,14,32,55,   5.2240000000
2020,9,21,14,32,55,   5.2280000000
2020,9,21,14,32,55,   5.2280000000
2020,9,21,14,32,55,   5.2240000000
2020,9,21,14,32,56,   5.2280000000
2020,9,21,14,32,56,   5.2320000000
2020,9,21,14,32,56,   5.2280000000
2020,9,21,14,32,56,   5.2280000000
2020,9,21,14,32,57,   5.2240000000
2020,9,21,14,32,57,   5.2280000000
2020,9,21,14,32,57,   5.2280000000
2020,9,21,14,32,58,   5.2240000000
2020,9,21,14,32,58,   5.2280000000
2020,9,21,14,32,58,   5.2240000000
2020,9,21,14,32,58,   5.2240000000
2020,9,21,14,32,59,   5.2240000000
2020,9,21,14,32,59,   5.2240000000
2020,9,21,14,32,59,   5.2240000000
2020,9,21,14,32,59,   5.2280000000
2020,9,21,14,33,0,   5.2280000000
2020,9,21,14,33,0,   5.2240000000
2020,9,21,14,33,0,   5.2280000000
2020,9,21,14,33,0,   5.2280000000
2020,9,21,14,33,1,   5.2360000000
