2020,11,16,11,48,0,   5.1640000000
2020,11,16,11,48,0,   5.1680000000
2020,11,16,11,48,1,   5.1680000000
2020,11,16,11,48,1,   5.1680000000
2020,11,16,11,48,1,   5.1360000000
2020,11,16,11,48,1,   5.1720000000
2020,11,16,11,48,2,   5.1600000000
2020,11,16,11,48,2,   5.1600000000
2020,11,16,11,48,2,   5.1640000000
2020,11,16,11,48,2,   5.1680000000
2020,11,16,11,48,3,   5.1640000000
2020,11,16,11,48,3,   5.1600000000
2020,11,16,11,48,3,   5.1720000000
2020,11,16,11,48,4,   5.2120000000
2020,11,16,11,48,4,   5.1920000000
2020,11,16,11,48,4,   5.2080000000
2020,11,16,11,48,4,   5.1920000000
2020,11,16,11,48,5,   5.1960000000
2020,11,16,11,48,5,   5.2000000000
2020,11,16,11,48,5,   5.1960000000
2020,11,16,11,48,5,   5.1960000000
2020,11,16,11,48,6,   5.2040000000
2020,11,16,11,48,6,   5.1920000000
2020,11,16,11,48,6,   5.1800000000
2020,11,16,11,48,6,   5.1480000000
2020,11,16,11,48,7,   5.1680000000
2020,11,16,11,48,7,   5.1480000000
2020,11,16,11,48,7,   5.1840000000
2020,11,16,11,48,7,   5.1640000000
2020,11,16,11,48,8,   5.1680000000
2020,11,16,11,48,8,   5.1680000000
2020,11,16,11,48,8,   5.1680000000
2020,11,16,11,48,9,   5.1720000000
2020,11,16,11,48,9,   5.1640000000
2020,11,16,11,48,9,   5.1640000000
2020,11,16,11,48,9,   5.1640000000
2020,11,16,11,48,10,   5.1560000000
2020,11,16,11,48,10,   5.1680000000
2020,11,16,11,48,10,   5.2040000000
2020,11,16,11,48,10,   5.1800000000
2020,11,16,11,48,11,   5.1960000000
2020,11,16,11,48,11,   5.1600000000
2020,11,16,11,48,11,   5.1680000000
2020,11,16,11,48,11,   5.1680000000
2020,11,16,11,48,12,   5.1600000000
2020,11,16,11,48,12,   5.1640000000
2020,11,16,11,48,12,   5.2120000000
2020,11,16,11,48,12,   5.1920000000
2020,11,16,11,48,13,   5.1960000000
2020,11,16,11,48,13,   5.1960000000
2020,11,16,11,48,13,   5.2120000000
2020,11,16,11,48,14,   5.1920000000
2020,11,16,11,48,14,   5.2080000000
2020,11,16,11,48,14,   5.1680000000
2020,11,16,11,48,14,   5.1640000000
2020,11,16,11,48,15,   5.1680000000
2020,11,16,11,48,15,   5.1600000000
2020,11,16,11,48,15,   5.1560000000
2020,11,16,11,48,15,   5.1840000000
2020,11,16,11,48,16,   5.2000000000
2020,11,16,11,48,16,   5.2000000000
2020,11,16,11,48,16,   5.2000000000
2020,11,16,11,48,16,   5.1840000000
2020,11,16,11,48,17,   5.1920000000
2020,11,16,11,48,17,   5.1920000000
2020,11,16,11,48,17,   5.1760000000
2020,11,16,11,48,18,   5.2000000000
2020,11,16,11,48,18,   5.2000000000
2020,11,16,11,48,18,   5.1680000000
2020,11,16,11,48,18,   5.1800000000
2020,11,16,11,48,19,   5.1640000000
2020,11,16,11,48,19,   5.1960000000
2020,11,16,11,48,19,   5.2120000000
2020,11,16,11,48,19,   5.1880000000
2020,11,16,11,48,20,   5.1640000000
2020,11,16,11,48,20,   5.1600000000
2020,11,16,11,48,20,   5.1600000000
2020,11,16,11,48,20,   5.1560000000
2020,11,16,11,48,21,   5.1600000000
2020,11,16,11,48,21,   5.1880000000
2020,11,16,11,48,21,   5.1840000000
2020,11,16,11,48,21,   5.1560000000
2020,11,16,11,48,22,   5.1760000000
2020,11,16,11,48,22,   5.1720000000
2020,11,16,11,48,22,   5.1600000000
2020,11,16,11,48,22,   5.2000000000
2020,11,16,11,48,23,   5.1960000000
2020,11,16,11,48,23,   5.1640000000
2020,11,16,11,48,23,   5.1680000000
2020,11,16,11,48,24,   5.1640000000
2020,11,16,11,48,24,   5.1640000000
2020,11,16,11,48,24,   5.1680000000
2020,11,16,11,48,24,   5.1600000000
2020,11,16,11,48,25,   5.1640000000
2020,11,16,11,48,25,   5.1680000000
2020,11,16,11,48,25,   5.1600000000
2020,11,16,11,48,25,   5.1640000000
2020,11,16,11,48,26,   5.1680000000
2020,11,16,11,48,26,   5.1680000000
2020,11,16,11,48,26,   5.1640000000
2020,11,16,11,48,26,   5.1560000000
2020,11,16,11,48,27,   5.1960000000
2020,11,16,11,48,27,   5.2040000000
2020,11,16,11,48,27,   5.1720000000
2020,11,16,11,48,27,   5.1760000000
2020,11,16,11,48,28,   5.1800000000
2020,11,16,11,48,28,   5.1760000000
2020,11,16,11,48,28,   5.1680000000
2020,11,16,11,48,29,   5.1920000000
2020,11,16,11,48,29,   5.1840000000
2020,11,16,11,48,29,   5.1960000000
2020,11,16,11,48,29,   5.2000000000
2020,11,16,11,48,30,   5.1960000000
2020,11,16,11,48,30,   5.1760000000
2020,11,16,11,48,30,   5.1640000000
2020,11,16,11,48,30,   5.2000000000
2020,11,16,11,48,31,   5.1640000000
2020,11,16,11,48,31,   5.1680000000
2020,11,16,11,48,31,   5.1560000000
2020,11,16,11,48,31,   5.1720000000
2020,11,16,11,48,32,   5.1680000000
2020,11,16,11,48,32,   5.1640000000
2020,11,16,11,48,32,   5.1640000000
2020,11,16,11,48,32,   5.1720000000
2020,11,16,11,48,33,   5.1680000000
2020,11,16,11,48,33,   5.1640000000
2020,11,16,11,48,33,   5.1600000000
2020,11,16,11,48,33,   5.1720000000
2020,11,16,11,48,34,   5.1560000000
2020,11,16,11,48,34,   5.1640000000
2020,11,16,11,48,34,   5.1600000000
2020,11,16,11,48,35,   5.2000000000
2020,11,16,11,48,35,   5.1720000000
2020,11,16,11,48,35,   5.1600000000
2020,11,16,11,48,35,   5.1640000000
2020,11,16,11,48,36,   5.1920000000
2020,11,16,11,48,36,   5.1960000000
2020,11,16,11,48,36,   5.2040000000
2020,11,16,11,48,36,   5.1680000000
2020,11,16,11,48,37,   5.1640000000
2020,11,16,11,48,37,   5.1640000000
2020,11,16,11,48,37,   5.1640000000
2020,11,16,11,48,37,   5.1680000000
2020,11,16,11,48,38,   5.1800000000
2020,11,16,11,48,38,   5.2000000000
2020,11,16,11,48,38,   5.1520000000
2020,11,16,11,48,39,   5.1640000000
2020,11,16,11,48,39,   5.1640000000
2020,11,16,11,48,39,   5.1920000000
2020,11,16,11,48,39,   5.1960000000
2020,11,16,11,48,40,   5.1640000000
2020,11,16,11,48,40,   5.1800000000
2020,11,16,11,48,40,   5.1560000000
2020,11,16,11,48,40,   5.2000000000
2020,11,16,11,48,41,   5.1960000000
2020,11,16,11,48,41,   5.1840000000
2020,11,16,11,48,41,   5.2000000000
2020,11,16,11,48,41,   5.2040000000
2020,11,16,11,48,42,   5.1880000000
2020,11,16,11,48,42,   5.1640000000
2020,11,16,11,48,42,   5.1640000000
2020,11,16,11,48,42,   5.1640000000
2020,11,16,11,48,43,   5.1680000000
2020,11,16,11,48,43,   5.1640000000
2020,11,16,11,48,43,   5.1680000000
2020,11,16,11,48,44,   5.1640000000
2020,11,16,11,48,44,   5.1600000000
2020,11,16,11,48,44,   5.1720000000
2020,11,16,11,48,44,   5.1640000000
2020,11,16,11,48,45,   5.1720000000
2020,11,16,11,48,45,   5.1640000000
2020,11,16,11,48,45,   5.1600000000
2020,11,16,11,48,45,   5.1760000000
2020,11,16,11,48,46,   5.1600000000
2020,11,16,11,48,46,   5.1640000000
2020,11,16,11,48,46,   5.1720000000
2020,11,16,11,48,47,   5.1640000000
2020,11,16,11,48,47,   5.1680000000
2020,11,16,11,48,47,   5.1680000000
2020,11,16,11,48,47,   5.1680000000
2020,11,16,11,48,48,   5.1640000000
2020,11,16,11,48,48,   5.1640000000
2020,11,16,11,48,48,   5.1680000000
2020,11,16,11,48,48,   5.1600000000
2020,11,16,11,48,49,   5.1640000000
2020,11,16,11,48,49,   5.1720000000
2020,11,16,11,48,49,   5.1640000000
2020,11,16,11,48,49,   5.1640000000
2020,11,16,11,48,50,   5.1680000000
2020,11,16,11,48,50,   5.1640000000
2020,11,16,11,48,50,   5.1600000000
2020,11,16,11,48,50,   5.1880000000
2020,11,16,11,48,51,   5.1720000000
2020,11,16,11,48,51,   5.1720000000
2020,11,16,11,48,51,   5.1640000000
2020,11,16,11,48,52,   5.1600000000
2020,11,16,11,48,52,   5.1760000000
2020,11,16,11,48,52,   5.2040000000
2020,11,16,11,48,52,   5.1680000000
2020,11,16,11,48,53,   5.1720000000
2020,11,16,11,48,53,   5.1640000000
2020,11,16,11,48,53,   5.1560000000
2020,11,16,11,48,53,   5.1720000000
2020,11,16,11,48,54,   5.1680000000
2020,11,16,11,48,54,   5.1760000000
2020,11,16,11,48,54,   5.1640000000
2020,11,16,11,48,54,   5.1680000000
2020,11,16,11,48,55,   5.1640000000
2020,11,16,11,48,55,   5.1520000000
2020,11,16,11,48,55,   5.1680000000
2020,11,16,11,48,55,   5.2040000000
2020,11,16,11,48,56,   5.1960000000
2020,11,16,11,48,56,   5.1640000000
2020,11,16,11,48,56,   5.1680000000
2020,11,16,11,48,56,   5.1640000000
2020,11,16,11,48,57,   5.1720000000
2020,11,16,11,48,57,   5.1640000000
2020,11,16,11,48,57,   5.1640000000
2020,11,16,11,48,58,   5.1680000000
2020,11,16,11,48,58,   5.1720000000
2020,11,16,11,48,58,   5.1600000000
2020,11,16,11,48,58,   5.1800000000
2020,11,16,11,48,59,   5.1640000000
2020,11,16,11,48,59,   5.1680000000
2020,11,16,11,48,59,   5.1680000000
2020,11,16,11,48,59,   5.1680000000
2020,11,16,11,49,0,   5.1640000000
2020,11,16,11,49,0,   5.1640000000
2020,11,16,11,49,0,   5.1640000000
2020,11,16,11,49,0,   5.1560000000
2020,11,16,11,49,1,   5.1600000000
2020,11,16,11,49,1,   5.1720000000
2020,11,16,11,49,1,   5.1640000000
2020,11,16,11,49,1,   5.1640000000
2020,11,16,11,49,2,   5.1640000000
2020,11,16,11,49,2,   5.1640000000
2020,11,16,11,49,2,   5.1720000000
2020,11,16,11,49,3,   5.1720000000
2020,11,16,11,49,3,   5.1680000000
2020,11,16,11,49,3,   5.1680000000
2020,11,16,11,49,3,   5.1640000000
2020,11,16,11,49,4,   5.1680000000
2020,11,16,11,49,4,   5.1720000000
2020,11,16,11,49,4,   5.1640000000
2020,11,16,11,49,4,   5.1720000000
2020,11,16,11,49,5,   5.1680000000
2020,11,16,11,49,5,   5.1640000000
2020,11,16,11,49,5,   5.1640000000
2020,11,16,11,49,6,   5.1680000000
2020,11,16,11,49,6,   5.1720000000
2020,11,16,11,49,6,   5.1760000000
2020,11,16,11,49,6,   5.1680000000
2020,11,16,11,49,7,   5.1680000000
2020,11,16,11,49,7,   5.1680000000
2020,11,16,11,49,7,   5.1680000000
2020,11,16,11,49,7,   5.1680000000
2020,11,16,11,49,8,   5.1640000000
2020,11,16,11,49,8,   5.1600000000
2020,11,16,11,49,8,   5.1640000000
2020,11,16,11,49,8,   5.1600000000
2020,11,16,11,49,9,   5.1720000000
2020,11,16,11,49,9,   5.1680000000
2020,11,16,11,49,9,   5.1680000000
2020,11,16,11,49,9,   5.1640000000
2020,11,16,11,49,10,   5.1680000000
2020,11,16,11,49,10,   5.1640000000
2020,11,16,11,49,10,   5.1640000000
2020,11,16,11,49,11,   5.1760000000
2020,11,16,11,49,11,   5.1600000000
2020,11,16,11,49,11,   5.1600000000
2020,11,16,11,49,11,   5.1640000000
2020,11,16,11,49,12,   5.1840000000
2020,11,16,11,49,12,   5.1600000000
2020,11,16,11,49,12,   5.2000000000
2020,11,16,11,49,12,   5.2040000000
2020,11,16,11,49,13,   5.1680000000
2020,11,16,11,49,13,   5.1680000000
2020,11,16,11,49,13,   5.1720000000
2020,11,16,11,49,13,   5.1640000000
2020,11,16,11,49,14,   5.1640000000
2020,11,16,11,49,14,   5.1640000000
2020,11,16,11,49,14,   5.1640000000
2020,11,16,11,49,14,   5.1560000000
2020,11,16,11,49,15,   5.2000000000
2020,11,16,11,49,15,   5.1840000000
2020,11,16,11,49,15,   5.1920000000
2020,11,16,11,49,16,   5.1840000000
2020,11,16,11,49,16,   5.2080000000
2020,11,16,11,49,16,   5.1680000000
2020,11,16,11,49,16,   5.1600000000
2020,11,16,11,49,17,   5.1600000000
2020,11,16,11,49,17,   5.1760000000
2020,11,16,11,49,17,   5.1680000000
2020,11,16,11,49,17,   5.1680000000
2020,11,16,11,49,18,   5.1600000000
2020,11,16,11,49,18,   5.1720000000
2020,11,16,11,49,18,   5.1960000000
2020,11,16,11,49,18,   5.1880000000
2020,11,16,11,49,19,   5.2040000000
2020,11,16,11,49,19,   5.1880000000
2020,11,16,11,49,19,   5.1800000000
2020,11,16,11,49,19,   5.1680000000
2020,11,16,11,49,20,   5.1680000000
2020,11,16,11,49,20,   5.1640000000
2020,11,16,11,49,20,   5.1680000000
2020,11,16,11,49,21,   5.1800000000
2020,11,16,11,49,21,   5.1920000000
2020,11,16,11,49,21,   5.1960000000
2020,11,16,11,49,21,   5.1640000000
2020,11,16,11,49,22,   5.1600000000
2020,11,16,11,49,22,   5.1640000000
2020,11,16,11,49,22,   5.1720000000
2020,11,16,11,49,22,   5.1640000000
2020,11,16,11,49,23,   5.1640000000
2020,11,16,11,49,23,   5.1680000000
2020,11,16,11,49,23,   5.1680000000
2020,11,16,11,49,23,   5.1680000000
2020,11,16,11,49,24,   5.1640000000
2020,11,16,11,49,24,   5.1960000000
2020,11,16,11,49,24,   5.2000000000
2020,11,16,11,49,25,   5.1760000000
2020,11,16,11,49,25,   5.1640000000
2020,11,16,11,49,25,   5.1680000000
2020,11,16,11,49,25,   5.1640000000
2020,11,16,11,49,26,   5.1640000000
2020,11,16,11,49,26,   5.1880000000
2020,11,16,11,49,26,   5.1960000000
2020,11,16,11,49,26,   5.1640000000
2020,11,16,11,49,27,   5.1640000000
2020,11,16,11,49,27,   5.1640000000
2020,11,16,11,49,27,   5.1560000000
2020,11,16,11,49,27,   5.1600000000
2020,11,16,11,49,28,   5.1960000000
2020,11,16,11,49,28,   5.1680000000
2020,11,16,11,49,28,   5.1640000000
2020,11,16,11,49,28,   5.1600000000
2020,11,16,11,49,29,   5.1640000000
2020,11,16,11,49,29,   5.1640000000
2020,11,16,11,49,29,   5.1640000000
2020,11,16,11,49,30,   5.1720000000
2020,11,16,11,49,30,   5.1640000000
2020,11,16,11,49,30,   5.1640000000
2020,11,16,11,49,30,   5.1640000000
2020,11,16,11,49,31,   5.1600000000
2020,11,16,11,49,31,   5.1640000000
2020,11,16,11,49,31,   5.1640000000
2020,11,16,11,49,31,   5.1680000000
2020,11,16,11,49,32,   5.1640000000
2020,11,16,11,49,32,   5.1600000000
2020,11,16,11,49,32,   5.1600000000
2020,11,16,11,49,32,   5.1680000000
2020,11,16,11,49,33,   5.1760000000
2020,11,16,11,49,33,   5.1560000000
2020,11,16,11,49,33,   5.1600000000
2020,11,16,11,49,34,   5.1600000000
2020,11,16,11,49,34,   5.1640000000
2020,11,16,11,49,34,   5.1680000000
2020,11,16,11,49,34,   5.1720000000
2020,11,16,11,49,35,   5.1720000000
2020,11,16,11,49,35,   5.1600000000
2020,11,16,11,49,35,   5.1680000000
2020,11,16,11,49,35,   5.1640000000
2020,11,16,11,49,36,   5.1600000000
2020,11,16,11,49,36,   5.1920000000
2020,11,16,11,49,36,   5.1920000000
2020,11,16,11,49,36,   5.1680000000
2020,11,16,11,49,37,   5.1680000000
2020,11,16,11,49,37,   5.1600000000
2020,11,16,11,49,37,   5.1720000000
2020,11,16,11,49,37,   5.1760000000
2020,11,16,11,49,38,   5.1640000000
2020,11,16,11,49,38,   5.1680000000
2020,11,16,11,49,38,   5.1720000000
2020,11,16,11,49,39,   5.1640000000
2020,11,16,11,49,39,   5.1680000000
2020,11,16,11,49,39,   5.1640000000
2020,11,16,11,49,39,   5.1680000000
2020,11,16,11,49,40,   5.1640000000
2020,11,16,11,49,40,   5.1640000000
2020,11,16,11,49,40,   5.1640000000
2020,11,16,11,49,40,   5.1640000000
2020,11,16,11,49,41,   5.1680000000
2020,11,16,11,49,41,   5.1600000000
2020,11,16,11,49,41,   5.1720000000
2020,11,16,11,49,41,   5.1640000000
2020,11,16,11,49,42,   5.1640000000
2020,11,16,11,49,42,   5.1640000000
2020,11,16,11,49,42,   5.1680000000
2020,11,16,11,49,43,   5.1680000000
2020,11,16,11,49,43,   5.1680000000
2020,11,16,11,49,43,   5.1640000000
2020,11,16,11,49,43,   5.1720000000
2020,11,16,11,49,44,   5.1640000000
2020,11,16,11,49,44,   5.1600000000
2020,11,16,11,49,44,   5.1640000000
2020,11,16,11,49,44,   5.1600000000
2020,11,16,11,49,45,   5.1680000000
2020,11,16,11,49,45,   5.1760000000
2020,11,16,11,49,45,   5.1640000000
2020,11,16,11,49,45,   5.1640000000
2020,11,16,11,49,46,   5.1800000000
2020,11,16,11,49,46,   5.1800000000
2020,11,16,11,49,46,   5.1640000000
2020,11,16,11,49,47,   5.1640000000
2020,11,16,11,49,47,   5.1560000000
2020,11,16,11,49,47,   5.1640000000
2020,11,16,11,49,47,   5.2080000000
2020,11,16,11,49,48,   5.1960000000
2020,11,16,11,49,48,   5.1640000000
2020,11,16,11,49,48,   5.1680000000
2020,11,16,11,49,48,   5.1600000000
2020,11,16,11,49,49,   5.2040000000
2020,11,16,11,49,49,   5.1920000000
2020,11,16,11,49,49,   5.1720000000
2020,11,16,11,49,49,   5.1920000000
2020,11,16,11,49,50,   5.1680000000
2020,11,16,11,49,50,   5.1640000000
2020,11,16,11,49,50,   5.1560000000
2020,11,16,11,49,50,   5.1920000000
2020,11,16,11,49,51,   5.1880000000
2020,11,16,11,49,51,   5.1840000000
2020,11,16,11,49,51,   5.1880000000
2020,11,16,11,49,52,   5.1720000000
2020,11,16,11,49,52,   5.1640000000
2020,11,16,11,49,52,   5.1560000000
2020,11,16,11,49,52,   5.1400000000
2020,11,16,11,49,53,   5.1840000000
2020,11,16,11,49,53,   5.1880000000
2020,11,16,11,49,53,   5.2000000000
2020,11,16,11,49,53,   5.1880000000
2020,11,16,11,49,54,   5.2040000000
2020,11,16,11,49,54,   5.2040000000
2020,11,16,11,49,54,   5.2000000000
2020,11,16,11,49,54,   5.1400000000
2020,11,16,11,49,55,   5.1720000000
2020,11,16,11,49,55,   5.1680000000
2020,11,16,11,49,55,   5.1560000000
2020,11,16,11,49,55,   5.1720000000
2020,11,16,11,49,56,   5.2000000000
2020,11,16,11,49,56,   5.1960000000
2020,11,16,11,49,56,   5.1920000000
2020,11,16,11,49,57,   5.1960000000
2020,11,16,11,49,57,   5.1920000000
2020,11,16,11,49,57,   5.1640000000
2020,11,16,11,49,57,   5.1640000000
2020,11,16,11,49,58,   5.1840000000
2020,11,16,11,49,58,   5.1640000000
2020,11,16,11,49,58,   5.1640000000
2020,11,16,11,49,58,   5.1800000000
2020,11,16,11,49,59,   5.1880000000
2020,11,16,11,49,59,   5.1840000000
2020,11,16,11,49,59,   5.1920000000
2020,11,16,11,49,59,   5.1920000000
2020,11,16,11,50,0,   5.2000000000
2020,11,16,11,50,0,   5.1840000000
2020,11,16,11,50,0,   5.2000000000
2020,11,16,11,50,0,   5.1920000000
2020,11,16,11,50,1,   5.1760000000
2020,11,16,11,50,1,   5.1680000000
2020,11,16,11,50,1,   5.1640000000
2020,11,16,11,50,2,   5.1680000000
2020,11,16,11,50,2,   5.1640000000
2020,11,16,11,50,2,   5.2000000000
2020,11,16,11,50,2,   5.1920000000
2020,11,16,11,50,3,   5.1680000000
2020,11,16,11,50,3,   5.1680000000
2020,11,16,11,50,3,   5.1640000000
2020,11,16,11,50,3,   5.1680000000
2020,11,16,11,50,4,   5.1640000000
2020,11,16,11,50,4,   5.1680000000
2020,11,16,11,50,4,   5.1760000000
2020,11,16,11,50,4,   5.1640000000
2020,11,16,11,50,5,   5.1520000000
2020,11,16,11,50,5,   5.1600000000
2020,11,16,11,50,5,   5.1720000000
2020,11,16,11,50,5,   5.2000000000
2020,11,16,11,50,6,   5.1920000000
2020,11,16,11,50,6,   5.1880000000
2020,11,16,11,50,6,   5.1920000000
2020,11,16,11,50,6,   5.1920000000
2020,11,16,11,50,7,   5.2040000000
2020,11,16,11,50,7,   5.1960000000
2020,11,16,11,50,7,   5.1840000000
2020,11,16,11,50,8,   5.2040000000
2020,11,16,11,50,8,   5.1840000000
2020,11,16,11,50,8,   5.1680000000
2020,11,16,11,50,8,   5.1760000000
2020,11,16,11,50,9,   5.1680000000
2020,11,16,11,50,9,   5.1640000000
2020,11,16,11,50,9,   5.1800000000
2020,11,16,11,50,9,   5.1920000000
2020,11,16,11,50,10,   5.1920000000
2020,11,16,11,50,10,   5.1960000000
2020,11,16,11,50,10,   5.2000000000
2020,11,16,11,50,10,   5.1920000000
2020,11,16,11,50,11,   5.1920000000
2020,11,16,11,50,11,   5.1840000000
2020,11,16,11,50,11,   5.2040000000
2020,11,16,11,50,11,   5.1960000000
2020,11,16,11,50,12,   5.2000000000
2020,11,16,11,50,12,   5.1920000000
2020,11,16,11,50,12,   5.1920000000
2020,11,16,11,50,12,   5.1960000000
2020,11,16,11,50,13,   5.2000000000
2020,11,16,11,50,13,   5.1840000000
2020,11,16,11,50,13,   5.1680000000
2020,11,16,11,50,14,   5.1680000000
2020,11,16,11,50,14,   5.1720000000
2020,11,16,11,50,14,   5.1720000000
2020,11,16,11,50,14,   5.1600000000
2020,11,16,11,50,15,   5.1760000000
2020,11,16,11,50,15,   5.1760000000
2020,11,16,11,50,15,   5.1680000000
2020,11,16,11,50,15,   5.1640000000
2020,11,16,11,50,16,   5.1600000000
2020,11,16,11,50,16,   5.1640000000
2020,11,16,11,50,16,   5.1600000000
2020,11,16,11,50,16,   5.1920000000
2020,11,16,11,50,17,   5.2000000000
2020,11,16,11,50,17,   5.2000000000
2020,11,16,11,50,17,   5.2000000000
2020,11,16,11,50,17,   5.2000000000
2020,11,16,11,50,18,   5.2000000000
2020,11,16,11,50,18,   5.1960000000
2020,11,16,11,50,18,   5.2040000000
2020,11,16,11,50,18,   5.2040000000
2020,11,16,11,50,19,   5.1640000000
2020,11,16,11,50,19,   5.1600000000
2020,11,16,11,50,19,   5.1600000000
2020,11,16,11,50,20,   5.1880000000
2020,11,16,11,50,20,   5.1640000000
2020,11,16,11,50,20,   5.1560000000
2020,11,16,11,50,20,   5.1920000000
2020,11,16,11,50,21,   5.1920000000
2020,11,16,11,50,21,   5.1960000000
2020,11,16,11,50,21,   5.1880000000
2020,11,16,11,50,21,   5.2000000000
2020,11,16,11,50,22,   5.1880000000
2020,11,16,11,50,22,   5.1960000000
2020,11,16,11,50,22,   5.1600000000
2020,11,16,11,50,22,   5.1680000000
2020,11,16,11,50,23,   5.1680000000
2020,11,16,11,50,23,   5.1640000000
2020,11,16,11,50,23,   5.1680000000
2020,11,16,11,50,23,   5.1720000000
2020,11,16,11,50,24,   5.1920000000
2020,11,16,11,50,24,   5.2080000000
2020,11,16,11,50,24,   5.1960000000
2020,11,16,11,50,25,   5.1640000000
2020,11,16,11,50,25,   5.1800000000
2020,11,16,11,50,25,   5.1600000000
2020,11,16,11,50,25,   5.1640000000
2020,11,16,11,50,26,   5.1760000000
2020,11,16,11,50,26,   5.1600000000
2020,11,16,11,50,26,   5.1880000000
2020,11,16,11,50,26,   5.1680000000
2020,11,16,11,50,27,   5.1960000000
2020,11,16,11,50,27,   5.2000000000
2020,11,16,11,50,27,   5.2000000000
2020,11,16,11,50,27,   5.2000000000
2020,11,16,11,50,28,   5.2000000000
2020,11,16,11,50,28,   5.1920000000
2020,11,16,11,50,28,   5.2000000000
2020,11,16,11,50,28,   5.1960000000
2020,11,16,11,50,29,   5.1840000000
2020,11,16,11,50,29,   5.2040000000
2020,11,16,11,50,29,   5.1960000000
2020,11,16,11,50,29,   5.2040000000
2020,11,16,11,50,30,   5.2080000000
2020,11,16,11,50,30,   5.1680000000
2020,11,16,11,50,30,   5.1640000000
2020,11,16,11,50,31,   5.1600000000
2020,11,16,11,50,31,   5.1800000000
2020,11,16,11,50,31,   5.1640000000
2020,11,16,11,50,31,   5.1960000000
2020,11,16,11,50,32,   5.2040000000
2020,11,16,11,50,32,   5.1920000000
2020,11,16,11,50,32,   5.1960000000
2020,11,16,11,50,32,   5.1960000000
2020,11,16,11,50,33,   5.1680000000
2020,11,16,11,50,33,   5.1600000000
2020,11,16,11,50,33,   5.1720000000
2020,11,16,11,50,33,   5.1960000000
2020,11,16,11,50,34,   5.2040000000
2020,11,16,11,50,34,   5.2000000000
2020,11,16,11,50,34,   5.1920000000
2020,11,16,11,50,34,   5.1880000000
2020,11,16,11,50,35,   5.2080000000
2020,11,16,11,50,35,   5.1920000000
2020,11,16,11,50,35,   5.1720000000
2020,11,16,11,50,36,   5.1640000000
2020,11,16,11,50,36,   5.1720000000
2020,11,16,11,50,36,   5.1720000000
2020,11,16,11,50,36,   5.1600000000
2020,11,16,11,50,37,   5.1720000000
2020,11,16,11,50,37,   5.1680000000
2020,11,16,11,50,37,   5.1760000000
2020,11,16,11,50,37,   5.1680000000
2020,11,16,11,50,38,   5.1760000000
2020,11,16,11,50,38,   5.1680000000
2020,11,16,11,50,38,   5.1920000000
2020,11,16,11,50,38,   5.2000000000
2020,11,16,11,50,39,   5.2000000000
2020,11,16,11,50,39,   5.1880000000
2020,11,16,11,50,39,   5.2040000000
2020,11,16,11,50,39,   5.1880000000
2020,11,16,11,50,40,   5.2000000000
2020,11,16,11,50,40,   5.1880000000
2020,11,16,11,50,40,   5.1960000000
2020,11,16,11,50,40,   5.2080000000
2020,11,16,11,50,41,   5.1960000000
2020,11,16,11,50,41,   5.1960000000
2020,11,16,11,50,41,   5.1560000000
2020,11,16,11,50,42,   5.1680000000
2020,11,16,11,50,42,   5.1560000000
2020,11,16,11,50,42,   5.1640000000
2020,11,16,11,50,42,   5.1640000000
2020,11,16,11,50,43,   5.1600000000
2020,11,16,11,50,43,   5.1960000000
2020,11,16,11,50,43,   5.1960000000
2020,11,16,11,50,43,   5.1920000000
2020,11,16,11,50,44,   5.2000000000
2020,11,16,11,50,44,   5.1880000000
2020,11,16,11,50,44,   5.2000000000
2020,11,16,11,50,44,   5.1920000000
2020,11,16,11,50,45,   5.2000000000
2020,11,16,11,50,45,   5.2000000000
2020,11,16,11,50,45,   5.2040000000
2020,11,16,11,50,45,   5.1600000000
2020,11,16,11,50,46,   5.1680000000
2020,11,16,11,50,46,   5.1680000000
2020,11,16,11,50,46,   5.1960000000
2020,11,16,11,50,46,   5.2120000000
2020,11,16,11,50,47,   5.1680000000
2020,11,16,11,50,47,   5.1520000000
2020,11,16,11,50,47,   5.1600000000
2020,11,16,11,50,48,   5.1600000000
2020,11,16,11,50,48,   5.1760000000
2020,11,16,11,50,48,   5.2080000000
2020,11,16,11,50,48,   5.1960000000
2020,11,16,11,50,49,   5.1840000000
2020,11,16,11,50,49,   5.1880000000
2020,11,16,11,50,49,   5.2000000000
2020,11,16,11,50,49,   5.2000000000
2020,11,16,11,50,50,   5.1760000000
2020,11,16,11,50,50,   5.2040000000
2020,11,16,11,50,50,   5.1880000000
2020,11,16,11,50,50,   5.2000000000
2020,11,16,11,50,51,   5.1640000000
2020,11,16,11,50,51,   5.1680000000
2020,11,16,11,50,51,   5.1720000000
2020,11,16,11,50,51,   5.1920000000
2020,11,16,11,50,52,   5.1920000000
2020,11,16,11,50,52,   5.1960000000
2020,11,16,11,50,52,   5.1680000000
2020,11,16,11,50,53,   5.1640000000
2020,11,16,11,50,53,   5.1680000000
2020,11,16,11,50,53,   5.1560000000
2020,11,16,11,50,53,   5.1600000000
2020,11,16,11,50,54,   5.1960000000
2020,11,16,11,50,54,   5.2000000000
2020,11,16,11,50,54,   5.1960000000
2020,11,16,11,50,54,   5.1800000000
2020,11,16,11,50,55,   5.1960000000
2020,11,16,11,50,55,   5.1920000000
2020,11,16,11,50,55,   5.2000000000
2020,11,16,11,50,55,   5.1960000000
2020,11,16,11,50,56,   5.2000000000
2020,11,16,11,50,56,   5.1560000000
2020,11,16,11,50,56,   5.1640000000
2020,11,16,11,50,56,   5.1920000000
2020,11,16,11,50,57,   5.2040000000
2020,11,16,11,50,57,   5.1840000000
2020,11,16,11,50,57,   5.1960000000
2020,11,16,11,50,57,   5.2120000000
2020,11,16,11,50,58,   5.1880000000
2020,11,16,11,50,58,   5.2000000000
2020,11,16,11,50,58,   5.1600000000
2020,11,16,11,50,59,   5.1600000000
2020,11,16,11,50,59,   5.1720000000
2020,11,16,11,50,59,   5.1640000000
2020,11,16,11,50,59,   5.1800000000
2020,11,16,11,51,0,   5.2000000000
2020,11,16,11,51,0,   5.1920000000
2020,11,16,11,51,0,   5.1920000000
2020,11,16,11,51,0,   5.2040000000
2020,11,16,11,51,1,   5.1640000000
2020,11,16,11,51,1,   5.1600000000
2020,11,16,11,51,1,   5.1800000000
2020,11,16,11,51,1,   5.1960000000
2020,11,16,11,51,2,   5.1640000000
2020,11,16,11,51,2,   5.1680000000
2020,11,16,11,51,2,   5.1680000000
2020,11,16,11,51,2,   5.1720000000
2020,11,16,11,51,3,   5.1400000000
2020,11,16,11,51,3,   5.1840000000
2020,11,16,11,51,3,   5.2040000000
2020,11,16,11,51,3,   5.1960000000
2020,11,16,11,51,4,   5.1640000000
2020,11,16,11,51,4,   5.1640000000
2020,11,16,11,51,4,   5.1720000000
2020,11,16,11,51,5,   5.1640000000
2020,11,16,11,51,5,   5.1640000000
2020,11,16,11,51,5,   5.1800000000
2020,11,16,11,51,5,   5.1880000000
2020,11,16,11,51,6,   5.1920000000
2020,11,16,11,51,6,   5.1960000000
2020,11,16,11,51,6,   5.1680000000
2020,11,16,11,51,6,   5.1680000000
2020,11,16,11,51,7,   5.1640000000
2020,11,16,11,51,7,   5.1920000000
2020,11,16,11,51,7,   5.1920000000
2020,11,16,11,51,7,   5.2000000000
2020,11,16,11,51,8,   5.1960000000
2020,11,16,11,51,8,   5.2000000000
2020,11,16,11,51,8,   5.2000000000
2020,11,16,11,51,8,   5.1960000000
2020,11,16,11,51,9,   5.2000000000
2020,11,16,11,51,9,   5.2080000000
2020,11,16,11,51,9,   5.1680000000
2020,11,16,11,51,10,   5.1640000000
2020,11,16,11,51,10,   5.1840000000
2020,11,16,11,51,10,   5.1640000000
2020,11,16,11,51,10,   5.1640000000
2020,11,16,11,51,11,   5.1640000000
2020,11,16,11,51,11,   5.1640000000
2020,11,16,11,51,11,   5.1680000000
2020,11,16,11,51,11,   5.1680000000
2020,11,16,11,51,12,   5.1680000000
2020,11,16,11,51,12,   5.1560000000
2020,11,16,11,51,12,   5.2040000000
2020,11,16,11,51,12,   5.2000000000
2020,11,16,11,51,13,   5.2000000000
2020,11,16,11,51,13,   5.1960000000
2020,11,16,11,51,13,   5.1960000000
2020,11,16,11,51,13,   5.2000000000
2020,11,16,11,51,14,   5.2000000000
2020,11,16,11,51,14,   5.1960000000
2020,11,16,11,51,14,   5.2000000000
2020,11,16,11,51,14,   5.2000000000
2020,11,16,11,51,15,   5.1680000000
2020,11,16,11,51,15,   5.1640000000
2020,11,16,11,51,15,   5.1840000000
2020,11,16,11,51,16,   5.1640000000
2020,11,16,11,51,16,   5.1680000000
2020,11,16,11,51,16,   5.2080000000
2020,11,16,11,51,16,   5.2000000000
2020,11,16,11,51,17,   5.1680000000
2020,11,16,11,51,17,   5.1840000000
2020,11,16,11,51,17,   5.1680000000
2020,11,16,11,51,17,   5.2000000000
2020,11,16,11,51,18,   5.1960000000
2020,11,16,11,51,18,   5.1920000000
2020,11,16,11,51,18,   5.1760000000
2020,11,16,11,51,18,   5.1600000000
2020,11,16,11,51,19,   5.1680000000
2020,11,16,11,51,19,   5.1960000000
2020,11,16,11,51,19,   5.2000000000
2020,11,16,11,51,19,   5.2040000000
2020,11,16,11,51,20,   5.2080000000
2020,11,16,11,51,20,   5.1920000000
2020,11,16,11,51,20,   5.1960000000
2020,11,16,11,51,20,   5.1640000000
2020,11,16,11,51,21,   5.1680000000
2020,11,16,11,51,21,   5.1640000000
2020,11,16,11,51,21,   5.1840000000
2020,11,16,11,51,22,   5.1600000000
2020,11,16,11,51,22,   5.1920000000
2020,11,16,11,51,22,   5.1680000000
2020,11,16,11,51,22,   5.1640000000
2020,11,16,11,51,23,   5.2000000000
2020,11,16,11,51,23,   5.1720000000
2020,11,16,11,51,23,   5.1680000000
2020,11,16,11,51,23,   5.1600000000
2020,11,16,11,51,24,   5.1720000000
2020,11,16,11,51,24,   5.1600000000
2020,11,16,11,51,24,   5.2080000000
2020,11,16,11,51,24,   5.1800000000
2020,11,16,11,51,25,   5.2040000000
2020,11,16,11,51,25,   5.1960000000
2020,11,16,11,51,25,   5.1960000000
2020,11,16,11,51,26,   5.1960000000
2020,11,16,11,51,26,   5.1960000000
2020,11,16,11,51,26,   5.1680000000
2020,11,16,11,51,26,   5.1600000000
2020,11,16,11,51,27,   5.1640000000
2020,11,16,11,51,27,   5.1680000000
2020,11,16,11,51,27,   5.1680000000
2020,11,16,11,51,27,   5.1640000000
2020,11,16,11,51,28,   5.1680000000
2020,11,16,11,51,28,   5.1640000000
2020,11,16,11,51,28,   5.1600000000
2020,11,16,11,51,28,   5.1640000000
2020,11,16,11,51,29,   5.1680000000
2020,11,16,11,51,29,   5.1560000000
2020,11,16,11,51,29,   5.1640000000
2020,11,16,11,51,29,   5.1880000000
2020,11,16,11,51,30,   5.1920000000
2020,11,16,11,51,30,   5.1760000000
2020,11,16,11,51,30,   5.1680000000
2020,11,16,11,51,31,   5.1640000000
2020,11,16,11,51,31,   5.1640000000
2020,11,16,11,51,31,   5.1680000000
2020,11,16,11,51,31,   5.1640000000
2020,11,16,11,51,32,   5.1640000000
2020,11,16,11,51,32,   5.1640000000
2020,11,16,11,51,32,   5.1680000000
2020,11,16,11,51,32,   5.1760000000
2020,11,16,11,51,33,   5.1680000000
2020,11,16,11,51,33,   5.1480000000
2020,11,16,11,51,33,   5.1680000000
2020,11,16,11,51,33,   5.1640000000
2020,11,16,11,51,34,   5.1680000000
2020,11,16,11,51,34,   5.1640000000
2020,11,16,11,51,34,   5.1680000000
2020,11,16,11,51,35,   5.1680000000
2020,11,16,11,51,35,   5.1680000000
2020,11,16,11,51,35,   5.1600000000
2020,11,16,11,51,35,   5.1720000000
2020,11,16,11,51,36,   5.1720000000
2020,11,16,11,51,36,   5.1640000000
2020,11,16,11,51,36,   5.1600000000
2020,11,16,11,51,36,   5.1680000000
2020,11,16,11,51,37,   5.1640000000
2020,11,16,11,51,37,   5.1640000000
2020,11,16,11,51,37,   5.1600000000
2020,11,16,11,51,38,   5.1600000000
2020,11,16,11,51,38,   5.1760000000
2020,11,16,11,51,38,   5.1680000000
2020,11,16,11,51,38,   5.1640000000
2020,11,16,11,51,39,   5.1640000000
2020,11,16,11,51,39,   5.1680000000
2020,11,16,11,51,39,   5.1960000000
2020,11,16,11,51,39,   5.1920000000
2020,11,16,11,51,40,   5.1960000000
2020,11,16,11,51,40,   5.1880000000
2020,11,16,11,51,40,   5.2000000000
2020,11,16,11,51,40,   5.1680000000
2020,11,16,11,51,41,   5.1720000000
2020,11,16,11,51,41,   5.1680000000
2020,11,16,11,51,41,   5.1600000000
2020,11,16,11,51,42,   5.1680000000
2020,11,16,11,51,42,   5.1880000000
2020,11,16,11,51,42,   5.1960000000
2020,11,16,11,51,42,   5.2000000000
2020,11,16,11,51,43,   5.2040000000
2020,11,16,11,51,43,   5.1760000000
2020,11,16,11,51,43,   5.1720000000
2020,11,16,11,51,43,   5.1680000000
2020,11,16,11,51,44,   5.1680000000
2020,11,16,11,51,44,   5.1640000000
2020,11,16,11,51,44,   5.1680000000
2020,11,16,11,51,44,   5.1720000000
2020,11,16,11,51,45,   5.1560000000
2020,11,16,11,51,45,   5.1920000000
2020,11,16,11,51,45,   5.2080000000
2020,11,16,11,51,46,   5.2000000000
2020,11,16,11,51,46,   5.1920000000
2020,11,16,11,51,46,   5.2000000000
2020,11,16,11,51,46,   5.2040000000
2020,11,16,11,51,47,   5.1640000000
2020,11,16,11,51,47,   5.1680000000
2020,11,16,11,51,47,   5.1640000000
2020,11,16,11,51,47,   5.1920000000
2020,11,16,11,51,48,   5.1600000000
2020,11,16,11,51,48,   5.1680000000
2020,11,16,11,51,48,   5.1680000000
2020,11,16,11,51,48,   5.1640000000
2020,11,16,11,51,49,   5.1640000000
2020,11,16,11,51,49,   5.1640000000
2020,11,16,11,51,49,   5.2000000000
2020,11,16,11,51,49,   5.1720000000
2020,11,16,11,51,50,   5.1640000000
2020,11,16,11,51,50,   5.1640000000
2020,11,16,11,51,50,   5.1560000000
2020,11,16,11,51,50,   5.1680000000
2020,11,16,11,51,51,   5.1960000000
2020,11,16,11,51,51,   5.2000000000
2020,11,16,11,51,51,   5.2000000000
2020,11,16,11,51,52,   5.1960000000
2020,11,16,11,51,52,   5.1960000000
2020,11,16,11,51,52,   5.1960000000
2020,11,16,11,51,52,   5.2080000000
2020,11,16,11,51,53,   5.2000000000
2020,11,16,11,51,53,   5.1920000000
2020,11,16,11,51,53,   5.1760000000
2020,11,16,11,51,53,   5.1920000000
2020,11,16,11,51,54,   5.2000000000
2020,11,16,11,51,54,   5.1880000000
2020,11,16,11,51,54,   5.2000000000
2020,11,16,11,51,54,   5.1920000000
2020,11,16,11,51,55,   5.1960000000
2020,11,16,11,51,55,   5.2000000000
2020,11,16,11,51,55,   5.1680000000
2020,11,16,11,51,55,   5.1680000000
2020,11,16,11,51,56,   5.1640000000
2020,11,16,11,51,56,   5.1600000000
2020,11,16,11,51,56,   5.1600000000
2020,11,16,11,51,57,   5.1640000000
2020,11,16,11,51,57,   5.1920000000
2020,11,16,11,51,57,   5.2000000000
2020,11,16,11,51,57,   5.1920000000
2020,11,16,11,51,58,   5.1920000000
2020,11,16,11,51,58,   5.1680000000
2020,11,16,11,51,58,   5.1680000000
2020,11,16,11,51,58,   5.1680000000
2020,11,16,11,51,59,   5.2000000000
2020,11,16,11,51,59,   5.1960000000
2020,11,16,11,51,59,   5.1680000000
2020,11,16,11,51,59,   5.1800000000
2020,11,16,11,52,0,   5.1680000000
2020,11,16,11,52,0,   5.1880000000
2020,11,16,11,52,0,   5.2000000000
2020,11,16,11,52,0,   5.1960000000
2020,11,16,11,52,1,   5.1680000000
2020,11,16,11,52,1,   5.1640000000
2020,11,16,11,52,1,   5.1680000000
2020,11,16,11,52,1,   5.1600000000
2020,11,16,11,52,2,   5.1680000000
2020,11,16,11,52,2,   5.1640000000
2020,11,16,11,52,2,   5.1640000000
2020,11,16,11,52,3,   5.1600000000
2020,11,16,11,52,3,   5.1920000000
2020,11,16,11,52,3,   5.1960000000
2020,11,16,11,52,3,   5.1960000000
2020,11,16,11,52,4,   5.1920000000
2020,11,16,11,52,4,   5.1960000000
2020,11,16,11,52,4,   5.2000000000
2020,11,16,11,52,4,   5.2040000000
2020,11,16,11,52,5,   5.1960000000
2020,11,16,11,52,5,   5.1920000000
2020,11,16,11,52,5,   5.2080000000
2020,11,16,11,52,5,   5.1640000000
2020,11,16,11,52,6,   5.1680000000
2020,11,16,11,52,6,   5.1720000000
2020,11,16,11,52,6,   5.1720000000
2020,11,16,11,52,6,   5.1680000000
2020,11,16,11,52,7,   5.1680000000
2020,11,16,11,52,7,   5.1680000000
2020,11,16,11,52,7,   5.1680000000
2020,11,16,11,52,8,   5.1680000000
2020,11,16,11,52,8,   5.1640000000
2020,11,16,11,52,8,   5.1640000000
2020,11,16,11,52,8,   5.1880000000
2020,11,16,11,52,9,   5.1920000000
2020,11,16,11,52,9,   5.1960000000
2020,11,16,11,52,9,   5.1680000000
2020,11,16,11,52,9,   5.1640000000
2020,11,16,11,52,10,   5.1920000000
2020,11,16,11,52,10,   5.2000000000
2020,11,16,11,52,10,   5.1880000000
2020,11,16,11,52,10,   5.1680000000
2020,11,16,11,52,11,   5.1600000000
2020,11,16,11,52,11,   5.1640000000
2020,11,16,11,52,11,   5.1960000000
2020,11,16,11,52,11,   5.2040000000
2020,11,16,11,52,12,   5.2000000000
2020,11,16,11,52,12,   5.1680000000
2020,11,16,11,52,12,   5.1680000000
2020,11,16,11,52,12,   5.1760000000
2020,11,16,11,52,13,   5.1640000000
2020,11,16,11,52,13,   5.1640000000
2020,11,16,11,52,13,   5.1920000000
2020,11,16,11,52,14,   5.1880000000
2020,11,16,11,52,14,   5.1640000000
2020,11,16,11,52,14,   5.1640000000
2020,11,16,11,52,14,   5.1800000000
2020,11,16,11,52,15,   5.1800000000
2020,11,16,11,52,15,   5.2000000000
2020,11,16,11,52,15,   5.2080000000
2020,11,16,11,52,15,   5.1960000000
2020,11,16,11,52,16,   5.2000000000
2020,11,16,11,52,16,   5.2000000000
2020,11,16,11,52,16,   5.2000000000
2020,11,16,11,52,16,   5.2000000000
2020,11,16,11,52,17,   5.2000000000
2020,11,16,11,52,17,   5.1880000000
2020,11,16,11,52,17,   5.1680000000
2020,11,16,11,52,17,   5.1640000000
2020,11,16,11,52,18,   5.1760000000
2020,11,16,11,52,18,   5.1640000000
2020,11,16,11,52,18,   5.1680000000
2020,11,16,11,52,18,   5.1680000000
2020,11,16,11,52,19,   5.1680000000
2020,11,16,11,52,19,   5.1640000000
2020,11,16,11,52,19,   5.1640000000
2020,11,16,11,52,20,   5.1640000000
2020,11,16,11,52,20,   5.2040000000
2020,11,16,11,52,20,   5.1960000000
2020,11,16,11,52,20,   5.2040000000
2020,11,16,11,52,21,   5.1960000000
2020,11,16,11,52,21,   5.2000000000
2020,11,16,11,52,21,   5.2000000000
2020,11,16,11,52,21,   5.1920000000
2020,11,16,11,52,22,   5.2000000000
2020,11,16,11,52,22,   5.2000000000
2020,11,16,11,52,22,   5.1960000000
2020,11,16,11,52,22,   5.2000000000
2020,11,16,11,52,23,   5.2000000000
2020,11,16,11,52,23,   5.2000000000
2020,11,16,11,52,23,   5.1640000000
2020,11,16,11,52,23,   5.1760000000
2020,11,16,11,52,24,   5.1600000000
2020,11,16,11,52,24,   5.2000000000
2020,11,16,11,52,24,   5.2000000000
2020,11,16,11,52,24,   5.1920000000
2020,11,16,11,52,25,   5.1840000000
2020,11,16,11,52,25,   5.1960000000
2020,11,16,11,52,25,   5.1880000000
2020,11,16,11,52,26,   5.1920000000
2020,11,16,11,52,26,   5.2000000000
2020,11,16,11,52,26,   5.2040000000
2020,11,16,11,52,26,   5.1960000000
2020,11,16,11,52,27,   5.1960000000
2020,11,16,11,52,27,   5.1920000000
2020,11,16,11,52,27,   5.1920000000
2020,11,16,11,52,27,   5.1920000000
2020,11,16,11,52,28,   5.2000000000
2020,11,16,11,52,28,   5.1920000000
2020,11,16,11,52,28,   5.1920000000
2020,11,16,11,52,28,   5.1640000000
2020,11,16,11,52,29,   5.1640000000
2020,11,16,11,52,29,   5.1680000000
2020,11,16,11,52,29,   5.1680000000
2020,11,16,11,52,29,   5.1600000000
2020,11,16,11,52,30,   5.1680000000
2020,11,16,11,52,30,   5.1880000000
2020,11,16,11,52,30,   5.2000000000
2020,11,16,11,52,31,   5.1960000000
2020,11,16,11,52,31,   5.1920000000
2020,11,16,11,52,31,   5.1960000000
2020,11,16,11,52,31,   5.1960000000
2020,11,16,11,52,32,   5.2000000000
2020,11,16,11,52,32,   5.1960000000
2020,11,16,11,52,32,   5.1880000000
2020,11,16,11,52,32,   5.2000000000
2020,11,16,11,52,33,   5.2040000000
2020,11,16,11,52,33,   5.2080000000
2020,11,16,11,52,33,   5.1880000000
2020,11,16,11,52,33,   5.1600000000
2020,11,16,11,52,34,   5.1920000000
2020,11,16,11,52,34,   5.1920000000
2020,11,16,11,52,34,   5.1960000000
2020,11,16,11,52,34,   5.2000000000
2020,11,16,11,52,35,   5.1640000000
2020,11,16,11,52,35,   5.1640000000
2020,11,16,11,52,35,   5.1680000000
2020,11,16,11,52,36,   5.1760000000
2020,11,16,11,52,36,   5.1720000000
2020,11,16,11,52,36,   5.1960000000
2020,11,16,11,52,36,   5.1960000000
2020,11,16,11,52,37,   5.2000000000
2020,11,16,11,52,37,   5.2080000000
2020,11,16,11,52,37,   5.1640000000
2020,11,16,11,52,37,   5.1600000000
2020,11,16,11,52,38,   5.1920000000
2020,11,16,11,52,38,   5.1640000000
2020,11,16,11,52,38,   5.1640000000
2020,11,16,11,52,38,   5.2000000000
2020,11,16,11,52,39,   5.1640000000
2020,11,16,11,52,39,   5.1760000000
2020,11,16,11,52,39,   5.1560000000
2020,11,16,11,52,39,   5.1920000000
2020,11,16,11,52,40,   5.1920000000
2020,11,16,11,52,40,   5.2000000000
2020,11,16,11,52,40,   5.1640000000
2020,11,16,11,52,40,   5.1640000000
2020,11,16,11,52,41,   5.1560000000
2020,11,16,11,52,41,   5.1560000000
2020,11,16,11,52,41,   5.1760000000
2020,11,16,11,52,42,   5.1600000000
2020,11,16,11,52,42,   5.2040000000
2020,11,16,11,52,42,   5.1920000000
2020,11,16,11,52,42,   5.1680000000
2020,11,16,11,52,43,   5.1600000000
2020,11,16,11,52,43,   5.2040000000
2020,11,16,11,52,43,   5.1960000000
2020,11,16,11,52,43,   5.1880000000
2020,11,16,11,52,44,   5.2000000000
2020,11,16,11,52,44,   5.1960000000
2020,11,16,11,52,44,   5.1960000000
2020,11,16,11,52,44,   5.1920000000
2020,11,16,11,52,45,   5.1960000000
2020,11,16,11,52,45,   5.1880000000
2020,11,16,11,52,45,   5.1960000000
2020,11,16,11,52,45,   5.2000000000
2020,11,16,11,52,46,   5.1640000000
2020,11,16,11,52,46,   5.1680000000
2020,11,16,11,52,46,   5.1680000000
2020,11,16,11,52,47,   5.1680000000
2020,11,16,11,52,47,   5.1680000000
2020,11,16,11,52,47,   5.1720000000
2020,11,16,11,52,47,   5.1680000000
2020,11,16,11,52,48,   5.1720000000
2020,11,16,11,52,48,   5.1640000000
2020,11,16,11,52,48,   5.2040000000
2020,11,16,11,52,48,   5.2000000000
2020,11,16,11,52,49,   5.1920000000
2020,11,16,11,52,49,   5.1680000000
2020,11,16,11,52,49,   5.1760000000
2020,11,16,11,52,49,   5.1800000000
2020,11,16,11,52,50,   5.2000000000
2020,11,16,11,52,50,   5.1760000000
2020,11,16,11,52,50,   5.1680000000
2020,11,16,11,52,50,   5.1600000000
2020,11,16,11,52,51,   5.1640000000
2020,11,16,11,52,51,   5.1640000000
2020,11,16,11,52,51,   5.2080000000
2020,11,16,11,52,51,   5.1640000000
2020,11,16,11,52,52,   5.1680000000
2020,11,16,11,52,52,   5.1600000000
2020,11,16,11,52,52,   5.1920000000
2020,11,16,11,52,52,   5.1920000000
2020,11,16,11,52,53,   5.2000000000
2020,11,16,11,52,53,   5.2040000000
2020,11,16,11,52,53,   5.1800000000
2020,11,16,11,52,54,   5.1880000000
2020,11,16,11,52,54,   5.1880000000
2020,11,16,11,52,54,   5.1840000000
2020,11,16,11,52,54,   5.2040000000
2020,11,16,11,52,55,   5.1840000000
2020,11,16,11,52,55,   5.2000000000
2020,11,16,11,52,55,   5.2000000000
2020,11,16,11,52,55,   5.1920000000
2020,11,16,11,52,56,   5.1960000000
2020,11,16,11,52,56,   5.1960000000
2020,11,16,11,52,56,   5.1960000000
2020,11,16,11,52,57,   5.1880000000
2020,11,16,11,52,57,   5.1760000000
2020,11,16,11,52,57,   5.1640000000
2020,11,16,11,52,57,   5.1640000000
2020,11,16,11,52,58,   5.1640000000
2020,11,16,11,52,58,   5.1800000000
2020,11,16,11,52,58,   5.1840000000
2020,11,16,11,52,58,   5.1920000000
2020,11,16,11,52,59,   5.1920000000
2020,11,16,11,52,59,   5.1960000000
2020,11,16,11,52,59,   5.1640000000
2020,11,16,11,52,59,   5.1680000000
2020,11,16,11,53,0,   5.1680000000
2020,11,16,11,53,0,   5.1960000000
2020,11,16,11,53,0,   5.2000000000
2020,11,16,11,53,1,   5.1920000000
2020,11,16,11,53,1,   5.1680000000
2020,11,16,11,53,1,   5.1680000000
2020,11,16,11,53,1,   5.1600000000
2020,11,16,11,53,2,   5.1640000000
2020,11,16,11,53,2,   5.1560000000
2020,11,16,11,53,2,   5.1960000000
2020,11,16,11,53,2,   5.1640000000
2020,11,16,11,53,3,   5.1680000000
2020,11,16,11,53,3,   5.1760000000
2020,11,16,11,53,3,   5.1640000000
2020,11,16,11,53,3,   5.1680000000
2020,11,16,11,53,4,   5.1760000000
2020,11,16,11,53,4,   5.1960000000
2020,11,16,11,53,4,   5.2040000000
2020,11,16,11,53,5,   5.2000000000
2020,11,16,11,53,5,   5.2000000000
2020,11,16,11,53,5,   5.1960000000
2020,11,16,11,53,5,   5.1920000000
2020,11,16,11,53,6,   5.2000000000
2020,11,16,11,53,6,   5.1920000000
2020,11,16,11,53,6,   5.2000000000
2020,11,16,11,53,6,   5.1560000000
2020,11,16,11,53,7,   5.1680000000
2020,11,16,11,53,7,   5.1680000000
2020,11,16,11,53,7,   5.1960000000
2020,11,16,11,53,7,   5.2000000000
2020,11,16,11,53,8,   5.1960000000
2020,11,16,11,53,8,   5.2080000000
2020,11,16,11,53,8,   5.1640000000
2020,11,16,11,53,9,   5.1600000000
2020,11,16,11,53,9,   5.1800000000
2020,11,16,11,53,9,   5.1680000000
2020,11,16,11,53,9,   5.1640000000
2020,11,16,11,53,10,   5.1960000000
2020,11,16,11,53,10,   5.1680000000
2020,11,16,11,53,10,   5.1640000000
2020,11,16,11,53,10,   5.2040000000
2020,11,16,11,53,11,   5.2000000000
2020,11,16,11,53,11,   5.2000000000
2020,11,16,11,53,11,   5.2080000000
2020,11,16,11,53,11,   5.2040000000
2020,11,16,11,53,12,   5.1960000000
2020,11,16,11,53,12,   5.2080000000
2020,11,16,11,53,12,   5.1960000000
2020,11,16,11,53,12,   5.2040000000
2020,11,16,11,53,13,   5.1840000000
2020,11,16,11,53,13,   5.1640000000
2020,11,16,11,53,13,   5.1680000000
2020,11,16,11,53,13,   5.1920000000
2020,11,16,11,53,14,   5.1640000000
2020,11,16,11,53,14,   5.1720000000
2020,11,16,11,53,14,   5.1680000000
2020,11,16,11,53,15,   5.1600000000
2020,11,16,11,53,15,   5.1640000000
2020,11,16,11,53,15,   5.1960000000
2020,11,16,11,53,15,   5.2000000000
2020,11,16,11,53,16,   5.1880000000
2020,11,16,11,53,16,   5.1840000000
2020,11,16,11,53,16,   5.2000000000
2020,11,16,11,53,16,   5.1840000000
2020,11,16,11,53,17,   5.1680000000
2020,11,16,11,53,17,   5.1800000000
2020,11,16,11,53,17,   5.1720000000
2020,11,16,11,53,17,   5.1960000000
2020,11,16,11,53,18,   5.2000000000
2020,11,16,11,53,18,   5.1960000000
2020,11,16,11,53,18,   5.2040000000
2020,11,16,11,53,18,   5.1960000000
2020,11,16,11,53,19,   5.2000000000
2020,11,16,11,53,19,   5.1840000000
2020,11,16,11,53,19,   5.1680000000
2020,11,16,11,53,19,   5.1640000000
2020,11,16,11,53,20,   5.1680000000
2020,11,16,11,53,20,   5.1600000000
2020,11,16,11,53,20,   5.1840000000
2020,11,16,11,53,21,   5.1960000000
2020,11,16,11,53,21,   5.2000000000
2020,11,16,11,53,21,   5.1880000000
2020,11,16,11,53,21,   5.1960000000
2020,11,16,11,53,22,   5.1960000000
2020,11,16,11,53,22,   5.2040000000
2020,11,16,11,53,22,   5.2000000000
2020,11,16,11,53,22,   5.2000000000
2020,11,16,11,53,23,   5.1960000000
2020,11,16,11,53,23,   5.2080000000
2020,11,16,11,53,23,   5.1680000000
2020,11,16,11,53,23,   5.1680000000
2020,11,16,11,53,24,   5.1600000000
2020,11,16,11,53,24,   5.1640000000
2020,11,16,11,53,24,   5.1600000000
2020,11,16,11,53,24,   5.2000000000
2020,11,16,11,53,25,   5.1760000000
2020,11,16,11,53,25,   5.1600000000
2020,11,16,11,53,25,   5.1600000000
2020,11,16,11,53,26,   5.1680000000
2020,11,16,11,53,26,   5.1640000000
2020,11,16,11,53,26,   5.1720000000
2020,11,16,11,53,26,   5.1680000000
2020,11,16,11,53,27,   5.1600000000
2020,11,16,11,53,27,   5.1960000000
2020,11,16,11,53,27,   5.1920000000
2020,11,16,11,53,27,   5.1920000000
2020,11,16,11,53,28,   5.1960000000
2020,11,16,11,53,28,   5.1920000000
2020,11,16,11,53,28,   5.1960000000
2020,11,16,11,53,28,   5.2040000000
2020,11,16,11,53,29,   5.2080000000
2020,11,16,11,53,29,   5.2000000000
2020,11,16,11,53,29,   5.2000000000
2020,11,16,11,53,29,   5.2040000000
2020,11,16,11,53,30,   5.1880000000
2020,11,16,11,53,30,   5.1720000000
2020,11,16,11,53,30,   5.1720000000
2020,11,16,11,53,30,   5.1640000000
2020,11,16,11,53,31,   5.1560000000
2020,11,16,11,53,31,   5.1800000000
2020,11,16,11,53,31,   5.1600000000
2020,11,16,11,53,32,   5.2000000000
2020,11,16,11,53,32,   5.1960000000
2020,11,16,11,53,32,   5.1920000000
2020,11,16,11,53,32,   5.1920000000
2020,11,16,11,53,33,   5.1880000000
2020,11,16,11,53,33,   5.1720000000
2020,11,16,11,53,33,   5.1640000000
2020,11,16,11,53,33,   5.1800000000
2020,11,16,11,53,34,   5.1920000000
2020,11,16,11,53,34,   5.2000000000
2020,11,16,11,53,34,   5.1640000000
2020,11,16,11,53,34,   5.1760000000
2020,11,16,11,53,35,   5.1680000000
2020,11,16,11,53,35,   5.1560000000
2020,11,16,11,53,35,   5.1880000000
2020,11,16,11,53,35,   5.1640000000
2020,11,16,11,53,36,   5.1680000000
2020,11,16,11,53,36,   5.1640000000
2020,11,16,11,53,36,   5.1680000000
2020,11,16,11,53,36,   5.1680000000
2020,11,16,11,53,37,   5.1600000000
2020,11,16,11,53,37,   5.1560000000
2020,11,16,11,53,37,   5.1920000000
2020,11,16,11,53,38,   5.2000000000
2020,11,16,11,53,38,   5.1920000000
2020,11,16,11,53,38,   5.1680000000
2020,11,16,11,53,38,   5.1600000000
2020,11,16,11,53,39,   5.1880000000
2020,11,16,11,53,39,   5.2000000000
2020,11,16,11,53,39,   5.1920000000
2020,11,16,11,53,39,   5.1960000000
2020,11,16,11,53,40,   5.2000000000
2020,11,16,11,53,40,   5.1880000000
2020,11,16,11,53,40,   5.2000000000
2020,11,16,11,53,40,   5.1640000000
2020,11,16,11,53,41,   5.1600000000
2020,11,16,11,53,41,   5.2040000000
2020,11,16,11,53,41,   5.1920000000
2020,11,16,11,53,41,   5.1680000000
2020,11,16,11,53,42,   5.1640000000
2020,11,16,11,53,42,   5.1680000000
2020,11,16,11,53,42,   5.1560000000
2020,11,16,11,53,43,   5.1640000000
2020,11,16,11,53,43,   5.2080000000
2020,11,16,11,53,43,   5.1960000000
2020,11,16,11,53,43,   5.1920000000
2020,11,16,11,53,44,   5.1800000000
2020,11,16,11,53,44,   5.2000000000
2020,11,16,11,53,44,   5.2040000000
2020,11,16,11,53,44,   5.1960000000
2020,11,16,11,53,45,   5.1960000000
2020,11,16,11,53,45,   5.2080000000
2020,11,16,11,53,45,   5.1800000000
2020,11,16,11,53,45,   5.1600000000
2020,11,16,11,53,46,   5.1600000000
2020,11,16,11,53,46,   5.1920000000
2020,11,16,11,53,46,   5.1960000000
2020,11,16,11,53,46,   5.1840000000
2020,11,16,11,53,47,   5.2000000000
2020,11,16,11,53,47,   5.1640000000
2020,11,16,11,53,47,   5.1680000000
2020,11,16,11,53,47,   5.1680000000
2020,11,16,11,53,48,   5.1640000000
2020,11,16,11,53,48,   5.1640000000
2020,11,16,11,53,48,   5.1640000000
2020,11,16,11,53,49,   5.2000000000
2020,11,16,11,53,49,   5.1920000000
2020,11,16,11,53,49,   5.2000000000
2020,11,16,11,53,49,   5.1960000000
2020,11,16,11,53,50,   5.1920000000
2020,11,16,11,53,50,   5.2080000000
2020,11,16,11,53,50,   5.1960000000
2020,11,16,11,53,50,   5.1760000000
2020,11,16,11,53,51,   5.1600000000
2020,11,16,11,53,51,   5.1680000000
2020,11,16,11,53,51,   5.1960000000
2020,11,16,11,53,51,   5.1920000000
2020,11,16,11,53,52,   5.2000000000
2020,11,16,11,53,52,   5.1840000000
2020,11,16,11,53,52,   5.1840000000
2020,11,16,11,53,52,   5.1800000000
2020,11,16,11,53,53,   5.1720000000
2020,11,16,11,53,53,   5.1600000000
2020,11,16,11,53,53,   5.1760000000
2020,11,16,11,53,53,   5.1560000000
2020,11,16,11,53,54,   5.1680000000
2020,11,16,11,53,54,   5.1960000000
2020,11,16,11,53,54,   5.2000000000
2020,11,16,11,53,55,   5.1960000000
2020,11,16,11,53,55,   5.1840000000
2020,11,16,11,53,55,   5.1600000000
2020,11,16,11,53,55,   5.1640000000
2020,11,16,11,53,56,   5.1640000000
2020,11,16,11,53,56,   5.1680000000
2020,11,16,11,53,56,   5.1680000000
2020,11,16,11,53,56,   5.1640000000
2020,11,16,11,53,57,   5.1560000000
2020,11,16,11,53,57,   5.1760000000
2020,11,16,11,53,57,   5.1680000000
2020,11,16,11,53,57,   5.1920000000
2020,11,16,11,53,58,   5.2040000000
2020,11,16,11,53,58,   5.1680000000
2020,11,16,11,53,58,   5.1640000000
2020,11,16,11,53,58,   5.1680000000
2020,11,16,11,53,59,   5.1640000000
2020,11,16,11,53,59,   5.1640000000
2020,11,16,11,53,59,   5.1760000000
2020,11,16,11,54,0,   5.1920000000
2020,11,16,11,54,0,   5.1960000000
2020,11,16,11,54,0,   5.2000000000
2020,11,16,11,54,0,   5.2000000000
2020,11,16,11,54,1,   5.1680000000
2020,11,16,11,54,1,   5.1600000000
2020,11,16,11,54,1,   5.1680000000
2020,11,16,11,54,1,   5.1640000000
2020,11,16,11,54,2,   5.1640000000
2020,11,16,11,54,2,   5.1680000000
2020,11,16,11,54,2,   5.1680000000
2020,11,16,11,54,2,   5.1680000000
2020,11,16,11,54,3,   5.1680000000
2020,11,16,11,54,3,   5.2040000000
2020,11,16,11,54,3,   5.2000000000
2020,11,16,11,54,3,   5.2000000000
2020,11,16,11,54,4,   5.1680000000
2020,11,16,11,54,4,   5.1640000000
2020,11,16,11,54,4,   5.1720000000
2020,11,16,11,54,5,   5.1640000000
2020,11,16,11,54,5,   5.1680000000
2020,11,16,11,54,5,   5.1640000000
2020,11,16,11,54,5,   5.1680000000
2020,11,16,11,54,6,   5.1520000000
2020,11,16,11,54,6,   5.2000000000
2020,11,16,11,54,6,   5.1960000000
2020,11,16,11,54,6,   5.2000000000
2020,11,16,11,54,7,   5.2000000000
2020,11,16,11,54,7,   5.2000000000
2020,11,16,11,54,7,   5.1960000000
2020,11,16,11,54,7,   5.1920000000
2020,11,16,11,54,8,   5.2040000000
2020,11,16,11,54,8,   5.2000000000
2020,11,16,11,54,8,   5.2040000000
2020,11,16,11,54,8,   5.1680000000
2020,11,16,11,54,9,   5.1680000000
2020,11,16,11,54,9,   5.1680000000
2020,11,16,11,54,9,   5.1520000000
2020,11,16,11,54,9,   5.1640000000
2020,11,16,11,54,10,   5.1680000000
2020,11,16,11,54,10,   5.1920000000
2020,11,16,11,54,10,   5.1880000000
2020,11,16,11,54,11,   5.2080000000
2020,11,16,11,54,11,   5.1960000000
2020,11,16,11,54,11,   5.1560000000
2020,11,16,11,54,11,   5.1640000000
2020,11,16,11,54,12,   5.2000000000
2020,11,16,11,54,12,   5.1840000000
2020,11,16,11,54,12,   5.1960000000
2020,11,16,11,54,12,   5.1920000000
2020,11,16,11,54,13,   5.2000000000
2020,11,16,11,54,13,   5.1920000000
2020,11,16,11,54,13,   5.2000000000
2020,11,16,11,54,13,   5.1960000000
2020,11,16,11,54,14,   5.1960000000
2020,11,16,11,54,14,   5.2000000000
2020,11,16,11,54,14,   5.1760000000
2020,11,16,11,54,14,   5.1920000000
2020,11,16,11,54,15,   5.1680000000
2020,11,16,11,54,15,   5.1760000000
2020,11,16,11,54,15,   5.1640000000
2020,11,16,11,54,15,   5.1640000000
2020,11,16,11,54,16,   5.1760000000
2020,11,16,11,54,16,   5.1960000000
2020,11,16,11,54,16,   5.2000000000
2020,11,16,11,54,17,   5.2040000000
2020,11,16,11,54,17,   5.1960000000
2020,11,16,11,54,17,   5.2000000000
2020,11,16,11,54,17,   5.2000000000
2020,11,16,11,54,18,   5.1920000000
2020,11,16,11,54,18,   5.1960000000
2020,11,16,11,54,18,   5.1920000000
2020,11,16,11,54,18,   5.1920000000
2020,11,16,11,54,19,   5.2000000000
2020,11,16,11,54,19,   5.1960000000
2020,11,16,11,54,19,   5.1960000000
2020,11,16,11,54,19,   5.1880000000
2020,11,16,11,54,20,   5.1960000000
2020,11,16,11,54,20,   5.2000000000
2020,11,16,11,54,20,   5.1960000000
2020,11,16,11,54,20,   5.1680000000
2020,11,16,11,54,21,   5.1720000000
2020,11,16,11,54,21,   5.1680000000
2020,11,16,11,54,21,   5.1680000000
2020,11,16,11,54,21,   5.1640000000
2020,11,16,11,54,22,   5.1760000000
2020,11,16,11,54,22,   5.1960000000
2020,11,16,11,54,22,   5.1960000000
2020,11,16,11,54,23,   5.1920000000
2020,11,16,11,54,23,   5.2000000000
2020,11,16,11,54,23,   5.1880000000
2020,11,16,11,54,23,   5.1920000000
2020,11,16,11,54,24,   5.1680000000
2020,11,16,11,54,24,   5.1760000000
2020,11,16,11,54,24,   5.1640000000
2020,11,16,11,54,24,   5.2040000000
2020,11,16,11,54,25,   5.1920000000
2020,11,16,11,54,25,   5.2000000000
2020,11,16,11,54,25,   5.1920000000
2020,11,16,11,54,25,   5.2000000000
2020,11,16,11,54,26,   5.2040000000
2020,11,16,11,54,26,   5.1680000000
2020,11,16,11,54,26,   5.1760000000
2020,11,16,11,54,26,   5.1680000000
2020,11,16,11,54,27,   5.1600000000
2020,11,16,11,54,27,   5.1680000000
2020,11,16,11,54,27,   5.1600000000
2020,11,16,11,54,27,   5.1960000000
2020,11,16,11,54,28,   5.2000000000
2020,11,16,11,54,28,   5.1920000000
2020,11,16,11,54,28,   5.2080000000
2020,11,16,11,54,29,   5.1760000000
2020,11,16,11,54,29,   5.1680000000
2020,11,16,11,54,29,   5.1560000000
2020,11,16,11,54,29,   5.1560000000
2020,11,16,11,54,30,   5.1560000000
2020,11,16,11,54,30,   5.1680000000
2020,11,16,11,54,30,   5.2040000000
2020,11,16,11,54,30,   5.1880000000
2020,11,16,11,54,31,   5.1880000000
2020,11,16,11,54,31,   5.1880000000
2020,11,16,11,54,31,   5.1680000000
2020,11,16,11,54,31,   5.1640000000
2020,11,16,11,54,32,   5.1640000000
2020,11,16,11,54,32,   5.1680000000
2020,11,16,11,54,32,   5.1680000000
2020,11,16,11,54,32,   5.1960000000
2020,11,16,11,54,33,   5.2000000000
2020,11,16,11,54,33,   5.1840000000
2020,11,16,11,54,33,   5.1840000000
2020,11,16,11,54,34,   5.1640000000
2020,11,16,11,54,34,   5.1720000000
2020,11,16,11,54,34,   5.1680000000
2020,11,16,11,54,34,   5.1640000000
2020,11,16,11,54,35,   5.1680000000
2020,11,16,11,54,35,   5.2000000000
2020,11,16,11,54,35,   5.1840000000
2020,11,16,11,54,35,   5.1960000000
2020,11,16,11,54,36,   5.2000000000
2020,11,16,11,54,36,   5.1880000000
2020,11,16,11,54,36,   5.1920000000
2020,11,16,11,54,36,   5.1880000000
2020,11,16,11,54,37,   5.1880000000
2020,11,16,11,54,37,   5.1640000000
2020,11,16,11,54,37,   5.1640000000
2020,11,16,11,54,37,   5.1600000000
2020,11,16,11,54,38,   5.1680000000
2020,11,16,11,54,38,   5.1680000000
2020,11,16,11,54,38,   5.1560000000
2020,11,16,11,54,38,   5.1920000000
2020,11,16,11,54,39,   5.2040000000
2020,11,16,11,54,39,   5.1920000000
2020,11,16,11,54,39,   5.1960000000
2020,11,16,11,54,40,   5.1920000000
2020,11,16,11,54,40,   5.1960000000
2020,11,16,11,54,40,   5.1960000000
2020,11,16,11,54,40,   5.2000000000
2020,11,16,11,54,41,   5.2000000000
2020,11,16,11,54,41,   5.2040000000
2020,11,16,11,54,41,   5.1720000000
2020,11,16,11,54,41,   5.1640000000
2020,11,16,11,54,42,   5.1640000000
2020,11,16,11,54,42,   5.1960000000
2020,11,16,11,54,42,   5.2000000000
2020,11,16,11,54,42,   5.1640000000
2020,11,16,11,54,43,   5.1640000000
2020,11,16,11,54,43,   5.1640000000
2020,11,16,11,54,43,   5.1680000000
2020,11,16,11,54,43,   5.1680000000
2020,11,16,11,54,44,   5.1640000000
2020,11,16,11,54,44,   5.2040000000
2020,11,16,11,54,44,   5.2000000000
2020,11,16,11,54,44,   5.1800000000
2020,11,16,11,54,45,   5.2000000000
2020,11,16,11,54,45,   5.2000000000
2020,11,16,11,54,45,   5.1960000000
2020,11,16,11,54,46,   5.2040000000
2020,11,16,11,54,46,   5.2040000000
2020,11,16,11,54,46,   5.1920000000
2020,11,16,11,54,46,   5.1960000000
2020,11,16,11,54,47,   5.2000000000
2020,11,16,11,54,47,   5.2040000000
2020,11,16,11,54,47,   5.1520000000
2020,11,16,11,54,47,   5.2000000000
2020,11,16,11,54,48,   5.1560000000
2020,11,16,11,54,48,   5.1680000000
2020,11,16,11,54,48,   5.1640000000
2020,11,16,11,54,48,   5.1640000000
2020,11,16,11,54,49,   5.1600000000
2020,11,16,11,54,49,   5.1680000000
2020,11,16,11,54,49,   5.1960000000
2020,11,16,11,54,49,   5.2040000000
2020,11,16,11,54,50,   5.1960000000
2020,11,16,11,54,50,   5.1960000000
2020,11,16,11,54,50,   5.1960000000
2020,11,16,11,54,51,   5.2040000000
2020,11,16,11,54,51,   5.1920000000
2020,11,16,11,54,51,   5.1920000000
2020,11,16,11,54,51,   5.1680000000
2020,11,16,11,54,52,   5.1600000000
2020,11,16,11,54,52,   5.1680000000
2020,11,16,11,54,52,   5.1840000000
2020,11,16,11,54,52,   5.2120000000
2020,11,16,11,54,53,   5.1960000000
2020,11,16,11,54,53,   5.1640000000
2020,11,16,11,54,53,   5.1640000000
2020,11,16,11,54,53,   5.1640000000
2020,11,16,11,54,54,   5.1680000000
2020,11,16,11,54,54,   5.1720000000
2020,11,16,11,54,54,   5.1680000000
2020,11,16,11,54,54,   5.1560000000
2020,11,16,11,54,55,   5.1680000000
2020,11,16,11,54,55,   5.2040000000
2020,11,16,11,54,55,   5.2000000000
2020,11,16,11,54,55,   5.1920000000
2020,11,16,11,54,56,   5.2040000000
2020,11,16,11,54,56,   5.1960000000
2020,11,16,11,54,56,   5.1960000000
2020,11,16,11,54,57,   5.2000000000
2020,11,16,11,54,57,   5.2000000000
2020,11,16,11,54,57,   5.2000000000
2020,11,16,11,54,57,   5.1920000000
2020,11,16,11,54,58,   5.1680000000
2020,11,16,11,54,58,   5.1800000000
2020,11,16,11,54,58,   5.1680000000
2020,11,16,11,54,58,   5.1920000000
2020,11,16,11,54,59,   5.1960000000
2020,11,16,11,54,59,   5.1600000000
2020,11,16,11,54,59,   5.1640000000
2020,11,16,11,54,59,   5.1720000000
2020,11,16,11,55,0,   5.1760000000
2020,11,16,11,55,0,   5.1640000000
2020,11,16,11,55,0,   5.2080000000
2020,11,16,11,55,1,   5.2040000000
2020,11,16,11,55,1,   5.1640000000
2020,11,16,11,55,1,   5.1680000000
2020,11,16,11,55,1,   5.1760000000
2020,11,16,11,55,2,   5.1680000000
2020,11,16,11,55,2,   5.1640000000
2020,11,16,11,55,2,   5.1720000000
2020,11,16,11,55,2,   5.1640000000
2020,11,16,11,55,3,   5.1640000000
2020,11,16,11,55,3,   5.1640000000
2020,11,16,11,55,3,   5.1720000000
2020,11,16,11,55,3,   5.1640000000
2020,11,16,11,55,4,   5.1680000000
2020,11,16,11,55,4,   5.1720000000
2020,11,16,11,55,4,   5.1960000000
2020,11,16,11,55,4,   5.1640000000
2020,11,16,11,55,5,   5.1720000000
2020,11,16,11,55,5,   5.1800000000
2020,11,16,11,55,5,   5.1720000000
2020,11,16,11,55,6,   5.1640000000
2020,11,16,11,55,6,   5.1640000000
2020,11,16,11,55,6,   5.2000000000
2020,11,16,11,55,6,   5.1960000000
2020,11,16,11,55,7,   5.1840000000
2020,11,16,11,55,7,   5.1920000000
2020,11,16,11,55,7,   5.1920000000
2020,11,16,11,55,7,   5.1920000000
2020,11,16,11,55,8,   5.1960000000
2020,11,16,11,55,8,   5.2000000000
2020,11,16,11,55,8,   5.2000000000
2020,11,16,11,55,8,   5.1960000000
2020,11,16,11,55,9,   5.1920000000
2020,11,16,11,55,9,   5.1960000000
2020,11,16,11,55,9,   5.2000000000
2020,11,16,11,55,9,   5.2040000000
2020,11,16,11,55,10,   5.2000000000
2020,11,16,11,55,10,   5.1680000000
2020,11,16,11,55,10,   5.1640000000
2020,11,16,11,55,11,   5.1640000000
2020,11,16,11,55,11,   5.1760000000
2020,11,16,11,55,11,   5.1520000000
2020,11,16,11,55,11,   5.1680000000
2020,11,16,11,55,12,   5.1960000000
2020,11,16,11,55,12,   5.1720000000
2020,11,16,11,55,12,   5.1680000000
2020,11,16,11,55,12,   5.1600000000
2020,11,16,11,55,13,   5.1680000000
2020,11,16,11,55,13,   5.1560000000
2020,11,16,11,55,13,   5.1720000000
2020,11,16,11,55,13,   5.1960000000
2020,11,16,11,55,14,   5.1960000000
2020,11,16,11,55,14,   5.1920000000
2020,11,16,11,55,14,   5.1920000000
2020,11,16,11,55,14,   5.2000000000
2020,11,16,11,55,15,   5.1960000000
2020,11,16,11,55,15,   5.1960000000
2020,11,16,11,55,15,   5.2040000000
2020,11,16,11,55,15,   5.1760000000
2020,11,16,11,55,16,   5.1600000000
2020,11,16,11,55,16,   5.1680000000
2020,11,16,11,55,16,   5.1640000000
2020,11,16,11,55,16,   5.1680000000
2020,11,16,11,55,17,   5.1680000000
2020,11,16,11,55,17,   5.2000000000
2020,11,16,11,55,17,   5.1880000000
2020,11,16,11,55,18,   5.1840000000
2020,11,16,11,55,18,   5.1960000000
2020,11,16,11,55,18,   5.1960000000
2020,11,16,11,55,18,   5.1960000000
2020,11,16,11,55,19,   5.1960000000
2020,11,16,11,55,19,   5.1920000000
2020,11,16,11,55,19,   5.1920000000
2020,11,16,11,55,19,   5.2040000000
2020,11,16,11,55,20,   5.1800000000
2020,11,16,11,55,20,   5.1960000000
2020,11,16,11,55,20,   5.2000000000
2020,11,16,11,55,20,   5.1880000000
2020,11,16,11,55,21,   5.1960000000
2020,11,16,11,55,21,   5.1680000000
2020,11,16,11,55,21,   5.1680000000
2020,11,16,11,55,21,   5.1640000000
2020,11,16,11,55,22,   5.1640000000
2020,11,16,11,55,22,   5.1600000000
2020,11,16,11,55,22,   5.1600000000
2020,11,16,11,55,23,   5.1640000000
2020,11,16,11,55,23,   5.1680000000
2020,11,16,11,55,23,   5.2040000000
2020,11,16,11,55,23,   5.1960000000
2020,11,16,11,55,24,   5.1960000000
2020,11,16,11,55,24,   5.2040000000
2020,11,16,11,55,24,   5.1960000000
2020,11,16,11,55,24,   5.1600000000
2020,11,16,11,55,25,   5.1600000000
2020,11,16,11,55,25,   5.1920000000
2020,11,16,11,55,25,   5.2000000000
2020,11,16,11,55,25,   5.2000000000
2020,11,16,11,55,26,   5.1800000000
2020,11,16,11,55,26,   5.1920000000
2020,11,16,11,55,26,   5.1840000000
2020,11,16,11,55,26,   5.1640000000
2020,11,16,11,55,27,   5.1680000000
2020,11,16,11,55,27,   5.1840000000
2020,11,16,11,55,27,   5.1600000000
2020,11,16,11,55,27,   5.1720000000
2020,11,16,11,55,28,   5.1680000000
2020,11,16,11,55,28,   5.1960000000
2020,11,16,11,55,28,   5.2000000000
2020,11,16,11,55,29,   5.1880000000
2020,11,16,11,55,29,   5.1960000000
2020,11,16,11,55,29,   5.2040000000
2020,11,16,11,55,29,   5.2040000000
2020,11,16,11,55,30,   5.1600000000
2020,11,16,11,55,30,   5.1680000000
2020,11,16,11,55,30,   5.1960000000
2020,11,16,11,55,30,   5.1920000000
2020,11,16,11,55,31,   5.1840000000
2020,11,16,11,55,31,   5.2040000000
2020,11,16,11,55,31,   5.1880000000
2020,11,16,11,55,31,   5.1680000000
2020,11,16,11,55,32,   5.1600000000
2020,11,16,11,55,32,   5.1640000000
2020,11,16,11,55,32,   5.1680000000
2020,11,16,11,55,32,   5.1640000000
2020,11,16,11,55,33,   5.1600000000
2020,11,16,11,55,33,   5.1560000000
2020,11,16,11,55,33,   5.1560000000
2020,11,16,11,55,33,   5.2040000000
2020,11,16,11,55,34,   5.2080000000
2020,11,16,11,55,34,   5.1720000000
2020,11,16,11,55,34,   5.1680000000
2020,11,16,11,55,35,   5.1640000000
2020,11,16,11,55,35,   5.1560000000
2020,11,16,11,55,35,   5.1600000000
2020,11,16,11,55,35,   5.1600000000
2020,11,16,11,55,36,   5.2040000000
2020,11,16,11,55,36,   5.1920000000
2020,11,16,11,55,36,   5.2000000000
2020,11,16,11,55,36,   5.2000000000
2020,11,16,11,55,37,   5.1960000000
2020,11,16,11,55,37,   5.1960000000
2020,11,16,11,55,37,   5.2000000000
2020,11,16,11,55,37,   5.2040000000
2020,11,16,11,55,38,   5.1680000000
2020,11,16,11,55,38,   5.1680000000
2020,11,16,11,55,38,   5.1600000000
2020,11,16,11,55,38,   5.1800000000
2020,11,16,11,55,39,   5.1680000000
2020,11,16,11,55,39,   5.1640000000
2020,11,16,11,55,39,   5.1920000000
2020,11,16,11,55,40,   5.1960000000
2020,11,16,11,55,40,   5.2000000000
2020,11,16,11,55,40,   5.1920000000
2020,11,16,11,55,40,   5.1920000000
2020,11,16,11,55,41,   5.1960000000
2020,11,16,11,55,41,   5.2040000000
2020,11,16,11,55,41,   5.1680000000
2020,11,16,11,55,41,   5.1680000000
2020,11,16,11,55,42,   5.1640000000
2020,11,16,11,55,42,   5.1920000000
2020,11,16,11,55,42,   5.1640000000
2020,11,16,11,55,42,   5.1560000000
2020,11,16,11,55,43,   5.1680000000
2020,11,16,11,55,43,   5.2040000000
2020,11,16,11,55,43,   5.1680000000
2020,11,16,11,55,43,   5.1720000000
2020,11,16,11,55,44,   5.1800000000
2020,11,16,11,55,44,   5.1680000000
2020,11,16,11,55,44,   5.1840000000
2020,11,16,11,55,44,   5.1680000000
2020,11,16,11,55,45,   5.1920000000
2020,11,16,11,55,45,   5.1920000000
2020,11,16,11,55,45,   5.2040000000
2020,11,16,11,55,46,   5.1920000000
2020,11,16,11,55,46,   5.1800000000
2020,11,16,11,55,46,   5.1920000000
2020,11,16,11,55,46,   5.1960000000
2020,11,16,11,55,47,   5.2000000000
2020,11,16,11,55,47,   5.0760000000
2020,11,16,11,55,47,   5.2000000000
2020,11,16,11,55,47,   5.2000000000
2020,11,16,11,55,48,   5.1960000000
2020,11,16,11,55,48,   5.2000000000
2020,11,16,11,55,48,   5.2000000000
2020,11,16,11,55,48,   5.2040000000
2020,11,16,11,55,49,   5.1680000000
2020,11,16,11,55,49,   5.1640000000
2020,11,16,11,55,49,   5.1720000000
2020,11,16,11,55,50,   5.1680000000
2020,11,16,11,55,50,   5.1640000000
2020,11,16,11,55,50,   5.1640000000
2020,11,16,11,55,50,   5.1720000000
2020,11,16,11,55,51,   5.1680000000
2020,11,16,11,55,51,   5.1720000000
2020,11,16,11,55,51,   5.1680000000
2020,11,16,11,55,51,   5.1720000000
2020,11,16,11,55,52,   5.1560000000
2020,11,16,11,55,52,   5.1920000000
2020,11,16,11,55,52,   5.1880000000
2020,11,16,11,55,52,   5.1640000000
2020,11,16,11,55,53,   5.1640000000
2020,11,16,11,55,53,   5.1800000000
2020,11,16,11,55,53,   5.1680000000
2020,11,16,11,55,53,   5.1680000000
2020,11,16,11,55,54,   5.1600000000
2020,11,16,11,55,54,   5.1920000000
2020,11,16,11,55,54,   5.1640000000
2020,11,16,11,55,55,   5.1760000000
2020,11,16,11,55,55,   5.1640000000
2020,11,16,11,55,55,   5.1680000000
2020,11,16,11,55,55,   5.1720000000
2020,11,16,11,55,56,   5.2000000000
2020,11,16,11,55,56,   5.1880000000
2020,11,16,11,55,56,   5.2040000000
2020,11,16,11,55,56,   5.2000000000
2020,11,16,11,55,57,   5.1640000000
2020,11,16,11,55,57,   5.1720000000
2020,11,16,11,55,57,   5.2000000000
2020,11,16,11,55,57,   5.2000000000
2020,11,16,11,55,58,   5.2000000000
2020,11,16,11,55,58,   5.2040000000
2020,11,16,11,55,58,   5.2000000000
2020,11,16,11,55,58,   5.2000000000
2020,11,16,11,55,59,   5.2000000000
2020,11,16,11,55,59,   5.2000000000
2020,11,16,11,55,59,   5.2000000000
2020,11,16,11,56,0,   5.2000000000
2020,11,16,11,56,0,   5.1640000000
2020,11,16,11,56,0,   5.1640000000
2020,11,16,11,56,0,   5.1640000000
2020,11,16,11,56,1,   5.1720000000
2020,11,16,11,56,1,   5.1640000000
2020,11,16,11,56,1,   5.1840000000
2020,11,16,11,56,1,   5.1720000000
2020,11,16,11,56,2,   5.1680000000
2020,11,16,11,56,2,   5.1640000000
2020,11,16,11,56,2,   5.1640000000
2020,11,16,11,56,2,   5.1640000000
2020,11,16,11,56,3,   5.1640000000
2020,11,16,11,56,3,   5.1920000000
2020,11,16,11,56,3,   5.1840000000
2020,11,16,11,56,3,   5.1640000000
2020,11,16,11,56,4,   5.1720000000
2020,11,16,11,56,4,   5.1960000000
2020,11,16,11,56,4,   5.2000000000
2020,11,16,11,56,4,   5.2000000000
2020,11,16,11,56,5,   5.1880000000
2020,11,16,11,56,5,   5.1960000000
2020,11,16,11,56,5,   5.1920000000
2020,11,16,11,56,6,   5.2000000000
2020,11,16,11,56,6,   5.1600000000
2020,11,16,11,56,6,   5.1680000000
2020,11,16,11,56,6,   5.1560000000
2020,11,16,11,56,7,   5.1680000000
2020,11,16,11,56,7,   5.1680000000
2020,11,16,11,56,7,   5.1640000000
2020,11,16,11,56,7,   5.1760000000
2020,11,16,11,56,8,   5.1640000000
2020,11,16,11,56,8,   5.2080000000
2020,11,16,11,56,8,   5.1920000000
2020,11,16,11,56,8,   5.2040000000
2020,11,16,11,56,9,   5.1960000000
2020,11,16,11,56,9,   5.1880000000
2020,11,16,11,56,9,   5.1920000000
2020,11,16,11,56,9,   5.1840000000
2020,11,16,11,56,10,   5.1640000000
2020,11,16,11,56,10,   5.1600000000
2020,11,16,11,56,10,   5.1640000000
2020,11,16,11,56,11,   5.1960000000
2020,11,16,11,56,11,   5.1920000000
2020,11,16,11,56,11,   5.2000000000
2020,11,16,11,56,11,   5.1640000000
2020,11,16,11,56,12,   5.1680000000
2020,11,16,11,56,12,   5.1640000000
2020,11,16,11,56,12,   5.1640000000
2020,11,16,11,56,12,   5.1760000000
2020,11,16,11,56,13,   5.1880000000
2020,11,16,11,56,13,   5.1640000000
2020,11,16,11,56,13,   5.1680000000
2020,11,16,11,56,13,   5.2120000000
2020,11,16,11,56,14,   5.1920000000
2020,11,16,11,56,14,   5.2040000000
2020,11,16,11,56,14,   5.1920000000
2020,11,16,11,56,14,   5.1920000000
2020,11,16,11,56,15,   5.2000000000
2020,11,16,11,56,15,   5.1960000000
2020,11,16,11,56,15,   5.1960000000
2020,11,16,11,56,16,   5.2000000000
2020,11,16,11,56,16,   5.1920000000
2020,11,16,11,56,16,   5.1920000000
2020,11,16,11,56,16,   5.1840000000
2020,11,16,11,56,17,   5.1680000000
2020,11,16,11,56,17,   5.1640000000
2020,11,16,11,56,17,   5.1560000000
2020,11,16,11,56,17,   5.1840000000
2020,11,16,11,56,18,   5.1720000000
2020,11,16,11,56,18,   5.1560000000
2020,11,16,11,56,18,   5.2000000000
2020,11,16,11,56,18,   5.1880000000
2020,11,16,11,56,19,   5.1960000000
2020,11,16,11,56,19,   5.1960000000
2020,11,16,11,56,19,   5.1920000000
2020,11,16,11,56,20,   5.1680000000
2020,11,16,11,56,20,   5.1520000000
2020,11,16,11,56,20,   5.1640000000
2020,11,16,11,56,20,   5.1640000000
2020,11,16,11,56,21,   5.1640000000
2020,11,16,11,56,21,   5.2000000000
2020,11,16,11,56,21,   5.1920000000
2020,11,16,11,56,21,   5.1840000000
2020,11,16,11,56,22,   5.2000000000
2020,11,16,11,56,22,   5.1880000000
2020,11,16,11,56,22,   5.1680000000
2020,11,16,11,56,22,   5.1760000000
2020,11,16,11,56,23,   5.1640000000
2020,11,16,11,56,23,   5.1840000000
2020,11,16,11,56,23,   5.1680000000
2020,11,16,11,56,24,   5.1800000000
2020,11,16,11,56,24,   5.2000000000
2020,11,16,11,56,24,   5.2000000000
2020,11,16,11,56,24,   5.2000000000
2020,11,16,11,56,25,   5.1960000000
2020,11,16,11,56,25,   5.1640000000
2020,11,16,11,56,25,   5.1600000000
2020,11,16,11,56,25,   5.1560000000
2020,11,16,11,56,26,   5.2000000000
2020,11,16,11,56,26,   5.1760000000
2020,11,16,11,56,26,   5.1960000000
2020,11,16,11,56,26,   5.2000000000
2020,11,16,11,56,27,   5.1960000000
2020,11,16,11,56,27,   5.1960000000
2020,11,16,11,56,27,   5.1800000000
2020,11,16,11,56,27,   5.1960000000
2020,11,16,11,56,28,   5.1680000000
2020,11,16,11,56,28,   5.1720000000
2020,11,16,11,56,28,   5.1680000000
2020,11,16,11,56,29,   5.1720000000
2020,11,16,11,56,29,   5.1600000000
2020,11,16,11,56,29,   5.1560000000
2020,11,16,11,56,29,   5.1680000000
2020,11,16,11,56,30,   5.1840000000
2020,11,16,11,56,30,   5.1640000000
2020,11,16,11,56,30,   5.1960000000
2020,11,16,11,56,30,   5.2000000000
2020,11,16,11,56,31,   5.1920000000
2020,11,16,11,56,31,   5.1800000000
2020,11,16,11,56,31,   5.1920000000
2020,11,16,11,56,31,   5.1680000000
2020,11,16,11,56,32,   5.1640000000
2020,11,16,11,56,32,   5.1680000000
2020,11,16,11,56,32,   5.1760000000
2020,11,16,11,56,32,   5.1600000000
2020,11,16,11,56,33,   5.1800000000
2020,11,16,11,56,33,   5.2040000000
2020,11,16,11,56,33,   5.1640000000
2020,11,16,11,56,33,   5.1680000000
2020,11,16,11,56,34,   5.1640000000
2020,11,16,11,56,34,   5.1720000000
2020,11,16,11,56,34,   5.1680000000
2020,11,16,11,56,35,   5.1720000000
2020,11,16,11,56,35,   5.1880000000
2020,11,16,11,56,35,   5.1960000000
2020,11,16,11,56,35,   5.1960000000
2020,11,16,11,56,36,   5.1920000000
2020,11,16,11,56,36,   5.1920000000
2020,11,16,11,56,36,   5.2040000000
2020,11,16,11,56,36,   5.2000000000
2020,11,16,11,56,37,   5.1960000000
2020,11,16,11,56,37,   5.1920000000
2020,11,16,11,56,37,   5.2000000000
2020,11,16,11,56,37,   5.1920000000
2020,11,16,11,56,38,   5.2040000000
2020,11,16,11,56,38,   5.1960000000
2020,11,16,11,56,38,   5.2000000000
2020,11,16,11,56,38,   5.2000000000
2020,11,16,11,56,39,   5.2040000000
2020,11,16,11,56,39,   5.1680000000
2020,11,16,11,56,39,   5.1680000000
2020,11,16,11,56,39,   5.1640000000
2020,11,16,11,56,40,   5.1880000000
2020,11,16,11,56,40,   5.1680000000
2020,11,16,11,56,40,   5.1640000000
2020,11,16,11,56,41,   5.1640000000
2020,11,16,11,56,41,   5.1720000000
2020,11,16,11,56,41,   5.1560000000
2020,11,16,11,56,41,   5.2040000000
2020,11,16,11,56,42,   5.1920000000
2020,11,16,11,56,42,   5.1880000000
2020,11,16,11,56,42,   5.2080000000
2020,11,16,11,56,42,   5.1840000000
2020,11,16,11,56,43,   5.2040000000
2020,11,16,11,56,43,   5.1960000000
2020,11,16,11,56,43,   5.2000000000
2020,11,16,11,56,43,   5.1960000000
2020,11,16,11,56,44,   5.1680000000
2020,11,16,11,56,44,   5.1720000000
2020,11,16,11,56,44,   5.1720000000
2020,11,16,11,56,44,   5.1920000000
2020,11,16,11,56,45,   5.1960000000
2020,11,16,11,56,45,   5.1640000000
2020,11,16,11,56,45,   5.1640000000
2020,11,16,11,56,45,   5.1640000000
2020,11,16,11,56,46,   5.1640000000
2020,11,16,11,56,46,   5.1680000000
2020,11,16,11,56,46,   5.1640000000
2020,11,16,11,56,47,   5.1960000000
2020,11,16,11,56,47,   5.2040000000
2020,11,16,11,56,47,   5.2040000000
2020,11,16,11,56,47,   5.2040000000
2020,11,16,11,56,48,   5.2000000000
2020,11,16,11,56,48,   5.1880000000
2020,11,16,11,56,48,   5.1680000000
2020,11,16,11,56,48,   5.1520000000
2020,11,16,11,56,49,   5.2120000000
2020,11,16,11,56,49,   5.2000000000
2020,11,16,11,56,49,   5.1640000000
2020,11,16,11,56,49,   5.1680000000
2020,11,16,11,56,50,   5.2080000000
2020,11,16,11,56,50,   5.2000000000
2020,11,16,11,56,50,   5.1960000000
2020,11,16,11,56,50,   5.2120000000
2020,11,16,11,56,51,   5.1680000000
2020,11,16,11,56,51,   5.1680000000
2020,11,16,11,56,51,   5.1640000000
2020,11,16,11,56,52,   5.1600000000
2020,11,16,11,56,52,   5.1680000000
2020,11,16,11,56,52,   5.1960000000
2020,11,16,11,56,52,   5.1600000000
2020,11,16,11,56,53,   5.1680000000
2020,11,16,11,56,53,   5.1600000000
2020,11,16,11,56,53,   5.2000000000
2020,11,16,11,56,53,   5.2000000000
2020,11,16,11,56,54,   5.2000000000
2020,11,16,11,56,54,   5.1880000000
2020,11,16,11,56,54,   5.1960000000
2020,11,16,11,56,54,   5.2000000000
2020,11,16,11,56,55,   5.1920000000
2020,11,16,11,56,55,   5.2000000000
2020,11,16,11,56,55,   5.2040000000
2020,11,16,11,56,55,   5.1800000000
2020,11,16,11,56,56,   5.1880000000
2020,11,16,11,56,56,   5.1680000000
2020,11,16,11,56,56,   5.1680000000
2020,11,16,11,56,56,   5.1720000000
2020,11,16,11,56,57,   5.1640000000
2020,11,16,11,56,57,   5.1960000000
2020,11,16,11,56,57,   5.2000000000
2020,11,16,11,56,58,   5.1960000000
2020,11,16,11,56,58,   5.1680000000
