2020,9,21,14,36,1, -50.0000000000
2020,9,21,14,36,1,  26.7742000000
2020,9,21,14,36,1,  80.9677000000
2020,9,21,14,36,1, -30.0000000000
2020,9,21,14,36,2,  84.1935000000
2020,9,21,14,36,2,  99.6774000000
2020,9,21,14,36,2, -50.0000000000
2020,9,21,14,36,3, 110.3226000000
2020,9,21,14,36,3, -50.0000000000
2020,9,21,14,36,3, 112.9032000000
2020,9,21,14,36,3, -50.0000000000
2020,9,21,14,36,4, 134.8387000000
2020,9,21,14,36,4, 110.3226000000
2020,9,21,14,36,4, -50.0000000000
2020,9,21,14,36,4, -50.0000000000
2020,9,21,14,36,5, -29.3548000000
2020,9,21,14,36,5, -50.0000000000
2020,9,21,14,36,5, 126.7742000000
2020,9,21,14,36,5,  93.5484000000
2020,9,21,14,36,6,  49.3548000000
2020,9,21,14,36,6,  86.1290000000
2020,9,21,14,36,6, -50.0000000000
2020,9,21,14,36,7, 135.4839000000
2020,9,21,14,36,7, 115.4839000000
2020,9,21,14,36,7, -50.0000000000
2020,9,21,14,36,7,  85.4839000000
2020,9,21,14,36,8, -50.0000000000
2020,9,21,14,36,8, -50.0000000000
2020,9,21,14,36,8,  32.2581000000
2020,9,21,14,36,8,  91.2903000000
2020,9,21,14,36,9, -50.0000000000
2020,9,21,14,36,9,  99.3548000000
2020,9,21,14,36,9, -44.8387000000
2020,9,21,14,36,9, 128.0645000000
2020,9,21,14,36,10, -50.0000000000
2020,9,21,14,36,10, 102.5806000000
2020,9,21,14,36,10, -50.0000000000
2020,9,21,14,36,11, -50.0000000000
2020,9,21,14,36,11, 133.2258000000
2020,9,21,14,36,11, -29.6774000000
2020,9,21,14,36,11, -50.0000000000
2020,9,21,14,36,12,   1.9355000000
2020,9,21,14,36,12, 125.4839000000
2020,9,21,14,36,12,  97.7419000000
2020,9,21,14,36,12, -18.0645000000
2020,9,21,14,36,13, -50.0000000000
2020,9,21,14,36,13, 136.1290000000
2020,9,21,14,36,13, 122.2581000000
2020,9,21,14,36,13, -39.6774000000
2020,9,21,14,36,14, 118.3871000000
2020,9,21,14,36,14, 130.3226000000
2020,9,21,14,36,14,   7.0968000000
2020,9,21,14,36,15,  -1.9355000000
2020,9,21,14,36,15, -50.0000000000
2020,9,21,14,36,15, 102.9032000000
2020,9,21,14,36,15, -50.0000000000
2020,9,21,14,36,16, 101.2903000000
2020,9,21,14,36,16, -50.0000000000
2020,9,21,14,36,16, 109.0323000000
2020,9,21,14,36,16, -50.0000000000
2020,9,21,14,36,17,  85.8065000000
2020,9,21,14,36,17, 131.9355000000
2020,9,21,14,36,17, -34.1935000000
2020,9,21,14,36,17, 115.8065000000
2020,9,21,14,36,18, 110.9677000000
2020,9,21,14,36,18, -50.0000000000
2020,9,21,14,36,18, 135.8065000000
2020,9,21,14,36,18,  69.3548000000
2020,9,21,14,36,19, -43.2258000000
2020,9,21,14,36,19,  48.7097000000
2020,9,21,14,36,19, 109.3548000000
2020,9,21,14,36,20, -50.0000000000
2020,9,21,14,36,20, 108.7097000000
2020,9,21,14,36,20,  -8.7097000000
2020,9,21,14,36,20, -50.0000000000
2020,9,21,14,36,21, -16.1290000000
2020,9,21,14,36,21, 102.2581000000
2020,9,21,14,36,21, -10.0000000000
2020,9,21,14,36,21,  90.3226000000
2020,9,21,14,36,22,  95.8065000000
2020,9,21,14,36,22, -50.0000000000
2020,9,21,14,36,22, -50.0000000000
2020,9,21,14,36,22, 133.5484000000
2020,9,21,14,36,23,  10.3226000000
2020,9,21,14,36,23, 101.6129000000
2020,9,21,14,36,23, -50.0000000000
2020,9,21,14,36,23, 119.6774000000
2020,9,21,14,36,24, 119.6774000000
2020,9,21,14,36,24, -50.0000000000
2020,9,21,14,36,24,  87.4194000000
2020,9,21,14,36,25, -43.8710000000
2020,9,21,14,36,25, 119.0323000000
2020,9,21,14,36,25, 109.0323000000
2020,9,21,14,36,25, -50.0000000000
2020,9,21,14,36,26, 127.7419000000
2020,9,21,14,36,26, -50.0000000000
2020,9,21,14,36,26,  87.7419000000
2020,9,21,14,36,26, -50.0000000000
2020,9,21,14,36,27, 127.4194000000
2020,9,21,14,36,27, -45.1613000000
2020,9,21,14,36,27, 119.0323000000
2020,9,21,14,36,27, -50.0000000000
2020,9,21,14,36,28,  22.5806000000
2020,9,21,14,36,28,  81.9355000000
2020,9,21,14,36,28, -50.0000000000
2020,9,21,14,36,28,  80.6452000000
2020,9,21,14,36,29,  88.7097000000
2020,9,21,14,36,29, -50.0000000000
2020,9,21,14,36,29, 125.4839000000
2020,9,21,14,36,30, -42.5806000000
2020,9,21,14,36,30,  -4.1935000000
2020,9,21,14,36,30, -50.0000000000
2020,9,21,14,36,30, -50.0000000000
2020,9,21,14,36,31, -50.0000000000
2020,9,21,14,36,31, -14.5161000000
2020,9,21,14,36,31, 171.9355000000
2020,9,21,14,36,31, 108.0645000000
2020,9,21,14,36,32, -50.0000000000
2020,9,21,14,36,32, -50.0000000000
2020,9,21,14,36,32, -25.8065000000
2020,9,21,14,36,32, 112.5806000000
2020,9,21,14,36,33, -50.0000000000
2020,9,21,14,36,33, 135.4839000000
2020,9,21,14,36,33,  51.6129000000
2020,9,21,14,36,33, 123.5484000000
2020,9,21,14,36,34, -50.0000000000
2020,9,21,14,36,34, -47.7419000000
2020,9,21,14,36,34, -16.7742000000
2020,9,21,14,36,35, 126.7742000000
2020,9,21,14,36,35, -50.0000000000
2020,9,21,14,36,35,  31.9355000000
2020,9,21,14,36,35,  30.0000000000
2020,9,21,14,36,36, -50.0000000000
2020,9,21,14,36,36, -50.0000000000
2020,9,21,14,36,36, -50.0000000000
2020,9,21,14,36,36, 108.7097000000
2020,9,21,14,36,37,  75.4839000000
2020,9,21,14,36,37, -50.0000000000
2020,9,21,14,36,37, -50.0000000000
2020,9,21,14,36,38,  61.9355000000
2020,9,21,14,36,38, -40.3226000000
2020,9,21,14,36,38, 128.0645000000
2020,9,21,14,36,38, -50.0000000000
2020,9,21,14,36,39, -50.0000000000
2020,9,21,14,36,39, 105.4839000000
2020,9,21,14,36,39, -50.0000000000
2020,9,21,14,36,39, 130.9677000000
2020,9,21,14,36,40,  48.3871000000
2020,9,21,14,36,40,  66.1290000000
2020,9,21,14,36,40, -39.3548000000
2020,9,21,14,36,40, 119.6774000000
2020,9,21,14,36,41, 115.1613000000
2020,9,21,14,36,41, -50.0000000000
2020,9,21,14,36,41, 111.6129000000
2020,9,21,14,36,41, -38.7097000000
2020,9,21,14,36,42, -45.1613000000
2020,9,21,14,36,42, 118.0645000000
2020,9,21,14,36,42, -50.0000000000
2020,9,21,14,36,43, -50.0000000000
2020,9,21,14,36,43,  84.8387000000
2020,9,21,14,36,43,  75.8065000000
2020,9,21,14,36,43, -47.4194000000
2020,9,21,14,36,44, 138.0645000000
2020,9,21,14,36,44, -50.0000000000
2020,9,21,14,36,44, 141.9355000000
2020,9,21,14,36,44, -50.0000000000
2020,9,21,14,36,45, -15.8065000000
2020,9,21,14,36,45, -50.0000000000
2020,9,21,14,36,45, 129.0323000000
2020,9,21,14,36,45, -50.0000000000
2020,9,21,14,36,46, -19.6774000000
2020,9,21,14,36,46, 108.7097000000
2020,9,21,14,36,46, -19.6774000000
2020,9,21,14,36,47,  74.8387000000
2020,9,21,14,36,47, -50.0000000000
2020,9,21,14,36,47, -50.0000000000
2020,9,21,14,36,47, 134.1935000000
2020,9,21,14,36,48, -37.7419000000
2020,9,21,14,36,48, -50.0000000000
2020,9,21,14,36,48, -19.0323000000
2020,9,21,14,36,48,   8.7097000000
2020,9,21,14,36,49,  87.7419000000
2020,9,21,14,36,49, -50.0000000000
2020,9,21,14,36,49, 127.7419000000
2020,9,21,14,36,49, 123.5484000000
2020,9,21,14,36,50, -50.0000000000
2020,9,21,14,36,50, 122.5806000000
2020,9,21,14,36,50, 110.9677000000
2020,9,21,14,36,51, -50.0000000000
2020,9,21,14,36,51, 110.9677000000
2020,9,21,14,36,51, -50.0000000000
2020,9,21,14,36,51, 136.7742000000
2020,9,21,14,36,52,  65.1613000000
2020,9,21,14,36,52,  95.1613000000
2020,9,21,14,36,52, -50.0000000000
2020,9,21,14,36,52,  90.6452000000
2020,9,21,14,36,53, 116.7742000000
2020,9,21,14,36,53, -50.0000000000
2020,9,21,14,36,53, -50.0000000000
2020,9,21,14,36,54, -50.0000000000
2020,9,21,14,36,54, -39.0323000000
2020,9,21,14,36,54,  45.8065000000
2020,9,21,14,36,54, 104.1935000000
2020,9,21,14,36,55, 100.0000000000
2020,9,21,14,36,55,  79.3548000000
2020,9,21,14,36,55,  -2.2581000000
2020,9,21,14,36,55,  22.9032000000
2020,9,21,14,36,56,  89.0323000000
2020,9,21,14,36,56, -50.0000000000
2020,9,21,14,36,56, -31.6129000000
2020,9,21,14,36,56, -50.0000000000
2020,9,21,14,36,57,  13.5484000000
2020,9,21,14,36,57, -26.7742000000
2020,9,21,14,36,57, -23.8710000000
2020,9,21,14,36,58, 132.9032000000
2020,9,21,14,36,58, -50.0000000000
2020,9,21,14,36,58,  82.5806000000
2020,9,21,14,36,58,  86.7742000000
2020,9,21,14,36,59,   2.9032000000
2020,9,21,14,36,59,  95.8065000000
2020,9,21,14,36,59, -50.0000000000
2020,9,21,14,36,59, -50.0000000000
2020,9,21,14,37,0,  68.7097000000
2020,9,21,14,37,0,  86.7742000000
2020,9,21,14,37,0, 102.2581000000
2020,9,21,14,37,0, -50.0000000000
2020,9,21,14,37,1, 123.2258000000
2020,9,21,14,37,1, -50.0000000000
2020,9,21,14,37,1,  -8.3871000000
2020,9,21,14,37,1, 132.9032000000
2020,9,21,14,37,2,  44.5161000000
2020,9,21,14,37,2, -37.4194000000
2020,9,21,14,37,2,  93.5484000000
2020,9,21,14,37,3,  22.2581000000
2020,9,21,14,37,3,  89.6774000000
2020,9,21,14,37,3, -50.0000000000
2020,9,21,14,37,3, 104.8387000000
2020,9,21,14,37,4, -50.0000000000
2020,9,21,14,37,4, 134.1935000000
2020,9,21,14,37,4, 115.1613000000
2020,9,21,14,37,4, -50.0000000000
2020,9,21,14,37,5, -15.8065000000
2020,9,21,14,37,5, -11.2903000000
2020,9,21,14,37,5,  93.2258000000
2020,9,21,14,37,5, -22.2581000000
2020,9,21,14,37,6, -28.7097000000
2020,9,21,14,37,6,   0.0000000000
2020,9,21,14,37,6,  90.0000000000
2020,9,21,14,37,7, -50.0000000000
2020,9,21,14,37,7, 135.4839000000
2020,9,21,14,37,7, -50.0000000000
2020,9,21,14,37,7, 105.8065000000
2020,9,21,14,37,8, -50.0000000000
2020,9,21,14,37,8, -50.0000000000
2020,9,21,14,37,8, -50.0000000000
2020,9,21,14,37,8, -32.5806000000
2020,9,21,14,37,9, 110.9677000000
2020,9,21,14,37,9, -50.0000000000
2020,9,21,14,37,9, 129.0323000000
2020,9,21,14,37,9, 246.7742000000
2020,9,21,14,37,10,   8.7097000000
2020,9,21,14,37,10, -50.0000000000
2020,9,21,14,37,10,  37.0968000000
2020,9,21,14,37,11,  88.3871000000
2020,9,21,14,37,11, -48.0645000000
2020,9,21,14,37,11,  81.6129000000
2020,9,21,14,37,11, 119.6774000000
2020,9,21,14,37,12, -50.0000000000
2020,9,21,14,37,12,  80.3226000000
2020,9,21,14,37,12, -48.7097000000
2020,9,21,14,37,12, -50.0000000000
2020,9,21,14,37,13, 134.1935000000
2020,9,21,14,37,13, -50.0000000000
2020,9,21,14,37,13, -50.0000000000
2020,9,21,14,37,13, 130.6452000000
2020,9,21,14,37,14, 130.3226000000
2020,9,21,14,37,14, -50.0000000000
2020,9,21,14,37,14, 122.9032000000
2020,9,21,14,37,14, -50.0000000000
2020,9,21,14,37,15,  93.5484000000
2020,9,21,14,37,15, -50.0000000000
2020,9,21,14,37,15, -17.4194000000
2020,9,21,14,37,16, -35.8065000000
2020,9,21,14,37,16, -22.9032000000
2020,9,21,14,37,16, 108.3871000000
2020,9,21,14,37,16, -22.5806000000
2020,9,21,14,37,17, 106.4516000000
2020,9,21,14,37,17, -50.0000000000
2020,9,21,14,37,17,  23.8710000000
2020,9,21,14,37,17, -28.7097000000
2020,9,21,14,37,18, 109.0323000000
2020,9,21,14,37,18,  81.9355000000
2020,9,21,14,37,18,  86.4516000000
2020,9,21,14,37,18, -50.0000000000
2020,9,21,14,37,19, 115.8065000000
2020,9,21,14,37,19, -50.0000000000
2020,9,21,14,37,19,  88.0645000000
2020,9,21,14,37,19, -50.0000000000
2020,9,21,14,37,20, 132.5806000000
2020,9,21,14,37,20, -11.9355000000
2020,9,21,14,37,20, 100.6452000000
2020,9,21,14,37,21,  46.4516000000
2020,9,21,14,37,21,  51.6129000000
2020,9,21,14,37,21, -33.5484000000
2020,9,21,14,37,21, 114.5161000000
2020,9,21,14,37,22, 114.5161000000
2020,9,21,14,37,22, -50.0000000000
2020,9,21,14,37,22, 121.9355000000
2020,9,21,14,37,22, -50.0000000000
2020,9,21,14,37,23, 111.6129000000
2020,9,21,14,37,23,  73.8710000000
2020,9,21,14,37,23,  89.6774000000
2020,9,21,14,37,23, -50.0000000000
2020,9,21,14,37,24, 128.7097000000
2020,9,21,14,37,24, 119.6774000000
2020,9,21,14,37,24,  83.2258000000
2020,9,21,14,37,24, -50.0000000000
2020,9,21,14,37,25, -50.0000000000
2020,9,21,14,37,25,  43.8710000000
2020,9,21,14,37,25,  82.5806000000
2020,9,21,14,37,26, 117.4194000000
2020,9,21,14,37,26, -50.0000000000
2020,9,21,14,37,26, -50.0000000000
2020,9,21,14,37,26, 133.5484000000
2020,9,21,14,37,27,  33.8710000000
2020,9,21,14,37,27, 126.7742000000
2020,9,21,14,37,27, -50.0000000000
2020,9,21,14,37,27,  92.5806000000
2020,9,21,14,37,28,  89.3548000000
2020,9,21,14,37,28, -50.0000000000
2020,9,21,14,37,28, -50.0000000000
2020,9,21,14,37,28,  93.5484000000
2020,9,21,14,37,29,  25.8065000000
2020,9,21,14,37,29, 128.7097000000
2020,9,21,14,37,29, -50.0000000000
2020,9,21,14,37,29, -11.2903000000
2020,9,21,14,37,30, -30.6452000000
2020,9,21,14,37,30,  -4.5161000000
2020,9,21,14,37,30,  92.9032000000
2020,9,21,14,37,31, -50.0000000000
2020,9,21,14,37,31,  17.7419000000
2020,9,21,14,37,31, -22.2581000000
2020,9,21,14,37,31, 119.6774000000
2020,9,21,14,37,32,  93.8710000000
2020,9,21,14,37,32, -45.4839000000
2020,9,21,14,37,32, 136.7742000000
2020,9,21,14,37,32, 126.1290000000
2020,9,21,14,37,33, -50.0000000000
2020,9,21,14,37,33, -14.5161000000
2020,9,21,14,37,33,  49.6774000000
2020,9,21,14,37,33, -50.0000000000
2020,9,21,14,37,34, -50.0000000000
2020,9,21,14,37,34, -50.0000000000
2020,9,21,14,37,34, 123.2258000000
2020,9,21,14,37,34, -30.0000000000
2020,9,21,14,37,35,  -7.0968000000
2020,9,21,14,37,35, 101.9355000000
2020,9,21,14,37,35, 132.5806000000
2020,9,21,14,37,36, -50.0000000000
2020,9,21,14,37,36,  46.4516000000
2020,9,21,14,37,36,  73.2258000000
2020,9,21,14,37,36, 104.5161000000
2020,9,21,14,37,37, -50.0000000000
2020,9,21,14,37,37, 129.0323000000
2020,9,21,14,37,37,  64.8387000000
2020,9,21,14,37,37, -50.0000000000
2020,9,21,14,37,38, -50.0000000000
2020,9,21,14,37,38, 102.2581000000
2020,9,21,14,37,38, -50.0000000000
2020,9,21,14,37,38,  43.2258000000
2020,9,21,14,37,39, -50.0000000000
2020,9,21,14,37,39, 133.2258000000
2020,9,21,14,37,39, -50.0000000000
2020,9,21,14,37,39, -50.0000000000
2020,9,21,14,37,40,  52.9032000000
2020,9,21,14,37,40, 122.5806000000
2020,9,21,14,37,40,  -2.9032000000
2020,9,21,14,37,41, -50.0000000000
2020,9,21,14,37,41,  92.2581000000
2020,9,21,14,37,41, -50.0000000000
2020,9,21,14,37,41, 110.9677000000
2020,9,21,14,37,42, 134.5161000000
2020,9,21,14,37,42, -50.0000000000
2020,9,21,14,37,42, -16.4516000000
2020,9,21,14,37,42, 108.7097000000
2020,9,21,14,37,43, 136.4516000000
2020,9,21,14,37,43,  50.3226000000
2020,9,21,14,37,43, 134.5161000000
2020,9,21,14,37,44, -50.0000000000
2020,9,21,14,37,44, -50.0000000000
2020,9,21,14,37,44, -35.8065000000
2020,9,21,14,37,44, -25.8065000000
2020,9,21,14,37,45, -19.0323000000
2020,9,21,14,37,45, -26.4516000000
2020,9,21,14,37,45, -37.4194000000
2020,9,21,14,37,45, 117.0968000000
2020,9,21,14,37,46, 110.9677000000
2020,9,21,14,37,46, -50.0000000000
2020,9,21,14,37,46,  79.3548000000
2020,9,21,14,37,46,  73.5484000000
2020,9,21,14,37,47, -48.0645000000
2020,9,21,14,37,47, 123.5484000000
2020,9,21,14,37,47, 102.9032000000
2020,9,21,14,37,47, 100.9677000000
2020,9,21,14,37,48,  73.8710000000
2020,9,21,14,37,48, -50.0000000000
2020,9,21,14,37,48,  78.0645000000
2020,9,21,14,37,49, -44.5161000000
2020,9,21,14,37,49, 110.9677000000
2020,9,21,14,37,49,  95.8065000000
2020,9,21,14,37,49, 122.9032000000
2020,9,21,14,37,50, -50.0000000000
2020,9,21,14,37,50, -18.7097000000
2020,9,21,14,37,50, -47.4194000000
2020,9,21,14,37,51,  71.2903000000
2020,9,21,14,37,51, -45.8065000000
2020,9,21,14,37,51, -25.1613000000
2020,9,21,14,37,51,  44.5161000000
2020,9,21,14,37,52, 120.9677000000
2020,9,21,14,37,52, -50.0000000000
2020,9,21,14,37,52, -50.0000000000
2020,9,21,14,37,52, 128.7097000000
2020,9,21,14,37,53, 111.6129000000
2020,9,21,14,37,53, -50.0000000000
2020,9,21,14,37,53, -50.0000000000
2020,9,21,14,37,54,  -4.5161000000
2020,9,21,14,37,54, -50.0000000000
2020,9,21,14,37,54, -39.6774000000
2020,9,21,14,37,54, 135.1613000000
2020,9,21,14,37,55,  61.6129000000
2020,9,21,14,37,55, 218.3871000000
2020,9,21,14,37,55,  28.3871000000
2020,9,21,14,37,56, -45.8065000000
2020,9,21,14,37,56, -50.0000000000
2020,9,21,14,37,56,  37.7419000000
2020,9,21,14,37,56,  69.3548000000
2020,9,21,14,37,57, -38.3871000000
2020,9,21,14,37,57, 119.0323000000
2020,9,21,14,37,57, -50.0000000000
2020,9,21,14,37,57, 120.3226000000
2020,9,21,14,37,58, -48.0645000000
2020,9,21,14,37,58, 126.1290000000
2020,9,21,14,37,58, -50.0000000000
2020,9,21,14,37,58, 115.4839000000
2020,9,21,14,37,59, -50.0000000000
2020,9,21,14,37,59, -50.0000000000
2020,9,21,14,37,59,  98.0645000000
2020,9,21,14,37,59, -50.0000000000
2020,9,21,14,38,0, -50.0000000000
2020,9,21,14,38,0,  20.9677000000
2020,9,21,14,38,0,  91.6129000000
2020,9,21,14,38,1,  73.8710000000
2020,9,21,14,38,1, 144.1935000000
2020,9,21,14,38,1,  58.3871000000
2020,9,21,14,38,1,  85.8065000000
2020,9,21,14,38,2,  78.0645000000
2020,9,21,14,38,2, -46.1290000000
2020,9,21,14,38,2, -50.0000000000
2020,9,21,14,38,2, -50.0000000000
2020,9,21,14,38,3,  94.5161000000
2020,9,21,14,38,3, -48.0645000000
2020,9,21,14,38,3, 123.8710000000
2020,9,21,14,38,3, 123.5484000000
2020,9,21,14,38,4, -50.0000000000
2020,9,21,14,38,4,  43.8710000000
2020,9,21,14,38,4, -46.4516000000
2020,9,21,14,38,5, 122.2581000000
2020,9,21,14,38,5,  84.1935000000
2020,9,21,14,38,5, -50.0000000000
2020,9,21,14,38,5, -30.9677000000
2020,9,21,14,38,6,   7.7419000000
2020,9,21,14,38,6,  94.1935000000
2020,9,21,14,38,6, -44.1935000000
2020,9,21,14,38,6,  70.6452000000
2020,9,21,14,38,7, -25.4839000000
2020,9,21,14,38,7, -50.0000000000
2020,9,21,14,38,7, -50.0000000000
2020,9,21,14,38,7,  32.5806000000
2020,9,21,14,38,8, 130.9677000000
2020,9,21,14,38,8,  65.8065000000
2020,9,21,14,38,8,   5.1613000000
2020,9,21,14,38,8, -50.0000000000
2020,9,21,14,38,9, -50.0000000000
2020,9,21,14,38,9, 134.8387000000
2020,9,21,14,38,9, -50.0000000000
2020,9,21,14,38,10, -50.0000000000
2020,9,21,14,38,10,  -4.5161000000
2020,9,21,14,38,10,  95.4839000000
2020,9,21,14,38,10, 119.3548000000
2020,9,21,14,38,11, -43.8710000000
2020,9,21,14,38,11, -24.8387000000
2020,9,21,14,38,11,  90.9677000000
2020,9,21,14,38,11,  88.7097000000
2020,9,21,14,38,12, -50.0000000000
2020,9,21,14,38,12, 126.1290000000
2020,9,21,14,38,12,  10.3226000000
2020,9,21,14,38,12,  69.6774000000
2020,9,21,14,38,13, 108.0645000000
2020,9,21,14,38,13, -29.3548000000
2020,9,21,14,38,13, -50.0000000000
2020,9,21,14,38,14, 111.2903000000
2020,9,21,14,38,14, -50.0000000000
2020,9,21,14,38,14, -17.0968000000
2020,9,21,14,38,14, -50.0000000000
2020,9,21,14,38,15, -50.0000000000
2020,9,21,14,38,15,  82.9032000000
2020,9,21,14,38,15,  97.7419000000
2020,9,21,14,38,15, -50.0000000000
2020,9,21,14,38,16,  50.0000000000
2020,9,21,14,38,16, 259.6774000000
2020,9,21,14,38,16, -50.0000000000
2020,9,21,14,38,16, 134.1935000000
2020,9,21,14,38,17, -50.0000000000
2020,9,21,14,38,17, -50.0000000000
2020,9,21,14,38,17, 130.6452000000
2020,9,21,14,38,18,   7.4194000000
2020,9,21,14,38,18, 133.5484000000
2020,9,21,14,38,18,  35.8065000000
2020,9,21,14,38,18, -24.5161000000
2020,9,21,14,38,19, 108.3871000000
2020,9,21,14,38,19, -50.0000000000
2020,9,21,14,38,19, -42.2581000000
2020,9,21,14,38,19, -50.0000000000
2020,9,21,14,38,20, 107.7419000000
2020,9,21,14,38,20, -50.0000000000
2020,9,21,14,38,20, -19.0323000000
2020,9,21,14,38,20, 119.3548000000
2020,9,21,14,38,21,  73.2258000000
2020,9,21,14,38,21, -44.1935000000
2020,9,21,14,38,21, -50.0000000000
2020,9,21,14,38,22,  82.2581000000
2020,9,21,14,38,22, -46.7742000000
2020,9,21,14,38,22, -35.1613000000
2020,9,21,14,38,22,  41.9355000000
2020,9,21,14,38,23, -50.0000000000
2020,9,21,14,38,23, -50.0000000000
2020,9,21,14,38,23, 103.5484000000
2020,9,21,14,38,23, -50.0000000000
2020,9,21,14,38,24,  58.7097000000
2020,9,21,14,38,24,  81.9355000000
2020,9,21,14,38,24, -29.3548000000
2020,9,21,14,38,25, -50.0000000000
2020,9,21,14,38,25, 118.7097000000
2020,9,21,14,38,25, 120.0000000000
2020,9,21,14,38,25, -50.0000000000
2020,9,21,14,38,26, -45.1613000000
2020,9,21,14,38,26, -32.2581000000
2020,9,21,14,38,26, 111.9355000000
2020,9,21,14,38,26, -50.0000000000
2020,9,21,14,38,27, 108.7097000000
2020,9,21,14,38,27, -50.0000000000
2020,9,21,14,38,27, -50.0000000000
2020,9,21,14,38,27, -10.6452000000
2020,9,21,14,38,28, 101.9355000000
2020,9,21,14,38,28, -47.7419000000
2020,9,21,14,38,28, 123.5484000000
2020,9,21,14,38,28, -50.0000000000
2020,9,21,14,38,29, 120.3226000000
2020,9,21,14,38,29, -41.9355000000
2020,9,21,14,38,29,  75.1613000000
2020,9,21,14,38,30, -50.0000000000
2020,9,21,14,38,30,  -6.7742000000
2020,9,21,14,38,30,  95.8065000000
2020,9,21,14,38,30, -23.8710000000
2020,9,21,14,38,31, -16.7742000000
2020,9,21,14,38,31, -50.0000000000
2020,9,21,14,38,31, -50.0000000000
2020,9,21,14,38,31, -19.0323000000
2020,9,21,14,38,32, 104.5161000000
2020,9,21,14,38,32,  78.3871000000
2020,9,21,14,38,32, -49.0323000000
2020,9,21,14,38,32, 124.1935000000
2020,9,21,14,38,33, -50.0000000000
2020,9,21,14,38,33,  22.5806000000
2020,9,21,14,38,33, 114.8387000000
2020,9,21,14,38,34, -50.0000000000
2020,9,21,14,38,34, 135.4839000000
2020,9,21,14,38,34,  65.1613000000
2020,9,21,14,38,34,   8.7097000000
2020,9,21,14,38,35, -30.6452000000
2020,9,21,14,38,35, 110.0000000000
2020,9,21,14,38,35,  85.4839000000
2020,9,21,14,38,35, -29.0323000000
2020,9,21,14,38,36, 124.8387000000
2020,9,21,14,38,36, -50.0000000000
2020,9,21,14,38,36, 130.6452000000
2020,9,21,14,38,36, -50.0000000000
2020,9,21,14,38,37, -39.0323000000
2020,9,21,14,38,37, 105.4839000000
2020,9,21,14,38,37,  88.0645000000
2020,9,21,14,38,37, -50.0000000000
2020,9,21,14,38,38, 127.0968000000
2020,9,21,14,38,38, -27.4194000000
2020,9,21,14,38,38, 102.9032000000
2020,9,21,14,38,39, 129.6774000000
2020,9,21,14,38,39, -40.3226000000
2020,9,21,14,38,39, -48.7097000000
2020,9,21,14,38,39, 122.9032000000
2020,9,21,14,38,40, -50.0000000000
2020,9,21,14,38,40, -16.7742000000
2020,9,21,14,38,40,  84.5161000000
2020,9,21,14,38,40, -39.6774000000
2020,9,21,14,38,41, -50.0000000000
2020,9,21,14,38,41, 128.3871000000
2020,9,21,14,38,41, 115.1613000000
2020,9,21,14,38,41, -37.7419000000
2020,9,21,14,38,42, -38.7097000000
2020,9,21,14,38,42, 119.0323000000
2020,9,21,14,38,42, -47.4194000000
2020,9,21,14,38,43, -50.0000000000
2020,9,21,14,38,43, -12.9032000000
2020,9,21,14,38,43, -50.0000000000
2020,9,21,14,38,43, 130.3226000000
2020,9,21,14,38,44, 126.7742000000
2020,9,21,14,38,44, -42.5806000000
2020,9,21,14,38,44, 119.3548000000
2020,9,21,14,38,44, -50.0000000000
2020,9,21,14,38,45, -50.0000000000
2020,9,21,14,38,45, -11.6129000000
2020,9,21,14,38,45, 127.4194000000
2020,9,21,14,38,45, 123.8710000000
2020,9,21,14,38,46, -50.0000000000
2020,9,21,14,38,46,  -6.7742000000
2020,9,21,14,38,46,  76.7742000000
2020,9,21,14,38,46, -50.0000000000
2020,9,21,14,38,47, 114.5161000000
2020,9,21,14,38,47, -21.2903000000
2020,9,21,14,38,47, 123.8710000000
2020,9,21,14,38,48, -50.0000000000
2020,9,21,14,38,48, 124.5161000000
2020,9,21,14,38,48, -36.4516000000
2020,9,21,14,38,48,  36.4516000000
2020,9,21,14,38,49,  96.1290000000
2020,9,21,14,38,49,  75.1613000000
2020,9,21,14,38,49, 128.7097000000
2020,9,21,14,38,49, 134.1935000000
2020,9,21,14,38,50, -42.2581000000
2020,9,21,14,38,50, -50.0000000000
2020,9,21,14,38,50, 132.9032000000
2020,9,21,14,38,50, -32.9032000000
2020,9,21,14,38,51, -28.7097000000
2020,9,21,14,38,51,  93.2258000000
2020,9,21,14,38,51, -50.0000000000
2020,9,21,14,38,52,  71.2903000000
2020,9,21,14,38,52, -50.0000000000
2020,9,21,14,38,52, 121.9355000000
2020,9,21,14,38,52,  84.5161000000
2020,9,21,14,38,53, -50.0000000000
2020,9,21,14,38,53,  73.8710000000
2020,9,21,14,38,53, 104.1935000000
2020,9,21,14,38,53, -50.0000000000
2020,9,21,14,38,54, 135.4839000000
2020,9,21,14,38,54, -36.4516000000
2020,9,21,14,38,54, -50.0000000000
2020,9,21,14,38,54, 106.7742000000
2020,9,21,14,38,55, -50.0000000000
2020,9,21,14,38,55, -50.0000000000
2020,9,21,14,38,55,  32.5806000000
2020,9,21,14,38,56, -50.0000000000
2020,9,21,14,38,56, 115.1613000000
2020,9,21,14,38,56, 108.0645000000
2020,9,21,14,38,56, -50.0000000000
2020,9,21,14,38,57, 134.1935000000
2020,9,21,14,38,57, -23.2258000000
2020,9,21,14,38,57, 106.1290000000
2020,9,21,14,38,57, -50.0000000000
2020,9,21,14,38,58, 135.8065000000
2020,9,21,14,38,58, -50.0000000000
2020,9,21,14,38,58,  91.2903000000
2020,9,21,14,38,58, -50.0000000000
2020,9,21,14,38,59, -45.4839000000
2020,9,21,14,38,59, 122.2581000000
2020,9,21,14,38,59, -50.0000000000
2020,9,21,14,39,0, 126.7742000000
2020,9,21,14,39,0, -50.0000000000
2020,9,21,14,39,0,  97.7419000000
2020,9,21,14,39,0, -30.3226000000
2020,9,21,14,39,1, -50.0000000000
2020,9,21,14,39,1,  63.8710000000
2020,9,21,14,39,1, -50.0000000000
2020,9,21,14,39,1, 119.6774000000
2020,9,21,14,39,2, -50.0000000000
2020,9,21,14,39,2, -50.0000000000
2020,9,21,14,39,2, 117.7419000000
2020,9,21,14,39,2, -50.0000000000
2020,9,21,14,39,3, 134.5161000000
2020,9,21,14,39,3,  65.8065000000
2020,9,21,14,39,3,  84.1935000000
2020,9,21,14,39,4, 124.5161000000
2020,9,21,14,39,4, -50.0000000000
2020,9,21,14,39,4,  94.5161000000
2020,9,21,14,39,4, -47.4194000000
2020,9,21,14,39,5,  85.8065000000
2020,9,21,14,39,5, -50.0000000000
2020,9,21,14,39,5, -50.0000000000
2020,9,21,14,39,5, -19.3548000000
2020,9,21,14,39,6, 135.8065000000
2020,9,21,14,39,6,  65.4839000000
2020,9,21,14,39,6, 120.0000000000
2020,9,21,14,39,6, 104.5161000000
2020,9,21,14,39,7,  75.1613000000
2020,9,21,14,39,7, -30.0000000000
2020,9,21,14,39,7, 112.2581000000
2020,9,21,14,39,7,   8.0645000000
2020,9,21,14,39,8, -47.7419000000
2020,9,21,14,39,8, 125.4839000000
2020,9,21,14,39,8,  11.9355000000
2020,9,21,14,39,9, -30.0000000000
2020,9,21,14,39,9, -50.0000000000
2020,9,21,14,39,9,   0.9677000000
2020,9,21,14,39,9, -50.0000000000
2020,9,21,14,39,10, 130.9677000000
2020,9,21,14,39,10, -50.0000000000
2020,9,21,14,39,10,  35.1613000000
2020,9,21,14,39,10, 127.7419000000
2020,9,21,14,39,11, -50.0000000000
2020,9,21,14,39,11,  50.9677000000
2020,9,21,14,39,11,  -5.8065000000
2020,9,21,14,39,11,  88.0645000000
2020,9,21,14,39,12, -50.0000000000
2020,9,21,14,39,12,  36.4516000000
2020,9,21,14,39,12, -32.5806000000
2020,9,21,14,39,12,  23.5484000000
2020,9,21,14,39,13, -31.6129000000
2020,9,21,14,39,13, 116.1290000000
2020,9,21,14,39,13, -50.0000000000
2020,9,21,14,39,14, 113.5484000000
2020,9,21,14,39,14, -12.5806000000
2020,9,21,14,39,14, 121.6129000000
2020,9,21,14,39,14, 127.4194000000
2020,9,21,14,39,15, 132.2581000000
2020,9,21,14,39,15, -19.6774000000
2020,9,21,14,39,15,  25.1613000000
2020,9,21,14,39,15,  14.1935000000
2020,9,21,14,39,16, -36.7742000000
2020,9,21,14,39,16,  76.7742000000
2020,9,21,14,39,16, 116.4516000000
2020,9,21,14,39,16, -50.0000000000
2020,9,21,14,39,17, -50.0000000000
2020,9,21,14,39,17, 106.7742000000
2020,9,21,14,39,17,  77.0968000000
2020,9,21,14,39,17, 107.0968000000
2020,9,21,14,39,18,  72.2581000000
2020,9,21,14,39,18,  57.7419000000
2020,9,21,14,39,18,  69.6774000000
2020,9,21,14,39,19, -50.0000000000
2020,9,21,14,39,19, -50.0000000000
2020,9,21,14,39,19, -50.0000000000
2020,9,21,14,39,19, -50.0000000000
2020,9,21,14,39,20, 130.6452000000
2020,9,21,14,39,20, -50.0000000000
2020,9,21,14,39,20, 124.1935000000
2020,9,21,14,39,20, -50.0000000000
2020,9,21,14,39,21,  -0.6452000000
2020,9,21,14,39,21, -50.0000000000
2020,9,21,14,39,21, 133.8710000000
2020,9,21,14,39,21, -50.0000000000
2020,9,21,14,39,22, -50.0000000000
2020,9,21,14,39,22, -50.0000000000
2020,9,21,14,39,22, 124.8387000000
2020,9,21,14,39,23, -50.0000000000
2020,9,21,14,39,23, -50.0000000000
2020,9,21,14,39,23,  -0.9677000000
2020,9,21,14,39,23, -42.9032000000
2020,9,21,14,39,24, 123.2258000000
2020,9,21,14,39,24, 125.1613000000
2020,9,21,14,39,24, -50.0000000000
2020,9,21,14,39,24, -50.0000000000
2020,9,21,14,39,25, 126.4516000000
2020,9,21,14,39,25, -50.0000000000
2020,9,21,14,39,25, -50.0000000000
2020,9,21,14,39,25,  96.1290000000
2020,9,21,14,39,26, -50.0000000000
2020,9,21,14,39,26, -50.0000000000
2020,9,21,14,39,26, -39.0323000000
2020,9,21,14,39,27, 135.4839000000
2020,9,21,14,39,27, 128.3871000000
2020,9,21,14,39,27, -50.0000000000
2020,9,21,14,39,27, 126.1290000000
2020,9,21,14,39,28,  32.5806000000
2020,9,21,14,39,28,  91.2903000000
2020,9,21,14,39,28,  18.3871000000
2020,9,21,14,39,28, -50.0000000000
2020,9,21,14,39,29, 131.6129000000
2020,9,21,14,39,29,   4.1935000000
2020,9,21,14,39,29, -25.4839000000
2020,9,21,14,39,29, 101.9355000000
2020,9,21,14,39,30, 126.7742000000
2020,9,21,14,39,30, 109.0323000000
2020,9,21,14,39,30, -50.0000000000
2020,9,21,14,39,31, 134.8387000000
2020,9,21,14,39,31,  19.0323000000
2020,9,21,14,39,31, -32.2581000000
2020,9,21,14,39,31, 116.1290000000
2020,9,21,14,39,32,  21.9355000000
2020,9,21,14,39,32,  86.1290000000
2020,9,21,14,39,32, 136.4516000000
2020,9,21,14,39,32,  35.8065000000
2020,9,21,14,39,33, -38.3871000000
2020,9,21,14,39,33, -50.0000000000
2020,9,21,14,39,33, -27.0968000000
2020,9,21,14,39,33,  92.5806000000
2020,9,21,14,39,34, -50.0000000000
2020,9,21,14,39,34, 125.1613000000
2020,9,21,14,39,34, -50.0000000000
2020,9,21,14,39,34, 108.7097000000
2020,9,21,14,39,35, -41.2903000000
2020,9,21,14,39,35,  63.5484000000
2020,9,21,14,39,35, 116.1290000000
2020,9,21,14,39,35, -50.0000000000
2020,9,21,14,39,36, 102.9032000000
2020,9,21,14,39,36,   0.3226000000
2020,9,21,14,39,36,  73.5484000000
2020,9,21,14,39,37, 131.9355000000
2020,9,21,14,39,37, -50.0000000000
2020,9,21,14,39,37,  -6.7742000000
2020,9,21,14,39,37,  95.8065000000
2020,9,21,14,39,38, 102.5806000000
2020,9,21,14,39,38, -50.0000000000
2020,9,21,14,39,38, 137.0968000000
2020,9,21,14,39,38, 123.8710000000
2020,9,21,14,39,39, -50.0000000000
2020,9,21,14,39,39, -50.0000000000
2020,9,21,14,39,39,  92.5806000000
2020,9,21,14,39,39,  76.4516000000
2020,9,21,14,39,40,  52.5806000000
2020,9,21,14,39,40,  75.4839000000
2020,9,21,14,39,40, -40.9677000000
2020,9,21,14,39,41, 118.0645000000
2020,9,21,14,39,41, -50.0000000000
2020,9,21,14,39,41, 135.1613000000
2020,9,21,14,39,41,  42.9032000000
2020,9,21,14,39,42, 109.6774000000
2020,9,21,14,39,42, -50.0000000000
2020,9,21,14,39,42, 115.1613000000
2020,9,21,14,39,42, -14.8387000000
2020,9,21,14,39,43, 103.2258000000
2020,9,21,14,39,43, -17.7419000000
2020,9,21,14,39,43, 108.0645000000
2020,9,21,14,39,43, -48.3871000000
2020,9,21,14,39,44,  72.5806000000
2020,9,21,14,39,44, -41.2903000000
2020,9,21,14,39,44, -27.0968000000
2020,9,21,14,39,44, 106.1290000000
2020,9,21,14,39,45, -50.0000000000
2020,9,21,14,39,45, 133.2258000000
2020,9,21,14,39,45, -42.9032000000
2020,9,21,14,39,46, 119.0323000000
2020,9,21,14,39,46, -50.0000000000
2020,9,21,14,39,46, 123.8710000000
2020,9,21,14,39,46, -50.0000000000
2020,9,21,14,39,47, -16.4516000000
2020,9,21,14,39,47, 117.7419000000
2020,9,21,14,39,47, 115.1613000000
2020,9,21,14,39,47, 127.7419000000
2020,9,21,14,39,48,  80.0000000000
2020,9,21,14,39,48, -50.0000000000
2020,9,21,14,39,48, 135.8065000000
2020,9,21,14,39,48,  20.3226000000
2020,9,21,14,39,49, 113.5484000000
2020,9,21,14,39,49, -50.0000000000
2020,9,21,14,39,49, 120.3226000000
2020,9,21,14,39,49, -39.3548000000
2020,9,21,14,39,50, -50.0000000000
2020,9,21,14,39,50, -50.0000000000
2020,9,21,14,39,50, 129.6774000000
2020,9,21,14,39,51,  99.6774000000
2020,9,21,14,39,51, 130.3226000000
2020,9,21,14,39,51, -50.0000000000
2020,9,21,14,39,51,  27.0968000000
2020,9,21,14,39,52, 122.9032000000
2020,9,21,14,39,52, 103.5484000000
2020,9,21,14,39,52,  88.0645000000
2020,9,21,14,39,52, -50.0000000000
2020,9,21,14,39,53, 128.0645000000
2020,9,21,14,39,53, -50.0000000000
2020,9,21,14,39,53, -50.0000000000
2020,9,21,14,39,53, -17.4194000000
2020,9,21,14,39,54,  40.0000000000
2020,9,21,14,39,54, -50.0000000000
2020,9,21,14,39,54, -50.0000000000
2020,9,21,14,39,55, 129.6774000000
2020,9,21,14,39,55,  70.6452000000
2020,9,21,14,39,55, 129.0323000000
2020,9,21,14,39,55, -50.0000000000
2020,9,21,14,39,56, 129.3548000000
2020,9,21,14,39,56, 126.1290000000
2020,9,21,14,39,56, -50.0000000000
2020,9,21,14,39,56, 104.5161000000
2020,9,21,14,39,57, -50.0000000000
2020,9,21,14,39,57, 121.6129000000
2020,9,21,14,39,57,  60.3226000000
2020,9,21,14,39,57,  83.8710000000
2020,9,21,14,39,58, 155.8065000000
2020,9,21,14,39,58, -50.0000000000
2020,9,21,14,39,58, -18.7097000000
2020,9,21,14,39,58, 101.2903000000
2020,9,21,14,39,59, 116.4516000000
2020,9,21,14,39,59, -50.0000000000
2020,9,21,14,39,59,  78.0645000000
2020,9,21,14,40,0, -13.2258000000
2020,9,21,14,40,0, -50.0000000000
2020,9,21,14,40,0, 136.1290000000
2020,9,21,14,40,0,  65.8065000000
2020,9,21,14,40,1,  37.0968000000
2020,9,21,14,40,1, -50.0000000000
2020,9,21,14,40,1, 127.7419000000
2020,9,21,14,40,1,  40.0000000000
2020,9,21,14,40,2,  74.1935000000
2020,9,21,14,40,2,  91.6129000000
2020,9,21,14,40,2, -50.0000000000
2020,9,21,14,40,2, 124.5161000000
2020,9,21,14,40,3, -50.0000000000
2020,9,21,14,40,3,  83.8710000000
2020,9,21,14,40,3, -50.0000000000
2020,9,21,14,40,4, -10.6452000000
2020,9,21,14,40,4, 123.8710000000
2020,9,21,14,40,4, -50.0000000000
2020,9,21,14,40,4,  92.2581000000
2020,9,21,14,40,5, -15.4839000000
2020,9,21,14,40,5, 104.8387000000
2020,9,21,14,40,5, -50.0000000000
2020,9,21,14,40,5, -15.1613000000
2020,9,21,14,40,6, -50.0000000000
2020,9,21,14,40,6,  -6.4516000000
2020,9,21,14,40,6,  95.8065000000
2020,9,21,14,40,6, -37.0968000000
2020,9,21,14,40,7, 125.8065000000
2020,9,21,14,40,7, 127.0968000000
2020,9,21,14,40,7, -50.0000000000
2020,9,21,14,40,7,  -9.3548000000
2020,9,21,14,40,8,  84.1935000000
2020,9,21,14,40,8, 130.3226000000
2020,9,21,14,40,8, -50.0000000000
2020,9,21,14,40,9, 133.5484000000
2020,9,21,14,40,9, -10.3226000000
2020,9,21,14,40,9, -20.0000000000
2020,9,21,14,40,9, -16.4516000000
2020,9,21,14,40,10,  94.1935000000
2020,9,21,14,40,10, -50.0000000000
2020,9,21,14,40,10, -42.5806000000
2020,9,21,14,40,10, 120.0000000000
2020,9,21,14,40,11, -50.0000000000
2020,9,21,14,40,11, 129.0323000000
2020,9,21,14,40,11, -50.0000000000
2020,9,21,14,40,11,  73.2258000000
2020,9,21,14,40,12, -41.9355000000
2020,9,21,14,40,12, 120.6452000000
2020,9,21,14,40,12, -50.0000000000
2020,9,21,14,40,12, -17.0968000000
2020,9,21,14,40,13, -50.0000000000
2020,9,21,14,40,13, -50.0000000000
2020,9,21,14,40,13, 128.0645000000
2020,9,21,14,40,13, -50.0000000000
2020,9,21,14,40,14, 127.0968000000
2020,9,21,14,40,14, -50.0000000000
2020,9,21,14,40,14, -11.6129000000
2020,9,21,14,40,15,  98.7097000000
2020,9,21,14,40,15, 118.3871000000
2020,9,21,14,40,15, 102.9032000000
2020,9,21,14,40,15,  75.4839000000
2020,9,21,14,40,16, -16.1290000000
2020,9,21,14,40,16, -38.0645000000
2020,9,21,14,40,16, 119.0323000000
2020,9,21,14,40,16,  80.9677000000
2020,9,21,14,40,17, 129.0323000000
2020,9,21,14,40,17, -43.2258000000
2020,9,21,14,40,17, -19.3548000000
2020,9,21,14,40,18,  89.0323000000
2020,9,21,14,40,18, 134.1935000000
2020,9,21,14,40,18,  -2.9032000000
2020,9,21,14,40,18, -29.6774000000
2020,9,21,14,40,19, 111.9355000000
2020,9,21,14,40,19, -50.0000000000
2020,9,21,14,40,19, 127.0968000000
2020,9,21,14,40,19, -41.9355000000
2020,9,21,14,40,20, -26.4516000000
2020,9,21,14,40,20, 106.4516000000
2020,9,21,14,40,20, -50.0000000000
2020,9,21,14,40,20, -50.0000000000
2020,9,21,14,40,21, 127.4194000000
2020,9,21,14,40,21, -50.0000000000
2020,9,21,14,40,21,  90.0000000000
2020,9,21,14,40,21, -50.0000000000
2020,9,21,14,40,22,  11.9355000000
2020,9,21,14,40,22, -31.6129000000
2020,9,21,14,40,22, -10.9677000000
2020,9,21,14,40,22,  85.8065000000
2020,9,21,14,40,23, -50.0000000000
2020,9,21,14,40,23, 115.4839000000
2020,9,21,14,40,23, 105.1613000000
2020,9,21,14,40,24, -42.5806000000
2020,9,21,14,40,24, 119.0323000000
2020,9,21,14,40,24, -50.0000000000
2020,9,21,14,40,24, 115.8065000000
2020,9,21,14,40,25, -50.0000000000
2020,9,21,14,40,25, 108.7097000000
2020,9,21,14,40,25, 133.2258000000
2020,9,21,14,40,25,  -5.8065000000
2020,9,21,14,40,26, -31.9355000000
2020,9,21,14,40,26, -47.4194000000
2020,9,21,14,40,26, -13.8710000000
2020,9,21,14,40,26, 101.9355000000
2020,9,21,14,40,27, -50.0000000000
2020,9,21,14,40,27, 129.6774000000
2020,9,21,14,40,27, -18.7097000000
2020,9,21,14,40,28,  99.6774000000
2020,9,21,14,40,28,  73.8710000000
2020,9,21,14,40,28,  34.5161000000
2020,9,21,14,40,28,  35.1613000000
2020,9,21,14,40,29, -50.0000000000
2020,9,21,14,40,29,  85.4839000000
2020,9,21,14,40,29, 128.7097000000
2020,9,21,14,40,29, -26.4516000000
2020,9,21,14,40,30,  79.6774000000
2020,9,21,14,40,30, 120.6452000000
2020,9,21,14,40,30, -50.0000000000
2020,9,21,14,40,30, 119.0323000000
2020,9,21,14,40,31, -50.0000000000
2020,9,21,14,40,31,  30.0000000000
2020,9,21,14,40,31, 135.1613000000
2020,9,21,14,40,32, 106.7742000000
2020,9,21,14,40,32, -50.0000000000
2020,9,21,14,40,32, 126.4516000000
2020,9,21,14,40,32,  99.3548000000
2020,9,21,14,40,33, 121.6129000000
2020,9,21,14,40,33, -50.0000000000
2020,9,21,14,40,33, 133.8710000000
2020,9,21,14,40,33, -50.0000000000
2020,9,21,14,40,34,  92.5806000000
2020,9,21,14,40,34, -50.0000000000
2020,9,21,14,40,34, 115.1613000000
2020,9,21,14,40,34, -50.0000000000
2020,9,21,14,40,35, -50.0000000000
2020,9,21,14,40,35, -50.0000000000
2020,9,21,14,40,35, -33.2258000000
2020,9,21,14,40,35, -21.9355000000
2020,9,21,14,40,36, -29.6774000000
2020,9,21,14,40,36, -49.6774000000
2020,9,21,14,40,36, -31.2903000000
2020,9,21,14,40,37, 112.5806000000
2020,9,21,14,40,37, -50.0000000000
2020,9,21,14,40,37, 120.9677000000
2020,9,21,14,40,37, 116.4516000000
2020,9,21,14,40,38, -50.0000000000
2020,9,21,14,40,38, 108.0645000000
2020,9,21,14,40,38, -49.6774000000
2020,9,21,14,40,38, -38.7097000000
2020,9,21,14,40,39, 111.2903000000
2020,9,21,14,40,39,  95.1613000000
2020,9,21,14,40,39, -50.0000000000
2020,9,21,14,40,39, 111.9355000000
2020,9,21,14,40,40, -50.0000000000
2020,9,21,14,40,40, -32.2581000000
2020,9,21,14,40,40, 137.0968000000
2020,9,21,14,40,40, -50.0000000000
2020,9,21,14,40,41, 124.8387000000
2020,9,21,14,40,41, -50.0000000000
2020,9,21,14,40,41, 131.6129000000
2020,9,21,14,40,42, -50.0000000000
2020,9,21,14,40,42,  64.5161000000
2020,9,21,14,40,42,  48.7097000000
2020,9,21,14,40,42,  90.0000000000
2020,9,21,14,40,43, 122.9032000000
2020,9,21,14,40,43,  33.8710000000
2020,9,21,14,40,43, -50.0000000000
2020,9,21,14,40,43, 127.7419000000
2020,9,21,14,40,44, 125.1613000000
2020,9,21,14,40,44, -50.0000000000
2020,9,21,14,40,44,  -7.7419000000
2020,9,21,14,40,44, -50.0000000000
2020,9,21,14,40,45, 125.8065000000
2020,9,21,14,40,45, -50.0000000000
2020,9,21,14,40,45, 125.4839000000
2020,9,21,14,40,46, -50.0000000000
2020,9,21,14,40,46,  31.6129000000
2020,9,21,14,40,46,  90.9677000000
2020,9,21,14,40,46,   3.8710000000
2020,9,21,14,40,47,  92.9032000000
2020,9,21,14,40,47, -42.5806000000
2020,9,21,14,40,47, -50.0000000000
2020,9,21,14,40,47, 124.1935000000
2020,9,21,14,40,48, -50.0000000000
2020,9,21,14,40,48, -50.0000000000
2020,9,21,14,40,48, -50.0000000000
2020,9,21,14,40,48, 126.1290000000
2020,9,21,14,40,49, -50.0000000000
2020,9,21,14,40,49,  -5.1613000000
2020,9,21,14,40,49, 114.1935000000
2020,9,21,14,40,49, 128.7097000000
2020,9,21,14,40,50,  69.6774000000
2020,9,21,14,40,50, -50.0000000000
2020,9,21,14,40,50, -50.0000000000
2020,9,21,14,40,51,  48.7097000000
2020,9,21,14,40,51,  83.5484000000
2020,9,21,14,40,51,  -5.1613000000
2020,9,21,14,40,51,  -0.3226000000
2020,9,21,14,40,52,  93.2258000000
2020,9,21,14,40,52, -50.0000000000
2020,9,21,14,40,52,  79.0323000000
2020,9,21,14,40,52, -48.0645000000
2020,9,21,14,40,53, -50.0000000000
2020,9,21,14,40,53, -17.4194000000
2020,9,21,14,40,53, -42.2581000000
2020,9,21,14,40,53, 123.8710000000
2020,9,21,14,40,54, -50.0000000000
2020,9,21,14,40,54, -50.0000000000
2020,9,21,14,40,54, 132.5806000000
2020,9,21,14,40,54,   8.3871000000
2020,9,21,14,40,55,  -2.5806000000
2020,9,21,14,40,55, 127.0968000000
2020,9,21,14,40,55,  22.5806000000
2020,9,21,14,40,56, -34.5161000000
2020,9,21,14,40,56, 118.0645000000
2020,9,21,14,40,56, -50.0000000000
2020,9,21,14,40,56, -21.2903000000
2020,9,21,14,40,57, -28.3871000000
2020,9,21,14,40,57, -50.0000000000
2020,9,21,14,40,57,  -5.1613000000
2020,9,21,14,40,57,  90.9677000000
2020,9,21,14,40,58, 126.4516000000
2020,9,21,14,40,58,  41.2903000000
2020,9,21,14,40,58, 134.5161000000
2020,9,21,14,40,58, -50.0000000000
2020,9,21,14,40,59, 138.0645000000
2020,9,21,14,40,59, -45.1613000000
2020,9,21,14,40,59, -50.0000000000
2020,9,21,14,41,0, 105.8065000000
2020,9,21,14,41,0, -50.0000000000
2020,9,21,14,41,0,  91.6129000000
2020,9,21,14,41,0,  89.3548000000
2020,9,21,14,41,1,  23.5484000000
2020,9,21,14,41,1, 116.7742000000
2020,9,21,14,41,1, -10.0000000000
2020,9,21,14,41,1,  97.0968000000
2020,9,21,14,41,2, -50.0000000000
2020,9,21,14,41,2, -50.0000000000
2020,9,21,14,41,2, -50.0000000000
2020,9,21,14,41,3, -50.0000000000
2020,9,21,14,41,3,  96.4516000000
2020,9,21,14,41,3, 100.3226000000
2020,9,21,14,41,3,  72.9032000000
2020,9,21,14,41,4,  -1.2903000000
2020,9,21,14,41,4, -50.0000000000
2020,9,21,14,41,4, 116.1290000000
2020,9,21,14,41,4, -50.0000000000
2020,9,21,14,41,5, 241.9355000000
2020,9,21,14,41,5, -50.0000000000
2020,9,21,14,41,5, 122.5806000000
2020,9,21,14,41,5, 106.1290000000
2020,9,21,14,41,6, -50.0000000000
2020,9,21,14,41,6, 127.0968000000
2020,9,21,14,41,6,  95.4839000000
2020,9,21,14,41,7, -50.0000000000
2020,9,21,14,41,7, -17.4194000000
2020,9,21,14,41,7,  97.7419000000
2020,9,21,14,41,7, -50.0000000000
2020,9,21,14,41,8,  83.8710000000
2020,9,21,14,41,8, -50.0000000000
2020,9,21,14,41,8, 132.5806000000
2020,9,21,14,41,8, -50.0000000000
2020,9,21,14,41,9, 127.4194000000
2020,9,21,14,41,9, -50.0000000000
2020,9,21,14,41,9,  -6.1290000000
2020,9,21,14,41,9, 134.1935000000
2020,9,21,14,41,10,  -9.0323000000
2020,9,21,14,41,10, -50.0000000000
2020,9,21,14,41,10, -26.4516000000
2020,9,21,14,41,11, -50.0000000000
2020,9,21,14,41,11, -33.5484000000
2020,9,21,14,41,11,  18.3871000000
2020,9,21,14,41,11, -17.4194000000
2020,9,21,14,41,12, -50.0000000000
2020,9,21,14,41,12, 130.6452000000
2020,9,21,14,41,12, -46.7742000000
2020,9,21,14,41,12, -10.6452000000
2020,9,21,14,41,13, -42.2581000000
2020,9,21,14,41,13, 110.9677000000
2020,9,21,14,41,13, 112.5806000000
2020,9,21,14,41,14, -50.0000000000
2020,9,21,14,41,14, 133.8710000000
2020,9,21,14,41,14, 133.5484000000
2020,9,21,14,41,14, 133.8710000000
2020,9,21,14,41,15,  36.1290000000
2020,9,21,14,41,15,  15.1613000000
2020,9,21,14,41,15, 123.8710000000
2020,9,21,14,41,15, 116.1290000000
2020,9,21,14,41,16, -50.0000000000
2020,9,21,14,41,16, 136.7742000000
2020,9,21,14,41,16, -50.0000000000
2020,9,21,14,41,16,  75.8065000000
2020,9,21,14,41,17, -30.3226000000
2020,9,21,14,41,17,  89.6774000000
2020,9,21,14,41,17, -50.0000000000
2020,9,21,14,41,18,  24.5161000000
2020,9,21,14,41,18, -50.0000000000
2020,9,21,14,41,18,  61.9355000000
2020,9,21,14,41,18, 125.1613000000
2020,9,21,14,41,19, -13.2258000000
2020,9,21,14,41,19,  99.6774000000
2020,9,21,14,41,19, -50.0000000000
2020,9,21,14,41,19, 137.4194000000
2020,9,21,14,41,20, -48.0645000000
2020,9,21,14,41,20,  99.0323000000
2020,9,21,14,41,20, -50.0000000000
2020,9,21,14,41,20, 105.4839000000
2020,9,21,14,41,21, 106.7742000000
2020,9,21,14,41,21, -50.0000000000
2020,9,21,14,41,21, 135.8065000000
2020,9,21,14,41,22, -50.0000000000
2020,9,21,14,41,22, -50.0000000000
2020,9,21,14,41,22, 121.9355000000
2020,9,21,14,41,22, -50.0000000000
2020,9,21,14,41,23, 213.2258000000
2020,9,21,14,41,23,  51.6129000000
2020,9,21,14,41,23, -25.1613000000
2020,9,21,14,41,23, 101.2903000000
2020,9,21,14,41,24, -50.0000000000
2020,9,21,14,41,24, 133.2258000000
2020,9,21,14,41,24, 102.9032000000
2020,9,21,14,41,24, -50.0000000000
2020,9,21,14,41,25, 101.6129000000
2020,9,21,14,41,25, -50.0000000000
2020,9,21,14,41,25, 132.5806000000
2020,9,21,14,41,25, -50.0000000000
2020,9,21,14,41,26, 116.1290000000
2020,9,21,14,41,26, -25.4839000000
2020,9,21,14,41,26, -50.0000000000
2020,9,21,14,41,27, -11.9355000000
2020,9,21,14,41,27,  -5.8065000000
2020,9,21,14,41,27, -50.0000000000
2020,9,21,14,41,27,  57.7419000000
2020,9,21,14,41,28,  86.4516000000
2020,9,21,14,41,28, -13.2258000000
2020,9,21,14,41,28,  74.5161000000
2020,9,21,14,41,28, 125.8065000000
2020,9,21,14,41,29, 124.8387000000
2020,9,21,14,41,29, -50.0000000000
2020,9,21,14,41,29,  48.3871000000
2020,9,21,14,41,29, 128.0645000000
2020,9,21,14,41,30, 239.0323000000
2020,9,21,14,41,30,  85.1613000000
2020,9,21,14,41,30, -44.5161000000
2020,9,21,14,41,30, 121.2903000000
2020,9,21,14,41,31, -50.0000000000
2020,9,21,14,41,31,  52.5806000000
2020,9,21,14,41,31, -35.4839000000
2020,9,21,14,41,32, 116.4516000000
2020,9,21,14,41,32, 115.1613000000
2020,9,21,14,41,32, 102.5806000000
2020,9,21,14,41,32, 134.1935000000
2020,9,21,14,41,33, -36.4516000000
2020,9,21,14,41,33, -50.0000000000
2020,9,21,14,41,33,  27.4194000000
2020,9,21,14,41,33,  93.2258000000
2020,9,21,14,41,34, 124.1935000000
2020,9,21,14,41,34, -50.0000000000
2020,9,21,14,41,34, 123.5484000000
2020,9,21,14,41,35, 126.1290000000
2020,9,21,14,41,35, -29.6774000000
2020,9,21,14,41,35, 104.5161000000
2020,9,21,14,41,35, -35.1613000000
2020,9,21,14,41,36,  91.2903000000
2020,9,21,14,41,36, -50.0000000000
2020,9,21,14,41,36, 124.5161000000
2020,9,21,14,41,36, -50.0000000000
2020,9,21,14,41,37,  78.7097000000
2020,9,21,14,41,37, 125.8065000000
2020,9,21,14,41,37, 115.1613000000
2020,9,21,14,41,38, -50.0000000000
2020,9,21,14,41,38, 128.0645000000
2020,9,21,14,41,38, -19.3548000000
2020,9,21,14,41,38, -49.6774000000
2020,9,21,14,41,39, 184.5161000000
2020,9,21,14,41,39, -45.1613000000
2020,9,21,14,41,39, -50.0000000000
2020,9,21,14,41,39, 132.2581000000
2020,9,21,14,41,40, -15.8065000000
2020,9,21,14,41,40, -15.8065000000
2020,9,21,14,41,40, -50.0000000000
2020,9,21,14,41,40, 126.4516000000
2020,9,21,14,41,41, 110.3226000000
2020,9,21,14,41,41, -10.0000000000
2020,9,21,14,41,41, -30.0000000000
2020,9,21,14,41,42, 103.5484000000
2020,9,21,14,41,42,  32.9032000000
2020,9,21,14,41,42, -50.0000000000
2020,9,21,14,41,42, 101.2903000000
2020,9,21,14,41,43, -50.0000000000
2020,9,21,14,41,43,  -6.7742000000
2020,9,21,14,41,43, 203.5484000000
2020,9,21,14,41,43,  -6.4516000000
2020,9,21,14,41,44,  96.1290000000
2020,9,21,14,41,44,  60.6452000000
2020,9,21,14,41,44,  73.2258000000
2020,9,21,14,41,44, 118.0645000000
2020,9,21,14,41,45, -50.0000000000
2020,9,21,14,41,45, 103.5484000000
2020,9,21,14,41,45, -16.1290000000
2020,9,21,14,41,45,  10.9677000000
2020,9,21,14,41,46, -50.0000000000
2020,9,21,14,41,46, -10.9677000000
2020,9,21,14,41,46,  97.7419000000
2020,9,21,14,41,47, -50.0000000000
2020,9,21,14,41,47, -50.0000000000
2020,9,21,14,41,47, 122.2581000000
2020,9,21,14,41,47, -50.0000000000
2020,9,21,14,41,48, -50.0000000000
2020,9,21,14,41,48, 102.5806000000
2020,9,21,14,41,48,  69.3548000000
2020,9,21,14,41,48, -50.0000000000
2020,9,21,14,41,49, 126.4516000000
2020,9,21,14,41,49,  60.9677000000
2020,9,21,14,41,49, -50.0000000000
2020,9,21,14,41,49,  61.6129000000
2020,9,21,14,41,50, 137.4194000000
2020,9,21,14,41,50, -38.0645000000
2020,9,21,14,41,50,  79.0323000000
2020,9,21,14,41,50, 128.0645000000
2020,9,21,14,41,51, -24.1935000000
2020,9,21,14,41,51, 136.1290000000
2020,9,21,14,41,51,  94.5161000000
2020,9,21,14,41,52, -25.1613000000
2020,9,21,14,41,52, -50.0000000000
2020,9,21,14,41,52, -50.0000000000
2020,9,21,14,41,52,  40.3226000000
2020,9,21,14,41,53, -35.1613000000
2020,9,21,14,41,53, 106.4516000000
2020,9,21,14,41,53, -50.0000000000
2020,9,21,14,41,53, -50.0000000000
2020,9,21,14,41,54,  99.6774000000
2020,9,21,14,41,54, -50.0000000000
2020,9,21,14,41,54,  65.4839000000
2020,9,21,14,41,54, -35.8065000000
2020,9,21,14,41,55, 111.9355000000
2020,9,21,14,41,55, 108.3871000000
2020,9,21,14,41,55, -32.2581000000
2020,9,21,14,41,55, 105.8065000000
2020,9,21,14,41,56, -50.0000000000
2020,9,21,14,41,56, 131.9355000000
2020,9,21,14,41,56, 116.7742000000
2020,9,21,14,41,57, -50.0000000000
2020,9,21,14,41,57, 149.6774000000
2020,9,21,14,41,57, -50.0000000000
2020,9,21,14,41,57, 121.2903000000
2020,9,21,14,41,58, -50.0000000000
2020,9,21,14,41,58, 129.0323000000
2020,9,21,14,41,58, -50.0000000000
2020,9,21,14,41,58, -50.0000000000
2020,9,21,14,41,59, 131.6129000000
2020,9,21,14,41,59, -29.3548000000
2020,9,21,14,41,59, 120.0000000000
2020,9,21,14,41,59, -41.2903000000
2020,9,21,14,42,0,  90.6452000000
2020,9,21,14,42,0, -50.0000000000
2020,9,21,14,42,0, 127.4194000000
2020,9,21,14,42,1, -27.4194000000
2020,9,21,14,42,1, 108.7097000000
2020,9,21,14,42,1, -25.4839000000
2020,9,21,14,42,1, 104.5161000000
2020,9,21,14,42,2, -50.0000000000
2020,9,21,14,42,2,  52.9032000000
2020,9,21,14,42,2,  86.1290000000
2020,9,21,14,42,2, -50.0000000000
2020,9,21,14,42,3, 104.5161000000
2020,9,21,14,42,3, 143.2258000000
2020,9,21,14,42,3,   8.7097000000
2020,9,21,14,42,3, 109.3548000000
2020,9,21,14,42,4, -50.0000000000
2020,9,21,14,42,4,  30.9677000000
2020,9,21,14,42,4, -10.6452000000
2020,9,21,14,42,5, -50.0000000000
2020,9,21,14,42,5,  43.5484000000
2020,9,21,14,42,5,  82.9032000000
2020,9,21,14,42,5, -49.0323000000
2020,9,21,14,42,6, 121.9355000000
2020,9,21,14,42,6,  74.1935000000
2020,9,21,14,42,6, 124.8387000000
2020,9,21,14,42,6, -50.0000000000
2020,9,21,14,42,7,  43.2258000000
2020,9,21,14,42,7, 127.4194000000
2020,9,21,14,42,7, -50.0000000000
2020,9,21,14,42,7, 107.0968000000
2020,9,21,14,42,8, 125.1613000000
2020,9,21,14,42,8, -50.0000000000
2020,9,21,14,42,8, 100.6452000000
2020,9,21,14,42,8, -34.1935000000
2020,9,21,14,42,9,  -4.5161000000
2020,9,21,14,42,9, 124.5161000000
2020,9,21,14,42,9, -50.0000000000
2020,9,21,14,42,10,  29.6774000000
2020,9,21,14,42,10,  73.8710000000
2020,9,21,14,42,10,  -9.0323000000
2020,9,21,14,42,10, -50.0000000000
2020,9,21,14,42,11, 125.8065000000
2020,9,21,14,42,11, -50.0000000000
2020,9,21,14,42,11, 134.1935000000
2020,9,21,14,42,11, 121.2903000000
2020,9,21,14,42,12, -50.0000000000
2020,9,21,14,42,12, -47.7419000000
2020,9,21,14,42,12, -37.0968000000
2020,9,21,14,42,12, -50.0000000000
2020,9,21,14,42,13, -50.0000000000
2020,9,21,14,42,13,  78.3871000000
2020,9,21,14,42,13, 117.4194000000
2020,9,21,14,42,14, 127.0968000000
2020,9,21,14,42,14, -50.0000000000
2020,9,21,14,42,14, 140.0000000000
2020,9,21,14,42,14, -43.2258000000
2020,9,21,14,42,15, -50.0000000000
2020,9,21,14,42,15, -50.0000000000
2020,9,21,14,42,15, -39.0323000000
2020,9,21,14,42,16,  26.1290000000
2020,9,21,14,42,16,  38.7097000000
2020,9,21,14,42,16, -29.3548000000
2020,9,21,14,42,16,  32.5806000000
2020,9,21,14,42,17,  68.3871000000
2020,9,21,14,42,17, -31.9355000000
2020,9,21,14,42,17, 113.8710000000
2020,9,21,14,42,17, -50.0000000000
2020,9,21,14,42,18, -27.7419000000
2020,9,21,14,42,18,  -8.3871000000
2020,9,21,14,42,18,  91.6129000000
2020,9,21,14,42,18,  89.0323000000
2020,9,21,14,42,19, -50.0000000000
2020,9,21,14,42,19, 116.1290000000
2020,9,21,14,42,19, 113.2258000000
2020,9,21,14,42,20, -50.0000000000
2020,9,21,14,42,20, 134.1935000000
2020,9,21,14,42,20, -50.0000000000
2020,9,21,14,42,20, -50.0000000000
2020,9,21,14,42,21, 124.1935000000
2020,9,21,14,42,21, -50.0000000000
2020,9,21,14,42,21, 114.5161000000
2020,9,21,14,42,21,  -2.9032000000
2020,9,21,14,42,22, 112.9032000000
2020,9,21,14,42,22, 109.3548000000
2020,9,21,14,42,22, 138.0645000000
2020,9,21,14,42,22, -50.0000000000
2020,9,21,14,42,23, 131.6129000000
2020,9,21,14,42,23, -35.1613000000
2020,9,21,14,42,23, 104.8387000000
2020,9,21,14,42,23,  50.9677000000
2020,9,21,14,42,24, 118.7097000000
2020,9,21,14,42,24, -50.0000000000
2020,9,21,14,42,24,  71.2903000000
2020,9,21,14,42,25, -50.0000000000
2020,9,21,14,42,25, 133.8710000000
2020,9,21,14,42,25, 109.3548000000
2020,9,21,14,42,25,  84.1935000000
2020,9,21,14,42,26, 115.1613000000
2020,9,21,14,42,26, -50.0000000000
2020,9,21,14,42,26, -47.7419000000
2020,9,21,14,42,26, 119.0323000000
2020,9,21,14,42,27, -50.0000000000
2020,9,21,14,42,27, -50.0000000000
2020,9,21,14,42,27,  -5.8065000000
2020,9,21,14,42,27, -20.0000000000
2020,9,21,14,42,28, 100.6452000000
2020,9,21,14,42,28, -24.1935000000
2020,9,21,14,42,28, -48.7097000000
2020,9,21,14,42,28, 124.5161000000
2020,9,21,14,42,29, -50.0000000000
2020,9,21,14,42,29,  15.1613000000
2020,9,21,14,42,29, -50.0000000000
2020,9,21,14,42,30, 125.8065000000
2020,9,21,14,42,30, -50.0000000000
2020,9,21,14,42,30, 105.4839000000
2020,9,21,14,42,30, -50.0000000000
2020,9,21,14,42,31, -43.8710000000
2020,9,21,14,42,31, -50.0000000000
2020,9,21,14,42,31, 134.8387000000
2020,9,21,14,42,31, 106.7742000000
2020,9,21,14,42,32, -50.0000000000
2020,9,21,14,42,32,  86.1290000000
2020,9,21,14,42,32, 125.8065000000
2020,9,21,14,42,32, -50.0000000000
2020,9,21,14,42,33, 119.3548000000
2020,9,21,14,42,33, -47.4194000000
2020,9,21,14,42,33,  83.5484000000
2020,9,21,14,42,34, -47.0968000000
2020,9,21,14,42,34, 122.9032000000
2020,9,21,14,42,34, -50.0000000000
2020,9,21,14,42,34, 134.1935000000
2020,9,21,14,42,35, -50.0000000000
2020,9,21,14,42,35, -50.0000000000
2020,9,21,14,42,35,  45.1613000000
2020,9,21,14,42,35, -44.5161000000
2020,9,21,14,42,36, 120.0000000000
2020,9,21,14,42,36, 117.0968000000
2020,9,21,14,42,36, 104.1935000000
2020,9,21,14,42,36, -23.2258000000
2020,9,21,14,42,37, 108.0645000000
2020,9,21,14,42,37, -50.0000000000
2020,9,21,14,42,37,  68.7097000000
2020,9,21,14,42,37, 134.8387000000
2020,9,21,14,42,38,  53.8710000000
2020,9,21,14,42,38, -37.4194000000
2020,9,21,14,42,38, 113.5484000000
2020,9,21,14,42,39, -50.0000000000
2020,9,21,14,42,39, 132.9032000000
2020,9,21,14,42,39,  11.6129000000
2020,9,21,14,42,39, -23.8710000000
2020,9,21,14,42,40, 114.5161000000
2020,9,21,14,42,40, 106.7742000000
2020,9,21,14,42,40, 135.8065000000
2020,9,21,14,42,40,  37.7419000000
2020,9,21,14,42,41, 143.8710000000
2020,9,21,14,42,41,  -6.1290000000
2020,9,21,14,42,41, -19.3548000000
2020,9,21,14,42,41, 123.5484000000
2020,9,21,14,42,42, -50.0000000000
2020,9,21,14,42,42, 106.1290000000
2020,9,21,14,42,42,  79.3548000000
2020,9,21,14,42,42,  -4.8387000000
2020,9,21,14,42,43,  11.6129000000
2020,9,21,14,42,43,  87.4194000000
2020,9,21,14,42,43, -50.0000000000
2020,9,21,14,42,43, -13.8710000000
2020,9,21,14,42,44, -50.0000000000
2020,9,21,14,42,44, 141.6129000000
2020,9,21,14,42,44, -40.3226000000
2020,9,21,14,42,45,  85.8065000000
2020,9,21,14,42,45, -48.3871000000
2020,9,21,14,42,45, 126.1290000000
2020,9,21,14,42,45, -50.0000000000
2020,9,21,14,42,46, 100.0000000000
2020,9,21,14,42,46, -50.0000000000
2020,9,21,14,42,46, 125.4839000000
2020,9,21,14,42,46,   5.8065000000
2020,9,21,14,42,47,  89.0323000000
2020,9,21,14,42,47, -35.1613000000
2020,9,21,14,42,47, 113.5484000000
2020,9,21,14,42,47, -18.7097000000
2020,9,21,14,42,48, -50.0000000000
2020,9,21,14,42,48, 130.3226000000
2020,9,21,14,42,48, -50.0000000000
2020,9,21,14,42,48, 132.9032000000
2020,9,21,14,42,49, -50.0000000000
2020,9,21,14,42,49, -13.2258000000
2020,9,21,14,42,49, -50.0000000000
2020,9,21,14,42,49, 125.4839000000
2020,9,21,14,42,50, 133.2258000000
2020,9,21,14,42,50, -28.3871000000
2020,9,21,14,42,50, -17.4194000000
2020,9,21,14,42,51, 133.8710000000
2020,9,21,14,42,51,  31.6129000000
2020,9,21,14,42,51, -34.1935000000
2020,9,21,14,42,51,  73.8710000000
2020,9,21,14,42,52, 133.2258000000
2020,9,21,14,42,52, -18.3871000000
2020,9,21,14,42,52,  69.3548000000
2020,9,21,14,42,52, -46.7742000000
2020,9,21,14,42,53, 114.5161000000
2020,9,21,14,42,53, -50.0000000000
2020,9,21,14,42,53, -17.4194000000
2020,9,21,14,42,53,  92.2581000000
2020,9,21,14,42,54, -43.2258000000
2020,9,21,14,42,54, 117.4194000000
2020,9,21,14,42,54,  27.0968000000
2020,9,21,14,42,54, -50.0000000000
2020,9,21,14,42,55, 135.4839000000
2020,9,21,14,42,55, 110.0000000000
2020,9,21,14,42,55, -17.4194000000
2020,9,21,14,42,56, -50.0000000000
2020,9,21,14,42,56, -50.0000000000
2020,9,21,14,42,56, 105.4839000000
2020,9,21,14,42,56, -50.0000000000
2020,9,21,14,42,57, 137.0968000000
2020,9,21,14,42,57, -50.0000000000
2020,9,21,14,42,57, 128.7097000000
2020,9,21,14,42,57,   6.4516000000
2020,9,21,14,42,58, -34.8387000000
2020,9,21,14,42,58, 112.5806000000
2020,9,21,14,42,58, 121.2903000000
2020,9,21,14,42,58,  71.9355000000
2020,9,21,14,42,59, 118.3871000000
2020,9,21,14,42,59, -50.0000000000
2020,9,21,14,42,59,  72.2581000000
2020,9,21,14,42,59, -38.3871000000
2020,9,21,14,43,0, 115.1613000000
2020,9,21,14,43,0, -50.0000000000
2020,9,21,14,43,0,   7.0968000000
2020,9,21,14,43,1,  45.8065000000
2020,9,21,14,43,1, 116.4516000000
2020,9,21,14,43,1, -50.0000000000
2020,9,21,14,43,1, 131.2903000000
2020,9,21,14,43,2,  58.0645000000
2020,9,21,14,43,2, -40.3226000000
2020,9,21,14,43,2, -16.1290000000
2020,9,21,14,43,2,  96.7742000000
2020,9,21,14,43,3, 103.5484000000
2020,9,21,14,43,3, -50.0000000000
2020,9,21,14,43,3, 124.1935000000
2020,9,21,14,43,3,  24.1935000000
2020,9,21,14,43,4,  75.4839000000
2020,9,21,14,43,4, 126.4516000000
2020,9,21,14,43,4, -50.0000000000
2020,9,21,14,43,4,  50.0000000000
2020,9,21,14,43,5, 125.4839000000
2020,9,21,14,43,5, -50.0000000000
2020,9,21,14,43,5, 124.8387000000
2020,9,21,14,43,5, -50.0000000000
2020,9,21,14,43,6, 112.2581000000
2020,9,21,14,43,6, 113.8710000000
2020,9,21,14,43,6, -50.0000000000
2020,9,21,14,43,7, 108.0645000000
2020,9,21,14,43,7, 125.8065000000
2020,9,21,14,43,7, -18.7097000000
2020,9,21,14,43,7,  96.4516000000
2020,9,21,14,43,8, 130.6452000000
2020,9,21,14,43,8, -50.0000000000
2020,9,21,14,43,8, -50.0000000000
2020,9,21,14,43,8, 127.0968000000
2020,9,21,14,43,9, -40.0000000000
2020,9,21,14,43,9,  29.0323000000
2020,9,21,14,43,9, -32.5806000000
2020,9,21,14,43,9,  37.7419000000
2020,9,21,14,43,10,  72.5806000000
2020,9,21,14,43,10, -39.0323000000
2020,9,21,14,43,10, 103.2258000000
2020,9,21,14,43,10,  -9.3548000000
2020,9,21,14,43,11, 129.6774000000
2020,9,21,14,43,11, 170.0000000000
2020,9,21,14,43,11, -50.0000000000
2020,9,21,14,43,12,  -6.4516000000
2020,9,21,14,43,12, -18.7097000000
2020,9,21,14,43,12,  99.6774000000
2020,9,21,14,43,12,  26.4516000000
2020,9,21,14,43,13,  95.8065000000
2020,9,21,14,43,13, 108.3871000000
2020,9,21,14,43,13, -50.0000000000
2020,9,21,14,43,13, 133.5484000000
2020,9,21,14,43,14, 128.0645000000
2020,9,21,14,43,14, -30.6452000000
2020,9,21,14,43,14, -16.4516000000
2020,9,21,14,43,14, -21.9355000000
2020,9,21,14,43,15, 127.7419000000
2020,9,21,14,43,15, -50.0000000000
2020,9,21,14,43,15, -50.0000000000
2020,9,21,14,43,16, 111.2903000000
2020,9,21,14,43,16, -50.0000000000
2020,9,21,14,43,16,  39.3548000000
2020,9,21,14,43,16, -20.0000000000
2020,9,21,14,43,17, 135.8065000000
2020,9,21,14,43,17, 135.1613000000
2020,9,21,14,43,17, -50.0000000000
2020,9,21,14,43,17, -50.0000000000
2020,9,21,14,43,18, 134.8387000000
2020,9,21,14,43,18,  18.3871000000
2020,9,21,14,43,18,  66.1290000000
2020,9,21,14,43,18, -37.4194000000
2020,9,21,14,43,19,  89.3548000000
2020,9,21,14,43,19, -49.3548000000
2020,9,21,14,43,19, 119.6774000000
2020,9,21,14,43,19, -35.4839000000
2020,9,21,14,43,20,  36.4516000000
2020,9,21,14,43,20,  86.4516000000
2020,9,21,14,43,20, -44.8387000000
2020,9,21,14,43,21, 120.0000000000
2020,9,21,14,43,21, -34.5161000000
2020,9,21,14,43,21, -18.3871000000
2020,9,21,14,43,21, 105.1613000000
2020,9,21,14,43,22, -50.0000000000
2020,9,21,14,43,22, 128.3871000000
2020,9,21,14,43,22, -50.0000000000
2020,9,21,14,43,22,  96.7742000000
2020,9,21,14,43,23, 135.8065000000
2020,9,21,14,43,23, -33.2258000000
2020,9,21,14,43,23,  94.8387000000
2020,9,21,14,43,23,  70.6452000000
2020,9,21,14,43,24, -50.0000000000
2020,9,21,14,43,24, 123.2258000000
2020,9,21,14,43,24, -36.4516000000
2020,9,21,14,43,24, 116.7742000000
2020,9,21,14,43,25, -50.0000000000
2020,9,21,14,43,25, -50.0000000000
2020,9,21,14,43,25,  99.6774000000
2020,9,21,14,43,26, -50.0000000000
2020,9,21,14,43,26, 126.4516000000
2020,9,21,14,43,26, -50.0000000000
2020,9,21,14,43,26, 112.5806000000
2020,9,21,14,43,27, 116.4516000000
2020,9,21,14,43,27, -50.0000000000
2020,9,21,14,43,27, 124.5161000000
2020,9,21,14,43,27, -50.0000000000
2020,9,21,14,43,28, -50.0000000000
2020,9,21,14,43,28, -50.0000000000
2020,9,21,14,43,28,  74.8387000000
2020,9,21,14,43,28, 115.1613000000
2020,9,21,14,43,29, -50.0000000000
2020,9,21,14,43,29, 126.7742000000
2020,9,21,14,43,29, -50.0000000000
2020,9,21,14,43,30, -50.0000000000
2020,9,21,14,43,30,  -5.4839000000
2020,9,21,14,43,30, -20.6452000000
2020,9,21,14,43,30, -50.0000000000
2020,9,21,14,43,31, 125.4839000000
2020,9,21,14,43,31, 128.3871000000
2020,9,21,14,43,31, -50.0000000000
2020,9,21,14,43,31,   0.6452000000
2020,9,21,14,43,32,  74.5161000000
2020,9,21,14,43,32,  82.2581000000
2020,9,21,14,43,32, -46.1290000000
2020,9,21,14,43,32, -28.0645000000
2020,9,21,14,43,33,  -9.3548000000
2020,9,21,14,43,33, -50.0000000000
2020,9,21,14,43,33, 136.4516000000
2020,9,21,14,43,34, -50.0000000000
2020,9,21,14,43,34, 133.2258000000
2020,9,21,14,43,34, -36.4516000000
2020,9,21,14,43,34, -40.9677000000
2020,9,21,14,43,35, 119.6774000000
2020,9,21,14,43,35,  10.0000000000
2020,9,21,14,43,35, 100.0000000000
2020,9,21,14,43,35, -50.0000000000
2020,9,21,14,43,36, 127.0968000000
2020,9,21,14,43,36, -50.0000000000
2020,9,21,14,43,36, -35.8065000000
2020,9,21,14,43,36, -29.6774000000
2020,9,21,14,43,37, -23.8710000000
2020,9,21,14,43,37, 101.6129000000
2020,9,21,14,43,37,  -4.1935000000
2020,9,21,14,43,38,  86.4516000000
2020,9,21,14,43,38, 132.5806000000
2020,9,21,14,43,38, -29.0323000000
2020,9,21,14,43,38, -24.1935000000
2020,9,21,14,43,39, -50.0000000000
2020,9,21,14,43,39, 134.1935000000
2020,9,21,14,43,39, -50.0000000000
2020,9,21,14,43,39, 106.4516000000
2020,9,21,14,43,40,   5.4839000000
2020,9,21,14,43,40, 110.0000000000
2020,9,21,14,43,40, -50.0000000000
2020,9,21,14,43,40, 133.8710000000
2020,9,21,14,43,41, 120.6452000000
2020,9,21,14,43,41, 134.1935000000
2020,9,21,14,43,41,   4.1935000000
2020,9,21,14,43,41, -26.1290000000
2020,9,21,14,43,42, -20.6452000000
2020,9,21,14,43,42,  96.1290000000
2020,9,21,14,43,42, -50.0000000000
2020,9,21,14,43,43, -50.0000000000
2020,9,21,14,43,43, -33.8710000000
2020,9,21,14,43,43, 111.6129000000
2020,9,21,14,43,43, -50.0000000000
2020,9,21,14,43,44, 133.2258000000
2020,9,21,14,43,44, -30.6452000000
2020,9,21,14,43,44, 104.8387000000
2020,9,21,14,43,44, -11.9355000000
2020,9,21,14,43,45,  89.6774000000
2020,9,21,14,43,45, -50.0000000000
2020,9,21,14,43,45,  61.9355000000
2020,9,21,14,43,45, -33.2258000000
2020,9,21,14,43,46, -50.0000000000
2020,9,21,14,43,46, -50.0000000000
2020,9,21,14,43,46, -41.2903000000
2020,9,21,14,43,46, -19.6774000000
2020,9,21,14,43,47, 101.6129000000
2020,9,21,14,43,47, -50.0000000000
2020,9,21,14,43,47, 110.6452000000
2020,9,21,14,43,48, -23.5484000000
2020,9,21,14,43,48, -21.6129000000
2020,9,21,14,43,48,  98.7097000000
2020,9,21,14,43,48,  71.9355000000
2020,9,21,14,43,49, 116.4516000000
2020,9,21,14,43,49, -50.0000000000
2020,9,21,14,43,49, 128.0645000000
2020,9,21,14,43,49, 136.1290000000
2020,9,21,14,43,50,   9.3548000000
2020,9,21,14,43,50, 127.4194000000
2020,9,21,14,43,50, 116.1290000000
2020,9,21,14,43,50, -29.6774000000
2020,9,21,14,43,51,  93.8710000000
2020,9,21,14,43,51, -50.0000000000
2020,9,21,14,43,51,  97.0968000000
2020,9,21,14,43,52, 100.3226000000
2020,9,21,14,43,52, 117.7419000000
2020,9,21,14,43,52, -50.0000000000
2020,9,21,14,43,52,  43.2258000000
2020,9,21,14,43,53, -50.0000000000
2020,9,21,14,43,53, -50.0000000000
2020,9,21,14,43,53,  91.6129000000
2020,9,21,14,43,53,  86.7742000000
2020,9,21,14,43,54, -50.0000000000
2020,9,21,14,43,54, -50.0000000000
2020,9,21,14,43,54,  78.0645000000
2020,9,21,14,43,54, -41.9355000000
2020,9,21,14,43,55,  50.9677000000
2020,9,21,14,43,55, 113.5484000000
2020,9,21,14,43,55, -50.0000000000
2020,9,21,14,43,56,  98.0645000000
2020,9,21,14,43,56, -24.5161000000
2020,9,21,14,43,56, -40.3226000000
2020,9,21,14,43,56, 115.8065000000
2020,9,21,14,43,57,  -8.0645000000
2020,9,21,14,43,57, -50.0000000000
2020,9,21,14,43,57, -50.0000000000
2020,9,21,14,43,57, 239.0323000000
2020,9,21,14,43,58,  73.8710000000
2020,9,21,14,43,58,   7.0968000000
2020,9,21,14,43,58, -30.3226000000
2020,9,21,14,43,59, -43.8710000000
2020,9,21,14,43,59,  68.0645000000
2020,9,21,14,43,59, -40.3226000000
2020,9,21,14,43,59, 116.4516000000
2020,9,21,14,44,0, -50.0000000000
2020,9,21,14,44,0, -50.0000000000
2020,9,21,14,44,0,  -7.7419000000
2020,9,21,14,44,0, -44.5161000000
2020,9,21,14,44,1, 119.6774000000
2020,9,21,14,44,1, -49.6774000000
2020,9,21,14,44,1,  80.3226000000
2020,9,21,14,44,1, -50.0000000000
2020,9,21,14,44,2, -50.0000000000
2020,9,21,14,44,2, 124.1935000000
2020,9,21,14,44,2,  66.4516000000
2020,9,21,14,44,2,  43.2258000000
2020,9,21,14,44,3, 118.0645000000
2020,9,21,14,44,3,  65.4839000000
2020,9,21,14,44,3, 117.7419000000
2020,9,21,14,44,3, -50.0000000000
2020,9,21,14,44,4,  70.3226000000
2020,9,21,14,44,4, -50.0000000000
2020,9,21,14,44,4, 121.9355000000
2020,9,21,14,44,5, 119.6774000000
2020,9,21,14,44,5,  79.3548000000
2020,9,21,14,44,5, -48.0645000000
2020,9,21,14,44,5, 123.2258000000
2020,9,21,14,44,6,  86.1290000000
2020,9,21,14,44,6,  71.2903000000
2020,9,21,14,44,6, -40.0000000000
2020,9,21,14,44,6, -50.0000000000
2020,9,21,14,44,7,  84.8387000000
2020,9,21,14,44,7, -48.3871000000
2020,9,21,14,44,7, 121.9355000000
2020,9,21,14,44,7, -50.0000000000
2020,9,21,14,44,8,  90.3226000000
2020,9,21,14,44,8, -19.0323000000
2020,9,21,14,44,8, 102.2581000000
2020,9,21,14,44,8, -50.0000000000
2020,9,21,14,44,9, 125.1613000000
2020,9,21,14,44,9,  72.2581000000
2020,9,21,14,44,9,  73.5484000000
2020,9,21,14,44,9, 131.2903000000
2020,9,21,14,44,10, -50.0000000000
2020,9,21,14,44,10, -50.0000000000
2020,9,21,14,44,10, -50.0000000000
2020,9,21,14,44,11, 130.0000000000
2020,9,21,14,44,11, 119.0323000000
2020,9,21,14,44,11, -29.0323000000
2020,9,21,14,44,11, 119.3548000000
2020,9,21,14,44,12, -50.0000000000
2020,9,21,14,44,12, 105.4839000000
2020,9,21,14,44,12, -31.9355000000
2020,9,21,14,44,12, 146.1290000000
2020,9,21,14,44,13,  40.9677000000
2020,9,21,14,44,13, -50.0000000000
2020,9,21,14,44,13, 110.6452000000
2020,9,21,14,44,13,  69.6774000000
2020,9,21,14,44,14, 101.6129000000
2020,9,21,14,44,14, -50.0000000000
2020,9,21,14,44,14, -27.0968000000
2020,9,21,14,44,15,  70.3226000000
2020,9,21,14,44,15, 133.2258000000
2020,9,21,14,44,15, -50.0000000000
2020,9,21,14,44,15,  99.0323000000
2020,9,21,14,44,16, -50.0000000000
2020,9,21,14,44,16,  12.2581000000
2020,9,21,14,44,16, -40.0000000000
2020,9,21,14,44,16,  -9.3548000000
2020,9,21,14,44,17, 136.4516000000
2020,9,21,14,44,17,   1.2903000000
2020,9,21,14,44,17,  85.1613000000
2020,9,21,14,44,17, 121.2903000000
2020,9,21,14,44,18, -50.0000000000
2020,9,21,14,44,18, 127.4194000000
2020,9,21,14,44,18,  63.8710000000
2020,9,21,14,44,18, 126.7742000000
2020,9,21,14,44,19, -50.0000000000
2020,9,21,14,44,19, 102.9032000000
2020,9,21,14,44,19, -50.0000000000
2020,9,21,14,44,20, 124.5161000000
2020,9,21,14,44,20, -50.0000000000
2020,9,21,14,44,20, 113.2258000000
2020,9,21,14,44,20, -50.0000000000
2020,9,21,14,44,21, 136.4516000000
2020,9,21,14,44,21, 112.2581000000
2020,9,21,14,44,21, -50.0000000000
2020,9,21,14,44,21, 126.7742000000
2020,9,21,14,44,22, -50.0000000000
2020,9,21,14,44,22, 128.0645000000
2020,9,21,14,44,22, -50.0000000000
2020,9,21,14,44,22,  -0.6452000000
2020,9,21,14,44,23, 126.1290000000
2020,9,21,14,44,23, -50.0000000000
2020,9,21,14,44,23,  48.0645000000
2020,9,21,14,44,24,  78.3871000000
2020,9,21,14,44,24, -45.8065000000
2020,9,21,14,44,24,  55.4839000000
2020,9,21,14,44,24, 128.0645000000
2020,9,21,14,44,25, -50.0000000000
2020,9,21,14,44,25,  64.8387000000
2020,9,21,14,44,25, -39.6774000000
2020,9,21,14,44,25, -26.4516000000
2020,9,21,14,44,26, -50.0000000000
2020,9,21,14,44,26, -44.1935000000
2020,9,21,14,44,26, -13.8710000000
2020,9,21,14,44,26, -50.0000000000
2020,9,21,14,44,27, 134.5161000000
2020,9,21,14,44,27,  18.7097000000
2020,9,21,14,44,27, 133.8710000000
2020,9,21,14,44,27, -50.0000000000
2020,9,21,14,44,28, -33.2258000000
2020,9,21,14,44,28, -16.7742000000
2020,9,21,14,44,28, -50.0000000000
2020,9,21,14,44,29, 130.6452000000
2020,9,21,14,44,29, 133.8710000000
2020,9,21,14,44,29,  11.9355000000
2020,9,21,14,44,29, -50.0000000000
2020,9,21,14,44,30,  -4.5161000000
2020,9,21,14,44,30, -50.0000000000
2020,9,21,14,44,30,  24.5161000000
2020,9,21,14,44,30, 119.6774000000
2020,9,21,14,44,31, 116.7742000000
2020,9,21,14,44,31, -50.0000000000
2020,9,21,14,44,31, 127.7419000000
2020,9,21,14,44,31, -50.0000000000
2020,9,21,14,44,32, 116.7742000000
2020,9,21,14,44,32, 106.7742000000
2020,9,21,14,44,32, -50.0000000000
2020,9,21,14,44,33, -50.0000000000
2020,9,21,14,44,33, 106.1290000000
2020,9,21,14,44,33,  -8.3871000000
2020,9,21,14,44,33, -50.0000000000
2020,9,21,14,44,34, 130.3226000000
2020,9,21,14,44,34, -50.0000000000
2020,9,21,14,44,34,  68.3871000000
2020,9,21,14,44,34,  22.9032000000
2020,9,21,14,44,35, -31.6129000000
2020,9,21,14,44,35, 111.6129000000
2020,9,21,14,44,35, -50.0000000000
2020,9,21,14,44,35, -50.0000000000
2020,9,21,14,44,36, -50.0000000000
2020,9,21,14,44,36, 127.0968000000
2020,9,21,14,44,36, -50.0000000000
2020,9,21,14,44,37, 119.0323000000
2020,9,21,14,44,37, -23.2258000000
2020,9,21,14,44,37,  70.6452000000
2020,9,21,14,44,37, -50.0000000000
2020,9,21,14,44,38, 121.6129000000
2020,9,21,14,44,38, -50.0000000000
2020,9,21,14,44,38, 135.8065000000
2020,9,21,14,44,38, 135.4839000000
2020,9,21,14,44,39, -22.2581000000
2020,9,21,14,44,39, -50.0000000000
2020,9,21,14,44,39, -50.0000000000
2020,9,21,14,44,39, 132.5806000000
2020,9,21,14,44,40,   7.4194000000
2020,9,21,14,44,40, -22.2581000000
2020,9,21,14,44,40, -50.0000000000
2020,9,21,14,44,40, -50.0000000000
2020,9,21,14,44,41, -50.0000000000
2020,9,21,14,44,41,  83.8710000000
2020,9,21,14,44,41, -47.0968000000
2020,9,21,14,44,42,  -5.4839000000
2020,9,21,14,44,42, -19.6774000000
2020,9,21,14,44,42, -40.9677000000
2020,9,21,14,44,42, 115.4839000000
2020,9,21,14,44,43, 134.1935000000
2020,9,21,14,44,43,  40.3226000000
2020,9,21,14,44,43,  -7.0968000000
2020,9,21,14,44,43,  99.3548000000
2020,9,21,14,44,44, -49.3548000000
2020,9,21,14,44,44, -50.0000000000
2020,9,21,14,44,44, -50.0000000000
2020,9,21,14,44,44,  62.5806000000
2020,9,21,14,44,45, -50.0000000000
2020,9,21,14,44,45, -14.8387000000
2020,9,21,14,44,45,  98.0645000000
2020,9,21,14,44,46, 115.4839000000
2020,9,21,14,44,46, 121.2903000000
2020,9,21,14,44,46, -50.0000000000
2020,9,21,14,44,46, -47.0968000000
2020,9,21,14,44,47, 119.0323000000
2020,9,21,14,44,47, -50.0000000000
2020,9,21,14,44,47,  97.0968000000
2020,9,21,14,44,47,  73.5484000000
2020,9,21,14,44,48, -38.7097000000
2020,9,21,14,44,48, -50.0000000000
2020,9,21,14,44,48, -18.3871000000
2020,9,21,14,44,48, 100.6452000000
2020,9,21,14,44,49, -47.4194000000
2020,9,21,14,44,49, 120.3226000000
2020,9,21,14,44,49, -50.0000000000
2020,9,21,14,44,50, 123.8710000000
2020,9,21,14,44,50, -50.0000000000
2020,9,21,14,44,50, -50.0000000000
2020,9,21,14,44,50, 146.4516000000
2020,9,21,14,44,51, -16.1290000000
2020,9,21,14,44,51, -50.0000000000
2020,9,21,14,44,51, 126.4516000000
2020,9,21,14,44,51, -50.0000000000
2020,9,21,14,44,52, -46.7742000000
2020,9,21,14,44,52,  91.2903000000
2020,9,21,14,44,52,  71.9355000000
2020,9,21,14,44,52, -50.0000000000
2020,9,21,14,44,53, 119.3548000000
2020,9,21,14,44,53, -50.0000000000
2020,9,21,14,44,53,  83.5484000000
2020,9,21,14,44,54,  91.2903000000
2020,9,21,14,44,54, -48.3871000000
2020,9,21,14,44,54,   5.4839000000
2020,9,21,14,44,54, 132.9032000000
2020,9,21,14,44,55, -36.7742000000
2020,9,21,14,44,55,  -8.7097000000
2020,9,21,14,44,55, -50.0000000000
2020,9,21,14,44,55, 116.4516000000
2020,9,21,14,44,56, -50.0000000000
2020,9,21,14,44,56, -50.0000000000
2020,9,21,14,44,56, -34.5161000000
2020,9,21,14,44,56, -35.8065000000
2020,9,21,14,44,57, 112.5806000000
2020,9,21,14,44,57, -23.2258000000
2020,9,21,14,44,57, -50.0000000000
2020,9,21,14,44,58, 133.8710000000
2020,9,21,14,44,58, 101.9355000000
2020,9,21,14,44,58, -31.2903000000
2020,9,21,14,44,58, 124.8387000000
2020,9,21,14,44,59, -50.0000000000
2020,9,21,14,44,59, -36.1290000000
2020,9,21,14,44,59, -21.9355000000
2020,9,21,14,44,59, -50.0000000000
2020,9,21,14,45,0,  89.3548000000
2020,9,21,14,45,0,  91.2903000000
2020,9,21,14,45,0, -50.0000000000
2020,9,21,14,45,0, 125.4839000000
2020,9,21,14,45,1, -50.0000000000
2020,9,21,14,45,1,  90.9677000000
2020,9,21,14,45,1, -50.0000000000
2020,9,21,14,45,2,  74.8387000000
2020,9,21,14,45,2,  33.5484000000
2020,9,21,14,45,2, -38.0645000000
2020,9,21,14,45,2, -22.5806000000
2020,9,21,14,45,3, -50.0000000000
2020,9,21,14,45,3, -36.1290000000
2020,9,21,14,45,3, 113.8710000000
2020,9,21,14,45,3, -50.0000000000
00
