2020,9,21,13,0,1, -50.0000000000
2020,9,21,13,0,1, -46.7742000000
2020,9,21,13,0,1,  64.5161000000
2020,9,21,13,0,1, -36.4516000000
2020,9,21,13,0,2, -50.0000000000
2020,9,21,13,0,2, 129.0323000000
2020,9,21,13,0,2,  -6.7742000000
2020,9,21,13,0,2, -14.5161000000
2020,9,21,13,0,3,  74.5161000000
2020,9,21,13,0,3, -11.6129000000
2020,9,21,13,0,3,  75.4839000000
2020,9,21,13,0,3, -15.8065000000
2020,9,21,13,0,4,  -1.9355000000
2020,9,21,13,0,4,  60.9677000000
2020,9,21,13,0,4, -50.0000000000
2020,9,21,13,0,4, 102.9032000000
2020,9,21,13,0,5, -50.0000000000
2020,9,21,13,0,5,  53.5484000000
2020,9,21,13,0,5, 129.0323000000
2020,9,21,13,0,5, -44.8387000000
2020,9,21,13,0,6, 107.7419000000
2020,9,21,13,0,6, 106.7742000000
2020,9,21,13,0,6, -50.0000000000
2020,9,21,13,0,7, 133.2258000000
2020,9,21,13,0,7, 133.5484000000
2020,9,21,13,0,7, -10.0000000000
2020,9,21,13,0,7, -19.0323000000
2020,9,21,13,0,8, -50.0000000000
2020,9,21,13,0,8, 139.6774000000
2020,9,21,13,0,8, -36.7742000000
2020,9,21,13,0,8, 111.9355000000
2020,9,21,13,0,9, 109.0323000000
2020,9,21,13,0,9, -50.0000000000
2020,9,21,13,0,9, 132.9032000000
2020,9,21,13,0,9, 126.7742000000
2020,9,21,13,0,10, 102.9032000000
2020,9,21,13,0,10,  72.2581000000
2020,9,21,13,0,10, -41.9355000000
2020,9,21,13,0,10, 100.6452000000
2020,9,21,13,0,11, 133.2258000000
2020,9,21,13,0,11,  62.9032000000
2020,9,21,13,0,11, -50.0000000000
2020,9,21,13,0,11,  65.8065000000
2020,9,21,13,0,12,  60.0000000000
2020,9,21,13,0,12, -35.4839000000
2020,9,21,13,0,12, 117.7419000000
2020,9,21,13,0,13, 118.0645000000
2020,9,21,13,0,13, -50.0000000000
2020,9,21,13,0,13, 133.2258000000
2020,9,21,13,0,13, 132.5806000000
2020,9,21,13,0,14,  54.8387000000
2020,9,21,13,0,14, -35.1613000000
2020,9,21,13,0,14,  78.7097000000
2020,9,21,13,0,14, -50.0000000000
2020,9,21,13,0,15,  34.5161000000
2020,9,21,13,0,15, -20.0000000000
2020,9,21,13,0,15, -50.0000000000
2020,9,21,13,0,15, -50.0000000000
2020,9,21,13,0,16, 133.2258000000
2020,9,21,13,0,16, -50.0000000000
2020,9,21,13,0,16, 115.4839000000
2020,9,21,13,0,16, 113.8710000000
2020,9,21,13,0,17, -50.0000000000
2020,9,21,13,0,17, 133.8710000000
2020,9,21,13,0,17, 135.4839000000
2020,9,21,13,0,18,  24.5161000000
2020,9,21,13,0,18, -23.8710000000
2020,9,21,13,0,18, -20.9677000000
2020,9,21,13,0,18, 106.4516000000
2020,9,21,13,0,19, -50.0000000000
2020,9,21,13,0,19, -50.0000000000
2020,9,21,13,0,19, -50.0000000000
2020,9,21,13,0,19, -50.0000000000
2020,9,21,13,0,20,  59.3548000000
2020,9,21,13,0,20,  80.3226000000
2020,9,21,13,0,20,  -2.9032000000
2020,9,21,13,0,20, 123.2258000000
2020,9,21,13,0,21, -50.0000000000
2020,9,21,13,0,21, 127.7419000000
2020,9,21,13,0,21, -30.9677000000
2020,9,21,13,0,21,  68.0645000000
2020,9,21,13,0,22,  47.4194000000
2020,9,21,13,0,22,  85.1613000000
2020,9,21,13,0,22, -12.9032000000
2020,9,21,13,0,22, 134.8387000000
2020,9,21,13,0,23, -50.0000000000
2020,9,21,13,0,23,  24.1935000000
2020,9,21,13,0,23, -50.0000000000
2020,9,21,13,0,24,  -5.4839000000
2020,9,21,13,0,24,  94.8387000000
2020,9,21,13,0,24, -50.0000000000
2020,9,21,13,0,24, 123.8710000000
2020,9,21,13,0,25, -50.0000000000
2020,9,21,13,0,25, 124.8387000000
2020,9,21,13,0,25, -50.0000000000
2020,9,21,13,0,25, -10.6452000000
2020,9,21,13,0,26, -24.1935000000
2020,9,21,13,0,26, 109.3548000000
2020,9,21,13,0,26, -50.0000000000
2020,9,21,13,0,26,  95.4839000000
2020,9,21,13,0,27,  63.8710000000
2020,9,21,13,0,27, -36.4516000000
2020,9,21,13,0,27, 115.4839000000
2020,9,21,13,0,27, 114.1935000000
2020,9,21,13,0,28, -50.0000000000
2020,9,21,13,0,28,  80.6452000000
2020,9,21,13,0,28, 103.8710000000
2020,9,21,13,0,29,  66.4516000000
2020,9,21,13,0,29, -37.7419000000
2020,9,21,13,0,29,  88.0645000000
2020,9,21,13,0,29,  90.3226000000
2020,9,21,13,0,30, -50.0000000000
2020,9,21,13,0,30, -50.0000000000
2020,9,21,13,0,30, -23.2258000000
2020,9,21,13,0,30, -50.0000000000
2020,9,21,13,0,31, 121.2903000000
2020,9,21,13,0,31, 130.6452000000
2020,9,21,13,0,31, -50.0000000000
2020,9,21,13,0,31, -49.3548000000
2020,9,21,13,0,32, 121.6129000000
2020,9,21,13,0,32, -50.0000000000
2020,9,21,13,0,32, -50.0000000000
2020,9,21,13,0,32, 127.4194000000
2020,9,21,13,0,33,  68.3871000000
2020,9,21,13,0,33,  50.3226000000
2020,9,21,13,0,33, -34.5161000000
2020,9,21,13,0,34, 114.5161000000
2020,9,21,13,0,34, -50.0000000000
2020,9,21,13,0,34,  87.4194000000
2020,9,21,13,0,34,  70.6452000000
2020,9,21,13,0,35,  -4.1935000000
2020,9,21,13,0,35, -50.0000000000
2020,9,21,13,0,35, -50.0000000000
2020,9,21,13,0,35,  93.5484000000
2020,9,21,13,0,36, 104.1935000000
2020,9,21,13,0,36, 112.9032000000
2020,9,21,13,0,36, 112.9032000000
2020,9,21,13,0,36, -50.0000000000
2020,9,21,13,0,37, 134.1935000000
2020,9,21,13,0,37, -50.0000000000
2020,9,21,13,0,37, 132.5806000000
2020,9,21,13,0,37,  59.0323000000
2020,9,21,13,0,38,  76.7742000000
2020,9,21,13,0,38, 112.5806000000
2020,9,21,13,0,38,  69.6774000000
2020,9,21,13,0,38, -41.2903000000
2020,9,21,13,0,39, -27.4194000000
2020,9,21,13,0,39, 102.5806000000
2020,9,21,13,0,39, -50.0000000000
2020,9,21,13,0,40, -50.0000000000
2020,9,21,13,0,40, 130.6452000000
2020,9,21,13,0,40, -50.0000000000
2020,9,21,13,0,40, 131.6129000000
2020,9,21,13,0,41, 113.2258000000
2020,9,21,13,0,41,  97.0968000000
2020,9,21,13,0,41, -50.0000000000
2020,9,21,13,0,41, 128.0645000000
2020,9,21,13,0,42, -28.3871000000
2020,9,21,13,0,42,  95.8065000000
2020,9,21,13,0,42,  87.4194000000
2020,9,21,13,0,42, -50.0000000000
2020,9,21,13,0,43,  95.1613000000
2020,9,21,13,0,43,  92.5806000000
2020,9,21,13,0,43, 117.4194000000
2020,9,21,13,0,43,  91.2903000000
2020,9,21,13,0,44, -50.0000000000
2020,9,21,13,0,44, 127.4194000000
2020,9,21,13,0,44, 126.1290000000
2020,9,21,13,0,45, -50.0000000000
2020,9,21,13,0,45,  -1.9355000000
2020,9,21,13,0,45,  23.5484000000
2020,9,21,13,0,45,  86.4516000000
2020,9,21,13,0,46, -50.0000000000
2020,9,21,13,0,46, -50.0000000000
2020,9,21,13,0,46, 103.2258000000
2020,9,21,13,0,46, -50.0000000000
2020,9,21,13,0,47, 133.5484000000
2020,9,21,13,0,47, 105.8065000000
2020,9,21,13,0,47, 108.3871000000
2020,9,21,13,0,47, -50.0000000000
2020,9,21,13,0,48, 122.5806000000
2020,9,21,13,0,48, 134.5161000000
2020,9,21,13,0,48, -38.7097000000
2020,9,21,13,0,48, -50.0000000000
2020,9,21,13,0,49, 123.5484000000
2020,9,21,13,0,49, 118.3871000000
2020,9,21,13,0,49, -50.0000000000
2020,9,21,13,0,49,  51.9355000000
2020,9,21,13,0,50,  79.3548000000
2020,9,21,13,0,50,  73.5484000000
2020,9,21,13,0,50, -47.0968000000
2020,9,21,13,0,51, -41.2903000000
2020,9,21,13,0,51, 118.7097000000
2020,9,21,13,0,51, -50.0000000000
2020,9,21,13,0,51, 122.2581000000
2020,9,21,13,0,52, -50.0000000000
2020,9,21,13,0,52,  68.0645000000
2020,9,21,13,0,52, -15.4839000000
2020,9,21,13,0,52,  97.4194000000
2020,9,21,13,0,53, -50.0000000000
2020,9,21,13,0,53, -50.0000000000
2020,9,21,13,0,53,  27.4194000000
2020,9,21,13,0,53,  55.1613000000
2020,9,21,13,0,54,  70.0000000000
2020,9,21,13,0,54, -42.5806000000
2020,9,21,13,0,54,  68.0645000000
2020,9,21,13,0,54,  66.7742000000
2020,9,21,13,0,55, -38.3871000000
2020,9,21,13,0,55, 115.4839000000
2020,9,21,13,0,55, 132.2581000000
2020,9,21,13,0,56, 104.5161000000
2020,9,21,13,0,56, -50.0000000000
2020,9,21,13,0,56,  -6.7742000000
2020,9,21,13,0,56,  13.8710000000
2020,9,21,13,0,57,  83.2258000000
2020,9,21,13,0,57, -50.0000000000
2020,9,21,13,0,57, 123.5484000000
2020,9,21,13,0,57, 130.6452000000
2020,9,21,13,0,58, -14.8387000000
2020,9,21,13,0,58, -26.4516000000
2020,9,21,13,0,58, -18.0645000000
2020,9,21,13,0,58,  93.8710000000
2020,9,21,13,0,59, -50.0000000000
2020,9,21,13,0,59, -50.0000000000
2020,9,21,13,0,59, 126.1290000000
2020,9,21,13,0,59, -50.0000000000
2020,9,21,13,1,0, 125.4839000000
2020,9,21,13,1,0,  91.9355000000
2020,9,21,13,1,0, -50.0000000000
2020,9,21,13,1,0, 124.8387000000
2020,9,21,13,1,1, -50.0000000000
2020,9,21,13,1,1, -50.0000000000
2020,9,21,13,1,1,   6.4516000000
2020,9,21,13,1,2,  85.4839000000
2020,9,21,13,1,2,  45.1613000000
2020,9,21,13,1,2, -50.0000000000
2020,9,21,13,1,2,  34.8387000000
2020,9,21,13,1,3,  80.3226000000
2020,9,21,13,1,3,  68.3871000000
2020,9,21,13,1,3, -50.0000000000
2020,9,21,13,1,3, -50.0000000000
2020,9,21,13,1,4, 130.6452000000
2020,9,21,13,1,4, -50.0000000000
2020,9,21,13,1,4, 133.2258000000
2020,9,21,13,1,4,  70.0000000000
2020,9,21,13,1,5,  -5.1613000000
2020,9,21,13,1,5,  18.7097000000
2020,9,21,13,1,5, -50.0000000000
2020,9,21,13,1,5,   5.4839000000
2020,9,21,13,1,6,  88.7097000000
2020,9,21,13,1,6, 127.7419000000
2020,9,21,13,1,6, -50.0000000000
2020,9,21,13,1,6, -50.0000000000
2020,9,21,13,1,7,   4.1935000000
2020,9,21,13,1,7,  86.1290000000
2020,9,21,13,1,7,  83.5484000000
2020,9,21,13,1,8, -50.0000000000
2020,9,21,13,1,8, 123.5484000000
2020,9,21,13,1,8, 108.0645000000
2020,9,21,13,1,8, -50.0000000000
2020,9,21,13,1,9, 115.1613000000
2020,9,21,13,1,9, -50.0000000000
2020,9,21,13,1,9, 133.5484000000
2020,9,21,13,1,9,  18.0645000000
2020,9,21,13,1,10,   3.5484000000
2020,9,21,13,1,10, -28.0645000000
2020,9,21,13,1,10, 108.7097000000
2020,9,21,13,1,10, -50.0000000000
2020,9,21,13,1,11,  14.5161000000
2020,9,21,13,1,11,  70.6452000000
2020,9,21,13,1,11, -50.0000000000
2020,9,21,13,1,11, 123.2258000000
2020,9,21,13,1,12, -21.9355000000
2020,9,21,13,1,12, -18.3871000000
2020,9,21,13,1,12,  97.7419000000
2020,9,21,13,1,12, -21.6129000000
2020,9,21,13,1,13,  98.7097000000
2020,9,21,13,1,13,  93.8710000000
2020,9,21,13,1,13, -50.0000000000
2020,9,21,13,1,14, 125.4839000000
2020,9,21,13,1,14, -50.0000000000
2020,9,21,13,1,14, -18.0645000000
2020,9,21,13,1,14, -50.0000000000
2020,9,21,13,1,15, -12.2581000000
2020,9,21,13,1,15, -44.5161000000
2020,9,21,13,1,15, 109.6774000000
2020,9,21,13,1,15,   0.6452000000
2020,9,21,13,1,16, -40.0000000000
2020,9,21,13,1,16, 117.7419000000
2020,9,21,13,1,16, 115.4839000000
2020,9,21,13,1,16, -50.0000000000
2020,9,21,13,1,17, 132.5806000000
2020,9,21,13,1,17,  60.0000000000
2020,9,21,13,1,17, -37.0968000000
2020,9,21,13,1,17, 115.8065000000
2020,9,21,13,1,18, 134.1935000000
2020,9,21,13,1,18,  57.0968000000
2020,9,21,13,1,18, -35.8065000000
2020,9,21,13,1,18, 109.3548000000
2020,9,21,13,1,19, -50.0000000000
2020,9,21,13,1,19,  72.9032000000
2020,9,21,13,1,19, -47.4194000000
2020,9,21,13,1,20, 121.6129000000
2020,9,21,13,1,20, -50.0000000000
2020,9,21,13,1,20,   9.6774000000
2020,9,21,13,1,20, -50.0000000000
2020,9,21,13,1,21, -37.0968000000
2020,9,21,13,1,21, 106.4516000000
2020,9,21,13,1,21, -27.7419000000
2020,9,21,13,1,21, 124.1935000000
2020,9,21,13,1,22, 127.4194000000
2020,9,21,13,1,22,  54.5161000000
2020,9,21,13,1,22, -33.2258000000
2020,9,21,13,1,22, -31.9355000000
2020,9,21,13,1,23, 108.7097000000
2020,9,21,13,1,23, -50.0000000000
2020,9,21,13,1,23, -50.0000000000
2020,9,21,13,1,23, 119.0323000000
2020,9,21,13,1,24,  66.7742000000
2020,9,21,13,1,24,  73.5484000000
2020,9,21,13,1,24, -46.4516000000
2020,9,21,13,1,24, 123.2258000000
2020,9,21,13,1,25,  95.4839000000
2020,9,21,13,1,25,  90.9677000000
2020,9,21,13,1,25, -23.5484000000
2020,9,21,13,1,26, -47.0968000000
2020,9,21,13,1,26, -26.7742000000
2020,9,21,13,1,26, -39.6774000000
2020,9,21,13,1,26,  61.9355000000
2020,9,21,13,1,27,  47.7419000000
2020,9,21,13,1,27, -28.3871000000
2020,9,21,13,1,27, 100.9677000000
2020,9,21,13,1,27,  95.4839000000
2020,9,21,13,1,28,  96.4516000000
2020,9,21,13,1,28, -50.0000000000
2020,9,21,13,1,28, 127.4194000000
2020,9,21,13,1,28, -23.8710000000
2020,9,21,13,1,29,  78.0645000000
2020,9,21,13,1,29,  70.3226000000
2020,9,21,13,1,29, -46.7742000000
2020,9,21,13,1,29, 122.2581000000
2020,9,21,13,1,30, -50.0000000000
2020,9,21,13,1,30,  29.0323000000
2020,9,21,13,1,30,  85.1613000000
2020,9,21,13,1,31,  70.9677000000
2020,9,21,13,1,31, -44.8387000000
2020,9,21,13,1,31, 121.2903000000
2020,9,21,13,1,31, -50.0000000000
2020,9,21,13,1,32, -27.7419000000
2020,9,21,13,1,32,  -8.0645000000
2020,9,21,13,1,32, 120.3226000000
2020,9,21,13,1,32, -50.0000000000
2020,9,21,13,1,33,   6.1290000000
2020,9,21,13,1,33, -50.0000000000
2020,9,21,13,1,33, 125.1613000000
2020,9,21,13,1,33, 135.1613000000
2020,9,21,13,1,34,  58.3871000000
2020,9,21,13,1,34,  34.1935000000
2020,9,21,13,1,34, -33.5484000000
2020,9,21,13,1,34,  77.7419000000
2020,9,21,13,1,35, -50.0000000000
2020,9,21,13,1,35, -31.6129000000
2020,9,21,13,1,35, 113.5484000000
2020,9,21,13,1,35, -50.0000000000
2020,9,21,13,1,36, 105.4839000000
2020,9,21,13,1,36, -50.0000000000
2020,9,21,13,1,36,  67.4194000000
2020,9,21,13,1,37,  24.1935000000
2020,9,21,13,1,37, -50.0000000000
2020,9,21,13,1,37, 132.9032000000
2020,9,21,13,1,37,  38.3871000000
2020,9,21,13,1,38, -35.8065000000
2020,9,21,13,1,38, 111.9355000000
2020,9,21,13,1,38, -50.0000000000
2020,9,21,13,1,38, -50.0000000000
2020,9,21,13,1,39, 125.1613000000
2020,9,21,13,1,39, -50.0000000000
2020,9,21,13,1,39,  -6.4516000000
2020,9,21,13,1,39, -50.0000000000
2020,9,21,13,1,40, 107.4194000000
2020,9,21,13,1,40, -50.0000000000
2020,9,21,13,1,40, -50.0000000000
2020,9,21,13,1,40, 132.2581000000
2020,9,21,13,1,41,  -5.8065000000
2020,9,21,13,1,41,   2.5806000000
2020,9,21,13,1,41, -27.4194000000
2020,9,21,13,1,41, 110.9677000000
2020,9,21,13,1,42, 108.0645000000
2020,9,21,13,1,42, -50.0000000000
2020,9,21,13,1,42, 143.5484000000
2020,9,21,13,1,42, -50.0000000000
2020,9,21,13,1,43, 122.5806000000
2020,9,21,13,1,43, -50.0000000000
2020,9,21,13,1,43,  -1.2903000000
2020,9,21,13,1,44,  91.2903000000
2020,9,21,13,1,44, -50.0000000000
2020,9,21,13,1,44,  89.0323000000
2020,9,21,13,1,44, -50.0000000000
2020,9,21,13,1,45, 125.1613000000
2020,9,21,13,1,45,  77.0968000000
2020,9,21,13,1,45, -27.4194000000
2020,9,21,13,1,45, -50.0000000000
2020,9,21,13,1,46, -44.5161000000
2020,9,21,13,1,46, 118.7097000000
2020,9,21,13,1,46, -50.0000000000
2020,9,21,13,1,46, -50.0000000000
2020,9,21,13,1,47,  73.2258000000
2020,9,21,13,1,47,  80.0000000000
2020,9,21,13,1,47, -17.4194000000
2020,9,21,13,1,47, -34.5161000000
2020,9,21,13,1,48, 110.9677000000
2020,9,21,13,1,48, -50.0000000000
2020,9,21,13,1,48,  48.7097000000
2020,9,21,13,1,49, -50.0000000000
2020,9,21,13,1,49, -23.5484000000
2020,9,21,13,1,49, -36.4516000000
2020,9,21,13,1,49, 130.9677000000
2020,9,21,13,1,50, -50.0000000000
2020,9,21,13,1,50, -29.0323000000
2020,9,21,13,1,50, -20.3226000000
2020,9,21,13,1,50, -50.0000000000
2020,9,21,13,1,51, 134.5161000000
2020,9,21,13,1,51,  65.4839000000
2020,9,21,13,1,51, -10.9677000000
2020,9,21,13,1,51,  94.5161000000
2020,9,21,13,1,52, -50.0000000000
2020,9,21,13,1,52, 125.8065000000
2020,9,21,13,1,52, -21.9355000000
2020,9,21,13,1,52, 108.3871000000
2020,9,21,13,1,53, 113.2258000000
2020,9,21,13,1,53,  69.0323000000
2020,9,21,13,1,53, -38.0645000000
2020,9,21,13,1,54,  70.9677000000
2020,9,21,13,1,54, 109.0323000000
2020,9,21,13,1,54, 107.7419000000
2020,9,21,13,1,54, -50.0000000000
2020,9,21,13,1,55, 129.6774000000
2020,9,21,13,1,55,  55.1613000000
2020,9,21,13,1,55, -35.8065000000
2020,9,21,13,1,55, 114.8387000000
2020,9,21,13,1,56, -50.0000000000
2020,9,21,13,1,56,  98.0645000000
2020,9,21,13,1,56, -27.4194000000
2020,9,21,13,1,56, 110.0000000000
2020,9,21,13,1,57, -50.0000000000
2020,9,21,13,1,57, -38.0645000000
2020,9,21,13,1,57, -41.6129000000
2020,9,21,13,1,57, 111.6129000000
2020,9,21,13,1,58, -50.0000000000
2020,9,21,13,1,58, -50.0000000000
2020,9,21,13,1,58,  -4.5161000000
2020,9,21,13,1,58, 132.2581000000
2020,9,21,13,1,59, 134.5161000000
2020,9,21,13,1,59,  58.3871000000
2020,9,21,13,1,59, -34.5161000000
2020,9,21,13,2,0, -38.0645000000
2020,9,21,13,2,0, 113.5484000000
2020,9,21,13,2,0, -50.0000000000
2020,9,21,13,2,0, -50.0000000000
2020,9,21,13,2,1, 135.1613000000
2020,9,21,13,2,1,  61.6129000000
2020,9,21,13,2,1,  61.9355000000
2020,9,21,13,2,1, -38.0645000000
2020,9,21,13,2,2, 115.4839000000
2020,9,21,13,2,2,  99.6774000000
2020,9,21,13,2,2,  67.4194000000
2020,9,21,13,2,2, -50.0000000000
2020,9,21,13,2,3,  72.5806000000
2020,9,21,13,2,3, -45.4839000000
2020,9,21,13,2,3, 118.3871000000
2020,9,21,13,2,3, 119.6774000000
2020,9,21,13,2,4, -50.0000000000
2020,9,21,13,2,4, 126.7742000000
2020,9,21,13,2,4, -50.0000000000
2020,9,21,13,2,5, -50.0000000000
2020,9,21,13,2,5, 134.8387000000
2020,9,21,13,2,5,  71.2903000000
2020,9,21,13,2,5,  75.4839000000
2020,9,21,13,2,6, -38.3871000000
2020,9,21,13,2,6, 117.4194000000
2020,9,21,13,2,6, 117.7419000000
2020,9,21,13,2,6, -50.0000000000
2020,9,21,13,2,7,  68.3871000000
2020,9,21,13,2,7,  81.6129000000
2020,9,21,13,2,7, -47.0968000000
2020,9,21,13,2,7, 120.9677000000
2020,9,21,13,2,8,  60.9677000000
2020,9,21,13,2,8, 110.0000000000
2020,9,21,13,2,8,  72.9032000000
2020,9,21,13,2,8, -45.4839000000
2020,9,21,13,2,9,  64.5161000000
2020,9,21,13,2,9,  49.0323000000
2020,9,21,13,2,9, -33.5484000000
2020,9,21,13,2,9, 113.8710000000
2020,9,21,13,2,10, -48.7097000000
2020,9,21,13,2,10, -47.0968000000
2020,9,21,13,2,10, 122.2581000000
2020,9,21,13,2,10, -50.0000000000
2020,9,21,13,2,11, -50.0000000000
2020,9,21,13,2,11,  33.5484000000
2020,9,21,13,2,11,  75.4839000000
2020,9,21,13,2,12,  -0.9677000000
2020,9,21,13,2,12, -47.7419000000
2020,9,21,13,2,12,  85.4839000000
2020,9,21,13,2,12, -50.0000000000
2020,9,21,13,2,13, 123.2258000000
2020,9,21,13,2,13, -50.0000000000
2020,9,21,13,2,13,  67.0968000000
2020,9,21,13,2,13, 124.5161000000
2020,9,21,13,2,14, -48.3871000000
2020,9,21,13,2,14, -48.0645000000
2020,9,21,13,2,14, 122.2581000000
2020,9,21,13,2,14, -50.0000000000
2020,9,21,13,2,15, 128.7097000000
2020,9,21,13,2,15,  56.1290000000
2020,9,21,13,2,15, -31.6129000000
2020,9,21,13,2,15,  59.3548000000
2020,9,21,13,2,16, -31.2903000000
2020,9,21,13,2,16, 111.6129000000
2020,9,21,13,2,16, 125.4839000000
2020,9,21,13,2,16, -50.0000000000
2020,9,21,13,2,17, -10.9677000000
2020,9,21,13,2,17, 101.9355000000
2020,9,21,13,2,17, -50.0000000000
2020,9,21,13,2,18,  90.3226000000
2020,9,21,13,2,18,  84.1935000000
2020,9,21,13,2,18, 103.8710000000
2020,9,21,13,2,18, -50.0000000000
2020,9,21,13,2,19,   4.5161000000
2020,9,21,13,2,19, -50.0000000000
2020,9,21,13,2,19, 122.5806000000
2020,9,21,13,2,19, -50.0000000000
2020,9,21,13,2,20,  17.7419000000
2020,9,21,13,2,20, 131.9355000000
2020,9,21,13,2,20, -47.4194000000
2020,9,21,13,2,20, -17.0968000000
2020,9,21,13,2,21,  -8.3871000000
2020,9,21,13,2,21, 129.6774000000
2020,9,21,13,2,21,  62.5806000000
2020,9,21,13,2,21, -47.7419000000
2020,9,21,13,2,22,  94.8387000000
2020,9,21,13,2,22,  79.3548000000
2020,9,21,13,2,22, -50.0000000000
2020,9,21,13,2,23, 129.0323000000
2020,9,21,13,2,23,  33.5484000000
2020,9,21,13,2,23, -42.2581000000
2020,9,21,13,2,23,  94.1935000000
2020,9,21,13,2,24, 105.1613000000
2020,9,21,13,2,24, -50.0000000000
2020,9,21,13,2,24,  35.1613000000
2020,9,21,13,2,24,  92.9032000000
2020,9,21,13,2,25,  35.1613000000
2020,9,21,13,2,25, -40.3226000000
2020,9,21,13,2,25, 123.5484000000
2020,9,21,13,2,25, -50.0000000000
2020,9,21,13,2,26, -19.0323000000
2020,9,21,13,2,26, 123.8710000000
2020,9,21,13,2,26, -37.0968000000
2020,9,21,13,2,26, -31.2903000000
2020,9,21,13,2,27, 116.1290000000
2020,9,21,13,2,27, -50.0000000000
2020,9,21,13,2,27, -11.2903000000
2020,9,21,13,2,27, 105.4839000000
2020,9,21,13,2,28, 128.7097000000
2020,9,21,13,2,28,  60.9677000000
2020,9,21,13,2,28, 131.6129000000
2020,9,21,13,2,28,  60.9677000000
2020,9,21,13,2,29, -49.0323000000
2020,9,21,13,2,29, 124.5161000000
2020,9,21,13,2,29,  20.9677000000
2020,9,21,13,2,29, -42.2581000000
2020,9,21,13,2,30, 123.5484000000
2020,9,21,13,2,30, -26.4516000000
2020,9,21,13,2,30, -34.1935000000
2020,9,21,13,2,31, 120.0000000000
2020,9,21,13,2,31, -50.0000000000
2020,9,21,13,2,31, -26.4516000000
2020,9,21,13,2,31, 116.7742000000
2020,9,21,13,2,32, -31.2903000000
2020,9,21,13,2,32,  31.9355000000
2020,9,21,13,2,32, -41.6129000000
2020,9,21,13,2,32, 123.2258000000
2020,9,21,13,2,33, 134.8387000000
2020,9,21,13,2,33,  63.8710000000
2020,9,21,13,2,33, -46.1290000000
2020,9,21,13,2,33,  84.1935000000
2020,9,21,13,2,34,  94.1935000000
2020,9,21,13,2,34, -50.0000000000
2020,9,21,13,2,34, -50.0000000000
2020,9,21,13,2,34,  45.4839000000
2020,9,21,13,2,35,  94.8387000000
2020,9,21,13,2,35, 104.5161000000
2020,9,21,13,2,35, -17.4194000000
2020,9,21,13,2,35, -38.0645000000
2020,9,21,13,2,36, -44.8387000000
2020,9,21,13,2,36, 125.1613000000
2020,9,21,13,2,36, -42.2581000000
2020,9,21,13,2,36, 122.5806000000
2020,9,21,13,2,37, 122.5806000000
2020,9,21,13,2,37, -50.0000000000
2020,9,21,13,2,37,  86.4516000000
2020,9,21,13,2,38, -50.0000000000
2020,9,21,13,2,38, 131.9355000000
2020,9,21,13,2,38,  73.2258000000
2020,9,21,13,2,38, -50.0000000000
2020,9,21,13,2,39, -50.0000000000
2020,9,21,13,2,39, 124.5161000000
2020,9,21,13,2,39, -18.3871000000
2020,9,21,13,2,39, 112.2581000000
2020,9,21,13,2,40, -50.0000000000
2020,9,21,13,2,40,  -8.7097000000
2020,9,21,13,2,40, -50.0000000000
2020,9,21,13,2,40,  23.2258000000
2020,9,21,13,2,41,  94.8387000000
2020,9,21,13,2,41, -50.0000000000
2020,9,21,13,2,41, -50.0000000000
2020,9,21,13,2,41, 117.4194000000
2020,9,21,13,2,42, -50.0000000000
2020,9,21,13,2,42, -35.1613000000
2020,9,21,13,2,42, -33.5484000000
2020,9,21,13,2,42, 121.6129000000
2020,9,21,13,2,43, -50.0000000000
2020,9,21,13,2,43, -23.8710000000
2020,9,21,13,2,43, -50.0000000000
2020,9,21,13,2,43, -50.0000000000
2020,9,21,13,2,44,  40.9677000000
2020,9,21,13,2,44,  97.0968000000
2020,9,21,13,2,44, -44.5161000000
2020,9,21,13,2,45, 123.2258000000
2020,9,21,13,2,45,  10.0000000000
2020,9,21,13,2,45, -37.4194000000
2020,9,21,13,2,45, 121.9355000000
2020,9,21,13,2,46, -50.0000000000
2020,9,21,13,2,46, -29.0323000000
2020,9,21,13,2,46, 119.3548000000
2020,9,21,13,2,46, -50.0000000000
2020,9,21,13,2,47,  86.7742000000
2020,9,21,13,2,47, 123.5484000000
2020,9,21,13,2,47, -37.4194000000
2020,9,21,13,2,47, 121.2903000000
2020,9,21,13,2,48, -50.0000000000
2020,9,21,13,2,48, -23.5484000000
2020,9,21,13,2,48, -50.0000000000
2020,9,21,13,2,48, 124.1935000000
2020,9,21,13,2,49,   6.4516000000
2020,9,21,13,2,49, -34.5161000000
2020,9,21,13,2,49, 120.6452000000
2020,9,21,13,2,49, 104.1935000000
2020,9,21,13,2,50, -50.0000000000
2020,9,21,13,2,50,  51.2903000000
2020,9,21,13,2,50,  96.4516000000
2020,9,21,13,2,50, -50.0000000000
2020,9,21,13,2,51, -50.0000000000
2020,9,21,13,2,51,  38.3871000000
2020,9,21,13,2,51,  91.9355000000
2020,9,21,13,2,51, -50.0000000000
2020,9,21,13,2,52, 100.3226000000
2020,9,21,13,2,52,  85.1613000000
2020,9,21,13,2,52, -50.0000000000
2020,9,21,13,2,53, 124.5161000000
2020,9,21,13,2,53,  34.5161000000
2020,9,21,13,2,53, -44.8387000000
2020,9,21,13,2,53,  44.1935000000
2020,9,21,13,2,54,  83.8710000000
2020,9,21,13,2,54,   2.2581000000
2020,9,21,13,2,54,  98.7097000000
2020,9,21,13,2,54,  -5.1613000000
2020,9,21,13,2,55,  -3.8710000000
2020,9,21,13,2,55, 102.5806000000
2020,9,21,13,2,55, -50.0000000000
2020,9,21,13,2,55, 112.2581000000
2020,9,21,13,2,56,   4.1935000000
2020,9,21,13,2,56,  97.4194000000
2020,9,21,13,2,56, -50.0000000000
2020,9,21,13,2,56, 129.3548000000
2020,9,21,13,2,57,   5.1613000000
2020,9,21,13,2,57, -35.8065000000
2020,9,21,13,2,57, 117.0968000000
2020,9,21,13,2,57, -46.1290000000
2020,9,21,13,2,58, -50.0000000000
2020,9,21,13,2,58, 127.7419000000
2020,9,21,13,2,58, -50.0000000000
2020,9,21,13,2,58, 128.7097000000
2020,9,21,13,2,59,  68.7097000000
2020,9,21,13,2,59,  80.6452000000
2020,9,21,13,2,59, -50.0000000000
2020,9,21,13,3,0, 131.9355000000
2020,9,21,13,3,0,  63.2258000000
2020,9,21,13,3,0, -13.2258000000
2020,9,21,13,3,0, -31.2903000000
2020,9,21,13,3,1, -30.0000000000
2020,9,21,13,3,1, -50.0000000000
2020,9,21,13,3,1, 122.5806000000
2020,9,21,13,3,1, 132.5806000000
2020,9,21,13,3,2, -17.7419000000
2020,9,21,13,3,2, 110.6452000000
2020,9,21,13,3,2, -50.0000000000
2020,9,21,13,3,2, -50.0000000000
2020,9,21,13,3,3,  -7.4194000000
2020,9,21,13,3,3,  99.3548000000
2020,9,21,13,3,3, -50.0000000000
2020,9,21,13,3,3,  91.2903000000
2020,9,21,13,3,4, -50.0000000000
2020,9,21,13,3,4, -50.0000000000
2020,9,21,13,3,4, -20.0000000000
2020,9,21,13,3,4, -25.4839000000
2020,9,21,13,3,5,  13.5484000000
2020,9,21,13,3,5, -39.3548000000
2020,9,21,13,3,5, 121.9355000000
2020,9,21,13,3,6, -24.1935000000
2020,9,21,13,3,6, -33.2258000000
2020,9,21,13,3,6, -50.0000000000
2020,9,21,13,3,6, 135.1613000000
2020,9,21,13,3,7,  70.6452000000
2020,9,21,13,3,7, -50.0000000000
2020,9,21,13,3,7, 125.1613000000
2020,9,21,13,3,7,  35.8065000000
2020,9,21,13,3,8, -42.9032000000
2020,9,21,13,3,8, 122.2581000000
2020,9,21,13,3,8, -48.7097000000
2020,9,21,13,3,8, 113.8710000000
2020,9,21,13,3,9, -50.0000000000
2020,9,21,13,3,9, 113.2258000000
2020,9,21,13,3,9, 119.0323000000
2020,9,21,13,3,9,  31.6129000000
2020,9,21,13,3,10, -35.8065000000
2020,9,21,13,3,10, -50.0000000000
2020,9,21,13,3,10,  86.1290000000
2020,9,21,13,3,10,  73.8710000000
2020,9,21,13,3,11, 123.2258000000
2020,9,21,13,3,11, -50.0000000000
2020,9,21,13,3,11, -23.2258000000
2020,9,21,13,3,11, 112.5806000000
2020,9,21,13,3,12, 118.7097000000
2020,9,21,13,3,12, -50.0000000000
2020,9,21,13,3,12, -17.0968000000
2020,9,21,13,3,12, 108.3871000000
2020,9,21,13,3,13, -50.0000000000
2020,9,21,13,3,13,  11.2903000000
2020,9,21,13,3,13, 100.6452000000
2020,9,21,13,3,14, -50.0000000000
2020,9,21,13,3,14,  94.8387000000
2020,9,21,13,3,14,  84.8387000000
2020,9,21,13,3,14, -28.3871000000
2020,9,21,13,3,15, 116.4516000000
2020,9,21,13,3,15, -50.0000000000
2020,9,21,13,3,15,  76.7742000000
2020,9,21,13,3,15,  90.3226000000
2020,9,21,13,3,16, -50.0000000000
2020,9,21,13,3,16, 110.6452000000
2020,9,21,13,3,16, -38.3871000000
2020,9,21,13,3,16, 131.6129000000
2020,9,21,13,3,17, 129.3548000000
2020,9,21,13,3,17,  58.0645000000
2020,9,21,13,3,17, -46.7742000000
2020,9,21,13,3,17, -50.0000000000
2020,9,21,13,3,18, 130.0000000000
2020,9,21,13,3,18,  10.6452000000
2020,9,21,13,3,18, -36.7742000000
2020,9,21,13,3,18, 120.9677000000
2020,9,21,13,3,19, -41.6129000000
2020,9,21,13,3,19, 122.5806000000
2020,9,21,13,3,19, -50.0000000000
2020,9,21,13,3,19, -24.1935000000
2020,9,21,13,3,20, 114.1935000000
2020,9,21,13,3,20, -50.0000000000
2020,9,21,13,3,20,  16.7742000000
2020,9,21,13,3,21,  96.1290000000
2020,9,21,13,3,21, -50.0000000000
2020,9,21,13,3,21, 136.1290000000
2020,9,21,13,3,21,  79.6774000000
2020,9,21,13,3,22, -50.0000000000
2020,9,21,13,3,22, -50.0000000000
2020,9,21,13,3,22, 103.5484000000
2020,9,21,13,3,22,  99.3548000000
2020,9,21,13,3,23, -50.0000000000
2020,9,21,13,3,23, -50.0000000000
2020,9,21,13,3,23,  16.4516000000
2020,9,21,13,3,23, -50.0000000000
2020,9,21,13,3,24, 125.4839000000
2020,9,21,13,3,24,  64.8387000000
2020,9,21,13,3,24,  91.2903000000
2020,9,21,13,3,24, -50.0000000000
2020,9,21,13,3,25, -50.0000000000
2020,9,21,13,3,25,  58.0645000000
2020,9,21,13,3,25, 121.6129000000
2020,9,21,13,3,25, -50.0000000000
2020,9,21,13,3,26,  48.0645000000
2020,9,21,13,3,26,  97.4194000000
2020,9,21,13,3,26, 105.4839000000
2020,9,21,13,3,27, -50.0000000000
2020,9,21,13,3,27, -50.0000000000
2020,9,21,13,3,27, -19.6774000000
2020,9,21,13,3,27, 113.2258000000
2020,9,21,13,3,28, -31.6129000000
2020,9,21,13,3,28, 120.9677000000
2020,9,21,13,3,28, -50.0000000000
2020,9,21,13,3,28, -37.0968000000
2020,9,21,13,3,29, -34.8387000000
2020,9,21,13,3,29, 119.0323000000
2020,9,21,13,3,29,  27.7419000000
2020,9,21,13,3,29,  96.7742000000
2020,9,21,13,3,30, -50.0000000000
2020,9,21,13,3,30, -50.0000000000
2020,9,21,13,3,30,  31.6129000000
2020,9,21,13,3,30,  -9.3548000000
2020,9,21,13,3,31, 102.2581000000
2020,9,21,13,3,31, -50.0000000000
2020,9,21,13,3,31, 108.0645000000
2020,9,21,13,3,31, -50.0000000000
2020,9,21,13,3,32, 110.3226000000
2020,9,21,13,3,32, -50.0000000000
2020,9,21,13,3,32,   0.0000000000
2020,9,21,13,3,32, 102.9032000000
2020,9,21,13,3,33, -31.2903000000
2020,9,21,13,3,33, 119.3548000000
2020,9,21,13,3,33, -50.0000000000
2020,9,21,13,3,34, -14.8387000000
2020,9,21,13,3,34, 107.0968000000
2020,9,21,13,3,34, -50.0000000000
2020,9,21,13,3,34,   7.4194000000
2020,9,21,13,3,35, 100.6452000000
2020,9,21,13,3,35,  33.5484000000
2020,9,21,13,3,35,  94.1935000000
2020,9,21,13,3,35, -50.0000000000
2020,9,21,13,3,36, 132.9032000000
2020,9,21,13,3,36,  71.2903000000
2020,9,21,13,3,36, -50.0000000000
2020,9,21,13,3,36, 129.3548000000
2020,9,21,13,3,37, 133.5484000000
2020,9,21,13,3,37, 132.2581000000
2020,9,21,13,3,37,  72.9032000000
2020,9,21,13,3,37, -50.0000000000
2020,9,21,13,3,38, -50.0000000000
2020,9,21,13,3,38, 130.6452000000
2020,9,21,13,3,38,  93.5484000000
2020,9,21,13,3,38,  81.6129000000
2020,9,21,13,3,39, -50.0000000000
2020,9,21,13,3,39, 209.3548000000
2020,9,21,13,3,39, -50.0000000000
2020,9,21,13,3,39, 127.4194000000
2020,9,21,13,3,40, 125.1613000000
2020,9,21,13,3,40,  20.3226000000
2020,9,21,13,3,40,  61.6129000000
2020,9,21,13,3,41, -45.1613000000
2020,9,21,13,3,41, -19.3548000000
2020,9,21,13,3,41, 112.2581000000
2020,9,21,13,3,41, 113.2258000000
2020,9,21,13,3,42, -50.0000000000
2020,9,21,13,3,42, -50.0000000000
2020,9,21,13,3,42, -10.6452000000
2020,9,21,13,3,42, 122.5806000000
2020,9,21,13,3,43, 100.0000000000
2020,9,21,13,3,43,  23.5484000000
2020,9,21,13,3,43, 131.2903000000
2020,9,21,13,3,43, 118.7097000000
2020,9,21,13,3,44, -13.2258000000
2020,9,21,13,3,44, -50.0000000000
2020,9,21,13,3,44, -25.4839000000
2020,9,21,13,3,44, 116.7742000000
2020,9,21,13,3,45, -50.0000000000
2020,9,21,13,3,45, -19.0323000000
2020,9,21,13,3,45, 109.6774000000
2020,9,21,13,3,46, -50.0000000000
2020,9,21,13,3,46,  -4.5161000000
2020,9,21,13,3,46, 101.2903000000
2020,9,21,13,3,46, -50.0000000000
2020,9,21,13,3,47, 107.0968000000
2020,9,21,13,3,47, -43.5484000000
2020,9,21,13,3,47, 122.2581000000
2020,9,21,13,3,47, -38.7097000000
2020,9,21,13,3,48, -50.0000000000
2020,9,21,13,3,48, -50.0000000000
2020,9,21,13,3,48, 130.9677000000
2020,9,21,13,3,48,  80.0000000000
2020,9,21,13,3,49, -50.0000000000
2020,9,21,13,3,49, -20.9677000000
2020,9,21,13,3,49, 114.5161000000
2020,9,21,13,3,49, 119.6774000000
2020,9,21,13,3,50, -50.0000000000
2020,9,21,13,3,50, -21.2903000000
2020,9,21,13,3,50, 111.6129000000
2020,9,21,13,3,50, -50.0000000000
2020,9,21,13,3,51, 116.1290000000
2020,9,21,13,3,51, -34.5161000000
2020,9,21,13,3,51, 109.3548000000
2020,9,21,13,3,51, -50.0000000000
2020,9,21,13,3,52,  -4.1935000000
2020,9,21,13,3,52, 101.9355000000
2020,9,21,13,3,52, -50.0000000000
2020,9,21,13,3,52, 124.8387000000
2020,9,21,13,3,53, -50.0000000000
2020,9,21,13,3,53, 102.5806000000
2020,9,21,13,3,53,  35.8065000000
2020,9,21,13,3,54,  91.2903000000
2020,9,21,13,3,54, -50.0000000000
2020,9,21,13,3,54, 134.1935000000
2020,9,21,13,3,54,  78.3871000000
2020,9,21,13,3,55, -50.0000000000
2020,9,21,13,3,55, 236.4516000000
2020,9,21,13,3,55, 133.2258000000
2020,9,21,13,3,55, -50.0000000000
2020,9,21,13,3,56, -50.0000000000
2020,9,21,13,3,56, 132.2581000000
2020,9,21,13,3,56,  72.2581000000
2020,9,21,13,3,56, -50.0000000000
2020,9,21,13,3,57, 130.0000000000
2020,9,21,13,3,57, 133.5484000000
2020,9,21,13,3,57,  78.0645000000
2020,9,21,13,3,57, -50.0000000000
2020,9,21,13,3,58, 129.0323000000
2020,9,21,13,3,58,  60.6452000000
2020,9,21,13,3,58,  76.4516000000
2020,9,21,13,3,58, -50.0000000000
2020,9,21,13,3,59, -50.0000000000
2020,9,21,13,3,59, 130.6452000000
2020,9,21,13,3,59,  70.9677000000
2020,9,21,13,4,0, 131.6129000000
2020,9,21,13,4,0, 131.9355000000
2020,9,21,13,4,0,  44.5161000000
2020,9,21,13,4,0, -41.6129000000
2020,9,21,13,4,1, -18.0645000000
2020,9,21,13,4,1, 110.0000000000
2020,9,21,13,4,1, -50.0000000000
2020,9,21,13,4,1, -50.0000000000
2020,9,21,13,4,2, -19.0323000000
2020,9,21,13,4,2,  93.5484000000
2020,9,21,13,4,2, -50.0000000000
2020,9,21,13,4,2, -50.0000000000
2020,9,21,13,4,3, 131.9355000000
2020,9,21,13,4,3, 132.5806000000
2020,9,21,13,4,3,  71.9355000000
2020,9,21,13,4,3, -50.0000000000
2020,9,21,13,4,4,  -2.5806000000
2020,9,21,13,4,4, -50.0000000000
2020,9,21,13,4,4, -50.0000000000
2020,9,21,13,4,4,  -9.6774000000
2020,9,21,13,4,5, -50.0000000000
2020,9,21,13,4,5, 131.6129000000
2020,9,21,13,4,5,  92.9032000000
2020,9,21,13,4,6,  84.8387000000
2020,9,21,13,4,6, -50.0000000000
2020,9,21,13,4,6,  86.4516000000
2020,9,21,13,4,6,  93.2258000000
2020,9,21,13,4,7, -50.0000000000
2020,9,21,13,4,7, 120.0000000000
2020,9,21,13,4,7,  79.3548000000
2020,9,21,13,4,7, -50.0000000000
2020,9,21,13,4,8,  71.6129000000
2020,9,21,13,4,8,  80.0000000000
2020,9,21,13,4,8, -50.0000000000
2020,9,21,13,4,8, 130.9677000000
2020,9,21,13,4,9, -31.2903000000
2020,9,21,13,4,9,  20.3226000000
2020,9,21,13,4,9, -40.0000000000
2020,9,21,13,4,9, 122.5806000000
2020,9,21,13,4,10, -19.6774000000
2020,9,21,13,4,10,  78.3871000000
2020,9,21,13,4,10, -50.0000000000
2020,9,21,13,4,10, -50.0000000000
2020,9,21,13,4,11, 122.2581000000
2020,9,21,13,4,11,  79.0323000000
2020,9,21,13,4,11, -50.0000000000
2020,9,21,13,4,11, 130.9677000000
2020,9,21,13,4,12, 112.2581000000
2020,9,21,13,4,12, -50.0000000000
2020,9,21,13,4,12, -14.8387000000
2020,9,21,13,4,13, -50.0000000000
2020,9,21,13,4,13, 130.6452000000
2020,9,21,13,4,13,  67.0968000000
2020,9,21,13,4,13, -47.7419000000
2020,9,21,13,4,14, 115.8065000000
2020,9,21,13,4,14,  83.5484000000
2020,9,21,13,4,14, -50.0000000000
2020,9,21,13,4,14, 131.6129000000
2020,9,21,13,4,15,  10.0000000000
2020,9,21,13,4,15, -28.0645000000
2020,9,21,13,4,15, 117.4194000000
2020,9,21,13,4,15, -50.0000000000
2020,9,21,13,4,16,  -7.7419000000
2020,9,21,13,4,16, -20.3226000000
2020,9,21,13,4,16, 132.9032000000
2020,9,21,13,4,16,  57.4194000000
2020,9,21,13,4,17, -44.8387000000
2020,9,21,13,4,17, 129.0323000000
2020,9,21,13,4,17,  -2.9032000000
2020,9,21,13,4,17, -31.2903000000
2020,9,21,13,4,18, 121.2903000000
2020,9,21,13,4,18, -50.0000000000
2020,9,21,13,4,18,  -7.4194000000
2020,9,21,13,4,18, 106.1290000000
2020,9,21,13,4,19, 114.8387000000
2020,9,21,13,4,19, -50.0000000000
2020,9,21,13,4,19, 112.5806000000
2020,9,21,13,4,19, -47.4194000000
2020,9,21,13,4,20, 125.1613000000
2020,9,21,13,4,20, -10.6452000000
2020,9,21,13,4,20, -36.1290000000
2020,9,21,13,4,21, -20.9677000000
2020,9,21,13,4,21, 109.3548000000
2020,9,21,13,4,21, 131.2903000000
2020,9,21,13,4,21,  68.3871000000
2020,9,21,13,4,22, -37.4194000000
2020,9,21,13,4,22, 118.3871000000
2020,9,21,13,4,22, 122.2581000000
2020,9,21,13,4,22, -50.0000000000
2020,9,21,13,4,23, -26.4516000000
2020,9,21,13,4,23, 117.4194000000
2020,9,21,13,4,23, -50.0000000000
2020,9,21,13,4,23, -50.0000000000
2020,9,21,13,4,24, -26.4516000000
2020,9,21,13,4,24, -32.2581000000
2020,9,21,13,4,24, 116.7742000000
2020,9,21,13,4,24, -50.0000000000
2020,9,21,13,4,25, -41.9355000000
2020,9,21,13,4,25, -30.6452000000
2020,9,21,13,4,25,  91.2903000000
2020,9,21,13,4,25, -50.0000000000
2020,9,21,13,4,26, 125.1613000000
2020,9,21,13,4,26,  50.3226000000
2020,9,21,13,4,26, -46.1290000000
2020,9,21,13,4,27, -50.0000000000
2020,9,21,13,4,27, 130.0000000000
2020,9,21,13,4,27,  31.2903000000
2020,9,21,13,4,27, -40.6452000000
2020,9,21,13,4,28, 122.5806000000
2020,9,21,13,4,28, -45.1613000000
2020,9,21,13,4,28, -30.9677000000
2020,9,21,13,4,28, 117.7419000000
2020,9,21,13,4,29, -50.0000000000
2020,9,21,13,4,29, -15.1613000000
2020,9,21,13,4,29,  40.3226000000
2020,9,21,13,4,29, -42.9032000000
2020,9,21,13,4,30,  68.3871000000
2020,9,21,13,4,30, -50.0000000000
2020,9,21,13,4,30, 125.8065000000
2020,9,21,13,4,30,  -6.1290000000
2020,9,21,13,4,31, 103.2258000000
2020,9,21,13,4,31, 115.4839000000
2020,9,21,13,4,31, -34.8387000000
2020,9,21,13,4,31, 120.3226000000
2020,9,21,13,4,32, 108.7097000000
2020,9,21,13,4,32, -50.0000000000
2020,9,21,13,4,32,  -3.2258000000
2020,9,21,13,4,32, -35.1613000000
2020,9,21,13,4,33, 130.6452000000
2020,9,21,13,4,33,  75.8065000000
2020,9,21,13,4,33, -50.0000000000
2020,9,21,13,4,34, 127.4194000000
2020,9,21,13,4,34,  63.2258000000
2020,9,21,13,4,34, -46.7742000000
2020,9,21,13,4,34,  76.7742000000
2020,9,21,13,4,35, -50.0000000000
2020,9,21,13,4,35, 126.4516000000
2020,9,21,13,4,35, -50.0000000000
2020,9,21,13,4,35, -27.0968000000
2020,9,21,13,4,36,  25.8065000000
2020,9,21,13,4,36, 122.9032000000
2020,9,21,13,4,36, -50.0000000000
2020,9,21,13,4,36, -20.6452000000
2020,9,21,13,4,37,  39.3548000000
2020,9,21,13,4,37, 127.4194000000
2020,9,21,13,4,37, -50.0000000000
2020,9,21,13,4,37, -50.0000000000
2020,9,21,13,4,38, 125.4839000000
2020,9,21,13,4,38,  49.3548000000
2020,9,21,13,4,38,  88.7097000000
2020,9,21,13,4,38, -50.0000000000
2020,9,21,13,4,39, 129.6774000000
2020,9,21,13,4,39,  72.2581000000
2020,9,21,13,4,39, -50.0000000000
2020,9,21,13,4,39, 124.8387000000
2020,9,21,13,4,40,  17.4194000000
2020,9,21,13,4,40,  65.1613000000
2020,9,21,13,4,40, -50.0000000000
2020,9,21,13,4,41, 124.5161000000
2020,9,21,13,4,41, 100.6452000000
2020,9,21,13,4,41, -50.0000000000
2020,9,21,13,4,41, 104.5161000000
2020,9,21,13,4,42, -50.0000000000
2020,9,21,13,4,42, -30.0000000000
2020,9,21,13,4,42, -50.0000000000
2020,9,21,13,4,42,  85.4839000000
2020,9,21,13,4,43, -11.6129000000
2020,9,21,13,4,43, 109.0323000000
2020,9,21,13,4,43, 130.9677000000
2020,9,21,13,4,43, 119.0323000000
2020,9,21,13,4,44,  -0.3226000000
2020,9,21,13,4,44, -38.3871000000
2020,9,21,13,4,44, -42.9032000000
2020,9,21,13,4,44, 122.9032000000
2020,9,21,13,4,45, -50.0000000000
2020,9,21,13,4,45, 113.2258000000
2020,9,21,13,4,45, -43.5484000000
2020,9,21,13,4,45, -50.0000000000
2020,9,21,13,4,46, 125.4839000000
2020,9,21,13,4,46, -46.4516000000
2020,9,21,13,4,46, 123.2258000000
2020,9,21,13,4,47, -32.5806000000
2020,9,21,13,4,47, -31.2903000000
2020,9,21,13,4,47, -15.4839000000
2020,9,21,13,4,47, 106.7742000000
2020,9,21,13,4,48, -50.0000000000
2020,9,21,13,4,48,  30.6452000000
2020,9,21,13,4,48,  94.8387000000
2020,9,21,13,4,48, -43.2258000000
2020,9,21,13,4,49, -26.7742000000
2020,9,21,13,4,49, 117.0968000000
2020,9,21,13,4,49, -50.0000000000
2020,9,21,13,4,49, -11.2903000000
2020,9,21,13,4,50, 119.0323000000
2020,9,21,13,4,50, -50.0000000000
2020,9,21,13,4,50, -41.2903000000
2020,9,21,13,4,50, -30.0000000000
2020,9,21,13,4,51, 117.4194000000
2020,9,21,13,4,51, -50.0000000000
2020,9,21,13,4,51, -17.4194000000
2020,9,21,13,4,51, -30.9677000000
2020,9,21,13,4,52, 119.6774000000
2020,9,21,13,4,52, -50.0000000000
2020,9,21,13,4,52, 137.0968000000
2020,9,21,13,4,52,  63.8710000000
2020,9,21,13,4,53, -11.2903000000
2020,9,21,13,4,53,  -9.6774000000
2020,9,21,13,4,53, 103.2258000000
2020,9,21,13,4,53, -50.0000000000
2020,9,21,13,4,54,  12.5806000000
2020,9,21,13,4,54,  98.3871000000
2020,9,21,13,4,54, 126.4516000000
2020,9,21,13,4,55,  74.5161000000
2020,9,21,13,4,55, -48.7097000000
2020,9,21,13,4,55, 125.1613000000
2020,9,21,13,4,55, 129.3548000000
2020,9,21,13,4,56,  58.7097000000
2020,9,21,13,4,56, -43.5484000000
2020,9,21,13,4,56, 121.9355000000
2020,9,21,13,4,56, -29.6774000000
2020,9,21,13,4,57, -30.3226000000
2020,9,21,13,4,57, 119.3548000000
2020,9,21,13,4,57, -50.0000000000
2020,9,21,13,4,57,  -9.3548000000
2020,9,21,13,4,58, 100.3226000000
2020,9,21,13,4,58, -25.4839000000
2020,9,21,13,4,58,  62.2581000000
2020,9,21,13,4,58,  90.3226000000
2020,9,21,13,4,59, -50.0000000000
2020,9,21,13,4,59, 110.0000000000
2020,9,21,13,4,59, -50.0000000000
2020,9,21,13,4,59, -50.0000000000
2020,9,21,13,5,0,  -4.5161000000
2020,9,21,13,5,0, 100.3226000000
2020,9,21,13,5,0, 109.3548000000
2020,9,21,13,5,0, -50.0000000000
2020,9,21,13,5,1, 134.5161000000
2020,9,21,13,5,1, 128.0645000000
2020,9,21,13,5,1,  42.9032000000
2020,9,21,13,5,2, -41.6129000000
2020,9,21,13,5,2, 122.2581000000
2020,9,21,13,5,2, -50.0000000000
2020,9,21,13,5,2, 114.1935000000
2020,9,21,13,5,3, -45.4839000000
2020,9,21,13,5,3, 123.5484000000
2020,9,21,13,5,3, -39.0323000000
2020,9,21,13,5,3, -24.5161000000
2020,9,21,13,5,4, 115.4839000000
2020,9,21,13,5,4, -47.7419000000
2020,9,21,13,5,4, 124.1935000000
2020,9,21,13,5,4,  50.6452000000
2020,9,21,13,5,5,  94.8387000000
2020,9,21,13,5,5,  72.9032000000
2020,9,21,13,5,5,  82.2581000000
2020,9,21,13,5,5, -50.0000000000
2020,9,21,13,5,6, 123.8710000000
2020,9,21,13,5,6, 130.6452000000
2020,9,21,13,5,6,  97.7419000000
2020,9,21,13,5,7, 140.9677000000
2020,9,21,13,5,7,  65.4839000000
2020,9,21,13,5,7,  93.8710000000
2020,9,21,13,5,7, -50.0000000000
2020,9,21,13,5,8,  -6.4516000000
2020,9,21,13,5,8, -50.0000000000
2020,9,21,13,5,8,  94.1935000000
2020,9,21,13,5,8,  71.9355000000
2020,9,21,13,5,9,  70.0000000000
2020,9,21,13,5,9,  70.6452000000
2020,9,21,13,5,9, -47.7419000000
2020,9,21,13,5,9, -44.8387000000
2020,9,21,13,5,10, 120.6452000000
2020,9,21,13,5,10, -50.0000000000
2020,9,21,13,5,10,  87.4194000000
2020,9,21,13,5,10, -50.0000000000
2020,9,21,13,5,11,  -9.0323000000
2020,9,21,13,5,11, 125.8065000000
2020,9,21,13,5,11,  90.6452000000
2020,9,21,13,5,12, -29.6774000000
2020,9,21,13,5,12,  47.0968000000
2020,9,21,13,5,12,  84.1935000000
2020,9,21,13,5,12, -50.0000000000
2020,9,21,13,5,13, -50.0000000000
2020,9,21,13,5,13, 127.4194000000
2020,9,21,13,5,13, -50.0000000000
2020,9,21,13,5,13, -36.4516000000
2020,9,21,13,5,14, 114.8387000000
2020,9,21,13,5,14, 112.5806000000
2020,9,21,13,5,14, -50.0000000000
2020,9,21,13,5,14, 122.2581000000
2020,9,21,13,5,15, -50.0000000000
2020,9,21,13,5,15, -49.3548000000
2020,9,21,13,5,15, -49.0323000000
2020,9,21,13,5,15, 123.8710000000
2020,9,21,13,5,16,  73.2258000000
2020,9,21,13,5,16,  72.9032000000
2020,9,21,13,5,16, -47.4194000000
2020,9,21,13,5,16, -46.7742000000
2020,9,21,13,5,17, 109.3548000000
2020,9,21,13,5,17, -50.0000000000
2020,9,21,13,5,17,  69.0323000000
2020,9,21,13,5,18, -47.7419000000
2020,9,21,13,5,18, -45.4839000000
2020,9,21,13,5,18, 118.3871000000
2020,9,21,13,5,18, -50.0000000000
2020,9,21,13,5,19,  63.8710000000
2020,9,21,13,5,19, -43.2258000000
2020,9,21,13,5,19, 117.4194000000
2020,9,21,13,5,19, 107.4194000000
2020,9,21,13,5,20, -50.0000000000
2020,9,21,13,5,20, -50.0000000000
2020,9,21,13,5,20, 130.6452000000
2020,9,21,13,5,20,  69.6774000000
2020,9,21,13,5,21, 123.2258000000
2020,9,21,13,5,21, -50.0000000000
2020,9,21,13,5,21, 207.4194000000
2020,9,21,13,5,21,  91.9355000000
2020,9,21,13,5,22,  70.9677000000
2020,9,21,13,5,22,  -8.7097000000
2020,9,21,13,5,22, 124.8387000000
2020,9,21,13,5,22, -16.7742000000
2020,9,21,13,5,23, 101.6129000000
2020,9,21,13,5,23, 100.6452000000
2020,9,21,13,5,23, -50.0000000000
2020,9,21,13,5,24, 132.5806000000
2020,9,21,13,5,24,  88.3871000000
2020,9,21,13,5,24, -20.6452000000
2020,9,21,13,5,24, 100.3226000000
2020,9,21,13,5,25, -50.0000000000
2020,9,21,13,5,25, 135.8065000000
2020,9,21,13,5,25,  33.8710000000
2020,9,21,13,5,25, -15.8065000000
2020,9,21,13,5,26,  -8.0645000000
2020,9,21,13,5,26, 125.4839000000
2020,9,21,13,5,26, 242.9032000000
2020,9,21,13,5,26, -50.0000000000
2020,9,21,13,5,27,  98.7097000000
2020,9,21,13,5,27, -50.0000000000
2020,9,21,13,5,27, -50.0000000000
2020,9,21,13,5,27, -29.6774000000
2020,9,21,13,5,28, 107.7419000000
2020,9,21,13,5,28, -50.0000000000
2020,9,21,13,5,28, -50.0000000000
2020,9,21,13,5,28, 131.2903000000
2020,9,21,13,5,29,  32.9032000000
2020,9,21,13,5,29,  43.5484000000
2020,9,21,13,5,29, -31.6129000000
2020,9,21,13,5,30, 113.8710000000
2020,9,21,13,5,30, 112.2581000000
2020,9,21,13,5,30, -50.0000000000
2020,9,21,13,5,30, 132.9032000000
2020,9,21,13,5,31,  49.0323000000
2020,9,21,13,5,31, -29.6774000000
2020,9,21,13,5,31, 112.2581000000
2020,9,21,13,5,31, -50.0000000000
2020,9,21,13,5,32, 112.2581000000
2020,9,21,13,5,32, -50.0000000000
2020,9,21,13,5,32, 125.4839000000
2020,9,21,13,5,32, 122.5806000000
2020,9,21,13,5,33,  71.2903000000
2020,9,21,13,5,33,  -5.4839000000
2020,9,21,13,5,33, -12.5806000000
2020,9,21,13,5,33,  97.7419000000
2020,9,21,13,5,34, -50.0000000000
2020,9,21,13,5,34, -50.0000000000
2020,9,21,13,5,34, 121.9355000000
2020,9,21,13,5,34, -50.0000000000
2020,9,21,13,5,35, 117.7419000000
2020,9,21,13,5,35, -50.0000000000
2020,9,21,13,5,35,  44.1935000000
2020,9,21,13,5,36,  87.0968000000
2020,9,21,13,5,36,  85.8065000000
2020,9,21,13,5,36, -50.0000000000
2020,9,21,13,5,36, 122.9032000000
2020,9,21,13,5,37, 120.0000000000
2020,9,21,13,5,37, -50.0000000000
2020,9,21,13,5,37, 105.4839000000
2020,9,21,13,5,37, -50.0000000000
2020,9,21,13,5,38, 133.8710000000
2020,9,21,13,5,38,  -5.8065000000
2020,9,21,13,5,38,  98.0645000000
2020,9,21,13,5,38, -50.0000000000
2020,9,21,13,5,39, 125.1613000000
2020,9,21,13,5,39, -50.0000000000
2020,9,21,13,5,39, 102.5806000000
2020,9,21,13,5,39, -50.0000000000
2020,9,21,13,5,40, 125.1613000000
2020,9,21,13,5,40,  68.0645000000
2020,9,21,13,5,40,  66.4516000000
2020,9,21,13,5,40, -36.1290000000
2020,9,21,13,5,41, 117.0968000000
2020,9,21,13,5,41,  88.0645000000
2020,9,21,13,5,41, -50.0000000000
2020,9,21,13,5,41, 122.5806000000
2020,9,21,13,5,42, 122.9032000000
2020,9,21,13,5,42, -50.0000000000
2020,9,21,13,5,42,  61.2903000000
2020,9,21,13,5,43,  60.9677000000
2020,9,21,13,5,43, -31.6129000000
2020,9,21,13,5,43, 114.5161000000
2020,9,21,13,5,43, 110.0000000000
2020,9,21,13,5,44, -50.0000000000
2020,9,21,13,5,44, 133.8710000000
2020,9,21,13,5,44, 121.2903000000
2020,9,21,13,5,44,  70.3226000000
2020,9,21,13,5,45, -50.0000000000
2020,9,21,13,5,45, 114.5161000000
2020,9,21,13,5,45,  89.6774000000
2020,9,21,13,5,45, -50.0000000000
2020,9,21,13,5,46, -49.3548000000
2020,9,21,13,5,46, 122.2581000000
2020,9,21,13,5,46, -50.0000000000
2020,9,21,13,5,46,  90.9677000000
2020,9,21,13,5,47,  70.3226000000
2020,9,21,13,5,47, 135.8065000000
2020,9,21,13,5,47,  60.9677000000
2020,9,21,13,5,48, -23.8710000000
2020,9,21,13,5,48, 102.9032000000
2020,9,21,13,5,48,  97.7419000000
2020,9,21,13,5,48, -50.0000000000
2020,9,21,13,5,49, 156.1290000000
2020,9,21,13,5,49, -50.0000000000
2020,9,21,13,5,49, -50.0000000000
2020,9,21,13,5,49, 132.2581000000
2020,9,21,13,5,50,  29.6774000000
2020,9,21,13,5,50,  20.9677000000
2020,9,21,13,5,50, -26.1290000000
2020,9,21,13,5,50, 108.0645000000
2020,9,21,13,5,51, 108.7097000000
2020,9,21,13,5,51, -50.0000000000
2020,9,21,13,5,51, 132.9032000000
2020,9,21,13,5,51, 133.8710000000
2020,9,21,13,5,52, -10.6452000000
2020,9,21,13,5,52, -20.0000000000
2020,9,21,13,5,52,  81.2903000000
2020,9,21,13,5,52, -48.7097000000
2020,9,21,13,5,53, 121.9355000000
2020,9,21,13,5,53, 117.7419000000
2020,9,21,13,5,53, -50.0000000000
2020,9,21,13,5,54, -50.0000000000
2020,9,21,13,5,54, -50.0000000000
2020,9,21,13,5,54,  81.2903000000
2020,9,21,13,5,54, -50.0000000000
2020,9,21,13,5,55, -50.0000000000
2020,9,21,13,5,55,  -3.5484000000
2020,9,21,13,5,55,  96.1290000000
2020,9,21,13,5,55,  -3.2258000000
2020,9,21,13,5,56,  13.5484000000
2020,9,21,13,5,56,  88.0645000000
2020,9,21,13,5,56, -50.0000000000
2020,9,21,13,5,56, -49.3548000000
2020,9,21,13,5,57, 120.9677000000
2020,9,21,13,5,57, -50.0000000000
2020,9,21,13,5,57, -50.0000000000
2020,9,21,13,5,57, -50.0000000000
2020,9,21,13,5,58, 131.2903000000
2020,9,21,13,5,58,  -4.8387000000
2020,9,21,13,5,58, -33.5484000000
2020,9,21,13,5,58, -20.6452000000
2020,9,21,13,5,59, 103.5484000000
2020,9,21,13,5,59, -50.0000000000
2020,9,21,13,5,59, -50.0000000000
2020,9,21,13,6,0, 136.1290000000
2020,9,21,13,6,0,  60.3226000000
2020,9,21,13,6,0,  -3.8710000000
2020,9,21,13,6,0, -32.2581000000
2020,9,21,13,6,1, 112.5806000000
2020,9,21,13,6,1, -46.4516000000
2020,9,21,13,6,1, -41.9355000000
2020,9,21,13,6,1, 117.0968000000
2020,9,21,13,6,2, -50.0000000000
2020,9,21,13,6,2, -50.0000000000
2020,9,21,13,6,2, 122.9032000000
2020,9,21,13,6,2,  68.3871000000
2020,9,21,13,6,3, 114.8387000000
2020,9,21,13,6,3, -50.0000000000
2020,9,21,13,6,3, 107.7419000000
2020,9,21,13,6,3, -47.7419000000
2020,9,21,13,6,4,  64.8387000000
2020,9,21,13,6,4,  13.5484000000
2020,9,21,13,6,4,  -5.4839000000
2020,9,21,13,6,4,  92.5806000000
2020,9,21,13,6,5, -50.0000000000
2020,9,21,13,6,5,  87.7419000000
2020,9,21,13,6,5,  72.5806000000
2020,9,21,13,6,6, -47.0968000000
2020,9,21,13,6,6, -50.0000000000
2020,9,21,13,6,6, 125.8065000000
2020,9,21,13,6,6, -50.0000000000
2020,9,21,13,6,7, -50.0000000000
2020,9,21,13,6,7, 128.3871000000
2020,9,21,13,6,7,  20.3226000000
2020,9,21,13,6,7,  41.2903000000
2020,9,21,13,6,8, -50.0000000000
2020,9,21,13,6,8, 120.3226000000
2020,9,21,13,6,8, 112.2581000000
2020,9,21,13,6,8, -10.9677000000
2020,9,21,13,6,9,  91.2903000000
2020,9,21,13,6,9, 104.5161000000
2020,9,21,13,6,9,  40.6452000000
2020,9,21,13,6,9, -50.0000000000
2020,9,21,13,6,10, -50.0000000000
2020,9,21,13,6,10, -50.0000000000
2020,9,21,13,6,10, 106.1290000000
2020,9,21,13,6,11,  72.2581000000
2020,9,21,13,6,11, 126.1290000000
2020,9,21,13,6,11, -50.0000000000
2020,9,21,13,6,11, 132.5806000000
2020,9,21,13,6,12,  19.0323000000
2020,9,21,13,6,12,  77.0968000000
2020,9,21,13,6,12, -50.0000000000
2020,9,21,13,6,12, 118.3871000000
2020,9,21,13,6,13, -44.1935000000
2020,9,21,13,6,13,  79.0323000000
2020,9,21,13,6,13, 100.6452000000
2020,9,21,13,6,13, -20.0000000000
2020,9,21,13,6,14, 103.8710000000
2020,9,21,13,6,14, -44.8387000000
2020,9,21,13,6,14,  77.4194000000
2020,9,21,13,6,14,  71.6129000000
2020,9,21,13,6,15, -50.0000000000
2020,9,21,13,6,15, 118.7097000000
2020,9,21,13,6,15, 123.8710000000
2020,9,21,13,6,15, -50.0000000000
2020,9,21,13,6,16,  42.2581000000
2020,9,21,13,6,16, -20.9677000000
2020,9,21,13,6,16, 101.6129000000
2020,9,21,13,6,17, -44.5161000000
2020,9,21,13,6,17, -50.0000000000
2020,9,21,13,6,17, 103.2258000000
2020,9,21,13,6,17, -21.2903000000
2020,9,21,13,6,18, -50.0000000000
2020,9,21,13,6,18,  30.3226000000
2020,9,21,13,6,18, -50.0000000000
2020,9,21,13,6,18, 120.9677000000
2020,9,21,13,6,19,  35.1613000000
2020,9,21,13,6,19,  77.7419000000
2020,9,21,13,6,19,  95.8065000000
2020,9,21,13,6,19, -50.0000000000
2020,9,21,13,6,20,  99.3548000000
2020,9,21,13,6,20, -31.6129000000
2020,9,21,13,6,20,  81.9355000000
2020,9,21,13,6,20, 102.2581000000
2020,9,21,13,6,21, -50.0000000000
2020,9,21,13,6,21, 128.7097000000
2020,9,21,13,6,21, -45.1613000000
2020,9,21,13,6,21,  77.7419000000
2020,9,21,13,6,22,  -3.5484000000
2020,9,21,13,6,22, -50.0000000000
2020,9,21,13,6,22, 119.3548000000
2020,9,21,13,6,22, -50.0000000000
2020,9,21,13,6,23, 131.9355000000
2020,9,21,13,6,23,  -5.4839000000
2020,9,21,13,6,23, -50.0000000000
2020,9,21,13,6,24,  99.0323000000
2020,9,21,13,6,24, -13.2258000000
2020,9,21,13,6,24,  91.2903000000
2020,9,21,13,6,24,  -1.2903000000
2020,9,21,13,6,25, -50.0000000000
2020,9,21,13,6,25,  77.7419000000
2020,9,21,13,6,25, -48.7097000000
2020,9,21,13,6,25,  78.7097000000
2020,9,21,13,6,26,  28.0645000000
2020,9,21,13,6,26, -50.0000000000
2020,9,21,13,6,26,  93.2258000000
2020,9,21,13,6,26, -50.0000000000
2020,9,21,13,6,27, -31.9355000000
2020,9,21,13,6,27, 110.9677000000
2020,9,21,13,6,27, -50.0000000000
2020,9,21,13,6,27,  63.8710000000
2020,9,21,13,6,28, -42.2581000000
2020,9,21,13,6,28, -20.3226000000
2020,9,21,13,6,28, -50.0000000000
2020,9,21,13,6,28, 110.6452000000
2020,9,21,13,6,29, -25.1613000000
2020,9,21,13,6,29, -20.0000000000
2020,9,21,13,6,29,  70.0000000000
2020,9,21,13,6,30, -50.0000000000
2020,9,21,13,6,30, 126.4516000000
2020,9,21,13,6,30,  37.4194000000
2020,9,21,13,6,30,  86.4516000000
2020,9,21,13,6,31, -18.3871000000
2020,9,21,13,6,31, -50.0000000000
2020,9,21,13,6,31, 112.2581000000
2020,9,21,13,6,31,  -7.4194000000
2020,9,21,13,6,32,  92.2581000000
2020,9,21,13,6,32, 134.8387000000
2020,9,21,13,6,32, -50.0000000000
2020,9,21,13,6,32,  59.0323000000
2020,9,21,13,6,33, -35.4839000000
2020,9,21,13,6,33,  53.2258000000
2020,9,21,13,6,33, 137.4194000000
2020,9,21,13,6,33,   3.5484000000
2020,9,21,13,6,34, -21.6129000000
2020,9,21,13,6,34, -18.0645000000
2020,9,21,13,6,34,  98.0645000000
2020,9,21,13,6,35, 230.0000000000
2020,9,21,13,6,35, -50.0000000000
2020,9,21,13,6,35,  90.0000000000
2020,9,21,13,6,35, -50.0000000000
2020,9,21,13,6,36, 127.0968000000
2020,9,21,13,6,36, -39.0323000000
2020,9,21,13,6,36,  49.3548000000
2020,9,21,13,6,36, -28.3871000000
2020,9,21,13,6,37,  73.8710000000
2020,9,21,13,6,37, -50.0000000000
2020,9,21,13,6,37,  85.1613000000
2020,9,21,13,6,37,  82.2581000000
2020,9,21,13,6,38,  16.4516000000
2020,9,21,13,6,38,  72.5806000000
2020,9,21,13,6,38, -43.8710000000
2020,9,21,13,6,38, 106.7742000000
2020,9,21,13,6,39,  -5.8065000000
2020,9,21,13,6,39,  20.3226000000
2020,9,21,13,6,39, 126.4516000000
2020,9,21,13,6,39, 118.0645000000
2020,9,21,13,6,40, -50.0000000000
2020,9,21,13,6,40, -50.0000000000
2020,9,21,13,6,40, -19.6774000000
2020,9,21,13,6,41, 101.2903000000
2020,9,21,13,6,41, -21.9355000000
2020,9,21,13,6,41, 124.8387000000
2020,9,21,13,6,41, 109.3548000000
2020,9,21,13,6,42, -22.9032000000
2020,9,21,13,6,42,  27.4194000000
2020,9,21,13,6,42, 130.9677000000
2020,9,21,13,6,42, 129.3548000000
2020,9,21,13,6,43,  35.8065000000
2020,9,21,13,6,43, -30.0000000000
2020,9,21,13,6,43,  61.2903000000
2020,9,21,13,6,43, 110.9677000000
2020,9,21,13,6,44, -50.0000000000
2020,9,21,13,6,44, 109.0323000000
2020,9,21,13,6,44, -36.7742000000
2020,9,21,13,6,44, -50.0000000000
2020,9,21,13,6,45, 125.4839000000
2020,9,21,13,6,45, -50.0000000000
2020,9,21,13,6,45, 107.7419000000
2020,9,21,13,6,46, -36.7742000000
2020,9,21,13,6,46, 120.0000000000
2020,9,21,13,6,46, -50.0000000000
2020,9,21,13,6,46,  28.7097000000
2020,9,21,13,6,47, -28.0645000000
2020,9,21,13,6,47, -50.0000000000
2020,9,21,13,6,47,  85.4839000000
2020,9,21,13,6,47, -50.0000000000
2020,9,21,13,6,48, 111.2903000000
2020,9,21,13,6,48, -36.7742000000
2020,9,21,13,6,48,  57.0968000000
2020,9,21,13,6,48, 135.1613000000
2020,9,21,13,6,49, -50.0000000000
2020,9,21,13,6,49, -50.0000000000
2020,9,21,13,6,49,  15.4839000000
2020,9,21,13,6,49,  64.8387000000
2020,9,21,13,6,50, 133.8710000000
2020,9,21,13,6,50,   6.7742000000
2020,9,21,13,6,50,  90.9677000000
2020,9,21,13,6,50, -41.6129000000
2020,9,21,13,6,51, -50.0000000000
2020,9,21,13,6,51,  82.5806000000
2020,9,21,13,6,51, -49.0323000000
2020,9,21,13,6,51, 113.2258000000
2020,9,21,13,6,52, 181.2903000000
2020,9,21,13,6,52, -23.2258000000
2020,9,21,13,6,52, 108.7097000000
2020,9,21,13,6,53, -20.0000000000
2020,9,21,13,6,53, -50.0000000000
2020,9,21,13,6,53,  78.7097000000
2020,9,21,13,6,53, -50.0000000000
2020,9,21,13,6,54,  75.4839000000
2020,9,21,13,6,54, -43.2258000000
2020,9,21,13,6,54,  68.7097000000
2020,9,21,13,6,54,  90.0000000000
2020,9,21,13,6,55, -50.0000000000
2020,9,21,13,6,55, -50.0000000000
2020,9,21,13,6,55, 107.4194000000
2020,9,21,13,6,55,  70.9677000000
2020,9,21,13,6,56, 123.2258000000
2020,9,21,13,6,56, -50.0000000000
2020,9,21,13,6,56, -50.0000000000
2020,9,21,13,6,56,  78.0645000000
2020,9,21,13,6,57,  76.7742000000
2020,9,21,13,6,57, -19.6774000000
2020,9,21,13,6,57, 102.2581000000
2020,9,21,13,6,57, -50.0000000000
2020,9,21,13,6,58, 114.8387000000
2020,9,21,13,6,58, -50.0000000000
2020,9,21,13,6,58,  88.7097000000
2020,9,21,13,6,59, -50.0000000000
2020,9,21,13,6,59,   0.3226000000
2020,9,21,13,6,59, -22.9032000000
2020,9,21,13,6,59, 127.7419000000
2020,9,21,13,7,0,  31.9355000000
2020,9,21,13,7,0, -50.0000000000
2020,9,21,13,7,0,  72.2581000000
2020,9,21,13,7,0, 133.2258000000
2020,9,21,13,7,1,  65.1613000000
2020,9,21,13,7,1, -36.7742000000
2020,9,21,13,7,1, 114.8387000000
2020,9,21,13,7,1, -50.0000000000
2020,9,21,13,7,2, 111.2903000000
2020,9,21,13,7,2, 113.2258000000
2020,9,21,13,7,2, -50.0000000000
2020,9,21,13,7,2, 123.8710000000
2020,9,21,13,7,3, -50.0000000000
2020,9,21,13,7,3, 116.4516000000
2020,9,21,13,7,3, -26.1290000000
2020,9,21,13,7,4, -50.0000000000
2020,9,21,13,7,4, -50.0000000000
2020,9,21,13,7,4, 122.5806000000
2020,9,21,13,7,4, -50.0000000000
2020,9,21,13,7,5, 102.2581000000
2020,9,21,13,7,5, -50.0000000000
2020,9,21,13,7,5, -50.0000000000
2020,9,21,13,7,5, 124.5161000000
2020,9,21,13,7,6, -50.0000000000
2020,9,21,13,7,6, 120.6452000000
2020,9,21,13,7,6, -50.0000000000
2020,9,21,13,7,6, 109.3548000000
2020,9,21,13,7,7, -50.0000000000
2020,9,21,13,7,7, 125.4839000000
2020,9,21,13,7,7, -50.0000000000
2020,9,21,13,7,7, 133.8710000000
2020,9,21,13,7,8, -50.0000000000
2020,9,21,13,7,8,  69.6774000000
2020,9,21,13,7,8, -38.0645000000
2020,9,21,13,7,8,  70.9677000000
2020,9,21,13,7,9, 138.7097000000
2020,9,21,13,7,9, -50.0000000000
2020,9,21,13,7,9, 110.3226000000
2020,9,21,13,7,10, -23.5484000000
2020,9,21,13,7,10, 139.0323000000
2020,9,21,13,7,10, -50.0000000000
2020,9,21,13,7,10,  -7.7419000000
2020,9,21,13,7,11,  27.4194000000
2020,9,21,13,7,11, 135.4839000000
2020,9,21,13,7,11,  43.8710000000
2020,9,21,13,7,11, -27.7419000000
2020,9,21,13,7,12, 118.0645000000
2020,9,21,13,7,12, -50.0000000000
2020,9,21,13,7,12,  95.1613000000
2020,9,21,13,7,12, -33.5484000000
2020,9,21,13,7,13, 119.6774000000
2020,9,21,13,7,13,  43.5484000000
2020,9,21,13,7,13, 132.9032000000
2020,9,21,13,7,13,  46.1290000000
2020,9,21,13,7,14, 146.7742000000
2020,9,21,13,7,14, 130.3226000000
2020,9,21,13,7,14,  31.2903000000
2020,9,21,13,7,15, -29.3548000000
2020,9,21,13,7,15,  10.6452000000
2020,9,21,13,7,15, 135.4839000000
2020,9,21,13,7,15,  60.0000000000
2020,9,21,13,7,16, 131.6129000000
2020,9,21,13,7,16, -50.0000000000
2020,9,21,13,7,16, 100.9677000000
2020,9,21,13,7,16, 125.1613000000
2020,9,21,13,7,17, -20.6452000000
2020,9,21,13,7,17,  80.9677000000
2020,9,21,13,7,17, -49.6774000000
2020,9,21,13,7,17,  84.5161000000
2020,9,21,13,7,18, 121.9355000000
2020,9,21,13,7,18, -50.0000000000
2020,9,21,13,7,18, 133.2258000000
2020,9,21,13,7,18, -50.0000000000
2020,9,21,13,7,19, 107.4194000000
2020,9,21,13,7,19, -24.1935000000
2020,9,21,13,7,19, -34.1935000000
2020,9,21,13,7,19, 115.1613000000
2020,9,21,13,7,20, -50.0000000000
2020,9,21,13,7,20,  90.0000000000
2020,9,21,13,7,20,  80.9677000000
2020,9,21,13,7,21,  -9.3548000000
2020,9,21,13,7,21, 122.5806000000
2020,9,21,13,7,21, -50.0000000000
2020,9,21,13,7,21, -50.0000000000
2020,9,21,13,7,22, 128.3871000000
2020,9,21,13,7,22,  18.0645000000
2020,9,21,13,7,22, 135.1613000000
2020,9,21,13,7,22, -50.0000000000
2020,9,21,13,7,23,  94.8387000000
2020,9,21,13,7,23, 137.0968000000
2020,9,21,13,7,23,  28.7097000000
2020,9,21,13,7,23, 135.1613000000
2020,9,21,13,7,24, 135.1613000000
2020,9,21,13,7,24,  64.8387000000
2020,9,21,13,7,24, -31.9355000000
2020,9,21,13,7,24,  -5.8065000000
2020,9,21,13,7,25, 135.4839000000
2020,9,21,13,7,25, 134.1935000000
2020,9,21,13,7,25,  58.0645000000
2020,9,21,13,7,25, -37.7419000000
2020,9,21,13,7,26, -50.0000000000
2020,9,21,13,7,26, 132.9032000000
2020,9,21,13,7,26, -50.0000000000
2020,9,21,13,7,27, 117.7419000000
2020,9,21,13,7,27,   2.2581000000
2020,9,21,13,7,27, 118.7097000000
2020,9,21,13,7,27, -50.0000000000
2020,9,21,13,7,28, 133.2258000000
2020,9,21,13,7,28,  56.4516000000
2020,9,21,13,7,28,  39.0323000000
2020,9,21,13,7,28, 133.8710000000
2020,9,21,13,7,29,  66.4516000000
2020,9,21,13,7,29, -41.6129000000
2020,9,21,13,7,29,  89.6774000000
2020,9,21,13,7,29,  33.2258000000
2020,9,21,13,7,30, -50.0000000000
2020,9,21,13,7,30, -29.3548000000
2020,9,21,13,7,30,  93.8710000000
2020,9,21,13,7,30,  -0.6452000000
2020,9,21,13,7,31, -50.0000000000
2020,9,21,13,7,31, 109.6774000000
2020,9,21,13,7,31, -39.0323000000
2020,9,21,13,7,31, -49.6774000000
2020,9,21,13,7,32, -46.1290000000
2020,9,21,13,7,32,  -3.8710000000
2020,9,21,13,7,32, 124.5161000000
2020,9,21,13,7,33, 245.4839000000
2020,9,21,13,7,33, -50.0000000000
2020,9,21,13,7,33, -50.0000000000
2020,9,21,13,7,33, 117.7419000000
2020,9,21,13,7,34, 109.3548000000
2020,9,21,13,7,34, 122.2581000000
2020,9,21,13,7,34, -50.0000000000
2020,9,21,13,7,34, -50.0000000000
2020,9,21,13,7,35, -50.0000000000
2020,9,21,13,7,35, 123.2258000000
2020,9,21,13,7,35, -50.0000000000
2020,9,21,13,7,35, 116.7742000000
2020,9,21,13,7,36, 104.8387000000
2020,9,21,13,7,36, -50.0000000000
2020,9,21,13,7,36, 128.7097000000
2020,9,21,13,7,37, -21.9355000000
2020,9,21,13,7,37,  87.7419000000
2020,9,21,13,7,37, 109.3548000000
2020,9,21,13,7,37, 133.2258000000
2020,9,21,13,7,38, -50.0000000000
2020,9,21,13,7,38, -50.0000000000
2020,9,21,13,7,38, -50.0000000000
2020,9,21,13,7,38, -17.0968000000
2020,9,21,13,7,39, 121.2903000000
2020,9,21,13,7,39, 219.6774000000
2020,9,21,13,7,39, -50.0000000000
2020,9,21,13,7,39, -48.3871000000
2020,9,21,13,7,40, 121.9355000000
2020,9,21,13,7,40,  93.8710000000
2020,9,21,13,7,40, 132.2581000000
2020,9,21,13,7,41, 124.5161000000
2020,9,21,13,7,41, -50.0000000000
2020,9,21,13,7,41, -50.0000000000
2020,9,21,13,7,41, -13.5484000000
2020,9,21,13,7,42, 125.1613000000
2020,9,21,13,7,42, -50.0000000000
2020,9,21,13,7,42, 122.9032000000
2020,9,21,13,7,42, 125.4839000000
2020,9,21,13,7,43,  87.4194000000
2020,9,21,13,7,43, 132.2581000000
2020,9,21,13,7,43, 133.5484000000
2020,9,21,13,7,43, -50.0000000000
2020,9,21,13,7,44,  16.1290000000
2020,9,21,13,7,44, 107.0968000000
2020,9,21,13,7,44,  78.7097000000
2020,9,21,13,7,45,  51.2903000000
2020,9,21,13,7,45, 124.5161000000
2020,9,21,13,7,45, -50.0000000000
2020,9,21,13,7,45, -20.0000000000
2020,9,21,13,7,46, 100.6452000000
2020,9,21,13,7,46,  66.7742000000
2020,9,21,13,7,46, 100.3226000000
2020,9,21,13,7,46, -50.0000000000
2020,9,21,13,7,47, -50.0000000000
2020,9,21,13,7,47, -43.5484000000
2020,9,21,13,7,47, -50.0000000000
2020,9,21,13,7,47, -50.0000000000
2020,9,21,13,7,48,  58.3871000000
2020,9,21,13,7,48,  70.0000000000
2020,9,21,13,7,48, -38.7097000000
2020,9,21,13,7,48, 118.0645000000
2020,9,21,13,7,49, -29.3548000000
2020,9,21,13,7,49,  98.0645000000
2020,9,21,13,7,49,   2.5806000000
2020,9,21,13,7,50, -50.0000000000
2020,9,21,13,7,50, 114.5161000000
2020,9,21,13,7,50, 131.6129000000
2020,9,21,13,7,50,  11.9355000000
2020,9,21,13,7,51, -50.0000000000
2020,9,21,13,7,51, -14.1935000000
2020,9,21,13,7,51,  97.4194000000
2020,9,21,13,7,51, 118.0645000000
2020,9,21,13,7,52, -50.0000000000
2020,9,21,13,7,52, 127.7419000000
2020,9,21,13,7,52, -50.0000000000
2020,9,21,13,7,52,  92.9032000000
2020,9,21,13,7,53, 122.9032000000
2020,9,21,13,7,53, -50.0000000000
2020,9,21,13,7,53,  95.4839000000
2020,9,21,13,7,53, -50.0000000000
2020,9,21,13,7,54, -42.2581000000
2020,9,21,13,7,54, 120.3226000000
2020,9,21,13,7,54, -50.0000000000
2020,9,21,13,7,54, 102.5806000000
2020,9,21,13,7,55, -50.0000000000
2020,9,21,13,7,55,  86.7742000000
2020,9,21,13,7,55,  -8.7097000000
2020,9,21,13,7,56, -39.3548000000
2020,9,21,13,7,56, 138.0645000000
2020,9,21,13,7,56, -50.0000000000
2020,9,21,13,7,56, 120.3226000000
2020,9,21,13,7,57, -50.0000000000
2020,9,21,13,7,57, 124.5161000000
2020,9,21,13,7,57, -48.0645000000
2020,9,21,13,7,57,  86.1290000000
2020,9,21,13,7,58,   1.6129000000
2020,9,21,13,7,58, -50.0000000000
2020,9,21,13,7,58, -50.0000000000
2020,9,21,13,7,58, 132.9032000000
2020,9,21,13,7,59,  24.1935000000
2020,9,21,13,7,59,  46.4516000000
2020,9,21,13,7,59, -50.0000000000
2020,9,21,13,7,59, 104.5161000000
2020,9,21,13,8,0, -45.4839000000
2020,9,21,13,8,0, -29.6774000000
2020,9,21,13,8,0, 112.2581000000
2020,9,21,13,8,0, -50.0000000000
2020,9,21,13,8,1,  98.3871000000
2020,9,21,13,8,1, -14.5161000000
2020,9,21,13,8,1,  54.5161000000
2020,9,21,13,8,2, -50.0000000000
2020,9,21,13,8,2,  66.7742000000
2020,9,21,13,8,2, -36.4516000000
2020,9,21,13,8,2, 114.5161000000
2020,9,21,13,8,3,  60.9677000000
2020,9,21,13,8,3,  76.1290000000
2020,9,21,13,8,3, 116.7742000000
2020,9,21,13,8,3, 125.1613000000
2020,9,21,13,8,4, -50.0000000000
2020,9,21,13,8,4,   0.3226000000
2020,9,21,13,8,4,  77.7419000000
2020,9,21,13,8,4, 108.3871000000
2020,9,21,13,8,5, -50.0000000000
2020,9,21,13,8,5, -50.0000000000
2020,9,21,13,8,5,  80.3226000000
2020,9,21,13,8,5,  76.4516000000
2020,9,21,13,8,6, 122.9032000000
2020,9,21,13,8,6, -49.0323000000
2020,9,21,13,8,6, -11.6129000000
2020,9,21,13,8,6,  63.8710000000
2020,9,21,13,8,7, -50.0000000000
2020,9,21,13,8,7, -50.0000000000
2020,9,21,13,8,7, -50.0000000000
2020,9,21,13,8,8, 115.4839000000
2020,9,21,13,8,8, -50.0000000000
2020,9,21,13,8,8, 105.4839000000
2020,9,21,13,8,8, -26.1290000000
2020,9,21,13,8,9,  20.9677000000
2020,9,21,13,8,9, 135.8065000000
2020,9,21,13,8,9, -15.4839000000
2020,9,21,13,8,9, 102.2581000000
2020,9,21,13,8,10, 136.7742000000
2020,9,21,13,8,10,  55.8065000000
2020,9,21,13,8,10, 131.9355000000
2020,9,21,13,8,10, 130.6452000000
2020,9,21,13,8,11, -25.8065000000
2020,9,21,13,8,11, -14.8387000000
2020,9,21,13,8,11, -41.9355000000
2020,9,21,13,8,11, 120.3226000000
2020,9,21,13,8,12, -50.0000000000
2020,9,21,13,8,12, 105.8065000000
2020,9,21,13,8,12, -16.4516000000
2020,9,21,13,8,13, -50.0000000000
2020,9,21,13,8,13, -22.2581000000
2020,9,21,13,8,13, 109.3548000000
2020,9,21,13,8,13, -50.0000000000
2020,9,21,13,8,14, 124.1935000000
2020,9,21,13,8,14, 121.9355000000
2020,9,21,13,8,14, -50.0000000000
2020,9,21,13,8,14, 133.5484000000
2020,9,21,13,8,15, -50.0000000000
2020,9,21,13,8,15, -50.0000000000
2020,9,21,13,8,15,  24.1935000000
2020,9,21,13,8,15, -22.2581000000
2020,9,21,13,8,16,  92.2581000000
2020,9,21,13,8,16, -50.0000000000
2020,9,21,13,8,16, 101.2903000000
2020,9,21,13,8,16, -11.6129000000
2020,9,21,13,8,17, -40.3226000000
2020,9,21,13,8,17, 126.7742000000
2020,9,21,13,8,17, -50.0000000000
2020,9,21,13,8,17,  62.2581000000
2020,9,21,13,8,18, -18.3871000000
2020,9,21,13,8,18, -50.0000000000
2020,9,21,13,8,18,  69.3548000000
2020,9,21,13,8,19, 125.8065000000
2020,9,21,13,8,19, -50.0000000000
2020,9,21,13,8,19,  93.5484000000
2020,9,21,13,8,19, -17.4194000000
2020,9,21,13,8,20, -50.0000000000
2020,9,21,13,8,20, 128.7097000000
2020,9,21,13,8,20, 120.3226000000
2020,9,21,13,8,20, -50.0000000000
2020,9,21,13,8,21,  50.0000000000
2020,9,21,13,8,21, -46.7742000000
2020,9,21,13,8,21, 124.8387000000
2020,9,21,13,8,21, -50.0000000000
2020,9,21,13,8,22, -50.0000000000
2020,9,21,13,8,22, 132.2581000000
2020,9,21,13,8,22,  21.9355000000
2020,9,21,13,8,22, -30.0000000000
2020,9,21,13,8,23, 115.1613000000
2020,9,21,13,8,23, -50.0000000000
2020,9,21,13,8,23, 112.5806000000
2020,9,21,13,8,23, -50.0000000000
2020,9,21,13,8,24, 138.0645000000
2020,9,21,13,8,24, -50.0000000000
2020,9,21,13,8,24, 123.8710000000
2020,9,21,13,8,25, 118.7097000000
2020,9,21,13,8,25, -50.0000000000
2020,9,21,13,8,25, 132.5806000000
2020,9,21,13,8,25,  22.5806000000
2020,9,21,13,8,26,  -8.7097000000
2020,9,21,13,8,26, -50.0000000000
2020,9,21,13,8,26,  72.5806000000
2020,9,21,13,8,26,  81.9355000000
2020,9,21,13,8,27, 125.8065000000
2020,9,21,13,8,27, -50.0000000000
2020,9,21,13,8,27, 123.5484000000
2020,9,21,13,8,27, -50.0000000000
2020,9,21,13,8,28, 130.3226000000
2020,9,21,13,8,28, -50.0000000000
2020,9,21,13,8,28, 124.1935000000
2020,9,21,13,8,28, 135.1613000000
2020,9,21,13,8,29,  64.8387000000
2020,9,21,13,8,29, -15.8065000000
2020,9,21,13,8,29, -50.0000000000
2020,9,21,13,8,30, 125.1613000000
2020,9,21,13,8,30, -32.9032000000
2020,9,21,13,8,30, -30.6452000000
2020,9,21,13,8,30, 116.4516000000
2020,9,21,13,8,31, 103.5484000000
2020,9,21,13,8,31, -50.0000000000
2020,9,21,13,8,31, 125.1613000000
2020,9,21,13,8,31, 121.2903000000
2020,9,21,13,8,32, -44.8387000000
2020,9,21,13,8,32, 121.6129000000
2020,9,21,13,8,32, -50.0000000000
2020,9,21,13,8,32, 133.5484000000
2020,9,21,13,8,33, -50.0000000000
2020,9,21,13,8,33, -50.0000000000
2020,9,21,13,8,33,  60.0000000000
2020,9,21,13,8,33, -16.7742000000
2020,9,21,13,8,34,  86.1290000000
2020,9,21,13,8,34, -50.0000000000
2020,9,21,13,8,34, 126.1290000000
2020,9,21,13,8,34, -50.0000000000
2020,9,21,13,8,35, 124.8387000000
2020,9,21,13,8,35, -50.0000000000
2020,9,21,13,8,35, 132.9032000000
2020,9,21,13,8,36, -50.0000000000
2020,9,21,13,8,36, -50.0000000000
2020,9,21,13,8,36, 122.5806000000
2020,9,21,13,8,36, -50.0000000000
2020,9,21,13,8,37, 115.4839000000
2020,9,21,13,8,37, 121.9355000000
2020,9,21,13,8,37, -50.0000000000
2020,9,21,13,8,37, -50.0000000000
2020,9,21,13,8,38,  32.5806000000
2020,9,21,13,8,38,  89.6774000000
2020,9,21,13,8,38, -38.7097000000
2020,9,21,13,8,38, -50.0000000000
2020,9,21,13,8,39, 131.6129000000
2020,9,21,13,8,39, -50.0000000000
2020,9,21,13,8,39,  75.1613000000
2020,9,21,13,8,39, -44.1935000000
2020,9,21,13,8,40,  65.8065000000
2020,9,21,13,8,40,  98.7097000000
2020,9,21,13,8,40, -50.0000000000
2020,9,21,13,8,40, 121.6129000000
2020,9,21,13,8,41, -41.9355000000
2020,9,21,13,8,41,  77.7419000000
2020,9,21,13,8,41,  76.1290000000
2020,9,21,13,8,42, -50.0000000000
2020,9,21,13,8,42,  78.3871000000
2020,9,21,13,8,42, 130.6452000000
2020,9,21,13,8,42, -37.4194000000
2020,9,21,13,8,43, 117.7419000000
2020,9,21,13,8,43,  85.1613000000
2020,9,21,13,8,43,  58.0645000000
2020,9,21,13,8,43, -50.0000000000
2020,9,21,13,8,44, -50.0000000000
2020,9,21,13,8,44,  54.1935000000
2020,9,21,13,8,44, -50.0000000000
2020,9,21,13,8,44,  -7.0968000000
2020,9,21,13,8,45, -50.0000000000
2020,9,21,13,8,45, 131.6129000000
2020,9,21,13,8,45, 105.4839000000
2020,9,21,13,8,45, -23.5484000000
2020,9,21,13,8,46, -50.0000000000
2020,9,21,13,8,46, -27.7419000000
2020,9,21,13,8,46, -50.0000000000
2020,9,21,13,8,47, -50.0000000000
2020,9,21,13,8,47,  72.2581000000
2020,9,21,13,8,47, -42.2581000000
2020,9,21,13,8,47, -13.5484000000
2020,9,21,13,8,48,  96.7742000000
2020,9,21,13,8,48, 133.2258000000
2020,9,21,13,8,48, -50.0000000000
2020,9,21,13,8,48, 126.1290000000
2020,9,21,13,8,49, 101.9355000000
2020,9,21,13,8,49, -50.0000000000
2020,9,21,13,8,49, 126.7742000000
2020,9,21,13,8,50, -50.0000000000
2020,9,21,13,8,50,  76.4516000000
2020,9,21,13,8,50,  58.3871000000
2020,9,21,13,8,50, -32.5806000000
2020,9,21,13,8,51, 113.8710000000
2020,9,21,13,8,51, -50.0000000000
2020,9,21,13,8,51,  85.1613000000
2020,9,21,13,8,51,  89.6774000000
2020,9,21,13,8,52, 107.0968000000
2020,9,21,13,8,52,  64.1935000000
2020,9,21,13,8,52, -42.5806000000
2020,9,21,13,8,52, 120.6452000000
2020,9,21,13,8,53, 101.9355000000
2020,9,21,13,8,53, 210.0000000000
2020,9,21,13,8,53, 124.5161000000
2020,9,21,13,8,53, -50.0000000000
2020,9,21,13,8,54, -50.0000000000
2020,9,21,13,8,54, -50.0000000000
2020,9,21,13,8,54,  67.7419000000
2020,9,21,13,8,55, -50.0000000000
2020,9,21,13,8,55, 111.9355000000
