2020,9,21,14,0,0, -50.0000000000
2020,9,21,14,0,0,  -5.8065000000
2020,9,21,14,0,1,  94.8387000000
2020,9,21,14,0,1, -50.0000000000
2020,9,21,14,0,1, -26.7742000000
2020,9,21,14,0,2, -44.8387000000
2020,9,21,14,0,2, -50.0000000000
2020,9,21,14,0,2, -47.0968000000
2020,9,21,14,0,2, 132.2581000000
2020,9,21,14,0,3,  -8.0645000000
2020,9,21,14,0,3, -26.4516000000
2020,9,21,14,0,3, 107.4194000000
2020,9,21,14,0,3, -50.0000000000
2020,9,21,14,0,4, 125.1613000000
2020,9,21,14,0,4,  60.6452000000
2020,9,21,14,0,4, -16.7742000000
2020,9,21,14,0,4,  67.4194000000
2020,9,21,14,0,5, -31.6129000000
2020,9,21,14,0,5, -50.0000000000
2020,9,21,14,0,5, 123.5484000000
2020,9,21,14,0,5, -39.3548000000
2020,9,21,14,0,6,  89.3548000000
2020,9,21,14,0,6, -27.7419000000
2020,9,21,14,0,6,  94.1935000000
2020,9,21,14,0,6, -50.0000000000
2020,9,21,14,0,7, 125.8065000000
2020,9,21,14,0,7,  -8.7097000000
2020,9,21,14,0,7, 115.1613000000
2020,9,21,14,0,8,  91.6129000000
2020,9,21,14,0,8, -50.0000000000
2020,9,21,14,0,8, 123.8710000000
2020,9,21,14,0,8, -50.0000000000
2020,9,21,14,0,9, 100.6452000000
2020,9,21,14,0,9,  73.5484000000
2020,9,21,14,0,9,  94.1935000000
2020,9,21,14,0,9, -50.0000000000
2020,9,21,14,0,10, -42.5806000000
2020,9,21,14,0,10, 121.2903000000
2020,9,21,14,0,10, -50.0000000000
2020,9,21,14,0,10,  29.6774000000
2020,9,21,14,0,11,  62.9032000000
2020,9,21,14,0,11, 142.2581000000
2020,9,21,14,0,11,  69.3548000000
2020,9,21,14,0,11, -40.6452000000
2020,9,21,14,0,12, 122.2581000000
2020,9,21,14,0,12, -50.0000000000
2020,9,21,14,0,12,  92.5806000000
2020,9,21,14,0,12, -50.0000000000
2020,9,21,14,0,13,  -8.0645000000
2020,9,21,14,0,13, 122.5806000000
2020,9,21,14,0,13, -11.2903000000
2020,9,21,14,0,14, 102.2581000000
2020,9,21,14,0,14, -50.0000000000
2020,9,21,14,0,14, 127.4194000000
2020,9,21,14,0,14, -50.0000000000
2020,9,21,14,0,15, 131.9355000000
2020,9,21,14,0,15,  85.1613000000
2020,9,21,14,0,15,  79.6774000000
2020,9,21,14,0,15, -42.2581000000
2020,9,21,14,0,16, 109.0323000000
2020,9,21,14,0,16, -50.0000000000
2020,9,21,14,0,16, 136.4516000000
2020,9,21,14,0,16, -49.6774000000
2020,9,21,14,0,17, 125.1613000000
2020,9,21,14,0,17, -50.0000000000
2020,9,21,14,0,17, 112.2581000000
2020,9,21,14,0,17, -50.0000000000
2020,9,21,14,0,18,  29.6774000000
2020,9,21,14,0,18,  82.5806000000
2020,9,21,14,0,18, -49.3548000000
2020,9,21,14,0,18, 125.1613000000
2020,9,21,14,0,19, -50.0000000000
2020,9,21,14,0,19, 127.4194000000
2020,9,21,14,0,19, -40.0000000000
2020,9,21,14,0,19, -20.0000000000
2020,9,21,14,0,20, 103.8710000000
2020,9,21,14,0,20, -50.0000000000
2020,9,21,14,0,20, 123.8710000000
2020,9,21,14,0,20, -50.0000000000
2020,9,21,14,0,21,  72.5806000000
2020,9,21,14,0,21, -42.903200000022020,9,21,14,0,21, -50.000000000022020,9,21,14,0,22, 132.580600000022020,9,21,14,0,22,  61.612900000022020,9,21,14,0,22, -36.129000000022020,9,21,14,0,22, 117.419400000022020,9,21,14,0,23, -50.000000000022020,9,21,14,0,23, 132.580600000022020,9,21,14,0,23,  10.322600000022020,9,21,14,0,23,  62.580600000022020,9,21,14,0,24, -50.000000000022020,9,21,14,0,24, -31.9355000000
2020,9,21,14,0,24, -49.3548000000
2020,9,21,14,0,24, 125.4839000000
2020,9,21,14,0,25, 126.1290000000
2020,9,21,14,0,25, -50.0000000000
2020,9,21,14,0,25, -12.5806000000
2020,9,21,14,0,25,  99.6774000000
2020,9,21,14,0,26, -50.0000000000
2020,9,21,14,0,26, 128.0645000000
2020,9,21,14,0,26,   3.8710000000
2020,9,21,14,0,26,  91.2903000000
2020,9,21,14,0,27, -50.0000000000
2020,9,21,14,0,27, 115.4839000000
2020,9,21,14,0,27, -50.0000000000
2020,9,21,14,0,27, 117.7419000000
2020,9,21,14,0,28, -48.3871000000
2020,9,21,14,0,28,  97.7419000000
2020,9,21,14,0,28, -50.0000000000
2020,9,21,14,0,29, 115.1613000000
2020,9,21,14,0,29, -50.0000000000
2020,9,21,14,0,29, 132.5806000000
2020,9,21,14,0,29,  -7.7419000000
2020,9,21,14,0,30,  57.7419000000
2020,9,21,14,0,30, 122.2581000000
2020,9,21,14,0,30, -50.0000000000
2020,9,21,14,0,30,  -1.6129000000
2020,9,21,14,0,31,  87.4194000000
2020,9,21,14,0,31, -50.0000000000
2020,9,21,14,0,31, 125.8065000000
2020,9,21,14,0,31, 123.8710000000
2020,9,21,14,0,32, -50.0000000000
2020,9,21,14,0,32, 119.3548000000
2020,9,21,14,0,32, -50.0000000000
2020,9,21,14,0,32, -50.0000000000
2020,9,21,14,0,33, -50.0000000000
2020,9,21,14,0,33, 134.5161000000
2020,9,21,14,0,33, -50.0000000000
2020,9,21,14,0,33, 129.6774000000
2020,9,21,14,0,34, -42.9032000000
2020,9,21,14,0,34, -16.1290000000
2020,9,21,14,0,34, 100.3226000000
2020,9,21,14,0,34, 125.483900000022020,9,21,14,0,35, -50.0000000000
2020,9,21,14,0,35, -39.6774000000
2020,9,21,14,0,35, -20.3226000000
2020,9,21,14,0,36, -50.0000000000
2020,9,21,14,0,36,  86.129000000022020,9,21,14,0,36, -50.0000000000
2020,9,21,14,0,36, -50.000000000022020,9,21,14,0,37, 124.838700000022020,9,21,14,0,37, -50.000000000022020,9,21,14,0,37,  96.774200000022020,9,21,14,0,37, -50.000000000022020,9,21,14,0,38, 112.258100000022020,9,21,14,0,38,  87.096800000022020,9,21,14,0,38, -50.000000000022020,9,21,14,0,38, -50.000000000022020,9,21,14,0,39,  -9.354800000022020,9,21,14,0,39,  95.806500000022020,9,21,14,0,39, -50.000000000022020,9,21,14,0,39, 131.290300000022020,9,21,14,0,40, -50.000000000022020,9,21,14,0,40, -50.000000000022020,9,21,14,0,40, 119.354800000022020,9,21,14,0,41, -10.322600000022020,9,21,14,0,41, 118.064500000022020,9,21,14,0,41,  65.161300000022020,9,21,14,0,41, 104.838700000022020,9,21,14,0,42,  78.387100000022020,9,21,14,0,42, 132.258100000022020,9,21,14,0,42,  23.225800000022020,9,21,14,0,42, -13.871000000022020,9,21,14,0,43, -16.451600000022020,9,21,14,0,43, -50.000000000022020,9,21,14,0,43, -50.000000000022020,9,21,14,0,44,  87.096800000022020,9,21,14,0,44, -50.000000000022020,9,21,14,0,44, 125.161300000022020,9,21,14,0,44, -48.709700000022020,9,21,14,0,45, 124.193500000022020,9,21,14,0,45, 121.290300000022020,9,21,14,0,45, -17.741900000022020,9,21,14,0,45,  99.677400000022020,9,21,14,0,46, 123.871000000022020,9,21,14,0,46, -50.000000000022020,9,21,14,0,46, -50.000000000022020,9,21,14,0,46,   8.387100000022020,9,21,14,0,47,  89.677400000022020,9,21,14,0,47, -50.000000000022020,9,21,14,0,47, -50.000000000022020,9,21,14,0,47,  -9.032300000022020,9,21,14,0,48,  99.677400000022020,9,21,14,0,48,  94.838700000022020,9,21,14,0,48,  97.096800000022020,9,21,14,0,48, -50.000000000022020,9,21,14,0,49, -50.000000000022020,9,21,14,0,49, -16.774200000022020,9,21,14,0,49, -22.903200000022020,9,21,14,0,50, 107.741900000022020,9,21,14,0,50, 109.677400000022020,9,21,14,0,50, -50.000000000022020,9,21,14,0,50, 137.096800000022020,9,21,14,0,51, 132.580600000022020,9,21,14,0,51, -24.193500000022020,9,21,14,0,51, 108.709700000022020,9,21,14,0,51, -50.000000000022020,9,21,14,0,52, 105.161300000022020,9,21,14,0,52, 134.193500000022020,9,21,14,0,52,  65.806500000022020,9,21,14,0,52, -50.000000000022020,9,21,14,0,53,  -0.645200000022020,9,21,14,0,53, -50.000000000022020,9,21,14,0,53, 122.903200000022020,9,21,14,0,53, -50.000000000022020,9,21,14,0,54, 225.806500000022020,9,21,14,0,54, -46.129000000022020,9,21,14,0,54,  -4.838700000022020,9,21,14,0,55, 121.935500000022020,9,21,14,0,55, -50.000000000022020,9,21,14,0,55, 119.677400000022020,9,21,14,0,55, 120.967700000022020,9,21,14,0,56, -50.000000000022020,9,21,14,0,56,  90.645200000022020,9,21,14,0,56,  88.709700000022020,9,21,14,0,56,  80.645200000022020,9,21,14,0,57, -48.064500000022020,9,21,14,0,57,  82.258100000022020,9,21,14,0,57,  72.258100000022020,9,21,14,0,57, -50.000000000022020,9,21,14,0,58, -37.096800000022020,9,21,14,0,58, 110.645200000022020,9,21,14,0,58, -50.000000000022020,9,21,14,0,58,  74.516100000022020,9,21,14,0,59, -45.806500000022020,9,21,14,0,59,  94.193500000022020,9,21,14,0,59,  94.516100000022020,9,21,14,1,0, -50.0000000000
2020,9,21,14,1,0, 124.1935000000
2020,9,21,14,1,0,  63.2258000000
2020,9,21,14,1,0,  84.5161000000
2020,9,21,14,1,1, -21.2903000000
2020,9,21,14,1,1,  21.6129000000
2020,9,21,14,1,1, 124.5161000000
2020,9,21,14,1,1, -50.0000000000
2020,9,21,14,1,2,  -0.6452000000
2020,9,21,14,1,2,  63.8710000000
2020,9,21,14,1,2,  81.2903000000
2020,9,21,14,1,2,  75.8065000000
2020,9,21,14,1,3, -22.5806000000
2020,9,21,14,1,3, -50.0000000000
2020,9,21,14,1,3, -14.1935000000
2020,9,21,14,1,3, 103.5484000000
2020,9,21,14,1,4, 102.5806000000
2020,9,21,14,1,4, -50.0000000000
2020,9,21,14,1,4, 132.5806000000
2020,9,21,14,1,4,  27.7419000000
2020,9,21,14,1,5,  88.7097000000
2020,9,21,14,1,5, -50.0000000000
2020,9,21,14,1,5, 126.1290000000
2020,9,21,14,1,6, -50.0000000000
2020,9,21,14,1,6, 124.8387000000
2020,9,21,14,1,6, -50.0000000000
2020,9,21,14,1,6, 127.7419000000
2020,9,21,14,1,7, -27.0968000000
2020,9,21,14,1,7, -24.1935000000
2020,9,21,14,1,7,  94.5161000000
2020,9,21,14,1,7,  58.3871000000
2020,9,21,14,1,8, -50.0000000000
2020,9,21,14,1,8, 124.5161000000
2020,9,21,14,1,8,  74.5161000000
2020,9,21,14,1,8, -11.2903000000
2020,9,21,14,1,9,  97.4194000000
2020,9,21,14,1,9, -50.0000000000
2020,9,21,14,1,9, -45.8065000000
2020,9,21,14,1,9, -15.8065000000
2020,9,21,14,1,10, 117.7419000000
2020,9,21,14,1,10, -50.0000000000
2020,9,21,14,1,10, 132.5806000000
2020,9,21,14,1,10,  36.1290000000
2020,9,21,14,1,11,  71.9355000000
2020,9,21,14,1,11, -41.2903000000
2020,9,21,14,1,11,  73.8710000000
2020,9,21,14,1,12, -34.8387000000
2020,9,21,14,1,12,  92.2581000000
2020,9,21,14,1,12, -50.0000000000
2020,9,21,14,1,12, 117.7419000000
2020,9,21,14,1,13, 120.0000000000
2020,9,21,14,1,13, -50.0000000000
2020,9,21,14,1,13, 103.2258000000
2020,9,21,14,1,13, -21.6129000000
2020,9,21,14,1,14, 103.2258000000
2020,9,21,14,1,14, 108.3871000000
2020,9,21,14,1,14, -50.0000000000
2020,9,21,14,1,14, -50.0000000000
2020,9,21,14,1,15, 132.9032000000
2020,9,21,14,1,15, -47.0968000000
2020,9,21,14,1,15,  73.5484000000
2020,9,21,14,1,15, -50.0000000000
2020,9,21,14,1,16,   1.2903000000
2020,9,21,14,1,16,  84.1935000000
2020,9,21,14,1,16,  75.4839000000
2020,9,21,14,1,17, 128.0645000000
2020,9,21,14,1,17, -50.0000000000
2020,9,21,14,1,17, -16.7742000000
2020,9,21,14,1,17, -50.0000000000
2020,9,21,14,1,18, -13.2258000000
2020,9,21,14,1,18, 106.1290000000
2020,9,21,14,1,18, 109.3548000000
2020,9,21,14,1,18, -50.0000000000
2020,9,21,14,1,19, 125.4839000000
2020,9,21,14,1,19, -39.3548000000
2020,9,21,14,1,19, -50.0000000000
2020,9,21,14,1,19, -17.7419000000
2020,9,21,14,1,20,  26.1290000000
2020,9,21,14,1,20,  93.8710000000
2020,9,21,14,1,20, -50.0000000000
2020,9,21,14,1,20, 123.8710000000
2020,9,21,14,1,21, -50.0000000000
2020,9,21,14,1,21, -18.0645000000
2020,9,21,14,1,21, 105.1613000000
2020,9,21,14,1,22, -50.0000000000
2020,9,21,14,1,22, -18.7097000000
2020,9,21,14,1,22,   9.6774000000
2020,9,21,14,1,22, 122.5806000000
2020,9,21,14,1,23, -50.0000000000
2020,9,21,14,1,23,  14.1935000000
2020,9,21,14,1,23, -31.9355000000
2020,9,21,14,1,23, -49.6774000000
2020,9,21,14,1,24, 127.0968000000
2020,9,21,14,1,24, -50.0000000000
2020,9,21,14,1,24, -26.4516000000
2020,9,21,14,1,24, -47.0968000000
2020,9,21,14,1,25, 120.9677000000
2020,9,21,14,1,25, -50.0000000000
2020,9,21,14,1,25, -50.0000000000
2020,9,21,14,1,25, 120.6452000000
2020,9,21,14,1,26,  70.3226000000
2020,9,21,14,1,26, -31.2903000000
2020,9,21,14,1,26, -50.0000000000
2020,9,21,14,1,26, 121.9355000000
2020,9,21,14,1,27, -50.0000000000
2020,9,21,14,1,27, 107.4194000000
2020,9,21,14,1,27, 122.2581000000
2020,9,21,14,1,28, -50.0000000000
2020,9,21,14,1,28,  77.7419000000
2020,9,21,14,1,28, 116.1290000000
2020,9,21,14,1,28, 108.3871000000
2020,9,21,14,1,29, -50.0000000000
2020,9,21,14,1,29, 113.2258000000
2020,9,21,14,1,29, -50.0000000000
2020,9,21,14,1,29, -50.0000000000
2020,9,21,14,1,30, 108.0645000000
2020,9,21,14,1,30, -50.0000000000
2020,9,21,14,1,30, -50.0000000000
2020,9,21,14,1,30, -50.0000000000
2020,9,21,14,1,31, 114.1935000000
2020,9,21,14,1,31, -50.0000000000
2020,9,21,14,1,31, 110.3226000000
2020,9,21,14,1,31,  79.3548000000
2020,9,21,14,1,32,  36.4516000000
2020,9,21,14,1,32, -50.0000000000
2020,9,21,14,1,32, 120.0000000000
2020,9,21,14,1,32, -40.6452000000
2020,9,21,14,1,33, 104.5161000000
2020,9,21,14,1,33, -19.0323000000
2020,9,21,14,1,33, -50.0000000000
2020,9,21,14,1,34, 121.6129000000
2020,9,21,14,1,34, -50.0000000000
2020,9,21,14,1,34, -34.1935000000
2020,9,21,14,1,34, -46.4516000000
2020,9,21,14,1,35, 122.9032000000
2020,9,21,14,1,35, -50.0000000000
2020,9,21,14,1,35, -50.0000000000
2020,9,21,14,1,35, 118.3871000000
2020,9,21,14,1,36,  47.0968000000
2020,9,21,14,1,36,  31.6129000000
2020,9,21,14,1,36,  90.9677000000
2020,9,21,14,1,36, -23.8710000000
2020,9,21,14,1,37, -50.0000000000
2020,9,21,14,1,37, 130.3226000000
2020,9,21,14,1,37, -50.0000000000
2020,9,21,14,1,38, 133.2258000000
2020,9,21,14,1,38, -50.0000000000
2020,9,21,14,1,38, -50.0000000000
2020,9,21,14,1,38, 107.4194000000
2020,9,21,14,1,39, -50.0000000000
2020,9,21,14,1,39, 130.6452000000
2020,9,21,14,1,39, -36.4516000000
2020,9,21,14,1,39, 118.7097000000
2020,9,21,14,1,40, 106.7742000000
2020,9,21,14,1,40,  38.3871000000
2020,9,21,14,1,40,  89.3548000000
2020,9,21,14,1,40, -50.0000000000
2020,9,21,14,1,41, 222.9032000000
2020,9,21,14,1,41, -50.0000000000
2020,9,21,14,1,41, 128.3871000000
2020,9,21,14,1,42, 128.3871000000
2020,9,21,14,1,42,  -0.3226000000
2020,9,21,14,1,42, -23.5484000000
2020,9,21,14,1,42, -50.0000000000
2020,9,21,14,1,43,  27.7419000000
2020,9,21,14,1,43,  38.7097000000
2020,9,21,14,1,43, -50.0000000000
2020,9,21,14,1,43, -50.0000000000
2020,9,21,14,1,44, 133.8710000000
2020,9,21,14,1,44,  28.0645000000
2020,9,21,14,1,44, 127.7419000000
2020,9,21,14,1,44, -48.3871000000
2020,9,21,14,1,45, -16.4516000000
2020,9,21,14,1,45, -50.0000000000
2020,9,21,14,1,45,  59.0323000000
2020,9,21,14,1,45,  80.9677000000
2020,9,21,14,1,46,  92.9032000000
2020,9,21,14,1,46, -50.0000000000
2020,9,21,14,1,46, 130.9677000000
2020,9,21,14,1,47, 123.8710000000
2020,9,21,14,1,47, -50.0000000000
2020,9,21,14,1,47, 123.8710000000
2020,9,21,14,1,47, 131.6129000000
2020,9,21,14,1,48,  12.2581000000
2020,9,21,14,1,48, 118.0645000000
2020,9,21,14,1,48, 123.8710000000
2020,9,21,14,1,48,  63.8710000000
2020,9,21,14,1,49,  57.4194000000
2020,9,21,14,1,49, 122.9032000000
2020,9,21,14,1,49, -31.6129000000
2020,9,21,14,1,49, 120.0000000000
2020,9,21,14,1,50, -50.0000000000
2020,9,21,14,1,50, -41.6129000000
2020,9,21,14,1,50,  91.9355000000
2020,9,21,14,1,51,  70.6452000000
2020,9,21,14,1,51, 130.6452000000
2020,9,21,14,1,51,  80.9677000000
2020,9,21,14,1,51, 108.0645000000
2020,9,21,14,1,52, -50.0000000000
2020,9,21,14,1,52, 120.3226000000
2020,9,21,14,1,52,  40.3226000000
2020,9,21,14,1,52, -35.1613000000
2020,9,21,14,1,53,  62.9032000000
2020,9,21,14,1,53, 132.2581000000
2020,9,21,14,1,53, -50.0000000000
2020,9,21,14,1,53, 110.3226000000
2020,9,21,14,1,54,  16.7742000000
2020,9,21,14,1,54, 126.4516000000
2020,9,21,14,1,54, -50.0000000000
2020,9,21,14,1,54, 134.5161000000
2020,9,21,14,1,55, -35.8065000000
2020,9,21,14,1,55,  -5.4839000000
2020,9,21,14,1,55, -25.1613000000
2020,9,21,14,1,55, 105.4839000000
2020,9,21,14,1,56, -35.4839000000
2020,9,21,14,1,56, 119.6774000000
2020,9,21,14,1,56, -50.0000000000
2020,9,21,14,1,57, -50.0000000000
2020,9,21,14,1,57,  64.5161000000
2020,9,21,14,1,57, -50.0000000000
2020,9,21,14,1,57, 132.5806000000
2020,9,21,14,1,58, -50.0000000000
2020,9,21,14,1,58, 119.0323000000
2020,9,21,14,1,58, 107.0968000000
2020,9,21,14,1,58, 104.1935000000
2020,9,21,14,1,59, -50.0000000000
2020,9,21,14,1,59, -50.0000000000
2020,9,21,14,1,59, 134.1935000000
2020,9,21,14,1,59,  60.3226000000
2020,9,21,14,2,0, 119.0323000000
2020,9,21,14,2,0, -50.0000000000
2020,9,21,14,2,0, 121.6129000000
2020,9,21,14,2,0,  77.0968000000
2020,9,21,14,2,1,  40.0000000000
2020,9,21,14,2,1, -25.8065000000
2020,9,21,14,2,1, 105.8065000000
2020,9,21,14,2,2,  69.6774000000
2020,9,21,14,2,2, 113.2258000000
2020,9,21,14,2,2,  56.1290000000
2020,9,21,14,2,2, -38.7097000000
2020,9,21,14,2,3, -30.6452000000
2020,9,21,14,2,3, 108.3871000000
2020,9,21,14,2,3, -50.0000000000
2020,9,21,14,2,3, 122.2581000000
2020,9,21,14,2,4, -50.0000000000
2020,9,21,14,2,4, 232.2581000000
2020,9,21,14,2,4, 126.7742000000
2020,9,21,14,2,4, -50.0000000000
2020,9,21,14,2,5,  90.0000000000
2020,9,21,14,2,5,  -7.7419000000
2020,9,21,14,2,5, 127.4194000000
2020,9,21,14,2,6, -50.0000000000
2020,9,21,14,2,6,   4.8387000000
2020,9,21,14,2,6,  87.0968000000
2020,9,21,14,2,6, -50.0000000000
2020,9,21,14,2,7, -27.0968000000
2020,9,21,14,2,7, 107.0968000000
2020,9,21,14,2,7, -50.0000000000
2020,9,21,14,2,7, -15.8065000000
2020,9,21,14,2,8,  99.3548000000
2020,9,21,14,2,8, -50.0000000000
2020,9,21,14,2,8, 133.5484000000
2020,9,21,14,2,8, -10.0000000000
2020,9,21,14,2,9,  80.0000000000
2020,9,21,14,2,9, 105.1613000000
2020,9,21,14,2,9, -50.0000000000
2020,9,21,14,2,9, 124.1935000000
2020,9,21,14,2,10, -50.0000000000
2020,9,21,14,2,10, -50.0000000000
2020,9,21,14,2,10,  69.3548000000
2020,9,21,14,2,11,  93.5484000000
2020,9,21,14,2,11, -50.0000000000
2020,9,21,14,2,11, 132.2581000000
2020,9,21,14,2,11, -32.2581000000
2020,9,21,14,2,12,  -1.6129000000
2020,9,21,14,2,12, -50.0000000000
2020,9,21,14,2,12, 126.4516000000
2020,9,21,14,2,12,  99.6774000000
2020,9,21,14,2,13, 121.2903000000
2020,9,21,14,2,13, -50.0000000000
2020,9,21,14,2,13,  92.9032000000
2020,9,21,14,2,13,  70.0000000000
2020,9,21,14,2,14, -40.9677000000
2020,9,21,14,2,14, 113.5484000000
2020,9,21,14,2,14, -48.0645000000
2020,9,21,14,2,14, 100.9677000000
2020,9,21,14,2,15, -16.4516000000
2020,9,21,14,2,15, -50.0000000000
2020,9,21,14,2,15,  41.9355000000
2020,9,21,14,2,16,  74.1935000000
2020,9,21,14,2,16, 100.3226000000
2020,9,21,14,2,16, -50.0000000000
2020,9,21,14,2,16, 129.3548000000
2020,9,21,14,2,17, -31.6129000000
2020,9,21,14,2,17, 108.0645000000
2020,9,21,14,2,17, -50.0000000000
2020,9,21,14,2,17, -50.0000000000
2020,9,21,14,2,18, 100.3226000000
2020,9,21,14,2,18, -50.0000000000
2020,9,21,14,2,18, 130.0000000000
2020,9,21,14,2,18,  50.6452000000
2020,9,21,14,2,19,  77.0968000000
2020,9,21,14,2,19, -50.0000000000
2020,9,21,14,2,19, 122.2581000000
2020,9,21,14,2,20, -50.0000000000
2020,9,21,14,2,20, 117.4194000000
2020,9,21,14,2,20, -50.0000000000
2020,9,21,14,2,20,  58.3871000000
2020,9,21,14,2,21,  80.6452000000
2020,9,21,14,2,21, -37.7419000000
2020,9,21,14,2,21, -11.6129000000
2020,9,21,14,2,21, 124.8387000000
2020,9,21,14,2,22,  60.3226000000
2020,9,21,14,2,22,  24.8387000000
2020,9,21,14,2,22,  83.2258000000
2020,9,21,14,2,22, -50.0000000000
2020,9,21,14,2,23, 125.4839000000
2020,9,21,14,2,23, -50.0000000000
2020,9,21,14,2,23, -39.6774000000
2020,9,21,14,2,23, -20.9677000000
2020,9,21,14,2,24, -12.9032000000
2020,9,21,14,2,24,  99.0323000000
2020,9,21,14,2,24, -33.2258000000
2020,9,21,14,2,24, 113.5484000000
2020,9,21,14,2,25, -50.0000000000
2020,9,21,14,2,25, -50.0000000000
2020,9,21,14,2,25, 103.5484000000
2020,9,21,14,2,26, -50.0000000000
2020,9,21,14,2,26, 127.0968000000
2020,9,21,14,2,26, -50.0000000000
2020,9,21,14,2,26, 133.2258000000
2020,9,21,14,2,27,  16.4516000000
2020,9,21,14,2,27,  89.0323000000
2020,9,21,14,2,27, 110.3226000000
2020,9,21,14,2,27, -46.1290000000
2020,9,21,14,2,28, 122.9032000000
2020,9,21,14,2,28, -50.0000000000
2020,9,21,14,2,28, -50.0000000000
2020,9,21,14,2,28,   1.6129000000
2020,9,21,14,2,29, -50.0000000000
2020,9,21,14,2,29,  23.5484000000
2020,9,21,14,2,29,  -5.1613000000
2020,9,21,14,2,29, -48.3871000000
2020,9,21,14,2,30, 122.5806000000
2020,9,21,14,2,30, -50.0000000000
2020,9,21,14,2,30, 105.8065000000
2020,9,21,14,2,31, -50.0000000000
2020,9,21,14,2,31,  85.4839000000
2020,9,21,14,2,31, -50.0000000000
2020,9,21,14,2,31, -50.0000000000
2020,9,21,14,2,32, 134.1935000000
2020,9,21,14,2,32, -42.9032000000
2020,9,21,14,2,32, 120.3226000000
2020,9,21,14,2,32, 135.1613000000
2020,9,21,14,2,33,  73.2258000000
2020,9,21,14,2,33,  67.4194000000
2020,9,21,14,2,33,  -7.0968000000
2020,9,21,14,2,33, 100.0000000000
2020,9,21,14,2,34, -50.0000000000
2020,9,21,14,2,34, -50.0000000000
2020,9,21,14,2,34, 132.5806000000
2020,9,21,14,2,34, -50.0000000000
2020,9,21,14,2,35, 131.2903000000
2020,9,21,14,2,35, -50.0000000000
2020,9,21,14,2,35, -50.0000000000
2020,9,21,14,2,36, 142.9032000000
2020,9,21,14,2,36,  34.1935000000
2020,9,21,14,2,36, -50.0000000000
2020,9,21,14,2,36,  91.2903000000
2020,9,21,14,2,37, -43.5484000000
2020,9,21,14,2,37, -40.0000000000
2020,9,21,14,2,37, 121.2903000000
2020,9,21,14,2,37,  34.1935000000
2020,9,21,14,2,38, -50.0000000000
2020,9,21,14,2,38, 115.8065000000
2020,9,21,14,2,38,  73.8710000000
2020,9,21,14,2,38, -37.7419000000
2020,9,21,14,2,39,   6.4516000000
2020,9,21,14,2,39,  42.9032000000
2020,9,21,14,2,39, 116.7742000000
2020,9,21,14,2,39, 101.9355000000
2020,9,21,14,2,40, -50.0000000000
2020,9,21,14,2,40, 124.5161000000
2020,9,21,14,2,40, -50.0000000000
2020,9,21,14,2,41, 123.2258000000
2020,9,21,14,2,41, -12.2581000000
2020,9,21,14,2,41, 122.2581000000
2020,9,21,14,2,41, -50.0000000000
2020,9,21,14,2,42, 120.6452000000
2020,9,21,14,2,42, -50.0000000000
2020,9,21,14,2,42, 121.6129000000
2020,9,21,14,2,42, -50.0000000000
2020,9,21,14,2,43, 127.4194000000
2020,9,21,14,2,43, 129.0323000000
2020,9,21,14,2,43, -36.7742000000
2020,9,21,14,2,43, -11.2903000000
2020,9,21,14,2,44,  74.5161000000
2020,9,21,14,2,44,  80.6452000000
2020,9,21,14,2,44, -47.7419000000
2020,9,21,14,2,45, -50.0000000000
2020,9,21,14,2,45, 130.3226000000
2020,9,21,14,2,45, -50.0000000000
2020,9,21,14,2,45, 122.2581000000
2020,9,21,14,2,46, -50.0000000000
2020,9,21,14,2,46,  -6.1290000000
2020,9,21,14,2,46, -50.0000000000
2020,9,21,14,2,46,  45.8065000000
2020,9,21,14,2,47,  83.2258000000
2020,9,21,14,2,47, -26.4516000000
2020,9,21,14,2,47, 111.9355000000
2020,9,21,14,2,47, -50.0000000000
2020,9,21,14,2,48,  96.1290000000
2020,9,21,14,2,48, -14.5161000000
2020,9,21,14,2,48, -37.0968000000
2020,9,21,14,2,48, 117.0968000000
2020,9,21,14,2,49, -36.4516000000
2020,9,21,14,2,49,  78.0645000000
2020,9,21,14,2,49, -35.8065000000
2020,9,21,14,2,49,  63.8710000000
2020,9,21,14,2,50,  38.7097000000
2020,9,21,14,2,50, -18.7097000000
2020,9,21,14,2,50, -22.5806000000
2020,9,21,14,2,51, 108.0645000000
2020,9,21,14,2,51,  98.0645000000
2020,9,21,14,2,51, -50.0000000000
2020,9,21,14,2,51, -50.0000000000
2020,9,21,14,2,52, -39.3548000000
2020,9,21,14,2,52,  91.6129000000
2020,9,21,14,2,52, -50.0000000000
2020,9,21,14,2,52, -50.0000000000
2020,9,21,14,2,53, 125.4839000000
2020,9,21,14,2,53, -50.0000000000
2020,9,21,14,2,53,  85.4839000000
2020,9,21,14,2,53, -43.2258000000
2020,9,21,14,2,54,  -2.5806000000
2020,9,21,14,2,54,  95.8065000000
2020,9,21,14,2,54,  -5.8065000000
2020,9,21,14,2,54,  82.2581000000
2020,9,21,14,2,55, -50.0000000000
2020,9,21,14,2,55, -40.0000000000
2020,9,21,14,2,55, 114.8387000000
2020,9,21,14,2,55, -50.0000000000
2020,9,21,14,2,56, 133.5484000000
2020,9,21,14,2,56,  44.8387000000
2020,9,21,14,2,56, -39.6774000000
2020,9,21,14,2,57,  77.4194000000
2020,9,21,14,2,57, 132.2581000000
2020,9,21,14,2,57, -50.0000000000
2020,9,21,14,2,57,  84.5161000000
2020,9,21,14,2,58, -23.8710000000
2020,9,21,14,2,58,  27.0968000000
2020,9,21,14,2,58, 126.7742000000
2020,9,21,14,2,58, -41.6129000000
2020,9,21,14,2,59, 101.6129000000
2020,9,21,14,2,59, -33.8710000000
2020,9,21,14,2,59, 131.9355000000
2020,9,21,14,2,59, -50.0000000000
2020,9,21,14,3,0,  -4.8387000000
2020,9,21,14,3,0, -49.6774000000
2020,9,21,14,3,0,  81.2903000000
2020,9,21,14,3,0, -50.0000000000
2020,9,21,14,3,1,  80.0000000000
2020,9,21,14,3,1, -50.0000000000
2020,9,21,14,3,1, -50.0000000000
2020,9,21,14,3,2, -50.0000000000
2020,9,21,14,3,2, 101.9355000000
2020,9,21,14,3,2, -50.0000000000
2020,9,21,14,3,2, -27.4194000000
2020,9,21,14,3,3, -26.4516000000
2020,9,21,14,3,3, -50.0000000000
2020,9,21,14,3,3, -50.0000000000
2020,9,21,14,3,3,  -2.2581000000
2020,9,21,14,3,4,  29.6774000000
2020,9,21,14,3,4,  87.0968000000
2020,9,21,14,3,4, 109.6774000000
2020,9,21,14,3,5, -50.0000000000
2020,9,21,14,3,5,  15.4839000000
2020,9,21,14,3,5,  81.2903000000
2020,9,21,14,3,5, -50.0000000000
2020,9,21,14,3,6, -44.5161000000
2020,9,21,14,3,6, 117.7419000000
2020,9,21,14,3,6, -50.0000000000
2020,9,21,14,3,6, -45.4839000000
2020,9,21,14,3,7, 121.2903000000
2020,9,21,14,3,7,  86.4516000000
2020,9,21,14,3,7, -50.0000000000
2020,9,21,14,3,7,  97.0968000000
2020,9,21,14,3,8,  -2.5806000000
2020,9,21,14,3,8,  65.1613000000
2020,9,21,14,3,8, -22.5806000000
2020,9,21,14,3,8, 104.8387000000
2020,9,21,14,3,9, -38.7097000000
2020,9,21,14,3,9,  77.4194000000
2020,9,21,14,3,9, 111.6129000000
2020,9,21,14,3,9, -50.0000000000
2020,9,21,14,3,10,  32.9032000000
2020,9,21,14,3,10, -24.1935000000
2020,9,21,14,3,10, 110.9677000000
2020,9,21,14,3,11, -50.0000000000
2020,9,21,14,3,11, -50.0000000000
2020,9,21,14,3,11, 128.0645000000
2020,9,21,14,3,11, -13.8710000000
2020,9,21,14,3,12, 133.2258000000
2020,9,21,14,3,12, -50.0000000000
2020,9,21,14,3,12, -50.0000000000
2020,9,21,14,3,12, 121.6129000000
2020,9,21,14,3,13, -50.0000000000
2020,9,21,14,3,13,  12.9032000000
2020,9,21,14,3,13, -50.0000000000
2020,9,21,14,3,13,  35.1613000000
2020,9,21,14,3,14,  81.6129000000
2020,9,21,14,3,14, 131.2903000000
2020,9,21,14,3,14, -18.7097000000
2020,9,21,14,3,14, -28.7097000000
2020,9,21,14,3,15, 105.8065000000
2020,9,21,14,3,15, -50.0000000000
2020,9,21,14,3,15,  94.8387000000
2020,9,21,14,3,16, 132.2581000000
2020,9,21,14,3,16,   4.5161000000
2020,9,21,14,3,16, -50.0000000000
2020,9,21,14,3,16, -16.7742000000
2020,9,21,14,3,17, -18.3871000000
2020,9,21,14,3,17, -50.0000000000
2020,9,21,14,3,17,  85.8065000000
2020,9,21,14,3,17, -50.0000000000
2020,9,21,14,3,18,  65.4839000000
2020,9,21,14,3,18,  92.2581000000
2020,9,21,14,3,18, -50.0000000000
2020,9,21,14,3,18, 126.1290000000
2020,9,21,14,3,19, -47.7419000000
2020,9,21,14,3,19,  77.4194000000
2020,9,21,14,3,19,  86.7742000000
2020,9,21,14,3,19, -20.0000000000
2020,9,21,14,3,20, 131.6129000000
2020,9,21,14,3,20, -50.0000000000
2020,9,21,14,3,20, -50.0000000000
2020,9,21,14,3,20, 121.9355000000
2020,9,21,14,3,21, -50.0000000000
2020,9,21,14,3,21, 122.2581000000
2020,9,21,14,3,21, -50.0000000000
2020,9,21,14,3,22, -50.0000000000
2020,9,21,14,3,22, -15.4839000000
2020,9,21,14,3,22, -50.0000000000
2020,9,21,14,3,22,  65.1613000000
2020,9,21,14,3,23, -33.5484000000
2020,9,21,14,3,23, -25.4839000000
2020,9,21,14,3,23, 132.5806000000
2020,9,21,14,3,23, -26.7742000000
2020,9,21,14,3,24, 108.7097000000
2020,9,21,14,3,24, 101.6129000000
2020,9,21,14,3,24, -50.0000000000
2020,9,21,14,3,24, 111.9355000000
2020,9,21,14,3,25,  14.1935000000
2020,9,21,14,3,25,  89.6774000000
2020,9,21,14,3,25,  25.4839000000
2020,9,21,14,3,26, 134.5161000000
2020,9,21,14,3,26,  65.4839000000
2020,9,21,14,3,26, -32.9032000000
2020,9,21,14,3,26,  95.1613000000
2020,9,21,14,3,27,  99.0323000000
2020,9,21,14,3,27, -50.0000000000
2020,9,21,14,3,27, 125.4839000000
2020,9,21,14,3,27,  -6.7742000000
2020,9,21,14,3,28,  46.4516000000
2020,9,21,14,3,28,   2.2581000000
2020,9,21,14,3,28, -50.0000000000
2020,9,21,14,3,28,  -2.2581000000
2020,9,21,14,3,29,  96.7742000000
2020,9,21,14,3,29, 123.2258000000
2020,9,21,14,3,29, -50.0000000000
2020,9,21,14,3,29, 111.6129000000
2020,9,21,14,3,30, -30.6452000000
2020,9,21,14,3,30,  99.6774000000
2020,9,21,14,3,30, 130.6452000000
2020,9,21,14,3,31,  61.6129000000
2020,9,21,14,3,31, -50.0000000000
2020,9,21,14,3,31, -11.2903000000
2020,9,21,14,3,31, -26.4516000000
2020,9,21,14,3,32, 110.9677000000
2020,9,21,14,3,32, -50.0000000000
2020,9,21,14,3,32, -50.0000000000
2020,9,21,14,3,32,  90.3226000000
2020,9,21,14,3,33, 185.4839000000
2020,9,21,14,3,33, 105.1613000000
2020,9,21,14,3,33, 124.8387000000
2020,9,21,14,3,33, -50.0000000000
2020,9,21,14,3,34, 121.9355000000
2020,9,21,14,3,34, -50.0000000000
2020,9,21,14,3,34,  78.7097000000
2020,9,21,14,3,34, -44.8387000000
2020,9,21,14,3,35, 122.9032000000
2020,9,21,14,3,35, -50.0000000000
2020,9,21,14,3,35, 145.4839000000
2020,9,21,14,3,35, 111.9355000000
2020,9,21,14,3,36, -50.0000000000
2020,9,21,14,3,36, 132.9032000000
2020,9,21,14,3,36,  31.2903000000
2020,9,21,14,3,37, -50.0000000000
2020,9,21,14,3,37, -10.3226000000
2020,9,21,14,3,37,  98.3871000000
2020,9,21,14,3,37, 132.5806000000
2020,9,21,14,3,38, -23.8710000000
2020,9,21,14,3,38, 124.5161000000
2020,9,21,14,3,38, -26.7742000000
2020,9,21,14,3,38,  78.0645000000
2020,9,21,14,3,39, 118.0645000000
2020,9,21,14,3,39, -50.0000000000
2020,9,21,14,3,39, 120.9677000000
2020,9,21,14,3,39, 120.6452000000
2020,9,21,14,3,40, -50.0000000000
2020,9,21,14,3,40,  31.2903000000
2020,9,21,14,3,40,  29.0323000000
2020,9,21,14,3,40,  83.8710000000
2020,9,21,14,3,41, -49.3548000000
2020,9,21,14,3,41, -40.3226000000
2020,9,21,14,3,41, 116.4516000000
2020,9,21,14,3,42, -50.0000000000
2020,9,21,14,3,42, 125.8065000000
2020,9,21,14,3,42, -50.0000000000
2020,9,21,14,3,42, -41.2903000000
2020,9,21,14,3,43, 117.7419000000
2020,9,21,14,3,43, -50.0000000000
2020,9,21,14,3,43, 125.4839000000
2020,9,21,14,3,43, -45.1613000000
2020,9,21,14,3,44, -30.0000000000
2020,9,21,14,3,44, 112.2581000000
2020,9,21,14,3,44, -46.1290000000
2020,9,21,14,3,44, -50.0000000000
2020,9,21,14,3,45,  33.8710000000
2020,9,21,14,3,45,  19.0323000000
2020,9,21,14,3,45,  76.7742000000
2020,9,21,14,3,45,  77.4194000000
2020,9,21,14,3,46, 151.6129000000
2020,9,21,14,3,46,  24.8387000000
2020,9,21,14,3,46,  79.6774000000
2020,9,21,14,3,46, -47.4194000000
2020,9,21,14,3,47, -50.0000000000
2020,9,21,14,3,47, -15.1613000000
2020,9,21,14,3,47, -11.9355000000
2020,9,21,14,3,48,  81.6129000000
2020,9,21,14,3,48, -47.7419000000
2020,9,21,14,3,48, -46.7742000000
2020,9,21,14,3,48, 120.9677000000
2020,9,21,14,3,49, -50.0000000000
2020,9,21,14,3,49, 133.2258000000
2020,9,21,14,3,49, -50.0000000000
2020,9,21,14,3,49,   7.0968000000
2020,9,21,14,3,50,  83.5484000000
2020,9,21,14,3,50, -35.8065000000
2020,9,21,14,3,50, -50.0000000000
2020,9,21,14,3,50, 134.5161000000
2020,9,21,14,3,51, -50.0000000000
2020,9,21,14,3,51,  84.8387000000
2020,9,21,14,3,51, 120.9677000000
2020,9,21,14,3,51, -50.0000000000
2020,9,21,14,3,52,  87.4194000000
2020,9,21,14,3,52, 126.4516000000
2020,9,21,14,3,52, -50.0000000000
2020,9,21,14,3,53,  -7.4194000000
2020,9,21,14,3,53, -36.4516000000
2020,9,21,14,3,53, 127.4194000000
2020,9,21,14,3,53, -50.0000000000
2020,9,21,14,3,54,  80.3226000000
2020,9,21,14,3,54,  40.3226000000
2020,9,21,14,3,54, -42.2581000000
2020,9,21,14,3,54, 115.4839000000
2020,9,21,14,3,55, -50.0000000000
2020,9,21,14,3,55, 122.2581000000
2020,9,21,14,3,55,  67.0968000000
2020,9,21,14,3,55, 117.0968000000
2020,9,21,14,3,56, -50.0000000000
2020,9,21,14,3,56, -50.0000000000
2020,9,21,14,3,56, 131.9355000000
2020,9,21,14,3,56,  22.2581000000
2020,9,21,14,3,57,   4.1935000000
2020,9,21,14,3,57, 113.8710000000
2020,9,21,14,3,57,  70.0000000000
2020,9,21,14,3,58, -45.4839000000
2020,9,21,14,3,58, -50.0000000000
2020,9,21,14,3,58, -50.0000000000
2020,9,21,14,3,58, -50.0000000000
2020,9,21,14,3,59,  15.1613000000
2020,9,21,14,3,59, -29.6774000000
2020,9,21,14,3,59, 110.3226000000
2020,9,21,14,3,59, -16.1290000000
2020,9,21,14,4,0, -45.8065000000
2020,9,21,14,4,0, 120.3226000000
2020,9,21,14,4,0, -50.0000000000
2020,9,21,14,4,0, -50.0000000000
2020,9,21,14,4,1, -36.1290000000
2020,9,21,14,4,1, -50.0000000000
2020,9,21,14,4,1,  63.2258000000
2020,9,21,14,4,2, -27.4194000000
2020,9,21,14,4,2, 117.7419000000
2020,9,21,14,4,2,  69.6774000000
2020,9,21,14,4,2, 134.8387000000
2020,9,21,14,4,3, -50.0000000000
2020,9,21,14,4,3,  83.8710000000
2020,9,21,14,4,3, 135.4839000000
2020,9,21,14,4,3, 113.8710000000
2020,9,21,14,4,4, -41.9355000000
2020,9,21,14,4,4, 120.3226000000
2020,9,21,14,4,4, -48.3871000000
2020,9,21,14,4,4, -50.0000000000
2020,9,21,14,4,5,  51.6129000000
2020,9,21,14,4,5, -50.0000000000
2020,9,21,14,4,5, 120.0000000000
2020,9,21,14,4,5,  10.9677000000
2020,9,21,14,4,6, -35.8065000000
2020,9,21,14,4,6, 112.9032000000
2020,9,21,14,4,6, -50.0000000000
2020,9,21,14,4,7, 131.9355000000
2020,9,21,14,4,7, -50.0000000000
2020,9,21,14,4,7, 172.2581000000
2020,9,21,14,4,7, -50.0000000000
2020,9,21,14,4,8,  95.8065000000
2020,9,21,14,4,8, -50.0000000000
2020,9,21,14,4,8, 130.9677000000
2020,9,21,14,4,8, -50.0000000000
2020,9,21,14,4,9, -17.4194000000
2020,9,21,14,4,9,  96.4516000000
2020,9,21,14,4,9, -50.0000000000
2020,9,21,14,4,9, 130.3226000000
2020,9,21,14,4,10, -50.0000000000
2020,9,21,14,4,10,  94.8387000000
2020,9,21,14,4,10, -50.0000000000
2020,9,21,14,4,10, -50.0000000000
2020,9,21,14,4,11, 123.8710000000
2020,9,21,14,4,11, 120.9677000000
2020,9,21,14,4,11, -50.0000000000
2020,9,21,14,4,11,   7.7419000000
2020,9,21,14,4,12, -50.0000000000
2020,9,21,14,4,12, -50.0000000000
2020,9,21,14,4,12,  94.1935000000
2020,9,21,14,4,13,  73.8710000000
2020,9,21,14,4,13,  35.4839000000
2020,9,21,14,4,13, -29.6774000000
2020,9,21,14,4,13, 111.6129000000
2020,9,21,14,4,14, 117.7419000000
2020,9,21,14,4,14, -50.0000000000
2020,9,21,14,4,14,  34.8387000000
2020,9,21,14,4,14, 139.3548000000
2020,9,21,14,4,15, 122.2581000000
2020,9,21,14,4,15, -50.0000000000
2020,9,21,14,4,15, -46.7742000000
2020,9,21,14,4,15, 121.6129000000
2020,9,21,14,4,16, -50.0000000000
2020,9,21,14,4,16, -50.0000000000
2020,9,21,14,4,16, -50.0000000000
2020,9,21,14,4,16,  75.8065000000
2020,9,21,14,4,17,  42.2581000000
2020,9,21,14,4,17, 117.7419000000
2020,9,21,14,4,17, -50.0000000000
2020,9,21,14,4,18,  84.1935000000
2020,9,21,14,4,18, -50.0000000000
2020,9,21,14,4,18,  94.8387000000
2020,9,21,14,4,18, -50.0000000000
2020,9,21,14,4,19, -40.6452000000
2020,9,21,14,4,19, -20.6452000000
2020,9,21,14,4,19, -40.3226000000
2020,9,21,14,4,19, -50.0000000000
2020,9,21,14,4,20, -50.0000000000
2020,9,21,14,4,20,  85.4839000000
2020,9,21,14,4,20, -50.0000000000
2020,9,21,14,4,20,  93.2258000000
2020,9,21,14,4,21, -50.0000000000
2020,9,21,14,4,21, 116.4516000000
2020,9,21,14,4,21, 117.4194000000
2020,9,21,14,4,22, -50.0000000000
2020,9,21,14,4,22, 105.1613000000
2020,9,21,14,4,22, 121.6129000000
2020,9,21,14,4,22,  82.5806000000
2020,9,21,14,4,23, -50.0000000000
2020,9,21,14,4,23, -12.9032000000
2020,9,21,14,4,23, -24.1935000000
2020,9,21,14,4,23, 129.3548000000
2020,9,21,14,4,24, -50.0000000000
2020,9,21,14,4,24, 105.1613000000
2020,9,21,14,4,24, -50.0000000000
2020,9,21,14,4,24, -50.0000000000
2020,9,21,14,4,25, 126.1290000000
2020,9,21,14,4,25, -37.0968000000
2020,9,21,14,4,25, 126.7742000000
2020,9,21,14,4,25, -49.3548000000
2020,9,21,14,4,26,  96.4516000000
2020,9,21,14,4,26, -50.0000000000
2020,9,21,14,4,26, 125.4839000000
2020,9,21,14,4,27, -50.0000000000
2020,9,21,14,4,27,  15.1613000000
2020,9,21,14,4,27, -25.1613000000
2020,9,21,14,4,27, -50.0000000000
2020,9,21,14,4,28, -50.0000000000
2020,9,21,14,4,28, -50.0000000000
2020,9,21,14,4,28, 145.8065000000
2020,9,21,14,4,28,  20.0000000000
2020,9,21,14,4,29,   9.6774000000
2020,9,21,14,4,29, -25.4839000000
2020,9,21,14,4,29, 108.0645000000
2020,9,21,14,4,29, 111.2903000000
2020,9,21,14,4,30, -50.0000000000
2020,9,21,14,4,30, 134.8387000000
2020,9,21,14,4,30,  16.1290000000
2020,9,21,14,4,30,  90.9677000000
2020,9,21,14,4,31, -36.1290000000
2020,9,21,14,4,31, -50.0000000000
2020,9,21,14,4,31, -50.0000000000
2020,9,21,14,4,32,  85.1613000000
2020,9,21,14,4,32, -35.4839000000
2020,9,21,14,4,32, 134.1935000000
2020,9,21,14,4,32, -32.5806000000
2020,9,21,14,4,33, 115.4839000000
2020,9,21,14,4,33, -39.6774000000
2020,9,21,14,4,33,  72.5806000000
2020,9,21,14,4,33, 119.3548000000
2020,9,21,14,4,34, -50.0000000000
2020,9,21,14,4,34, 117.4194000000
2020,9,21,14,4,34, 129.3548000000
2020,9,21,14,4,34, -50.0000000000
2020,9,21,14,4,35, 123.2258000000
2020,9,21,14,4,35,  98.7097000000
2020,9,21,14,4,35,  77.7419000000
2020,9,21,14,4,35,   0.9677000000
2020,9,21,14,4,36, -50.0000000000
2020,9,21,14,4,36, -50.0000000000
2020,9,21,14,4,36,   8.7097000000
2020,9,21,14,4,36, -50.0000000000
2020,9,21,14,4,37, 126.1290000000
2020,9,21,14,4,37, -42.5806000000
2020,9,21,14,4,37, 112.5806000000
2020,9,21,14,4,38, 105.1613000000
2020,9,21,14,4,38,  75.4839000000
2020,9,21,14,4,38, -46.7742000000
2020,9,21,14,4,38, -21.2903000000
2020,9,21,14,4,39, -50.0000000000
2020,9,21,14,4,39, -50.0000000000
2020,9,21,14,4,39,  99.3548000000
2020,9,21,14,4,39, -50.0000000000
2020,9,21,14,4,40, -11.2903000000
2020,9,21,14,4,40, -50.0000000000
2020,9,21,14,4,40,  73.2258000000
2020,9,21,14,4,40, -50.0000000000
2020,9,21,14,4,41,  94.1935000000
2020,9,21,14,4,41,   0.9677000000
2020,9,21,14,4,41, 123.5484000000
2020,9,21,14,4,42, -50.0000000000
2020,9,21,14,4,42,  71.2903000000
2020,9,21,14,4,42, -42.9032000000
2020,9,21,14,4,42, -39.6774000000
2020,9,21,14,4,43, 118.3871000000
2020,9,21,14,4,43, -50.0000000000
2020,9,21,14,4,43,  73.5484000000
2020,9,21,14,4,43, -46.4516000000
2020,9,21,14,4,44,  89.3548000000
2020,9,21,14,4,44, -23.8710000000
2020,9,21,14,4,44, 122.9032000000
2020,9,21,14,4,44, 123.8710000000
2020,9,21,14,4,45, -43.5484000000
2020,9,21,14,4,45, -15.1613000000
2020,9,21,14,4,45, -10.6452000000
2020,9,21,14,4,45, 127.4194000000
2020,9,21,14,4,46, -50.0000000000
2020,9,21,14,4,46, 126.7742000000
2020,9,21,14,4,46, -33.8710000000
2020,9,21,14,4,46, -23.2258000000
2020,9,21,14,4,47, 133.8710000000
2020,9,21,14,4,47,  98.3871000000
2020,9,21,14,4,47, -50.0000000000
2020,9,21,14,4,48, 128.7097000000
2020,9,21,14,4,48, 117.7419000000
2020,9,21,14,4,48, -28.0645000000
2020,9,21,14,4,48, 108.3871000000
2020,9,21,14,4,49, -50.0000000000
2020,9,21,14,4,49, 125.1613000000
2020,9,21,14,4,49, -50.0000000000
2020,9,21,14,4,49,  76.4516000000
2020,9,21,14,4,50,  -6.4516000000
2020,9,21,14,4,50,  94.1935000000
2020,9,21,14,4,50, -11.9355000000
2020,9,21,14,4,50,  80.6452000000
2020,9,21,14,4,51,  60.0000000000
2020,9,21,14,4,51, -35.1613000000
2020,9,21,14,4,51, -34.1935000000
2020,9,21,14,4,51,  86.7742000000
2020,9,21,14,4,52,  -4.5161000000
2020,9,21,14,4,52, -50.0000000000
2020,9,21,14,4,52,  85.8065000000
2020,9,21,14,4,53, -50.0000000000
2020,9,21,14,4,53,  63.8710000000
2020,9,21,14,4,53,  71.6129000000
2020,9,21,14,4,53, -45.4839000000
2020,9,21,14,4,54,  73.5484000000
2020,9,21,14,4,54,  99.0323000000
2020,9,21,14,4,54, -50.0000000000
2020,9,21,14,4,54, -12.5806000000
2020,9,21,14,4,55, 124.8387000000
2020,9,21,14,4,55, -50.0000000000
2020,9,21,14,4,55, 107.0968000000
2020,9,21,14,4,55, 115.8065000000
2020,9,21,14,4,56, -50.0000000000
2020,9,21,14,4,56, 100.0000000000
2020,9,21,14,4,56, -50.0000000000
2020,9,21,14,4,56, -50.0000000000
2020,9,21,14,4,57, -18.0645000000
2020,9,21,14,4,57, -17.0968000000
2020,9,21,14,4,57, -50.0000000000
2020,9,21,14,4,58,  10.0000000000
2020,9,21,14,4,58,  88.7097000000
2020,9,21,14,4,58, 131.2903000000
2020,9,21,14,4,58, -50.0000000000
2020,9,21,14,4,59,  72.5806000000
2020,9,21,14,4,59,  81.9355000000
2020,9,21,14,4,59, -48.3871000000
2020,9,21,14,4,59,  94.8387000000
2020,9,21,14,5,0, 124.5161000000
2020,9,21,14,5,0, -50.0000000000
2020,9,21,14,5,0, 121.6129000000
2020,9,21,14,5,0, -48.7097000000
2020,9,21,14,5,1, 122.2581000000
2020,9,21,14,5,1, -50.0000000000
2020,9,21,14,5,1, 121.2903000000
2020,9,21,14,5,1, -50.0000000000
2020,9,21,14,5,2, 121.2903000000
2020,9,21,14,5,2, -50.0000000000
2020,9,21,14,5,2, 132.2581000000
2020,9,21,14,5,2,   5.1613000000
2020,9,21,14,5,3, -27.7419000000
2020,9,21,14,5,3, -50.0000000000
2020,9,21,14,5,3, 130.6452000000
2020,9,21,14,5,4, 130.0000000000
2020,9,21,14,5,4, -50.0000000000
2020,9,21,14,5,4, -28.0645000000
2020,9,21,14,5,4, 105.4839000000
2020,9,21,14,5,5, 127.0968000000
2020,9,21,14,5,5, 125.4839000000
2020,9,21,14,5,5, -38.7097000000
2020,9,21,14,5,5,  23.2258000000
2020,9,21,14,5,6, 132.5806000000
2020,9,21,14,5,6,  22.9032000000
2020,9,21,14,5,6, 124.5161000000
2020,9,21,14,5,6, -50.0000000000
2020,9,21,14,5,7, 132.2581000000
2020,9,21,14,5,7, 122.9032000000
2020,9,21,14,5,7,  66.7742000000
2020,9,21,14,5,7, -43.5484000000
2020,9,21,14,5,8,  72.5806000000
2020,9,21,14,5,8, 116.7742000000
2020,9,21,14,5,8,  82.5806000000
2020,9,21,14,5,9, -50.0000000000
2020,9,21,14,5,9, -15.1613000000
2020,9,21,14,5,9, 100.6452000000
2020,9,21,14,5,9, -42.5806000000
2020,9,21,14,5,10, 134.1935000000
2020,9,21,14,5,10, -50.0000000000
2020,9,21,14,5,10,  -3.5484000000
2020,9,21,14,5,10, -50.0000000000
2020,9,21,14,5,11,  23.2258000000
2020,9,21,14,5,11, -50.0000000000
2020,9,21,14,5,11, 119.3548000000
2020,9,21,14,5,11, -50.0000000000
2020,9,21,14,5,12, -50.0000000000
2020,9,21,14,5,12, -50.0000000000
2020,9,21,14,5,12, 125.4839000000
2020,9,21,14,5,12, -50.0000000000
2020,9,21,14,5,13, 124.5161000000
2020,9,21,14,5,13, -50.0000000000
2020,9,21,14,5,13,  86.4516000000
2020,9,21,14,5,13, -17.0968000000
2020,9,21,14,5,14, 136.7742000000
2020,9,21,14,5,14, 110.6452000000
2020,9,21,14,5,14, 122.2581000000
2020,9,21,14,5,15, -50.0000000000
2020,9,21,14,5,15, -15.4839000000
2020,9,21,14,5,15,  98.7097000000
2020,9,21,14,5,15, 123.5484000000
2020,9,21,14,5,16,  25.1613000000
2020,9,21,14,5,16,   1.9355000000
2020,9,21,14,5,16,  67.0968000000
2020,9,21,14,5,16, -50.0000000000
2020,9,21,14,5,17, -50.0000000000
2020,9,21,14,5,17, 108.3871000000
2020,9,21,14,5,17, -50.0000000000
2020,9,21,14,5,17, -12.2581000000
2020,9,21,14,5,18,  97.0968000000
2020,9,21,14,5,18, -48.3871000000
2020,9,21,14,5,18,  76.4516000000
2020,9,21,14,5,19, -50.0000000000
2020,9,21,14,5,19, 109.0323000000
2020,9,21,14,5,19, -12.9032000000
2020,9,21,14,5,19, -48.0645000000
2020,9,21,14,5,20, -50.0000000000
2020,9,21,14,5,20, 117.0968000000
2020,9,21,14,5,20,  85.8065000000
2020,9,21,14,5,20,  95.1613000000
2020,9,21,14,5,21,  26.7742000000
2020,9,21,14,5,21, -28.0645000000
2020,9,21,14,5,21, -18.7097000000
2020,9,21,14,5,21,  -1.9355000000
2020,9,21,14,5,22, -50.0000000000
2020,9,21,14,5,22, 234.8387000000
2020,9,21,14,5,22, -50.0000000000
2020,9,21,14,5,22, -50.0000000000
2020,9,21,14,5,23, 118.7097000000
2020,9,21,14,5,23, -50.0000000000
2020,9,21,14,5,23,  48.3871000000
2020,9,21,14,5,24, -50.0000000000
2020,9,21,14,5,24, 124.1935000000
2020,9,21,14,5,24, -50.0000000000
2020,9,21,14,5,24, 117.7419000000
2020,9,21,14,5,25, 112.9032000000
2020,9,21,14,5,25, 117.7419000000
2020,9,21,14,5,25, -18.7097000000
2020,9,21,14,5,25, 109.3548000000
2020,9,21,14,5,26, -50.0000000000
2020,9,21,14,5,26,  68.0645000000
2020,9,21,14,5,26, -36.7742000000
2020,9,21,14,5,26,  27.7419000000
2020,9,21,14,5,27, -34.1935000000
2020,9,21,14,5,27, -50.0000000000
2020,9,21,14,5,27, 100.6452000000
2020,9,21,14,5,28, -27.0968000000
2020,9,21,14,5,28, 132.5806000000
2020,9,21,14,5,28, -50.0000000000
2020,9,21,14,5,28,  77.4194000000
2020,9,21,14,5,29, 123.5484000000
2020,9,21,14,5,29, 132.9032000000
2020,9,21,14,5,29, -50.0000000000
2020,9,21,14,5,29,  14.5161000000
2020,9,21,14,5,30, 115.1613000000
2020,9,21,14,5,30, -50.0000000000
2020,9,21,14,5,30, -50.0000000000
2020,9,21,14,5,30, 130.6452000000
2020,9,21,14,5,31,  15.4839000000
2020,9,21,14,5,31, 115.8065000000
2020,9,21,14,5,31, -50.0000000000
2020,9,21,14,5,31, 124.8387000000
2020,9,21,14,5,32,  87.0968000000
2020,9,21,14,5,32, -30.6452000000
2020,9,21,14,5,32,  73.2258000000
2020,9,21,14,5,33, -48.0645000000
2020,9,21,14,5,33, 123.8710000000
2020,9,21,14,5,33,  74.1935000000
2020,9,21,14,5,33, -43.5484000000
2020,9,21,14,5,34,  73.5484000000
2020,9,21,14,5,34, -50.0000000000
2020,9,21,14,5,34,  18.3871000000
2020,9,21,14,5,34, 121.9355000000
2020,9,21,14,5,35, -50.0000000000
2020,9,21,14,5,35, -50.0000000000
2020,9,21,14,5,35, -50.0000000000
2020,9,21,14,5,35, -50.0000000000
2020,9,21,14,5,36, -50.0000000000
2020,9,21,14,5,36, 124.8387000000
2020,9,21,14,5,36, -19.6774000000
2020,9,21,14,5,36, 115.1613000000
2020,9,21,14,5,37, -23.8710000000
2020,9,21,14,5,37, 105.4839000000
2020,9,21,14,5,37, -50.0000000000
2020,9,21,14,5,38, -50.0000000000
2020,9,21,14,5,38,   7.4194000000
2020,9,21,14,5,38, -30.0000000000
2020,9,21,14,5,38, 110.9677000000
2020,9,21,14,5,39, 133.5484000000
2020,9,21,14,5,39, -50.0000000000
2020,9,21,14,5,39, -13.2258000000
2020,9,21,14,5,39, -50.0000000000
2020,9,21,14,5,40, -16.1290000000
2020,9,21,14,5,40, 107.7419000000
2020,9,21,14,5,40, -50.0000000000
2020,9,21,14,5,40, 126.7742000000
2020,9,21,14,5,41, -50.0000000000
2020,9,21,14,5,41, -50.0000000000
2020,9,21,14,5,41, 101.2903000000
2020,9,21,14,5,41, -50.0000000000
2020,9,21,14,5,42, 133.5484000000
2020,9,21,14,5,42, -44.5161000000
2020,9,21,14,5,42, 119.6774000000
2020,9,21,14,5,42,  71.6129000000
2020,9,21,14,5,43, -50.0000000000
2020,9,21,14,5,43, 116.1290000000
2020,9,21,14,5,43, -18.7097000000
2020,9,21,14,5,44, -16.4516000000
2020,9,21,14,5,44, 101.9355000000
2020,9,21,14,5,44, -29.3548000000
2020,9,21,14,5,44, 108.3871000000
2020,9,21,14,5,45, -22.2581000000
2020,9,21,14,5,45, -47.4194000000
2020,9,21,14,5,45,  -5.4839000000
2020,9,21,14,5,45, -50.0000000000
2020,9,21,14,5,46, 121.9355000000
2020,9,21,14,5,46, -50.0000000000
2020,9,21,14,5,46,  29.6774000000
2020,9,21,14,5,46, -20.0000000000
2020,9,21,14,5,47, 108.3871000000
2020,9,21,14,5,47, -37.7419000000
2020,9,21,14,5,47, 103.2258000000
2020,9,21,14,5,47, 110.6452000000
2020,9,21,14,5,48, -50.0000000000
2020,9,21,14,5,48, -25.4839000000
2020,9,21,14,5,48, -50.0000000000
2020,9,21,14,5,49, 127.0968000000
2020,9,21,14,5,49,  90.9677000000
2020,9,21,14,5,49, 132.9032000000
2020,9,21,14,5,49,  62.5806000000
2020,9,21,14,5,50, -50.0000000000
2020,9,21,14,5,50, -50.0000000000
2020,9,21,14,5,50, 134.8387000000
2020,9,21,14,5,50,  58.0645000000
2020,9,21,14,5,51, -34.1935000000
2020,9,21,14,5,51, 115.4839000000
2020,9,21,14,5,51, -33.2258000000
2020,9,21,14,5,51, 108.3871000000
2020,9,21,14,5,52, -50.0000000000
2020,9,21,14,5,52, 123.2258000000
2020,9,21,14,5,52, -50.0000000000
2020,9,21,14,5,52,  76.1290000000
2020,9,21,14,5,53, -50.0000000000
2020,9,21,14,5,53,  30.3226000000
2020,9,21,14,5,53, -28.7097000000
2020,9,21,14,5,54, -41.9355000000
2020,9,21,14,5,54, 118.3871000000
2020,9,21,14,5,54, -44.5161000000
2020,9,21,14,5,54, 120.9677000000
2020,9,21,14,5,55, -50.0000000000
2020,9,21,14,5,55,  94.8387000000
2020,9,21,14,5,55,  -5.8065000000
2020,9,21,14,5,55, -50.0000000000
2020,9,21,14,5,56, -50.0000000000
2020,9,21,14,5,56,  97.4194000000
2020,9,21,14,5,56, -50.0000000000
2020,9,21,14,5,56, -42.5806000000
2020,9,21,14,5,57, 125.4839000000
2020,9,21,14,5,57,  35.4839000000
2020,9,21,14,5,57, -50.0000000000
2020,9,21,14,5,57,  26.1290000000
2020,9,21,14,5,58, 111.6129000000
2020,9,21,14,5,58, -50.0000000000
2020,9,21,14,5,58, -50.0000000000
2020,9,21,14,5,59, -50.0000000000
2020,9,21,14,5,59, -50.0000000000
2020,9,21,14,5,59,  18.0645000000
2020,9,21,14,5,59, -21.2903000000
2020,9,21,14,6,0,  81.2903000000
2020,9,21,14,6,0, 113.5484000000
2020,9,21,14,6,0, 120.9677000000
2020,9,21,14,6,0, -50.0000000000
2020,9,21,14,6,1,  81.9355000000
2020,9,21,14,6,1, -31.6129000000
2020,9,21,14,6,1, 105.8065000000
2020,9,21,14,6,2, -23.8710000000
2020,9,21,14,6,2,  69.6774000000
2020,9,21,14,6,2, -50.0000000000
2020,9,21,14,6,2,  91.2903000000
2020,9,21,14,6,3,  77.4194000000
2020,9,21,14,6,3,  14.1935000000
2020,9,21,14,6,3, -32.5806000000
2020,9,21,14,6,3, 113.2258000000
2020,9,21,14,6,4,  71.9355000000
2020,9,21,14,6,4, -47.0968000000
2020,9,21,14,6,4, 123.8710000000
2020,9,21,14,6,4, -50.0000000000
2020,9,21,14,6,5, 125.4839000000
2020,9,21,14,6,5, -43.5484000000
2020,9,21,14,6,5,  62.5806000000
2020,9,21,14,6,5, -44.5161000000
2020,9,21,14,6,6,  94.1935000000
2020,9,21,14,6,6, -19.6774000000
2020,9,21,14,6,6, -50.0000000000
2020,9,21,14,6,7, 135.8065000000
2020,9,21,14,6,7, 135.1613000000
2020,9,21,14,6,7,  90.0000000000
2020,9,21,14,6,7, 116.7742000000
2020,9,21,14,6,8, -50.0000000000
2020,9,21,14,6,8, 109.0323000000
2020,9,21,14,6,8, -24.5161000000
2020,9,21,14,6,8, -50.0000000000
2020,9,21,14,6,9, 107.4194000000
2020,9,21,14,6,9, -50.0000000000
2020,9,21,14,6,9, 132.2581000000
2020,9,21,14,6,9,  31.2903000000
2020,9,21,14,6,10, 110.9677000000
2020,9,21,14,6,10, -50.0000000000
2020,9,21,14,6,10, -42.5806000000
2020,9,21,14,6,10, -29.6774000000
2020,9,21,14,6,11,  -9.6774000000
2020,9,21,14,6,11,  97.4194000000
2020,9,21,14,6,11, 122.5806000000
2020,9,21,14,6,12, -50.0000000000
2020,9,21,14,6,12, 133.5484000000
2020,9,21,14,6,12, -20.9677000000
2020,9,21,14,6,12, -50.0000000000
2020,9,21,14,6,13, -50.0000000000
2020,9,21,14,6,13, -50.0000000000
2020,9,21,14,6,13, 124.5161000000
2020,9,21,14,6,13,  61.2903000000
2020,9,21,14,6,14, -34.1935000000
2020,9,21,14,6,14, 131.6129000000
2020,9,21,14,6,14, -50.0000000000
2020,9,21,14,6,14,  40.6452000000
2020,9,21,14,6,15, -25.1613000000
2020,9,21,14,6,15, -50.0000000000
2020,9,21,14,6,15,  48.7097000000
2020,9,21,14,6,16,  84.8387000000
2020,9,21,14,6,16, -50.0000000000
2020,9,21,14,6,16, 130.3226000000
2020,9,21,14,6,16, -40.9677000000
2020,9,21,14,6,17, 111.9355000000
2020,9,21,14,6,17,  83.5484000000
2020,9,21,14,6,17, -50.0000000000
2020,9,21,14,6,17, 102.9032000000
2020,9,21,14,6,18, 135.4839000000
2020,9,21,14,6,18,  63.8710000000
2020,9,21,14,6,18, 100.0000000000
2020,9,21,14,6,18, -50.0000000000
2020,9,21,14,6,19, 111.2903000000
2020,9,21,14,6,19, -35.4839000000
2020,9,21,14,6,19,  60.0000000000
2020,9,21,14,6,19,  91.6129000000
2020,9,21,14,6,20, -50.0000000000
2020,9,21,14,6,20, -50.0000000000
2020,9,21,14,6,20, 132.9032000000
2020,9,21,14,6,21,  65.8065000000
2020,9,21,14,6,21,  76.4516000000
2020,9,21,14,6,21, -15.8065000000
2020,9,21,14,6,21, 102.9032000000
2020,9,21,14,6,22, -23.8710000000
2020,9,21,14,6,22,  11.6129000000
2020,9,21,14,6,22, -30.3226000000
2020,9,21,14,6,22, 112.9032000000
2020,9,21,14,6,23,  -5.4839000000
2020,9,21,14,6,23,  72.5806000000
2020,9,21,14,6,23, -42.2581000000
2020,9,21,14,6,23, 117.7419000000
2020,9,21,14,6,24, -34.5161000000
2020,9,21,14,6,24, -50.0000000000
2020,9,21,14,6,24,  93.5484000000
2020,9,21,14,6,24, -50.0000000000
2020,9,21,14,6,25,  90.3226000000
2020,9,21,14,6,25,  93.8710000000
2020,9,21,14,6,25,  94.5161000000
2020,9,21,14,6,25,  26.7742000000
2020,9,21,14,6,26,  84.8387000000
2020,9,21,14,6,26, -45.4839000000
2020,9,21,14,6,26, 111.6129000000
2020,9,21,14,6,27, 126.1290000000
2020,9,21,14,6,27, 103.5484000000
2020,9,21,14,6,27, -50.0000000000
2020,9,21,14,6,27,  94.8387000000
2020,9,21,14,6,28, -50.0000000000
2020,9,21,14,6,28,  -1.2903000000
2020,9,21,14,6,28,  90.3226000000
2020,9,21,14,6,28, -50.0000000000
2020,9,21,14,6,29, 120.9677000000
2020,9,21,14,6,29, -42.2581000000
2020,9,21,14,6,29, 130.6452000000
2020,9,21,14,6,29,  12.2581000000
2020,9,21,14,6,30, -50.0000000000
2020,9,21,14,6,30, -50.0000000000
2020,9,21,14,6,30, 133.5484000000
2020,9,21,14,6,31,  29.3548000000
2020,9,21,14,6,31, -50.0000000000
2020,9,21,14,6,31,  92.9032000000
2020,9,21,14,6,31, -50.0000000000
2020,9,21,14,6,32, -50.0000000000
2020,9,21,14,6,32, -50.0000000000
2020,9,21,14,6,32, -50.0000000000
2020,9,21,14,6,32,  48.3871000000
2020,9,21,14,6,33, -49.3548000000
2020,9,21,14,6,33, 121.6129000000
2020,9,21,14,6,33, -30.9677000000
2020,9,21,14,6,33, -35.8065000000
2020,9,21,14,6,34, -13.5484000000
2020,9,21,14,6,34, -50.0000000000
2020,9,21,14,6,34,  52.5806000000
2020,9,21,14,6,34, 100.3226000000
2020,9,21,14,6,35, -50.0000000000
2020,9,21,14,6,35, 125.1613000000
2020,9,21,14,6,35,  45.1613000000
2020,9,21,14,6,36, 131.9355000000
2020,9,21,14,6,36, 122.9032000000
2020,9,21,14,6,36,  -4.5161000000
2020,9,21,14,6,36, 129.0323000000
2020,9,21,14,6,37, -50.0000000000
2020,9,21,14,6,37, 130.3226000000
2020,9,21,14,6,37,  12.9032000000
2020,9,21,14,6,37, 125.4839000000
2020,9,21,14,6,38, -50.0000000000
2020,9,21,14,6,38,  98.7097000000
2020,9,21,14,6,38, -50.0000000000
2020,9,21,14,6,38, 124.8387000000
2020,9,21,14,6,39, -50.0000000000
2020,9,21,14,6,39,  91.9355000000
2020,9,21,14,6,39,  75.4839000000
2020,9,21,14,6,40, -39.0323000000
2020,9,21,14,6,40, 119.6774000000
2020,9,21,14,6,40, -40.9677000000
2020,9,21,14,6,40, -50.0000000000
2020,9,21,14,6,41, 122.2581000000
2020,9,21,14,6,41, -50.0000000000
2020,9,21,14,6,41, 129.6774000000
2020,9,21,14,6,41, -50.0000000000
2020,9,21,14,6,42,  68.0645000000
2020,9,21,14,6,42, 130.9677000000
2020,9,21,14,6,42, -50.0000000000
2020,9,21,14,6,42,  89.3548000000
2020,9,21,14,6,43, -36.4516000000
2020,9,21,14,6,43, 117.7419000000
2020,9,21,14,6,43, -42.5806000000
2020,9,21,14,6,43, -50.0000000000
2020,9,21,14,6,44,  -0.3226000000
2020,9,21,14,6,44,  32.9032000000
2020,9,21,14,6,44, 133.2258000000
2020,9,21,14,6,44, -50.0000000000
2020,9,21,14,6,45, -50.0000000000
2020,9,21,14,6,45, 117.0968000000
2020,9,21,14,6,45, -50.0000000000
2020,9,21,14,6,46, -50.0000000000
2020,9,21,14,6,46, 140.0000000000
2020,9,21,14,6,46,   6.7742000000
2020,9,21,14,6,46, 113.2258000000
2020,9,21,14,6,47, -25.1613000000
2020,9,21,14,6,47,  26.7742000000
2020,9,21,14,6,47, -50.0000000000
2020,9,21,14,6,47, -38.7097000000
2020,9,21,14,6,48, -26.4516000000
2020,9,21,14,6,48, 112.2581000000
2020,9,21,14,6,48, -50.0000000000
2020,9,21,14,6,48, -50.0000000000
2020,9,21,14,6,49, 124.8387000000
2020,9,21,14,6,49, -39.6774000000
2020,9,21,14,6,49, 119.6774000000
2020,9,21,14,6,49, -50.0000000000
2020,9,21,14,6,50, 113.5484000000
2020,9,21,14,6,50, -28.3871000000
2020,9,21,14,6,50,  96.7742000000
2020,9,21,14,6,51,  42.9032000000
2020,9,21,14,6,51,  85.8065000000
2020,9,21,14,6,51,  90.3226000000
2020,9,21,14,6,51, -50.0000000000
2020,9,21,14,6,52, 124.1935000000
2020,9,21,14,6,52, -50.0000000000
2020,9,21,14,6,52, 100.0000000000
2020,9,21,14,6,52,  30.0000000000
2020,9,21,14,6,53,  89.0323000000
2020,9,21,14,6,53, -50.0000000000
2020,9,21,14,6,53, 125.8065000000
2020,9,21,14,6,53, -43.8710000000
2020,9,21,14,6,54,  93.5484000000
2020,9,21,14,6,54,  73.2258000000
2020,9,21,14,6,54,  96.4516000000
2020,9,21,14,6,54, -39.3548000000
2020,9,21,14,6,55,  -1.9355000000
2020,9,21,14,6,55,  97.4194000000
2020,9,21,14,6,55, -50.0000000000
2020,9,21,14,6,55, 106.1290000000
2020,9,21,14,6,56, -14.8387000000
2020,9,21,14,6,56, 123.5484000000
2020,9,21,14,6,56, -50.0000000000
2020,9,21,14,6,57, -50.0000000000
2020,9,21,14,6,57,  -5.8065000000
2020,9,21,14,6,57,  92.5806000000
2020,9,21,14,6,57, 105.8065000000
2020,9,21,14,6,58, -50.0000000000
2020,9,21,14,6,58, 113.8710000000
2020,9,21,14,6,58, 132.9032000000
2020,9,21,14,6,58,   0.9677000000
2020,9,21,14,6,59, -18.7097000000
2020,9,21,14,6,59,  97.7419000000
2020,9,21,14,6,59, -50.0000000000
2020,9,21,14,6,59, 130.6452000000
2020,9,21,14,7,0, -50.0000000000
2020,9,21,14,7,0, 124.1935000000
2020,9,21,14,7,0, -50.0000000000
2020,9,21,14,7,0, -50.0000000000
2020,9,21,14,7,1, 124.1935000000
2020,9,21,14,7,1, -50.0000000000
2020,9,21,14,7,1, -50.0000000000
2020,9,21,14,7,1, -10.9677000000
2020,9,21,14,7,2,  99.0323000000
2020,9,21,14,7,2, -19.3548000000
2020,9,21,14,7,2, -44.8387000000
2020,9,21,14,7,3, -50.0000000000
2020,9,21,14,7,3, 102.5806000000
2020,9,21,14,7,3, -50.0000000000
2020,9,21,14,7,3, -50.0000000000
2020,9,21,14,7,4, -50.0000000000
2020,9,21,14,7,4,  21.9355000000
2020,9,21,14,7,4, -50.0000000000
2020,9,21,14,7,4,  19.0323000000
2020,9,21,14,7,5, -28.7097000000
2020,9,21,14,7,5, 111.2903000000
2020,9,21,14,7,5, -28.3871000000
2020,9,21,14,7,6, 100.3226000000
2020,9,21,14,7,6, -50.0000000000
2020,9,21,14,7,6, 106.1290000000
2020,9,21,14,7,6,  87.4194000000
2020,9,21,14,7,7,  86.1290000000
2020,9,21,14,7,7, -50.0000000000
2020,9,21,14,7,7, 114.5161000000
2020,9,21,14,7,7, -50.0000000000
2020,9,21,14,7,8, -42.5806000000
2020,9,21,14,7,8, -50.0000000000
2020,9,21,14,7,8, -50.0000000000
2020,9,21,14,7,8,  -1.9355000000
2020,9,21,14,7,9, -30.3226000000
2020,9,21,14,7,9, -50.0000000000
2020,9,21,14,7,9, -10.3226000000
2020,9,21,14,7,9, -50.0000000000
2020,9,21,14,7,10, 115.8065000000
2020,9,21,14,7,10, 254.5161000000
2020,9,21,14,7,10, -32.2581000000
2020,9,21,14,7,11, 112.9032000000
2020,9,21,14,7,11,  22.2581000000
2020,9,21,14,7,11, 107.4194000000
2020,9,21,14,7,11, -26.1290000000
2020,9,21,14,7,12, -50.0000000000
2020,9,21,14,7,12, -50.0000000000
2020,9,21,14,7,12, 120.0000000000
2020,9,21,14,7,12, -50.0000000000
2020,9,21,14,7,13, 122.9032000000
2020,9,21,14,7,13, -45.4839000000
2020,9,21,14,7,13, -47.4194000000
2020,9,21,14,7,13, -50.0000000000
2020,9,21,14,7,14, 121.2903000000
2020,9,21,14,7,14, -50.0000000000
2020,9,21,14,7,14,  68.0645000000
2020,9,21,14,7,15, -12.5806000000
2020,9,21,14,7,15, -32.9032000000
2020,9,21,14,7,15, 103.8710000000
2020,9,21,14,7,15, -50.0000000000
2020,9,21,14,7,16, 132.5806000000
2020,9,21,14,7,16, 113.2258000000
2020,9,21,14,7,16, -50.0000000000
2020,9,21,14,7,16, 125.4839000000
2020,9,21,14,7,17, -50.0000000000
2020,9,21,14,7,17, -50.0000000000
2020,9,21,14,7,17, -42.5806000000
2020,9,21,14,7,18, -50.0000000000
2020,9,21,14,7,18, 131.6129000000
2020,9,21,14,7,18,  31.9355000000
2020,9,21,14,7,18, -50.0000000000
2020,9,21,14,7,19, -14.5161000000
2020,9,21,14,7,19, 104.1935000000
2020,9,21,14,7,19, -50.0000000000
2020,9,21,14,7,19, -50.0000000000
2020,9,21,14,7,20, 125.8065000000
2020,9,21,14,7,20,  35.8065000000
2020,9,21,14,7,20, -34.8387000000
2020,9,21,14,7,20, -48.3871000000
2020,9,21,14,7,21, 124.5161000000
2020,9,21,14,7,21, -50.0000000000
2020,9,21,14,7,21,  94.8387000000
2020,9,21,14,7,21, -50.0000000000
2020,9,21,14,7,22,  88.3871000000
2020,9,21,14,7,22, 120.6452000000
2020,9,21,14,7,22, -50.0000000000
2020,9,21,14,7,22, 119.0323000000
2020,9,21,14,7,23, -50.0000000000
2020,9,21,14,7,23, -50.0000000000
2020,9,21,14,7,23,  58.3871000000
2020,9,21,14,7,24,  77.4194000000
2020,9,21,14,7,24, -50.0000000000
2020,9,21,14,7,24, 110.0000000000
2020,9,21,14,7,24, -30.0000000000
2020,9,21,14,7,25, -13.2258000000
2020,9,21,14,7,25,  98.7097000000
2020,9,21,14,7,25, -50.0000000000
2020,9,21,14,7,25,  73.5484000000
2020,9,21,14,7,26, -40.9677000000
2020,9,21,14,7,26,  -5.4839000000
2020,9,21,14,7,26, 134.5161000000
2020,9,21,14,7,26,  63.2258000000
2020,9,21,14,7,27, -38.3871000000
2020,9,21,14,7,27,  72.9032000000
2020,9,21,14,7,27,  69.3548000000
2020,9,21,14,7,27, -38.7097000000
2020,9,21,14,7,28, 117.0968000000
2020,9,21,14,7,28,  94.5161000000
2020,9,21,14,7,28, -15.1613000000
2020,9,21,14,7,29, 102.5806000000
2020,9,21,14,7,29, -50.0000000000
2020,9,21,14,7,29, 126.7742000000
2020,9,21,14,7,29,  95.1613000000
2020,9,21,14,7,30, 112.5806000000
2020,9,21,14,7,30, -50.0000000000
2020,9,21,14,7,30,  85.1613000000
2020,9,21,14,7,30, -49.3548000000
2020,9,21,14,7,31, 115.1613000000
2020,9,21,14,7,31, -50.0000000000
2020,9,21,14,7,31,  64.5161000000
2020,9,21,14,7,31, -38.3871000000
2020,9,21,14,7,32, 105.4839000000
2020,9,21,14,7,32,  72.2581000000
2020,9,21,14,7,32, -43.8710000000
2020,9,21,14,7,32, 120.9677000000
2020,9,21,14,7,33, 132.2581000000
2020,9,21,14,7,33,  11.2903000000
2020,9,21,14,7,33, -26.1290000000
2020,9,21,14,7,33,  48.3871000000
2020,9,21,14,7,34,  70.0000000000
2020,9,21,14,7,34, -37.7419000000
2020,9,21,14,7,34, 114.8387000000
2020,9,21,14,7,35, 133.2258000000
2020,9,21,14,7,35,  24.1935000000
2020,9,21,14,7,35,  15.1613000000
2020,9,21,14,7,35, -26.1290000000
2020,9,21,14,7,36, 111.2903000000
2020,9,21,14,7,36, -17.0968000000
2020,9,21,14,7,36,  76.4516000000
2020,9,21,14,7,36,  89.0323000000
2020,9,21,14,7,37, -50.0000000000
2020,9,21,14,7,37, 122.9032000000
2020,9,21,14,7,37,  95.8065000000
2020,9,21,14,7,37, -39.0323000000
2020,9,21,14,7,38, 116.7742000000
2020,9,21,14,7,38,  81.9355000000
2020,9,21,14,7,38, -49.0323000000
2020,9,21,14,7,38,  66.1290000000
2020,9,21,14,7,39, -50.0000000000
2020,9,21,14,7,39, 102.2581000000
2020,9,21,14,7,39, -22.5806000000
2020,9,21,14,7,39, 111.6129000000
2020,9,21,14,7,40, -50.0000000000
2020,9,21,14,7,40, 156.4516000000
2020,9,21,14,7,40, -50.0000000000
2020,9,21,14,7,41,  86.7742000000
2020,9,21,14,7,41, -50.0000000000
2020,9,21,14,7,41, -50.0000000000
2020,9,21,14,7,41, -47.4194000000
2020,9,21,14,7,42, 116.1290000000
2020,9,21,14,7,42, -50.0000000000
2020,9,21,14,7,42, -50.0000000000
2020,9,21,14,7,42, 125.8065000000
2020,9,21,14,7,43, -50.0000000000
2020,9,21,14,7,43, -50.0000000000
2020,9,21,14,7,43, -11.2903000000
2020,9,21,14,7,43, 101.2903000000
2020,9,21,14,7,44, -50.0000000000
2020,9,21,14,7,44, -42.5806000000
2020,9,21,14,7,44, -50.0000000000
2020,9,21,14,7,44, -50.0000000000
2020,9,21,14,7,45, -27.4194000000
2020,9,21,14,7,45, 101.9355000000
2020,9,21,14,7,45,  -7.7419000000
2020,9,21,14,7,46, -30.0000000000
2020,9,21,14,7,46, 124.5161000000
2020,9,21,14,7,46,  80.6452000000
2020,9,21,14,7,46, -47.0968000000
2020,9,21,14,7,47, 125.8065000000
2020,9,21,14,7,47, 111.9355000000
2020,9,21,14,7,47, -50.0000000000
2020,9,21,14,7,47, 218.3871000000
2020,9,21,14,7,48,  83.2258000000
2020,9,21,14,7,48,  73.8710000000
2020,9,21,14,7,48,  20.0000000000
2020,9,21,14,7,48,  22.2581000000
2020,9,21,14,7,49,  73.8710000000
2020,9,21,14,7,49, -50.0000000000
2020,9,21,14,7,49,  -8.0645000000
2020,9,21,14,7,50,  91.6129000000
2020,9,21,14,7,50, -50.0000000000
2020,9,21,14,7,50,  82.5806000000
2020,9,21,14,7,50, -50.0000000000
2020,9,21,14,7,51, 123.8710000000
2020,9,21,14,7,51,  -0.6452000000
2020,9,21,14,7,51, -50.0000000000
2020,9,21,14,7,51, 112.5806000000
2020,9,21,14,7,52, -41.9355000000
2020,9,21,14,7,52, 119.6774000000
2020,9,21,14,7,52, -50.0000000000
2020,9,21,14,7,52, -43.5484000000
2020,9,21,14,7,53, -50.0000000000
2020,9,21,14,7,53, 120.3226000000
2020,9,21,14,7,53, -50.0000000000
2020,9,21,14,7,53,  71.2903000000
2020,9,21,14,7,54, -45.1613000000
2020,9,21,14,7,54, 121.9355000000
2020,9,21,14,7,54, -50.0000000000
2020,9,21,14,7,54, 127.7419000000
2020,9,21,14,7,55, -50.0000000000
2020,9,21,14,7,55, 213.2258000000
2020,9,21,14,7,55, -50.0000000000
2020,9,21,14,7,56,  10.3226000000
2020,9,21,14,7,56,  91.6129000000
2020,9,21,14,7,56, -50.0000000000
2020,9,21,14,7,56, 121.6129000000
2020,9,21,14,7,57, -50.0000000000
2020,9,21,14,7,57, -47.0968000000
2020,9,21,14,7,57,  58.0645000000
2020,9,21,14,7,57, 105.8065000000
2020,9,21,14,7,58, -50.0000000000
2020,9,21,14,7,58, 118.0645000000
2020,9,21,14,7,58, 135.4839000000
2020,9,21,14,7,58, -50.0000000000
2020,9,21,14,7,59, 135.4839000000
2020,9,21,14,7,59, 124.5161000000
2020,9,21,14,7,59, -46.1290000000
2020,9,21,14,7,59, -17.0968000000
2020,9,21,14,8,0, -31.6129000000
2020,9,21,14,8,0, 109.6774000000
2020,9,21,14,8,0, -50.0000000000
2020,9,21,14,8,1, 114.1935000000
2020,9,21,14,8,1, -23.2258000000
2020,9,21,14,8,1,  81.2903000000
2020,9,21,14,8,1, 106.7742000000
2020,9,21,14,8,2, -50.0000000000
2020,9,21,14,8,2, 124.8387000000
2020,9,21,14,8,2,  69.6774000000
2020,9,21,14,8,2, -50.0000000000
2020,9,21,14,8,3, -50.0000000000
2020,9,21,14,8,3, 108.7097000000
2020,9,21,14,8,3, -50.0000000000
2020,9,21,14,8,3, 135.4839000000
2020,9,21,14,8,4,  47.0968000000
2020,9,21,14,8,4, -44.1935000000
2020,9,21,14,8,4, 121.9355000000
2020,9,21,14,8,5, -50.0000000000
2020,9,21,14,8,5, -28.3871000000
2020,9,21,14,8,5, -50.0000000000
2020,9,21,14,8,5, 126.4516000000
2020,9,21,14,8,6, 125.4839000000
2020,9,21,14,8,6, -50.0000000000
2020,9,21,14,8,6, -10.6452000000
2020,9,21,14,8,6,  87.7419000000
2020,9,21,14,8,7, -50.0000000000
2020,9,21,14,8,7,  60.9677000000
2020,9,21,14,8,7, -39.3548000000
2020,9,21,14,8,7, 119.0323000000
2020,9,21,14,8,8, -50.0000000000
2020,9,21,14,8,8,   0.0000000000
2020,9,21,14,8,8, -38.3871000000
2020,9,21,14,8,8,  90.3226000000
2020,9,21,14,8,9, -50.0000000000
2020,9,21,14,8,9, 127.4194000000
2020,9,21,14,8,9,  72.2581000000
2020,9,21,14,8,9, -50.0000000000
2020,9,21,14,8,10, 125.4839000000
2020,9,21,14,8,10, -10.9677000000
2020,9,21,14,8,10, 103.8710000000
2020,9,21,14,8,11, -50.0000000000
2020,9,21,14,8,11,  80.6452000000
2020,9,21,14,8,11, -50.0000000000
2020,9,21,14,8,11, 125.1613000000
2020,9,21,14,8,12,  -3.8710000000
2020,9,21,14,8,12, -35.1613000000
2020,9,21,14,8,12, 102.2581000000
2020,9,21,14,8,12, -50.0000000000
2020,9,21,14,8,13,  55.8065000000
2020,9,21,14,8,13, -50.0000000000
2020,9,21,14,8,13,  65.8065000000
2020,9,21,14,8,13, 123.5484000000
2020,9,21,14,8,14, -46.4516000000
2020,9,21,14,8,14, -33.8710000000
2020,9,21,14,8,14, 119.6774000000
2020,9,21,14,8,14, -50.0000000000
2020,9,21,14,8,15, -50.0000000000
2020,9,21,14,8,15,  94.5161000000
2020,9,21,14,8,15,  83.5484000000
2020,9,21,14,8,15, -50.0000000000
2020,9,21,14,8,16, 112.9032000000
2020,9,21,14,8,16, -50.0000000000
2020,9,21,14,8,16,  -8.3871000000
2020,9,21,14,8,16, 100.3226000000
2020,9,21,14,8,17, -50.0000000000
2020,9,21,14,8,17,  48.7097000000
2020,9,21,14,8,17,  95.4839000000
2020,9,21,14,8,18,  33.5484000000
2020,9,21,14,8,18, -39.0323000000
2020,9,21,14,8,18, 121.9355000000
2020,9,21,14,8,18, -50.0000000000
2020,9,21,14,8,19, -26.4516000000
2020,9,21,14,8,19,  -6.1290000000
2020,9,21,14,8,19, 105.4839000000
2020,9,21,14,8,19, -50.0000000000
2020,9,21,14,8,20, 104.8387000000
2020,9,21,14,8,20, 108.3871000000
2020,9,21,14,8,20, -50.0000000000
2020,9,21,14,8,20, 130.9677000000
2020,9,21,14,8,21,  66.1290000000
2020,9,21,14,8,21, -44.1935000000
2020,9,21,14,8,21,  64.5161000000
2020,9,21,14,8,21, 126.1290000000
2020,9,21,14,8,22, -50.0000000000
2020,9,21,14,8,22, 131.2903000000
2020,9,21,14,8,22,  76.4516000000
2020,9,21,14,8,22, -50.0000000000
2020,9,21,14,8,23, 111.9355000000
2020,9,21,14,8,23, -50.0000000000
2020,9,21,14,8,23,  -9.3548000000
2020,9,21,14,8,24, -22.5806000000
2020,9,21,14,8,24, 114.8387000000
2020,9,21,14,8,24, -50.0000000000
2020,9,21,14,8,24,  48.0645000000
2020,9,21,14,8,25,  93.2258000000
2020,9,21,14,8,25, -42.2581000000
2020,9,21,14,8,25, 123.2258000000
2020,9,21,14,8,25, -11.2903000000
2020,9,21,14,8,26,  99.0323000000
2020,9,21,14,8,26, -50.0000000000
2020,9,21,14,8,26, 113.8710000000
2020,9,21,14,8,26, -50.0000000000
2020,9,21,14,8,27, 128.0645000000
2020,9,21,14,8,27,  56.4516000000
2020,9,21,14,8,27, -50.0000000000
2020,9,21,14,8,27, 127.0968000000
2020,9,21,14,8,28,  49.0323000000
2020,9,21,14,8,28, -44.5161000000
2020,9,21,14,8,28, -50.0000000000
2020,9,21,14,8,28, 127.0968000000
2020,9,21,14,8,29,  16.1290000000
2020,9,21,14,8,29, -40.0000000000
2020,9,21,14,8,29, 122.9032000000
2020,9,21,14,8,29, -50.0000000000
2020,9,21,14,8,30, 131.2903000000
2020,9,21,14,8,30, 110.6452000000
2020,9,21,14,8,30, -44.1935000000
2020,9,21,14,8,31, -50.0000000000
2020,9,21,14,8,31,  -3.8710000000
2020,9,21,14,8,31, 122.9032000000
2020,9,21,14,8,31, -50.0000000000
2020,9,21,14,8,32, -29.3548000000
2020,9,21,14,8,32, -50.0000000000
2020,9,21,14,8,32, 131.2903000000
2020,9,21,14,8,32, 124.5161000000
2020,9,21,14,8,33,  24.8387000000
2020,9,21,14,8,33, -42.2581000000
2020,9,21,14,8,33, 105.4839000000
2020,9,21,14,8,33,  44.5161000000
2020,9,21,14,8,34,  -7.4194000000
2020,9,21,14,8,34, -50.0000000000
2020,9,21,14,8,34, -37.0968000000
2020,9,21,14,8,34,  90.0000000000
2020,9,21,14,8,35, -50.0000000000
2020,9,21,14,8,35, 130.9677000000
2020,9,21,14,8,35,  81.6129000000
2020,9,21,14,8,35, -27.7419000000
2020,9,21,14,8,36, 120.9677000000
2020,9,21,14,8,36, -50.0000000000
2020,9,21,14,8,36, 106.7742000000
2020,9,21,14,8,37, -50.0000000000
2020,9,21,14,8,37, -50.0000000000
2020,9,21,14,8,37, 124.5161000000
2020,9,21,14,8,37,  36.1290000000
2020,9,21,14,8,38,   0.6452000000
2020,9,21,14,8,38, 103.2258000000
2020,9,21,14,8,38, 123.5484000000
2020,9,21,14,8,38,   4.5161000000
2020,9,21,14,8,39, 123.2258000000
2020,9,21,14,8,39, -50.0000000000
2020,9,21,14,8,39, -50.0000000000
2020,9,21,14,8,39, 116.4516000000
2020,9,21,14,8,40, -50.0000000000
2020,9,21,14,8,40,  80.6452000000
2020,9,21,14,8,40, -50.0000000000
2020,9,21,14,8,40, 130.0000000000
2020,9,21,14,8,41,  46.1290000000
2020,9,21,14,8,41, -30.9677000000
2020,9,21,14,8,41, 120.0000000000
2020,9,21,14,8,41, -50.0000000000
2020,9,21,14,8,42, 133.2258000000
2020,9,21,14,8,42,  80.3226000000
2020,9,21,14,8,42, -50.0000000000
2020,9,21,14,8,42, 118.0645000000
2020,9,21,14,8,43, -50.0000000000
2020,9,21,14,8,43, -20.3226000000
2020,9,21,14,8,43, -22.2581000000
2020,9,21,14,8,44, 116.1290000000
2020,9,21,14,8,44, -50.0000000000
2020,9,21,14,8,44,  -5.1613000000
2020,9,21,14,8,44, 104.1935000000
2020,9,21,14,8,45,  95.4839000000
2020,9,21,14,8,45,  88.3871000000
2020,9,21,14,8,45, -50.0000000000
2020,9,21,14,8,45, 129.6774000000
2020,9,21,14,8,46,  69.6774000000
2020,9,21,14,8,46,  92.9032000000
2020,9,21,14,8,46, -50.0000000000
2020,9,21,14,8,46, 124.5161000000
2020,9,21,14,8,47,  79.3548000000
2020,9,21,14,8,47, -42.9032000000
2020,9,21,14,8,47, 126.4516000000
2020,9,21,14,8,47, -36.7742000000
2020,9,21,14,8,48, -50.0000000000
2020,9,21,14,8,48,  15.8065000000
2020,9,21,14,8,48,  70.6452000000
2020,9,21,14,8,48, -50.0000000000
2020,9,21,14,8,49, 123.2258000000
2020,9,21,14,8,49, -50.0000000000
2020,9,21,14,8,49,  79.3548000000
2020,9,21,14,8,49, -50.0000000000
2020,9,21,14,8,50, 130.9677000000
2020,9,21,14,8,50, 227.4194000000
2020,9,21,14,8,50, -46.4516000000
2020,9,21,14,8,51, -50.0000000000
2020,9,21,14,8,51,  71.2903000000
2020,9,21,14,8,51, 120.3226000000
2020,9,21,14,8,51,  -3.2258000000
2020,9,21,14,8,52, 104.1935000000
2020,9,21,14,8,52, -50.0000000000
2020,9,21,14,8,52,  47.4194000000
2020,9,21,14,8,52,  94.1935000000
2020,9,21,14,8,53,  88.0645000000
2020,9,21,14,8,53, -50.0000000000
2020,9,21,14,8,53, 129.0323000000
2020,9,21,14,8,53, -47.4194000000
2020,9,21,14,8,54, 125.1613000000
2020,9,21,14,8,54,  -3.2258000000
2020,9,21,14,8,54,  47.4194000000
2020,9,21,14,8,54,  95.4839000000
2020,9,21,14,8,55, -50.0000000000
2020,9,21,14,8,55, 103.8710000000
2020,9,21,14,8,55,  -7.4194000000
2020,9,21,14,8,55, 114.1935000000
2020,9,21,14,8,56, -50.0000000000
2020,9,21,14,8,56,  68.7097000000
2020,9,21,14,8,56,  94.1935000000
2020,9,21,14,8,56, -49.3548000000
2020,9,21,14,8,57, 123.2258000000
2020,9,21,14,8,57, -34.8387000000
2020,9,21,14,8,57, -30.9677000000
2020,9,21,14,8,58, 119.3548000000
2020,9,21,14,8,58, -50.0000000000

