2020,9,21,13,48,0,   5.2320000000
2020,9,21,13,48,0,   5.2280000000
2020,9,21,13,48,1,   5.2280000000
2020,9,21,13,48,1,   5.2320000000
2020,9,21,13,48,1,   5.2320000000
2020,9,21,13,48,1,   5.2280000000
2020,9,21,13,48,2,   5.2320000000
2020,9,21,13,48,2,   5.2320000000
2020,9,21,13,48,2,   5.2280000000
2020,9,21,13,48,2,   5.2280000000
2020,9,21,13,48,3,   5.2280000000
2020,9,21,13,48,3,   5.2240000000
2020,9,21,13,48,3,   5.2280000000
2020,9,21,13,48,3,   5.2280000000
2020,9,21,13,48,4,   5.2280000000
2020,9,21,13,48,4,   5.2160000000
2020,9,21,13,48,4,   5.2200000000
2020,9,21,13,48,4,   5.2320000000
2020,9,21,13,48,5,   5.2320000000
2020,9,21,13,48,5,   5.2320000000
2020,9,21,13,48,5,   5.2320000000
2020,9,21,13,48,5,   5.2320000000
2020,9,21,13,48,6,   5.2280000000
2020,9,21,13,48,6,   5.2320000000
2020,9,21,13,48,6,   5.2280000000
2020,9,21,13,48,7,   5.2280000000
2020,9,21,13,48,7,   5.2320000000
2020,9,21,13,48,7,   5.2280000000
2020,9,21,13,48,7,   5.2240000000
2020,9,21,13,48,8,   5.2320000000
2020,9,21,13,48,8,   5.2320000000
2020,9,21,13,48,8,   5.2320000000
2020,9,21,13,48,8,   5.2320000000
2020,9,21,13,48,9,   5.2320000000
2020,9,21,13,48,9,   5.2320000000
2020,9,21,13,48,9,   5.2320000000
2020,9,21,13,48,9,   5.2160000000
2020,9,21,13,48,10,   5.2240000000
2020,9,21,13,48,10,   5.2240000000
2020,9,21,13,48,10,   5.2320000000
2020,9,21,13,48,10,   5.2320000000
2020,9,21,13,48,11,   5.2280000000
2020,9,21,13,48,11,   5.2320000000
2020,9,21,13,48,11,   5.2320000000
2020,9,21,13,48,11,   5.2320000000
2020,9,21,13,48,12,   5.2280000000
2020,9,21,13,48,12,   5.2320000000
2020,9,21,13,48,12,   5.2320000000
2020,9,21,13,48,13,   5.2320000000
2020,9,21,13,48,13,   5.2320000000
2020,9,21,13,48,13,   5.2360000000
2020,9,21,13,48,13,   5.2320000000
2020,9,21,13,48,14,   5.2320000000
2020,9,21,13,48,14,   5.2320000000
2020,9,21,13,48,14,   5.1280000000
2020,9,21,13,48,14,   5.2160000000
2020,9,21,13,48,15,   5.2280000000
2020,9,21,13,48,15,   5.2280000000
2020,9,21,13,48,15,   5.2240000000
2020,9,21,13,48,15,   5.2320000000
2020,9,21,13,48,16,   5.2280000000
2020,9,21,13,48,16,   5.2320000000
2020,9,21,13,48,16,   5.2280000000
2020,9,21,13,48,16,   5.2320000000
2020,9,21,13,48,17,   5.2280000000
2020,9,21,13,48,17,   5.2320000000
2020,9,21,13,48,17,   5.2280000000
2020,9,21,13,48,17,   5.2320000000
2020,9,21,13,48,18,   5.2320000000
2020,9,21,13,48,18,   5.2320000000
2020,9,21,13,48,18,   5.2320000000
2020,9,21,13,48,19,   5.2320000000
2020,9,21,13,48,19,   5.2320000000
2020,9,21,13,48,19,   5.2280000000
2020,9,21,13,48,19,   5.2320000000
2020,9,21,13,48,20,   5.2320000000
2020,9,21,13,48,20,   5.2200000000
2020,9,21,13,48,20,   5.2160000000
2020,9,21,13,48,20,   5.2280000000
2020,9,21,13,48,21,   5.2320000000
2020,9,21,13,48,21,   5.2320000000
2020,9,21,13,48,21,   5.2280000000
2020,9,21,13,48,21,   5.2280000000
2020,9,21,13,48,22,   5.2280000000
2020,9,21,13,48,22,   5.2280000000
2020,9,21,13,48,22,   5.2320000000
2020,9,21,13,48,22,   5.2280000000
2020,9,21,13,48,23,   5.2320000000
2020,9,21,13,48,23,   5.2320000000
2020,9,21,13,48,23,   5.2280000000
2020,9,21,13,48,23,   5.2320000000
2020,9,21,13,48,24,   5.2280000000
2020,9,21,13,48,24,   5.2320000000
2020,9,21,13,48,24,   5.2360000000
2020,9,21,13,48,25,   5.2280000000
2020,9,21,13,48,25,   5.2320000000
2020,9,21,13,48,25,   5.2320000000
2020,9,21,13,48,25,   5.2160000000
2020,9,21,13,48,26,   5.0840000000
2020,9,21,13,48,26,   5.2320000000
2020,9,21,13,48,26,   5.2280000000
2020,9,21,13,48,26,   5.2280000000
2020,9,21,13,48,27,   5.2280000000
2020,9,21,13,48,27,   5.2280000000
2020,9,21,13,48,27,   5.2280000000
2020,9,21,13,48,27,   5.2320000000
2020,9,21,13,48,28,   5.2320000000
2020,9,21,13,48,28,   5.2280000000
2020,9,21,13,48,28,   5.2280000000
2020,9,21,13,48,28,   5.2320000000
2020,9,21,13,48,29,   5.2280000000
2020,9,21,13,48,29,   5.2320000000
2020,9,21,13,48,29,   5.2280000000
2020,9,21,13,48,29,   5.2280000000
2020,9,21,13,48,30,   5.2240000000
2020,9,21,13,48,30,   5.2320000000
2020,9,21,13,48,30,   5.2280000000
2020,9,21,13,48,31,   5.2240000000
2020,9,21,13,48,31,   5.0920000000
2020,9,21,13,48,31,   5.2200000000
2020,9,21,13,48,31,   5.2280000000
2020,9,21,13,48,32,   5.2280000000
2020,9,21,13,48,32,   5.2280000000
2020,9,21,13,48,32,   5.2280000000
2020,9,21,13,48,32,   5.2280000000
2020,9,21,13,48,33,   5.2320000000
2020,9,21,13,48,33,   5.2320000000
2020,9,21,13,48,33,   5.2320000000
2020,9,21,13,48,33,   5.2320000000
2020,9,21,13,48,34,   5.2320000000
2020,9,21,13,48,34,   5.2320000000
2020,9,21,13,48,34,   5.2320000000
2020,9,21,13,48,34,   5.2320000000
2020,9,21,13,48,35,   5.2320000000
2020,9,21,13,48,35,   5.2320000000
2020,9,21,13,48,35,   5.2320000000
2020,9,21,13,48,35,   5.2320000000
2020,9,21,13,48,36,   5.2280000000
2020,9,21,13,48,36,   5.2320000000
2020,9,21,13,48,36,   5.0920000000
2020,9,21,13,48,37,   5.2240000000
2020,9,21,13,48,37,   5.2320000000
2020,9,21,13,48,37,   5.2360000000
2020,9,21,13,48,37,   5.2280000000
2020,9,21,13,48,38,   5.2320000000
2020,9,21,13,48,38,   5.2320000000
2020,9,21,13,48,38,   5.2280000000
2020,9,21,13,48,38,   5.2280000000
2020,9,21,13,48,39,   5.2320000000
2020,9,21,13,48,39,   5.2320000000
2020,9,21,13,48,39,   5.2320000000
2020,9,21,13,48,39,   5.2280000000
2020,9,21,13,48,40,   5.2320000000
2020,9,21,13,48,40,   5.2320000000
2020,9,21,13,48,40,   5.2280000000
2020,9,21,13,48,40,   5.2320000000
2020,9,21,13,48,41,   5.2280000000
2020,9,21,13,48,41,   5.2280000000
2020,9,21,13,48,41,   5.2320000000
2020,9,21,13,48,41,   5.2320000000
2020,9,21,13,48,42,   5.1040000000
2020,9,21,13,48,42,   5.2200000000
2020,9,21,13,48,42,   5.2280000000
2020,9,21,13,48,43,   5.2280000000
2020,9,21,13,48,43,   5.2280000000
2020,9,21,13,48,43,   5.2320000000
2020,9,21,13,48,43,   5.2320000000
2020,9,21,13,48,44,   5.2320000000
2020,9,21,13,48,44,   5.2280000000
2020,9,21,13,48,44,   5.2280000000
2020,9,21,13,48,44,   5.2320000000
2020,9,21,13,48,45,   5.2320000000
2020,9,21,13,48,45,   5.2320000000
2020,9,21,13,48,45,   5.2280000000
2020,9,21,13,48,45,   5.2320000000
2020,9,21,13,48,46,   5.2280000000
2020,9,21,13,48,46,   5.2280000000
2020,9,21,13,48,46,   5.2280000000
2020,9,21,13,48,46,   5.2320000000
2020,9,21,13,48,47,   5.2320000000
2020,9,21,13,48,47,   5.2320000000
2020,9,21,13,48,47,   5.2280000000
2020,9,21,13,48,47,   5.2200000000
2020,9,21,13,48,48,   5.2240000000
2020,9,21,13,48,48,   5.2280000000
2020,9,21,13,48,48,   5.2320000000
2020,9,21,13,48,48,   5.2280000000
2020,9,21,13,48,49,   5.2320000000
2020,9,21,13,48,49,   5.2320000000
2020,9,21,13,48,49,   5.2320000000
2020,9,21,13,48,50,   5.2320000000
2020,9,21,13,48,50,   5.2320000000
2020,9,21,13,48,50,   5.2280000000
2020,9,21,13,48,50,   5.2320000000
2020,9,21,13,48,51,   5.2320000000
2020,9,21,13,48,51,   5.2320000000
2020,9,21,13,48,51,   5.2280000000
2020,9,21,13,48,51,   5.2280000000
2020,9,21,13,48,52,   5.2320000000
2020,9,21,13,48,52,   5.2320000000
2020,9,21,13,48,52,   5.2320000000
2020,9,21,13,48,52,   5.2320000000
2020,9,21,13,48,53,   5.2320000000
2020,9,21,13,48,53,   5.2200000000
2020,9,21,13,48,53,   5.2200000000
2020,9,21,13,48,53,   5.2320000000
2020,9,21,13,48,54,   5.2320000000
2020,9,21,13,48,54,   5.2320000000
2020,9,21,13,48,54,   5.2320000000
2020,9,21,13,48,54,   5.2320000000
2020,9,21,13,48,55,   5.2320000000
2020,9,21,13,48,55,   5.2320000000
2020,9,21,13,48,55,   5.2360000000
2020,9,21,13,48,55,   5.2320000000
2020,9,21,13,48,56,   5.2320000000
2020,9,21,13,48,56,   5.2320000000
2020,9,21,13,48,56,   5.2360000000
2020,9,21,13,48,57,   5.2360000000
2020,9,21,13,48,57,   5.2320000000
2020,9,21,13,48,57,   5.2320000000
2020,9,21,13,48,57,   5.2320000000
2020,9,21,13,48,58,   5.2240000000
2020,9,21,13,48,58,   5.2320000000
2020,9,21,13,48,58,   5.2320000000
2020,9,21,13,48,58,   5.2200000000
2020,9,21,13,48,59,   5.2200000000
2020,9,21,13,48,59,   5.2280000000
2020,9,21,13,48,59,   5.2280000000
2020,9,21,13,48,59,   5.2240000000
2020,9,21,13,49,0,   5.2320000000
2020,9,21,13,49,0,   5.2320000000
2020,9,21,13,49,0,   5.2360000000
2020,9,21,13,49,0,   5.2320000000
2020,9,21,13,49,1,   5.2320000000
2020,9,21,13,49,1,   5.2320000000
2020,9,21,13,49,1,   5.2280000000
2020,9,21,13,49,2,   5.2320000000
2020,9,21,13,49,2,   5.2280000000
2020,9,21,13,49,2,   5.2280000000
2020,9,21,13,49,2,   5.2320000000
2020,9,21,13,49,3,   5.2280000000
2020,9,21,13,49,3,   5.2280000000
2020,9,21,13,49,3,   5.2280000000
2020,9,21,13,49,3,   5.2320000000
2020,9,21,13,49,4,   5.2280000000
2020,9,21,13,49,4,   5.2160000000
2020,9,21,13,49,4,   5.2200000000
2020,9,21,13,49,4,   5.2280000000
2020,9,21,13,49,5,   5.2320000000
2020,9,21,13,49,5,   5.2280000000
2020,9,21,13,49,5,   5.2280000000
2020,9,21,13,49,5,   5.2280000000
2020,9,21,13,49,6,   5.2320000000
2020,9,21,13,49,6,   5.2320000000
2020,9,21,13,49,6,   5.2320000000
2020,9,21,13,49,7,   5.2320000000
2020,9,21,13,49,7,   5.2320000000
2020,9,21,13,49,7,   5.2320000000
2020,9,21,13,49,7,   5.2360000000
2020,9,21,13,49,8,   5.2320000000
2020,9,21,13,49,8,   5.2320000000
2020,9,21,13,49,8,   5.2320000000
2020,9,21,13,49,8,   5.2320000000
2020,9,21,13,49,9,   5.2320000000
2020,9,21,13,49,9,   5.2280000000
2020,9,21,13,49,9,   5.2280000000
2020,9,21,13,49,9,   5.1160000000
2020,9,21,13,49,10,   5.2200000000
2020,9,21,13,49,10,   5.2280000000
2020,9,21,13,49,10,   5.2280000000
2020,9,21,13,49,10,   5.2320000000
2020,9,21,13,49,11,   5.2280000000
2020,9,21,13,49,11,   5.2320000000
2020,9,21,13,49,11,   5.2320000000
2020,9,21,13,49,11,   5.2280000000
2020,9,21,13,49,12,   5.2160000000
2020,9,21,13,49,12,   5.2280000000
2020,9,21,13,49,12,   5.2320000000
2020,9,21,13,49,13,   5.2320000000
2020,9,21,13,49,13,   5.2280000000
2020,9,21,13,49,13,   5.2320000000
2020,9,21,13,49,13,   5.2280000000
2020,9,21,13,49,14,   5.2280000000
2020,9,21,13,49,14,   5.2320000000
2020,9,21,13,49,14,   5.2200000000
2020,9,21,13,49,14,   5.2200000000
2020,9,21,13,49,15,   5.2280000000
2020,9,21,13,49,15,   5.2320000000
2020,9,21,13,49,15,   5.2280000000
2020,9,21,13,49,15,   5.2320000000
2020,9,21,13,49,16,   5.2320000000
2020,9,21,13,49,16,   5.2280000000
2020,9,21,13,49,16,   5.2320000000
2020,9,21,13,49,16,   5.2280000000
2020,9,21,13,49,17,   5.2280000000
2020,9,21,13,49,17,   5.2280000000
2020,9,21,13,49,17,   5.2320000000
2020,9,21,13,49,17,   5.2280000000
2020,9,21,13,49,18,   5.2320000000
2020,9,21,13,49,18,   5.2320000000
2020,9,21,13,49,18,   5.2320000000
2020,9,21,13,49,19,   5.2280000000
2020,9,21,13,49,19,   5.2320000000
2020,9,21,13,49,19,   5.2280000000
2020,9,21,13,49,19,   5.2320000000
2020,9,21,13,49,20,   5.2320000000
2020,9,21,13,49,20,   5.2200000000
2020,9,21,13,49,20,   5.2160000000
2020,9,21,13,49,20,   5.2280000000
2020,9,21,13,49,21,   5.2320000000
2020,9,21,13,49,21,   5.2320000000
2020,9,21,13,49,21,   5.2320000000
2020,9,21,13,49,21,   5.2280000000
2020,9,21,13,49,22,   5.2280000000
2020,9,21,13,49,22,   5.2320000000
2020,9,21,13,49,22,   5.2280000000
2020,9,21,13,49,22,   5.2280000000
2020,9,21,13,49,23,   5.2280000000
2020,9,21,13,49,23,   5.2320000000
2020,9,21,13,49,23,   5.2320000000
2020,9,21,13,49,23,   5.2320000000
2020,9,21,13,49,24,   5.2320000000
2020,9,21,13,49,24,   5.2320000000
2020,9,21,13,49,24,   5.2280000000
2020,9,21,13,49,25,   5.2280000000
2020,9,21,13,49,25,   5.2320000000
2020,9,21,13,49,25,   5.2280000000
2020,9,21,13,49,25,   5.2200000000
2020,9,21,13,49,26,   5.2240000000
2020,9,21,13,49,26,   5.2360000000
2020,9,21,13,49,26,   5.2360000000
2020,9,21,13,49,26,   5.2320000000
2020,9,21,13,49,27,   5.2280000000
2020,9,21,13,49,27,   5.2280000000
2020,9,21,13,49,27,   5.2320000000
2020,9,21,13,49,27,   5.2280000000
2020,9,21,13,49,28,   5.2320000000
2020,9,21,13,49,28,   5.2320000000
2020,9,21,13,49,28,   5.2320000000
2020,9,21,13,49,28,   5.2320000000
2020,9,21,13,49,29,   5.2320000000
2020,9,21,13,49,29,   5.2320000000
2020,9,21,13,49,29,   5.2320000000
2020,9,21,13,49,29,   5.2320000000
2020,9,21,13,49,30,   5.2320000000
2020,9,21,13,49,30,   5.2320000000
2020,9,21,13,49,30,   5.2320000000
2020,9,21,13,49,30,   5.2320000000
2020,9,21,13,49,31,   5.2200000000
2020,9,21,13,49,31,   5.2160000000
2020,9,21,13,49,31,   5.2320000000
2020,9,21,13,49,31,   5.2320000000
2020,9,21,13,49,32,   5.2320000000
2020,9,21,13,49,32,   5.2320000000
2020,9,21,13,49,32,   5.2280000000
2020,9,21,13,49,33,   5.2360000000
2020,9,21,13,49,33,   5.2280000000
2020,9,21,13,49,33,   5.2280000000
2020,9,21,13,49,33,   5.2320000000
2020,9,21,13,49,34,   5.2280000000
2020,9,21,13,49,34,   5.2280000000
2020,9,21,13,49,34,   5.2280000000
2020,9,21,13,49,34,   5.2280000000
2020,9,21,13,49,35,   5.2360000000
2020,9,21,13,49,35,   5.2320000000
2020,9,21,13,49,35,   5.2280000000
2020,9,21,13,49,35,   5.2280000000
2020,9,21,13,49,36,   5.2320000000
2020,9,21,13,49,36,   5.2320000000
2020,9,21,13,49,36,   5.2320000000
2020,9,21,13,49,36,   5.2200000000
2020,9,21,13,49,37,   5.2200000000
2020,9,21,13,49,37,   5.2240000000
2020,9,21,13,49,37,   5.2280000000
2020,9,21,13,49,37,   5.2320000000
2020,9,21,13,49,38,   5.2280000000
2020,9,21,13,49,38,   5.2240000000
2020,9,21,13,49,38,   5.2320000000
2020,9,21,13,49,38,   5.2280000000
2020,9,21,13,49,39,   5.2320000000
2020,9,21,13,49,39,   5.2320000000
2020,9,21,13,49,39,   5.2360000000
2020,9,21,13,49,40,   5.2320000000
2020,9,21,13,49,40,   5.2320000000
2020,9,21,13,49,40,   5.2320000000
2020,9,21,13,49,40,   5.2320000000
2020,9,21,13,49,41,   5.2320000000
2020,9,21,13,49,41,   5.2320000000
2020,9,21,13,49,41,   5.2320000000
2020,9,21,13,49,41,   5.2320000000
2020,9,21,13,49,42,   5.2320000000
2020,9,21,13,49,42,   5.2160000000
2020,9,21,13,49,42,   5.2200000000
2020,9,21,13,49,42,   5.2320000000
2020,9,21,13,49,43,   5.2320000000
2020,9,21,13,49,43,   5.2320000000
2020,9,21,13,49,43,   5.2320000000
2020,9,21,13,49,43,   5.2320000000
2020,9,21,13,49,44,   5.2320000000
2020,9,21,13,49,44,   5.2320000000
2020,9,21,13,49,44,   5.2320000000
2020,9,21,13,49,44,   5.2280000000
2020,9,21,13,49,45,   5.2280000000
2020,9,21,13,49,45,   5.2320000000
2020,9,21,13,49,45,   5.2320000000
2020,9,21,13,49,46,   5.2320000000
2020,9,21,13,49,46,   5.2320000000
2020,9,21,13,49,46,   5.2320000000
2020,9,21,13,49,46,   5.2320000000
2020,9,21,13,49,47,   5.2320000000
2020,9,21,13,49,47,   5.2320000000
2020,9,21,13,49,47,   5.2320000000
2020,9,21,13,49,47,   5.2160000000
2020,9,21,13,49,48,   5.2240000000
2020,9,21,13,49,48,   5.2320000000
2020,9,21,13,49,48,   5.2280000000
2020,9,21,13,49,48,   5.2320000000
2020,9,21,13,49,49,   5.2280000000
2020,9,21,13,49,49,   5.2320000000
2020,9,21,13,49,49,   5.2320000000
2020,9,21,13,49,49,   5.2280000000
2020,9,21,13,49,50,   5.2320000000
2020,9,21,13,49,50,   5.2280000000
2020,9,21,13,49,50,   5.2320000000
2020,9,21,13,49,51,   5.2320000000
2020,9,21,13,49,51,   5.2280000000
2020,9,21,13,49,51,   5.2320000000
2020,9,21,13,49,51,   5.2320000000
2020,9,21,13,49,52,   5.2320000000
2020,9,21,13,49,52,   5.2320000000
2020,9,21,13,49,52,   5.2320000000
2020,9,21,13,49,52,   5.2320000000
2020,9,21,13,49,53,   5.2320000000
2020,9,21,13,49,53,   5.2200000000
2020,9,21,13,49,53,   5.2160000000
2020,9,21,13,49,53,   5.2320000000
2020,9,21,13,49,54,   5.2360000000
2020,9,21,13,49,54,   5.2320000000
2020,9,21,13,49,54,   5.2320000000
2020,9,21,13,49,54,   5.2280000000
2020,9,21,13,49,55,   5.2320000000
2020,9,21,13,49,55,   5.2320000000
2020,9,21,13,49,55,   5.2280000000
2020,9,21,13,49,55,   5.2280000000
2020,9,21,13,49,56,   5.2280000000
2020,9,21,13,49,56,   5.2320000000
2020,9,21,13,49,56,   5.2320000000
2020,9,21,13,49,56,   5.2320000000
2020,9,21,13,49,57,   5.2320000000
2020,9,21,13,49,57,   5.2320000000
2020,9,21,13,49,57,   5.2320000000
2020,9,21,13,49,58,   5.2280000000
2020,9,21,13,49,58,   5.2320000000
2020,9,21,13,49,58,   5.2320000000
2020,9,21,13,49,58,   5.2320000000
2020,9,21,13,49,59,   5.2200000000
2020,9,21,13,49,59,   5.2280000000
2020,9,21,13,49,59,   5.2320000000
2020,9,21,13,49,59,   5.2320000000
2020,9,21,13,50,0,   5.2320000000
2020,9,21,13,50,0,   5.2320000000
2020,9,21,13,50,0,   5.2320000000
2020,9,21,13,50,0,   5.2320000000
2020,9,21,13,50,1,   5.2320000000
2020,9,21,13,50,1,   5.2320000000
2020,9,21,13,50,1,   5.2320000000
2020,9,21,13,50,1,   5.2280000000
2020,9,21,13,50,2,   5.2320000000
2020,9,21,13,50,2,   5.2320000000
2020,9,21,13,50,2,   5.2200000000
2020,9,21,13,50,2,   5.2320000000
2020,9,21,13,50,3,   5.2280000000
2020,9,21,13,50,3,   5.2320000000
2020,9,21,13,50,3,   5.2320000000
2020,9,21,13,50,3,   5.2320000000
2020,9,21,13,50,4,   5.2280000000
2020,9,21,13,50,4,   5.2160000000
2020,9,21,13,50,4,   5.2200000000
2020,9,21,13,50,5,   5.2280000000
2020,9,21,13,50,5,   5.2320000000
2020,9,21,13,50,5,   5.2320000000
2020,9,21,13,50,5,   5.2320000000
2020,9,21,13,50,6,   5.2320000000
2020,9,21,13,50,6,   5.2320000000
2020,9,21,13,50,6,   5.2320000000
2020,9,21,13,50,6,   5.2320000000
2020,9,21,13,50,7,   5.2240000000
2020,9,21,13,50,7,   5.2320000000
2020,9,21,13,50,7,   5.2320000000
2020,9,21,13,50,7,   5.2280000000
2020,9,21,13,50,8,   5.2360000000
2020,9,21,13,50,8,   5.2320000000
2020,9,21,13,50,8,   5.2360000000
2020,9,21,13,50,8,   5.2280000000
2020,9,21,13,50,9,   5.2320000000
2020,9,21,13,50,9,   5.2320000000
2020,9,21,13,50,9,   5.2320000000
2020,9,21,13,50,9,   5.2240000000
2020,9,21,13,50,10,   5.2280000000
2020,9,21,13,50,10,   5.2320000000
2020,9,21,13,50,10,   5.2320000000
2020,9,21,13,50,10,   5.2320000000
2020,9,21,13,50,11,   5.2320000000
2020,9,21,13,50,11,   5.2320000000
2020,9,21,13,50,11,   5.2320000000
2020,9,21,13,50,12,   5.2320000000
2020,9,21,13,50,12,   5.2320000000
2020,9,21,13,50,12,   5.2280000000
2020,9,21,13,50,12,   5.2360000000
2020,9,21,13,50,13,   5.2320000000
2020,9,21,13,50,13,   5.2320000000
2020,9,21,13,50,13,   5.2320000000
2020,9,21,13,50,13,   5.2320000000
2020,9,21,13,50,14,   5.2320000000
2020,9,21,13,50,14,   5.2320000000
2020,9,21,13,50,14,   5.1160000000
2020,9,21,13,50,14,   5.2200000000
2020,9,21,13,50,15,   5.2320000000
2020,9,21,13,50,15,   5.2320000000
2020,9,21,13,50,15,   5.2320000000
2020,9,21,13,50,15,   5.2320000000
2020,9,21,13,50,16,   5.2320000000
2020,9,21,13,50,16,   5.2320000000
2020,9,21,13,50,16,   5.2320000000
2020,9,21,13,50,16,   5.2320000000
2020,9,21,13,50,17,   5.2320000000
2020,9,21,13,50,17,   5.2320000000
2020,9,21,13,50,17,   5.2320000000
2020,9,21,13,50,17,   5.2280000000
2020,9,21,13,50,18,   5.2320000000
2020,9,21,13,50,18,   5.2320000000
2020,9,21,13,50,18,   5.2320000000
2020,9,21,13,50,19,   5.2320000000
2020,9,21,13,50,19,   5.2320000000
2020,9,21,13,50,19,   5.2280000000
2020,9,21,13,50,19,   5.2320000000
2020,9,21,13,50,20,   5.2360000000
2020,9,21,13,50,20,   5.2240000000
2020,9,21,13,50,20,   5.2200000000
2020,9,21,13,50,20,   5.2320000000
2020,9,21,13,50,21,   5.2320000000
2020,9,21,13,50,21,   5.2320000000
2020,9,21,13,50,21,   5.2320000000
2020,9,21,13,50,21,   5.2320000000
2020,9,21,13,50,22,   5.2320000000
2020,9,21,13,50,22,   5.2320000000
2020,9,21,13,50,22,   5.2320000000
2020,9,21,13,50,22,   5.2280000000
2020,9,21,13,50,23,   5.2320000000
2020,9,21,13,50,23,   5.2320000000
2020,9,21,13,50,23,   5.2320000000
2020,9,21,13,50,23,   5.2320000000
2020,9,21,13,50,24,   5.2320000000
2020,9,21,13,50,24,   5.2320000000
2020,9,21,13,50,24,   5.2280000000
2020,9,21,13,50,24,   5.2320000000
2020,9,21,13,50,25,   5.2320000000
2020,9,21,13,50,25,   5.2320000000
2020,9,21,13,50,25,   5.2200000000
2020,9,21,13,50,25,   5.2200000000
2020,9,21,13,50,26,   5.2320000000
2020,9,21,13,50,26,   5.2320000000
2020,9,21,13,50,26,   5.2280000000
2020,9,21,13,50,27,   5.2320000000
2020,9,21,13,50,27,   5.2320000000
2020,9,21,13,50,27,   5.2320000000
2020,9,21,13,50,27,   5.2280000000
2020,9,21,13,50,28,   5.2280000000
2020,9,21,13,50,28,   5.2240000000
2020,9,21,13,50,28,   5.2280000000
2020,9,21,13,50,28,   5.2320000000
2020,9,21,13,50,29,   5.2320000000
2020,9,21,13,50,29,   5.2320000000
2020,9,21,13,50,29,   5.2320000000
2020,9,21,13,50,29,   5.2320000000
2020,9,21,13,50,30,   5.2320000000
2020,9,21,13,50,30,   5.2280000000
2020,9,21,13,50,30,   5.2320000000
2020,9,21,13,50,30,   5.2320000000
2020,9,21,13,50,31,   5.2200000000
2020,9,21,13,50,31,   5.2160000000
2020,9,21,13,50,31,   5.2320000000
2020,9,21,13,50,31,   5.2280000000
2020,9,21,13,50,32,   5.2320000000
2020,9,21,13,50,32,   5.2320000000
2020,9,21,13,50,32,   5.2320000000
2020,9,21,13,50,33,   5.2320000000
2020,9,21,13,50,33,   5.2320000000
2020,9,21,13,50,33,   5.2320000000
2020,9,21,13,50,33,   5.2320000000
2020,9,21,13,50,34,   5.2320000000
2020,9,21,13,50,34,   5.2320000000
2020,9,21,13,50,34,   5.2280000000
2020,9,21,13,50,34,   5.2320000000
2020,9,21,13,50,35,   5.2320000000
2020,9,21,13,50,35,   5.2280000000
2020,9,21,13,50,35,   5.2320000000
2020,9,21,13,50,35,   5.2280000000
2020,9,21,13,50,36,   5.2320000000
2020,9,21,13,50,36,   5.2280000000
2020,9,21,13,50,36,   5.1200000000
2020,9,21,13,50,36,   5.2200000000
2020,9,21,13,50,37,   5.2280000000
2020,9,21,13,50,37,   5.2320000000
2020,9,21,13,50,37,   5.2320000000
2020,9,21,13,50,37,   5.2320000000
2020,9,21,13,50,38,   5.2320000000
2020,9,21,13,50,38,   5.2280000000
2020,9,21,13,50,38,   5.2320000000
2020,9,21,13,50,39,   5.2320000000
2020,9,21,13,50,39,   5.2320000000
2020,9,21,13,50,39,   5.2320000000
2020,9,21,13,50,39,   5.2320000000
2020,9,21,13,50,40,   5.2360000000
2020,9,21,13,50,40,   5.2280000000
2020,9,21,13,50,40,   5.2320000000
2020,9,21,13,50,40,   5.2320000000
2020,9,21,13,50,41,   5.2280000000
2020,9,21,13,50,41,   5.2320000000
2020,9,21,13,50,41,   5.2320000000
2020,9,21,13,50,41,   5.2320000000
2020,9,21,13,50,42,   5.2320000000
2020,9,21,13,50,42,   5.2200000000
2020,9,21,13,50,42,   5.2160000000
2020,9,21,13,50,42,   5.2320000000
2020,9,21,13,50,43,   5.2320000000
2020,9,21,13,50,43,   5.2320000000
2020,9,21,13,50,43,   5.2320000000
2020,9,21,13,50,43,   5.2320000000
2020,9,21,13,50,44,   5.2240000000
2020,9,21,13,50,44,   5.2320000000
2020,9,21,13,50,44,   5.2320000000
2020,9,21,13,50,44,   5.2320000000
2020,9,21,13,50,45,   5.2320000000
2020,9,21,13,50,45,   5.2320000000
2020,9,21,13,50,45,   5.2320000000
2020,9,21,13,50,45,   5.2320000000
2020,9,21,13,50,46,   5.2320000000
2020,9,21,13,50,46,   5.2280000000
2020,9,21,13,50,46,   5.2320000000
2020,9,21,13,50,47,   5.2320000000
2020,9,21,13,50,47,   5.2320000000
2020,9,21,13,50,47,   5.2320000000
2020,9,21,13,50,47,   5.2160000000
2020,9,21,13,50,48,   5.2240000000
2020,9,21,13,50,48,   5.2320000000
2020,9,21,13,50,48,   5.2320000000
2020,9,21,13,50,48,   5.2320000000
2020,9,21,13,50,49,   5.2280000000
2020,9,21,13,50,49,   5.2320000000
2020,9,21,13,50,49,   5.2320000000
2020,9,21,13,50,49,   5.2360000000
2020,9,21,13,50,50,   5.2280000000
2020,9,21,13,50,50,   5.2280000000
2020,9,21,13,50,50,   5.2240000000
2020,9,21,13,50,50,   5.2320000000
2020,9,21,13,50,51,   5.2320000000
2020,9,21,13,50,51,   5.2320000000
2020,9,21,13,50,51,   5.2320000000
2020,9,21,13,50,51,   5.2360000000
2020,9,21,13,50,52,   5.2320000000
2020,9,21,13,50,52,   5.2320000000
2020,9,21,13,50,52,   5.2320000000
2020,9,21,13,50,52,   5.2320000000
2020,9,21,13,50,53,   5.2280000000
2020,9,21,13,50,53,   5.2200000000
2020,9,21,13,50,53,   5.2200000000
2020,9,21,13,50,53,   5.2320000000
2020,9,21,13,50,54,   5.2320000000
2020,9,21,13,50,54,   5.2280000000
2020,9,21,13,50,54,   5.2320000000
2020,9,21,13,50,55,   5.2320000000
2020,9,21,13,50,55,   5.2320000000
2020,9,21,13,50,55,   5.2320000000
2020,9,21,13,50,55,   5.2320000000
2020,9,21,13,50,56,   5.2280000000
2020,9,21,13,50,56,   5.2280000000
2020,9,21,13,50,56,   5.2320000000
2020,9,21,13,50,56,   5.2320000000
2020,9,21,13,50,57,   5.2280000000
2020,9,21,13,50,57,   5.2280000000
2020,9,21,13,50,57,   5.2320000000
2020,9,21,13,50,57,   5.2320000000
2020,9,21,13,50,58,   5.2320000000
2020,9,21,13,50,58,   5.2280000000
2020,9,21,13,50,58,   5.2320000000
2020,9,21,13,50,58,   5.2240000000
2020,9,21,13,50,59,   5.2240000000
2020,9,21,13,50,59,   5.2320000000
2020,9,21,13,50,59,   5.2320000000
2020,9,21,13,50,59,   5.2320000000
2020,9,21,13,51,0,   5.2320000000
2020,9,21,13,51,0,   5.2320000000
2020,9,21,13,51,0,   5.2320000000
2020,9,21,13,51,0,   5.2280000000
2020,9,21,13,51,1,   5.2320000000
2020,9,21,13,51,1,   5.2320000000
2020,9,21,13,51,1,   5.2320000000
2020,9,21,13,51,1,   5.2320000000
2020,9,21,13,51,2,   5.2320000000
2020,9,21,13,51,2,   5.2320000000
2020,9,21,13,51,2,   5.2360000000
2020,9,21,13,51,3,   5.2320000000
2020,9,21,13,51,3,   5.2320000000
2020,9,21,13,51,3,   5.2320000000
2020,9,21,13,51,3,   5.2360000000
2020,9,21,13,51,4,   5.2320000000
2020,9,21,13,51,4,   5.2240000000
2020,9,21,13,51,4,   5.0960000000
2020,9,21,13,51,4,   5.2280000000
2020,9,21,13,51,5,   5.2320000000
2020,9,21,13,51,5,   5.2320000000
2020,9,21,13,51,5,   5.2320000000
2020,9,21,13,51,5,   5.2320000000
2020,9,21,13,51,6,   5.2320000000
2020,9,21,13,51,6,   5.2320000000
2020,9,21,13,51,6,   5.2320000000
2020,9,21,13,51,6,   5.2280000000
2020,9,21,13,51,7,   5.2320000000
2020,9,21,13,51,7,   5.2320000000
2020,9,21,13,51,7,   5.2320000000
2020,9,21,13,51,7,   5.2360000000
2020,9,21,13,51,8,   5.2320000000
2020,9,21,13,51,8,   5.2320000000
2020,9,21,13,51,8,   5.2320000000
2020,9,21,13,51,8,   5.2320000000
2020,9,21,13,51,9,   5.2320000000
2020,9,21,13,51,9,   5.2280000000
2020,9,21,13,51,9,   5.2320000000
2020,9,21,13,51,10,   5.2200000000
2020,9,21,13,51,10,   5.2200000000
2020,9,21,13,51,10,   5.2280000000
2020,9,21,13,51,10,   5.2320000000
2020,9,21,13,51,11,   5.2320000000
2020,9,21,13,51,11,   5.2360000000
2020,9,21,13,51,11,   5.2320000000
2020,9,21,13,51,11,   5.2320000000
2020,9,21,13,51,12,   5.2280000000
2020,9,21,13,51,12,   5.2320000000
2020,9,21,13,51,12,   5.2320000000
2020,9,21,13,51,12,   5.2320000000
2020,9,21,13,51,13,   5.2280000000
2020,9,21,13,51,13,   5.2320000000
2020,9,21,13,51,13,   5.2280000000
2020,9,21,13,51,13,   5.2320000000
2020,9,21,13,51,14,   5.2280000000
2020,9,21,13,51,14,   5.2320000000
2020,9,21,13,51,14,   5.2200000000
2020,9,21,13,51,14,   5.2240000000
2020,9,21,13,51,15,   5.2320000000
2020,9,21,13,51,15,   5.2320000000
2020,9,21,13,51,15,   5.2320000000
2020,9,21,13,51,15,   5.2320000000
2020,9,21,13,51,16,   5.2320000000
2020,9,21,13,51,16,   5.2320000000
2020,9,21,13,51,16,   5.2320000000
2020,9,21,13,51,16,   5.2280000000
2020,9,21,13,51,17,   5.2320000000
2020,9,21,13,51,17,   5.2280000000
2020,9,21,13,51,17,   5.2280000000
2020,9,21,13,51,18,   5.2280000000
2020,9,21,13,51,18,   5.2320000000
2020,9,21,13,51,18,   5.2280000000
2020,9,21,13,51,18,   5.2320000000
2020,9,21,13,51,19,   5.2320000000
2020,9,21,13,51,19,   5.2320000000
2020,9,21,13,51,19,   5.2280000000
2020,9,21,13,51,19,   5.2320000000
2020,9,21,13,51,20,   5.2360000000
2020,9,21,13,51,20,   5.2200000000
2020,9,21,13,51,20,   5.2200000000
2020,9,21,13,51,20,   5.2320000000
2020,9,21,13,51,21,   5.2320000000
2020,9,21,13,51,21,   5.2360000000
2020,9,21,13,51,21,   5.2320000000
2020,9,21,13,51,21,   5.2320000000
2020,9,21,13,51,22,   5.2320000000
2020,9,21,13,51,22,   5.2280000000
2020,9,21,13,51,22,   5.2320000000
2020,9,21,13,51,22,   5.2320000000
2020,9,21,13,51,23,   5.2280000000
2020,9,21,13,51,23,   5.2320000000
2020,9,21,13,51,23,   5.2280000000
2020,9,21,13,51,23,   5.2280000000
2020,9,21,13,51,24,   5.2280000000
2020,9,21,13,51,24,   5.2320000000
2020,9,21,13,51,24,   5.2320000000
2020,9,21,13,51,25,   5.2320000000
2020,9,21,13,51,25,   5.2280000000
2020,9,21,13,51,25,   5.2240000000
2020,9,21,13,51,25,   5.2120000000
2020,9,21,13,51,26,   5.1960000000
2020,9,21,13,51,26,   5.2320000000
2020,9,21,13,51,26,   5.2320000000
2020,9,21,13,51,26,   5.2320000000
2020,9,21,13,51,27,   5.2320000000
2020,9,21,13,51,27,   5.2320000000
2020,9,21,13,51,27,   5.2320000000
2020,9,21,13,51,27,   5.2320000000
2020,9,21,13,51,28,   5.2320000000
2020,9,21,13,51,28,   5.2320000000
2020,9,21,13,51,28,   5.2320000000
2020,9,21,13,51,28,   5.2280000000
2020,9,21,13,51,29,   5.2280000000
2020,9,21,13,51,29,   5.2320000000
2020,9,21,13,51,29,   5.2280000000
2020,9,21,13,51,30,   5.2320000000
2020,9,21,13,51,30,   5.2320000000
2020,9,21,13,51,30,   5.2320000000
2020,9,21,13,51,30,   5.2280000000
2020,9,21,13,51,31,   5.2360000000
2020,9,21,13,51,31,   5.2200000000
2020,9,21,13,51,31,   5.0960000000
2020,9,21,13,51,31,   5.2320000000
2020,9,21,13,51,32,   5.2320000000
2020,9,21,13,51,32,   5.2280000000
2020,9,21,13,51,32,   5.2280000000
2020,9,21,13,51,32,   5.2280000000
2020,9,21,13,51,33,   5.2320000000
2020,9,21,13,51,33,   5.2200000000
2020,9,21,13,51,33,   5.2320000000
2020,9,21,13,51,33,   5.2320000000
2020,9,21,13,51,34,   5.2320000000
2020,9,21,13,51,34,   5.2320000000
2020,9,21,13,51,34,   5.2280000000
2020,9,21,13,51,34,   5.2320000000
2020,9,21,13,51,35,   5.2320000000
2020,9,21,13,51,35,   5.2320000000
2020,9,21,13,51,35,   5.2320000000
2020,9,21,13,51,36,   5.2320000000
2020,9,21,13,51,36,   5.2360000000
2020,9,21,13,51,36,   5.2280000000
2020,9,21,13,51,36,   5.2120000000
2020,9,21,13,51,37,   5.2200000000
2020,9,21,13,51,37,   5.2280000000
2020,9,21,13,51,37,   5.2280000000
2020,9,21,13,51,37,   5.2320000000
2020,9,21,13,51,38,   5.2280000000
2020,9,21,13,51,38,   5.2280000000
2020,9,21,13,51,38,   5.2320000000
2020,9,21,13,51,38,   5.2320000000
2020,9,21,13,51,39,   5.2320000000
2020,9,21,13,51,39,   5.2320000000
2020,9,21,13,51,39,   5.2280000000
2020,9,21,13,51,39,   5.2280000000
2020,9,21,13,51,40,   5.2280000000
2020,9,21,13,51,40,   5.2240000000
2020,9,21,13,51,40,   5.2320000000
2020,9,21,13,51,40,   5.2320000000
2020,9,21,13,51,41,   5.2320000000
2020,9,21,13,51,41,   5.2320000000
2020,9,21,13,51,41,   5.2320000000
2020,9,21,13,51,41,   5.2320000000
2020,9,21,13,51,42,   5.2160000000
2020,9,21,13,51,42,   5.1000000000
2020,9,21,13,51,42,   5.2320000000
2020,9,21,13,51,43,   5.2320000000
2020,9,21,13,51,43,   5.2320000000
2020,9,21,13,51,43,   5.2320000000
2020,9,21,13,51,43,   5.2320000000
2020,9,21,13,51,44,   5.2360000000
2020,9,21,13,51,44,   5.2320000000
2020,9,21,13,51,44,   5.2320000000
2020,9,21,13,51,44,   5.2320000000
2020,9,21,13,51,45,   5.2320000000
2020,9,21,13,51,45,   5.2320000000
2020,9,21,13,51,45,   5.2320000000
2020,9,21,13,51,45,   5.2280000000
2020,9,21,13,51,46,   5.2320000000
2020,9,21,13,51,46,   5.2320000000
2020,9,21,13,51,46,   5.2320000000
2020,9,21,13,51,46,   5.2280000000
2020,9,21,13,51,47,   5.2280000000
2020,9,21,13,51,47,   5.2320000000
2020,9,21,13,51,47,   5.2360000000
2020,9,21,13,51,47,   5.2240000000
2020,9,21,13,51,48,   5.2200000000
2020,9,21,13,51,48,   5.2320000000
2020,9,21,13,51,48,   5.2320000000
2020,9,21,13,51,49,   5.2320000000
2020,9,21,13,51,49,   5.2320000000
2020,9,21,13,51,49,   5.2320000000
2020,9,21,13,51,49,   5.2320000000
2020,9,21,13,51,50,   5.2320000000
2020,9,21,13,51,50,   5.2320000000
2020,9,21,13,51,50,   5.2320000000
2020,9,21,13,51,50,   5.2280000000
2020,9,21,13,51,51,   5.2320000000
2020,9,21,13,51,51,   5.2320000000
2020,9,21,13,51,51,   5.2360000000
2020,9,21,13,51,51,   5.2320000000
2020,9,21,13,51,52,   5.2320000000
2020,9,21,13,51,52,   5.2320000000
2020,9,21,13,51,52,   5.2240000000
2020,9,21,13,51,52,   5.2320000000
2020,9,21,13,51,53,   5.2320000000
2020,9,21,13,51,53,   5.2200000000
2020,9,21,13,51,53,   5.2240000000
2020,9,21,13,51,53,   5.2320000000
2020,9,21,13,51,54,   5.2280000000
2020,9,21,13,51,54,   5.2280000000
2020,9,21,13,51,54,   5.2320000000
2020,9,21,13,51,54,   5.2320000000
2020,9,21,13,51,55,   5.2320000000
2020,9,21,13,51,55,   5.2320000000
2020,9,21,13,51,55,   5.2320000000
2020,9,21,13,51,56,   5.2320000000
2020,9,21,13,51,56,   5.2360000000
2020,9,21,13,51,56,   5.2320000000
2020,9,21,13,51,56,   5.2320000000
2020,9,21,13,51,57,   5.2320000000
2020,9,21,13,51,57,   5.2360000000
2020,9,21,13,51,57,   5.2320000000
2020,9,21,13,51,57,   5.2320000000
2020,9,21,13,51,58,   5.2320000000
2020,9,21,13,51,58,   5.2280000000
2020,9,21,13,51,58,   5.2320000000
2020,9,21,13,51,58,   5.2160000000
2020,9,21,13,51,59,   5.2200000000
2020,9,21,13,51,59,   5.2320000000
2020,9,21,13,51,59,   5.2320000000
2020,9,21,13,51,59,   5.2320000000
2020,9,21,13,52,0,   5.2280000000
2020,9,21,13,52,0,   5.2360000000
2020,9,21,13,52,0,   5.2360000000
2020,9,21,13,52,0,   5.2320000000
2020,9,21,13,52,1,   5.2320000000
2020,9,21,13,52,1,   5.2280000000
2020,9,21,13,52,1,   5.2240000000
2020,9,21,13,52,1,   5.2320000000
2020,9,21,13,52,2,   5.2320000000
2020,9,21,13,52,2,   5.2320000000
2020,9,21,13,52,2,   5.2280000000
2020,9,21,13,52,3,   5.2320000000
2020,9,21,13,52,3,   5.2320000000
2020,9,21,13,52,3,   5.2320000000
2020,9,21,13,52,3,   5.2360000000
2020,9,21,13,52,4,   5.2320000000
2020,9,21,13,52,4,   5.2320000000
2020,9,21,13,52,4,   5.2120000000
2020,9,21,13,52,4,   5.2120000000
2020,9,21,13,52,5,   5.2280000000
2020,9,21,13,52,5,   5.2320000000
2020,9,21,13,52,5,   5.2320000000
2020,9,21,13,52,5,   5.2280000000
2020,9,21,13,52,6,   5.2320000000
2020,9,21,13,52,6,   5.2320000000
2020,9,21,13,52,6,   5.2280000000
2020,9,21,13,52,6,   5.2320000000
2020,9,21,13,52,7,   5.2320000000
2020,9,21,13,52,7,   5.2320000000
2020,9,21,13,52,7,   5.2320000000
2020,9,21,13,52,7,   5.2280000000
2020,9,21,13,52,8,   5.2320000000
2020,9,21,13,52,8,   5.2280000000
2020,9,21,13,52,8,   5.2320000000
2020,9,21,13,52,8,   5.2280000000
2020,9,21,13,52,9,   5.2320000000
2020,9,21,13,52,9,   5.2320000000
2020,9,21,13,52,9,   5.2280000000
2020,9,21,13,52,9,   5.2200000000
2020,9,21,13,52,10,   5.2240000000
2020,9,21,13,52,10,   5.2280000000
2020,9,21,13,52,10,   5.2320000000
2020,9,21,13,52,11,   5.2280000000
2020,9,21,13,52,11,   5.2320000000
2020,9,21,13,52,11,   5.2320000000
2020,9,21,13,52,11,   5.2320000000
2020,9,21,13,52,12,   5.2280000000
2020,9,21,13,52,12,   5.2320000000
2020,9,21,13,52,12,   5.2320000000
2020,9,21,13,52,12,   5.2280000000
2020,9,21,13,52,13,   5.2280000000
2020,9,21,13,52,13,   5.2320000000
2020,9,21,13,52,13,   5.2320000000
2020,9,21,13,52,13,   5.2280000000
2020,9,21,13,52,14,   5.2320000000
2020,9,21,13,52,14,   5.2320000000
2020,9,21,13,52,14,   5.2240000000
2020,9,21,13,52,14,   5.2160000000
2020,9,21,13,52,15,   5.2280000000
2020,9,21,13,52,15,   5.2280000000
2020,9,21,13,52,15,   5.2280000000
2020,9,21,13,52,15,   5.2320000000
2020,9,21,13,52,16,   5.2280000000
2020,9,21,13,52,16,   5.2360000000
2020,9,21,13,52,16,   5.2320000000
2020,9,21,13,52,16,   5.2320000000
2020,9,21,13,52,17,   5.2280000000
2020,9,21,13,52,17,   5.2320000000
2020,9,21,13,52,17,   5.2280000000
2020,9,21,13,52,18,   5.2360000000
2020,9,21,13,52,18,   5.2320000000
2020,9,21,13,52,18,   5.2320000000
2020,9,21,13,52,18,   5.2360000000
2020,9,21,13,52,19,   5.2320000000
2020,9,21,13,52,19,   5.2320000000
2020,9,21,13,52,19,   5.2320000000
2020,9,21,13,52,19,   5.2320000000
2020,9,21,13,52,20,   5.2240000000
2020,9,21,13,52,20,   5.2200000000
2020,9,21,13,52,20,   5.2320000000
2020,9,21,13,52,20,   5.2360000000
2020,9,21,13,52,21,   5.2320000000
2020,9,21,13,52,21,   5.2320000000
2020,9,21,13,52,21,   5.2280000000
2020,9,21,13,52,21,   5.2320000000
2020,9,21,13,52,22,   5.2320000000
2020,9,21,13,52,22,   5.2320000000
2020,9,21,13,52,22,   5.2280000000
2020,9,21,13,52,22,   5.2320000000
2020,9,21,13,52,23,   5.2320000000
2020,9,21,13,52,23,   5.2360000000
2020,9,21,13,52,23,   5.2320000000
2020,9,21,13,52,24,   5.2280000000
2020,9,21,13,52,24,   5.2320000000
2020,9,21,13,52,24,   5.2320000000
2020,9,21,13,52,24,   5.2280000000
2020,9,21,13,52,25,   5.2320000000
2020,9,21,13,52,25,   5.2320000000
2020,9,21,13,52,25,   5.2200000000
2020,9,21,13,52,25,   5.2160000000
2020,9,21,13,52,26,   5.2280000000
2020,9,21,13,52,26,   5.2320000000
2020,9,21,13,52,26,   5.2320000000
2020,9,21,13,52,26,   5.2320000000
2020,9,21,13,52,27,   5.2320000000
2020,9,21,13,52,27,   5.2360000000
2020,9,21,13,52,27,   5.2320000000
2020,9,21,13,52,28,   5.2320000000
2020,9,21,13,52,28,   5.2320000000
2020,9,21,13,52,28,   5.2360000000
2020,9,21,13,52,28,   5.2280000000
2020,9,21,13,52,29,   5.2320000000
2020,9,21,13,52,29,   5.2280000000
2020,9,21,13,52,29,   5.2320000000
2020,9,21,13,52,29,   5.2280000000
2020,9,21,13,52,30,   5.2280000000
2020,9,21,13,52,30,   5.2320000000
2020,9,21,13,52,30,   5.2320000000
2020,9,21,13,52,30,   5.2320000000
2020,9,21,13,52,31,   5.2280000000
2020,9,21,13,52,31,   5.2200000000
2020,9,21,13,52,31,   5.2280000000
2020,9,21,13,52,31,   5.2320000000
2020,9,21,13,52,32,   5.2280000000
2020,9,21,13,52,32,   5.2320000000
2020,9,21,13,52,32,   5.2320000000
2020,9,21,13,52,32,   5.2280000000
2020,9,21,13,52,33,   5.2320000000
2020,9,21,13,52,33,   5.2320000000
2020,9,21,13,52,33,   5.2320000000
2020,9,21,13,52,33,   5.2320000000
2020,9,21,13,52,34,   5.2320000000
2020,9,21,13,52,34,   5.2320000000
2020,9,21,13,52,34,   5.2320000000
2020,9,21,13,52,35,   5.2320000000
2020,9,21,13,52,35,   5.2280000000
2020,9,21,13,52,35,   5.2320000000
2020,9,21,13,52,35,   5.2280000000
2020,9,21,13,52,36,   5.2320000000
2020,9,21,13,52,36,   5.2320000000
2020,9,21,13,52,36,   5.2320000000
2020,9,21,13,52,36,   5.2240000000
2020,9,21,13,52,37,   5.2240000000
2020,9,21,13,52,37,   5.2320000000
2020,9,21,13,52,37,   5.2320000000
2020,9,21,13,52,37,   5.2320000000
2020,9,21,13,52,38,   5.2320000000
2020,9,21,13,52,38,   5.2320000000
2020,9,21,13,52,38,   5.2280000000
2020,9,21,13,52,38,   5.2280000000
2020,9,21,13,52,39,   5.2280000000
2020,9,21,13,52,39,   5.2280000000
2020,9,21,13,52,39,   5.2280000000
2020,9,21,13,52,39,   5.2320000000
2020,9,21,13,52,40,   5.2320000000
2020,9,21,13,52,40,   5.2320000000
2020,9,21,13,52,40,   5.2320000000
2020,9,21,13,52,40,   5.2240000000
2020,9,21,13,52,41,   5.2320000000
2020,9,21,13,52,41,   5.2320000000
2020,9,21,13,52,41,   5.2320000000
2020,9,21,13,52,42,   5.2240000000
2020,9,21,13,52,42,   5.2160000000
2020,9,21,13,52,42,   5.2200000000
2020,9,21,13,52,42,   5.2320000000
2020,9,21,13,52,43,   5.2320000000
2020,9,21,13,52,43,   5.2240000000
2020,9,21,13,52,43,   5.2320000000
2020,9,21,13,52,43,   5.2280000000
2020,9,21,13,52,44,   5.2320000000
2020,9,21,13,52,44,   5.2320000000
2020,9,21,13,52,44,   5.2320000000
2020,9,21,13,52,44,   5.2320000000
2020,9,21,13,52,45,   5.2320000000
2020,9,21,13,52,45,   5.2320000000
2020,9,21,13,52,45,   5.2280000000
2020,9,21,13,52,45,   5.2280000000
2020,9,21,13,52,46,   5.2320000000
2020,9,21,13,52,46,   5.2320000000
2020,9,21,13,52,46,   5.2360000000
2020,9,21,13,52,46,   5.2320000000
2020,9,21,13,52,47,   5.2320000000
2020,9,21,13,52,47,   5.2320000000
2020,9,21,13,52,47,   5.2280000000
2020,9,21,13,52,47,   5.2200000000
2020,9,21,13,52,48,   5.2160000000
2020,9,21,13,52,48,   5.2320000000
2020,9,21,13,52,48,   5.2280000000
2020,9,21,13,52,49,   5.2320000000
2020,9,21,13,52,49,   5.2320000000
2020,9,21,13,52,49,   5.2320000000
2020,9,21,13,52,49,   5.2320000000
2020,9,21,13,52,50,   5.2280000000
2020,9,21,13,52,50,   5.2320000000
2020,9,21,13,52,50,   5.2320000000
2020,9,21,13,52,50,   5.2320000000
2020,9,21,13,52,51,   5.2320000000
2020,9,21,13,52,51,   5.2280000000
2020,9,21,13,52,51,   5.2280000000
2020,9,21,13,52,51,   5.2280000000
2020,9,21,13,52,52,   5.2280000000
2020,9,21,13,52,52,   5.2280000000
2020,9,21,13,52,52,   5.2320000000
2020,9,21,13,52,52,   5.2320000000
2020,9,21,13,52,53,   5.2280000000
2020,9,21,13,52,53,   5.2160000000
2020,9,21,13,52,53,   5.2240000000
2020,9,21,13,52,53,   5.2240000000
2020,9,21,13,52,54,   5.2280000000
2020,9,21,13,52,54,   5.2320000000
2020,9,21,13,52,54,   5.2320000000
2020,9,21,13,52,54,   5.2320000000
2020,9,21,13,52,55,   5.2320000000
2020,9,21,13,52,55,   5.2320000000
2020,9,21,13,52,55,   5.2320000000
2020,9,21,13,52,55,   5.2320000000
2020,9,21,13,52,56,   5.2320000000
2020,9,21,13,52,56,   5.2320000000
2020,9,21,13,52,56,   5.2320000000
2020,9,21,13,52,57,   5.2320000000
2020,9,21,13,52,57,   5.2320000000
2020,9,21,13,52,57,   5.2320000000
2020,9,21,13,52,57,   5.2280000000
2020,9,21,13,52,58,   5.2320000000
2020,9,21,13,52,58,   5.2320000000
2020,9,21,13,52,58,   5.2320000000
2020,9,21,13,52,58,   5.2200000000
2020,9,21,13,52,59,   5.2200000000
2020,9,21,13,52,59,   5.2320000000
2020,9,21,13,52,59,   5.2320000000
2020,9,21,13,52,59,   5.2320000000
2020,9,21,13,53,0,   5.2280000000
2020,9,21,13,53,0,   5.2320000000
2020,9,21,13,53,0,   5.2280000000
2020,9,21,13,53,0,   5.2280000000
2020,9,21,13,53,1,   5.2280000000
2020,9,21,13,53,1,   5.2320000000
2020,9,21,13,53,1,   5.2280000000
2020,9,21,13,53,1,   5.2320000000
2020,9,21,13,53,2,   5.2360000000
2020,9,21,13,53,2,   5.2280000000
2020,9,21,13,53,2,   5.2280000000
2020,9,21,13,53,3,   5.2240000000
2020,9,21,13,53,3,   5.2280000000
2020,9,21,13,53,3,   5.2280000000
2020,9,21,13,53,3,   5.2320000000
2020,9,21,13,53,4,   5.2160000000
2020,9,21,13,53,4,   5.2280000000
2020,9,21,13,53,4,   5.2240000000
2020,9,21,13,53,4,   5.2240000000
2020,9,21,13,53,5,   5.2240000000
2020,9,21,13,53,5,   5.2280000000
2020,9,21,13,53,5,   5.2280000000
2020,9,21,13,53,5,   5.2280000000
2020,9,21,13,53,6,   5.2280000000
2020,9,21,13,53,6,   5.2320000000
2020,9,21,13,53,6,   5.2280000000
2020,9,21,13,53,6,   5.2280000000
2020,9,21,13,53,7,   5.2320000000
2020,9,21,13,53,7,   5.2320000000
2020,9,21,13,53,7,   5.2320000000
2020,9,21,13,53,7,   5.2320000000
2020,9,21,13,53,8,   5.2320000000
2020,9,21,13,53,8,   5.2280000000
2020,9,21,13,53,8,   5.2320000000
2020,9,21,13,53,9,   5.2280000000
2020,9,21,13,53,9,   5.2320000000
2020,9,21,13,53,9,   5.2320000000
2020,9,21,13,53,9,   5.2240000000
2020,9,21,13,53,10,   5.2200000000
2020,9,21,13,53,10,   5.2240000000
2020,9,21,13,53,10,   5.2320000000
2020,9,21,13,53,10,   5.2320000000
2020,9,21,13,53,11,   5.2280000000
2020,9,21,13,53,11,   5.2320000000
2020,9,21,13,53,11,   5.2320000000
2020,9,21,13,53,11,   5.2280000000
2020,9,21,13,53,12,   5.2280000000
2020,9,21,13,53,12,   5.2320000000
2020,9,21,13,53,12,   5.2320000000
2020,9,21,13,53,12,   5.2280000000
2020,9,21,13,53,13,   5.2280000000
2020,9,21,13,53,13,   5.2280000000
2020,9,21,13,53,13,   5.2280000000
2020,9,21,13,53,13,   5.2320000000
2020,9,21,13,53,14,   5.2280000000
2020,9,21,13,53,14,   5.2320000000
2020,9,21,13,53,14,   5.2160000000
2020,9,21,13,53,14,   5.2160000000
2020,9,21,13,53,15,   5.2320000000
2020,9,21,13,53,15,   5.2280000000
2020,9,21,13,53,15,   5.2320000000
2020,9,21,13,53,16,   5.2280000000
2020,9,21,13,53,16,   5.2320000000
2020,9,21,13,53,16,   5.2280000000
2020,9,21,13,53,16,   5.2320000000
2020,9,21,13,53,17,   5.2280000000
2020,9,21,13,53,17,   5.2320000000
2020,9,21,13,53,17,   5.2280000000
2020,9,21,13,53,17,   5.2320000000
2020,9,21,13,53,18,   5.2320000000
2020,9,21,13,53,18,   5.2280000000
2020,9,21,13,53,18,   5.2280000000
2020,9,21,13,53,18,   5.2280000000
2020,9,21,13,53,19,   5.2320000000
2020,9,21,13,53,19,   5.2320000000
2020,9,21,13,53,19,   5.2280000000
2020,9,21,13,53,19,   5.2280000000
2020,9,21,13,53,20,   5.2120000000
2020,9,21,13,53,20,   5.2160000000
2020,9,21,13,53,20,   5.2320000000
2020,9,21,13,53,20,   5.2280000000
2020,9,21,13,53,21,   5.2280000000
2020,9,21,13,53,21,   5.2320000000
2020,9,21,13,53,21,   5.2280000000
2020,9,21,13,53,21,   5.2280000000
2020,9,21,13,53,22,   5.2320000000
2020,9,21,13,53,22,   5.2320000000
2020,9,21,13,53,22,   5.2320000000
2020,9,21,13,53,22,   5.2240000000
2020,9,21,13,53,23,   5.2280000000
2020,9,21,13,53,23,   5.2320000000
2020,9,21,13,53,23,   5.2320000000
2020,9,21,13,53,24,   5.2320000000
2020,9,21,13,53,24,   5.2280000000
2020,9,21,13,53,24,   5.2320000000
2020,9,21,13,53,24,   5.2240000000
2020,9,21,13,53,25,   5.2280000000
2020,9,21,13,53,25,   5.2320000000
2020,9,21,13,53,25,   5.2320000000
2020,9,21,13,53,25,   5.2240000000
2020,9,21,13,53,26,   5.2200000000
2020,9,21,13,53,26,   5.2320000000
2020,9,21,13,53,26,   5.2320000000
2020,9,21,13,53,26,   5.2320000000
2020,9,21,13,53,27,   5.2320000000
2020,9,21,13,53,27,   5.2320000000
2020,9,21,13,53,27,   5.2320000000
2020,9,21,13,53,27,   5.2320000000
2020,9,21,13,53,28,   5.2280000000
2020,9,21,13,53,28,   5.2320000000
2020,9,21,13,53,28,   5.2320000000
2020,9,21,13,53,28,   5.2280000000
2020,9,21,13,53,29,   5.2320000000
2020,9,21,13,53,29,   5.2320000000
2020,9,21,13,53,29,   5.2280000000
2020,9,21,13,53,29,   5.2280000000
2020,9,21,13,53,30,   5.2320000000
2020,9,21,13,53,30,   5.2280000000
2020,9,21,13,53,30,   5.2320000000
2020,9,21,13,53,30,   5.2320000000
2020,9,21,13,53,31,   5.1520000000
2020,9,21,13,53,31,   5.2160000000
2020,9,21,13,53,31,   5.2280000000
2020,9,21,13,53,32,   5.2280000000
2020,9,21,13,53,32,   5.2280000000
2020,9,21,13,53,32,   5.2320000000
2020,9,21,13,53,32,   5.2320000000
2020,9,21,13,53,33,   5.2280000000
2020,9,21,13,53,33,   5.2320000000
2020,9,21,13,53,33,   5.2320000000
2020,9,21,13,53,33,   5.2320000000
2020,9,21,13,53,34,   5.2320000000
2020,9,21,13,53,34,   5.2200000000
2020,9,21,13,53,34,   5.2320000000
2020,9,21,13,53,34,   5.2280000000
2020,9,21,13,53,35,   5.2320000000
2020,9,21,13,53,35,   5.2280000000
2020,9,21,13,53,35,   5.2280000000
2020,9,21,13,53,35,   5.2280000000
2020,9,21,13,53,36,   5.2240000000
2020,9,21,13,53,36,   5.2320000000
2020,9,21,13,53,36,   5.2160000000
2020,9,21,13,53,36,   5.2160000000
2020,9,21,13,53,37,   5.2280000000
2020,9,21,13,53,37,   5.2320000000
2020,9,21,13,53,37,   5.2280000000
2020,9,21,13,53,37,   5.2320000000
2020,9,21,13,53,38,   5.2320000000
2020,9,21,13,53,38,   5.2320000000
2020,9,21,13,53,38,   5.2280000000
2020,9,21,13,53,38,   5.2320000000
2020,9,21,13,53,39,   5.2280000000
2020,9,21,13,53,39,   5.2320000000
2020,9,21,13,53,39,   5.2320000000
2020,9,21,13,53,40,   5.2320000000
2020,9,21,13,53,40,   5.2320000000
2020,9,21,13,53,40,   5.2320000000
2020,9,21,13,53,40,   5.2320000000
2020,9,21,13,53,41,   5.2280000000
2020,9,21,13,53,41,   5.2280000000
2020,9,21,13,53,41,   5.2240000000
2020,9,21,13,53,41,   5.2280000000
2020,9,21,13,53,42,   5.2320000000
2020,9,21,13,53,42,   5.2280000000
2020,9,21,13,53,42,   5.2160000000
2020,9,21,13,53,42,   5.2280000000
2020,9,21,13,53,43,   5.2280000000
2020,9,21,13,53,43,   5.2280000000
2020,9,21,13,53,43,   5.2240000000
2020,9,21,13,53,43,   5.2280000000
2020,9,21,13,53,44,   5.2320000000
2020,9,21,13,53,44,   5.2320000000
2020,9,21,13,53,44,   5.2280000000
2020,9,21,13,53,44,   5.2280000000
2020,9,21,13,53,45,   5.2280000000
2020,9,21,13,53,45,   5.2320000000
2020,9,21,13,53,45,   5.2280000000
2020,9,21,13,53,46,   5.2280000000
2020,9,21,13,53,46,   5.2280000000
2020,9,21,13,53,46,   5.2280000000
2020,9,21,13,53,46,   5.2280000000
2020,9,21,13,53,47,   5.2320000000
2020,9,21,13,53,47,   5.2280000000
2020,9,21,13,53,47,   5.2320000000
2020,9,21,13,53,47,   5.2160000000
2020,9,21,13,53,48,   5.0960000000
2020,9,21,13,53,48,   5.2280000000
2020,9,21,13,53,48,   5.2320000000
2020,9,21,13,53,48,   5.2320000000
2020,9,21,13,53,49,   5.2320000000
2020,9,21,13,53,49,   5.2280000000
2020,9,21,13,53,49,   5.2320000000
2020,9,21,13,53,49,   5.2360000000
2020,9,21,13,53,50,   5.2320000000
2020,9,21,13,53,50,   5.2200000000
2020,9,21,13,53,50,   5.2280000000
2020,9,21,13,53,50,   5.2320000000
2020,9,21,13,53,51,   5.2280000000
2020,9,21,13,53,51,   5.2320000000
2020,9,21,13,53,51,   5.2320000000
2020,9,21,13,53,51,   5.2320000000
2020,9,21,13,53,52,   5.2320000000
2020,9,21,13,53,52,   5.2320000000
2020,9,21,13,53,52,   5.2280000000
2020,9,21,13,53,52,   5.2280000000
2020,9,21,13,53,53,   5.2320000000
2020,9,21,13,53,53,   5.2200000000
2020,9,21,13,53,53,   5.2200000000
2020,9,21,13,53,54,   5.2320000000
2020,9,21,13,53,54,   5.2320000000
2020,9,21,13,53,54,   5.2320000000
2020,9,21,13,53,54,   5.2320000000
2020,9,21,13,53,55,   5.2320000000
2020,9,21,13,53,55,   5.2320000000
2020,9,21,13,53,55,   5.2320000000
2020,9,21,13,53,55,   5.2280000000
2020,9,21,13,53,56,   5.2280000000
2020,9,21,13,53,56,   5.2320000000
2020,9,21,13,53,56,   5.2320000000
2020,9,21,13,53,56,   5.2320000000
2020,9,21,13,53,57,   5.2280000000
2020,9,21,13,53,57,   5.2320000000
2020,9,21,13,53,57,   5.2320000000
2020,9,21,13,53,57,   5.2320000000
2020,9,21,13,53,58,   5.2280000000
2020,9,21,13,53,58,   5.2320000000
2020,9,21,13,53,58,   5.2240000000
2020,9,21,13,53,58,   5.2160000000
2020,9,21,13,53,59,   5.2200000000
2020,9,21,13,53,59,   5.2320000000
2020,9,21,13,53,59,   5.2280000000
2020,9,21,13,53,59,   5.2320000000
2020,9,21,13,54,0,   5.2320000000
2020,9,21,13,54,0,   5.2320000000
2020,9,21,13,54,0,   5.2320000000
2020,9,21,13,54,1,   5.2280000000
2020,9,21,13,54,1,   5.2320000000
2020,9,21,13,54,1,   5.2240000000
2020,9,21,13,54,1,   5.2280000000
2020,9,21,13,54,2,   5.2280000000
2020,9,21,13,54,2,   5.2320000000
2020,9,21,13,54,2,   5.2320000000
2020,9,21,13,54,2,   5.2320000000
2020,9,21,13,54,3,   5.2320000000
2020,9,21,13,54,3,   5.2320000000
2020,9,21,13,54,3,   5.2320000000
2020,9,21,13,54,3,   5.2320000000
2020,9,21,13,54,4,   5.2320000000
2020,9,21,13,54,4,   5.2200000000
2020,9,21,13,54,4,   5.2040000000
2020,9,21,13,54,4,   5.2080000000
2020,9,21,13,54,5,   5.2160000000
2020,9,21,13,54,5,   5.2320000000
2020,9,21,13,54,5,   5.2320000000
2020,9,21,13,54,5,   5.2280000000
2020,9,21,13,54,6,   5.2280000000
2020,9,21,13,54,6,   5.2320000000
2020,9,21,13,54,6,   5.2280000000
2020,9,21,13,54,7,   5.2320000000
2020,9,21,13,54,7,   5.2320000000
2020,9,21,13,54,7,   5.2280000000
2020,9,21,13,54,7,   5.2320000000
2020,9,21,13,54,8,   5.2320000000
2020,9,21,13,54,8,   5.2280000000
2020,9,21,13,54,8,   5.2280000000
2020,9,21,13,54,8,   5.2280000000
2020,9,21,13,54,9,   5.2360000000
2020,9,21,13,54,9,   5.2280000000
2020,9,21,13,54,9,   5.2320000000
2020,9,21,13,54,9,   5.2160000000
2020,9,21,13,54,10,   5.2200000000
2020,9,21,13,54,10,   5.2320000000
2020,9,21,13,54,10,   5.2320000000
2020,9,21,13,54,10,   5.2280000000
2020,9,21,13,54,11,   5.2320000000
2020,9,21,13,54,11,   5.2280000000
2020,9,21,13,54,11,   5.2320000000
2020,9,21,13,54,12,   5.2320000000
2020,9,21,13,54,12,   5.2320000000
2020,9,21,13,54,12,   5.2320000000
2020,9,21,13,54,12,   5.2280000000
2020,9,21,13,54,13,   5.2280000000
2020,9,21,13,54,13,   5.2320000000
2020,9,21,13,54,13,   5.2280000000
2020,9,21,13,54,13,   5.2280000000
2020,9,21,13,54,14,   5.2320000000
2020,9,21,13,54,14,   5.2320000000
2020,9,21,13,54,14,   5.0960000000
2020,9,21,13,54,14,   5.2120000000
2020,9,21,13,54,15,   5.2320000000
2020,9,21,13,54,15,   5.2280000000
2020,9,21,13,54,15,   5.2320000000
2020,9,21,13,54,15,   5.2320000000
2020,9,21,13,54,16,   5.2280000000
2020,9,21,13,54,16,   5.2320000000
2020,9,21,13,54,16,   5.2280000000
2020,9,21,13,54,16,   5.2320000000
2020,9,21,13,54,17,   5.2280000000
2020,9,21,13,54,17,   5.2240000000
2020,9,21,13,54,17,   5.2280000000
2020,9,21,13,54,18,   5.2320000000
2020,9,21,13,54,18,   5.2320000000
2020,9,21,13,54,18,   5.2320000000
2020,9,21,13,54,18,   5.2240000000
2020,9,21,13,54,19,   5.2320000000
2020,9,21,13,54,19,   5.2320000000
2020,9,21,13,54,19,   5.2320000000
2020,9,21,13,54,19,   5.2240000000
2020,9,21,13,54,20,   5.2200000000
2020,9,21,13,54,20,   5.2200000000
2020,9,21,13,54,20,   5.2280000000
2020,9,21,13,54,20,   5.2280000000
2020,9,21,13,54,21,   5.2280000000
2020,9,21,13,54,21,   5.2320000000
2020,9,21,13,54,21,   5.2320000000
2020,9,21,13,54,21,   5.2320000000
2020,9,21,13,54,22,   5.2320000000
2020,9,21,13,54,22,   5.2320000000
2020,9,21,13,54,22,   5.2360000000
2020,9,21,13,54,23,   5.2280000000
2020,9,21,13,54,23,   5.2120000000
2020,9,21,13,54,23,   5.2320000000
2020,9,21,13,54,23,   5.2320000000
2020,9,21,13,54,24,   5.2320000000
2020,9,21,13,54,24,   5.2280000000
2020,9,21,13,54,24,   5.2280000000
2020,9,21,13,54,24,   5.2280000000
2020,9,21,13,54,25,   5.2320000000
2020,9,21,13,54,25,   5.2320000000
2020,9,21,13,54,25,   5.1280000000
2020,9,21,13,54,25,   5.0880000000
2020,9,21,13,54,26,   5.2280000000
2020,9,21,13,54,26,   5.2320000000
2020,9,21,13,54,26,   5.2320000000
2020,9,21,13,54,26,   5.2320000000
2020,9,21,13,54,27,   5.2280000000
2020,9,21,13,54,27,   5.2320000000
2020,9,21,13,54,27,   5.2280000000
2020,9,21,13,54,27,   5.2280000000
2020,9,21,13,54,28,   5.2320000000
2020,9,21,13,54,28,   5.2280000000
2020,9,21,13,54,28,   5.2320000000
2020,9,21,13,54,29,   5.2320000000
2020,9,21,13,54,29,   5.2320000000
2020,9,21,13,54,29,   5.2320000000
2020,9,21,13,54,29,   5.2280000000
2020,9,21,13,54,30,   5.2320000000
2020,9,21,13,54,30,   5.2320000000
2020,9,21,13,54,30,   5.2320000000
2020,9,21,13,54,30,   5.2280000000
2020,9,21,13,54,31,   5.2320000000
2020,9,21,13,54,31,   5.2240000000
2020,9,21,13,54,31,   5.2160000000
2020,9,21,13,54,31,   5.2280000000
2020,9,21,13,54,32,   5.2320000000
2020,9,21,13,54,32,   5.2320000000
2020,9,21,13,54,32,   5.2280000000
2020,9,21,13,54,32,   5.2320000000
2020,9,21,13,54,33,   5.2280000000
2020,9,21,13,54,33,   5.2280000000
2020,9,21,13,54,33,   5.2320000000
2020,9,21,13,54,33,   5.2280000000
2020,9,21,13,54,34,   5.2320000000
2020,9,21,13,54,34,   5.2320000000
2020,9,21,13,54,34,   5.2320000000
2020,9,21,13,54,34,   5.2320000000
2020,9,21,13,54,35,   5.2320000000
2020,9,21,13,54,35,   5.2320000000
2020,9,21,13,54,35,   5.2200000000
2020,9,21,13,54,35,   5.2280000000
2020,9,21,13,54,36,   5.2280000000
2020,9,21,13,54,36,   5.2280000000
2020,9,21,13,54,36,   5.2200000000
2020,9,21,13,54,37,   5.2200000000
2020,9,21,13,54,37,   5.2240000000
2020,9,21,13,54,37,   5.2320000000
2020,9,21,13,54,37,   5.2280000000
2020,9,21,13,54,38,   5.2280000000
2020,9,21,13,54,38,   5.2320000000
2020,9,21,13,54,38,   5.2320000000
2020,9,21,13,54,38,   5.2280000000
2020,9,21,13,54,39,   5.2280000000
2020,9,21,13,54,39,   5.2280000000
2020,9,21,13,54,39,   5.2320000000
2020,9,21,13,54,39,   5.2360000000
2020,9,21,13,54,40,   5.2320000000
2020,9,21,13,54,40,   5.2280000000
2020,9,21,13,54,40,   5.2320000000
2020,9,21,13,54,40,   5.2280000000
2020,9,21,13,54,41,   5.2280000000
2020,9,21,13,54,41,   5.2320000000
2020,9,21,13,54,41,   5.2280000000
2020,9,21,13,54,41,   5.2280000000
2020,9,21,13,54,42,   5.2320000000
2020,9,21,13,54,42,   5.2200000000
2020,9,21,13,54,42,   5.2240000000
2020,9,21,13,54,42,   5.2320000000
2020,9,21,13,54,43,   5.2320000000
2020,9,21,13,54,43,   5.2320000000
2020,9,21,13,54,43,   5.2280000000
2020,9,21,13,54,44,   5.2280000000
2020,9,21,13,54,44,   5.2280000000
2020,9,21,13,54,44,   5.2280000000
2020,9,21,13,54,44,   5.2320000000
2020,9,21,13,54,45,   5.2280000000
2020,9,21,13,54,45,   5.2280000000
2020,9,21,13,54,45,   5.2280000000
2020,9,21,13,54,45,   5.2320000000
2020,9,21,13,54,46,   5.2280000000
2020,9,21,13,54,46,   5.2280000000
2020,9,21,13,54,46,   5.2240000000
2020,9,21,13,54,46,   5.2320000000
2020,9,21,13,54,47,   5.2320000000
2020,9,21,13,54,47,   5.2320000000
2020,9,21,13,54,47,   5.2320000000
2020,9,21,13,54,47,   5.2200000000
2020,9,21,13,54,48,   5.2200000000
2020,9,21,13,54,48,   5.2280000000
2020,9,21,13,54,48,   5.2280000000
2020,9,21,13,54,48,   5.2320000000
2020,9,21,13,54,49,   5.2320000000
2020,9,21,13,54,49,   5.2320000000
2020,9,21,13,54,49,   5.2280000000
2020,9,21,13,54,49,   5.2280000000
2020,9,21,13,54,50,   5.2320000000
2020,9,21,13,54,50,   5.2320000000
2020,9,21,13,54,50,   5.2280000000
2020,9,21,13,54,51,   5.2280000000
2020,9,21,13,54,51,   5.2320000000
2020,9,21,13,54,51,   5.2320000000
2020,9,21,13,54,51,   5.2320000000
2020,9,21,13,54,52,   5.2320000000
2020,9,21,13,54,52,   5.2280000000
2020,9,21,13,54,52,   5.2280000000
2020,9,21,13,54,52,   5.2320000000
2020,9,21,13,54,53,   5.2320000000
2020,9,21,13,54,53,   5.0800000000
2020,9,21,13,54,53,   5.0960000000
2020,9,21,13,54,53,   5.2240000000
2020,9,21,13,54,54,   5.2280000000
2020,9,21,13,54,54,   5.2280000000
2020,9,21,13,54,54,   5.2320000000
2020,9,21,13,54,54,   5.2240000000
2020,9,21,13,54,55,   5.2280000000
2020,9,21,13,54,55,   5.2320000000
2020,9,21,13,54,55,   5.2280000000
2020,9,21,13,54,55,   5.2280000000
2020,9,21,13,54,56,   5.2320000000
2020,9,21,13,54,56,   5.2320000000
2020,9,21,13,54,56,   5.2320000000
2020,9,21,13,54,56,   5.2320000000
2020,9,21,13,54,57,   5.2320000000
2020,9,21,13,54,57,   5.2320000000
2020,9,21,13,54,57,   5.2280000000
2020,9,21,13,54,57,   5.2320000000
2020,9,21,13,54,58,   5.2240000000
2020,9,21,13,54,58,   5.2280000000
2020,9,21,13,54,58,   5.2320000000
2020,9,21,13,54,59,   5.2160000000
2020,9,21,13,54,59,   5.2160000000
2020,9,21,13,54,59,   5.2320000000
2020,9,21,13,54,59,   5.2280000000
2020,9,21,13,55,0,   5.2320000000
2020,9,21,13,55,0,   5.2280000000
2020,9,21,13,55,0,   5.2320000000
2020,9,21,13,55,0,   5.2320000000
2020,9,21,13,55,1,   5.2280000000
2020,9,21,13,55,1,   5.2320000000
2020,9,21,13,55,1,   5.2280000000
2020,9,21,13,55,1,   5.2280000000
2020,9,21,13,55,2,   5.2320000000
2020,9,21,13,55,2,   5.2240000000
2020,9,21,13,55,2,   5.2320000000
2020,9,21,13,55,2,   5.2320000000
2020,9,21,13,55,3,   5.2320000000
2020,9,21,13,55,3,   5.2320000000
2020,9,21,13,55,3,   5.2280000000
2020,9,21,13,55,3,   5.2320000000
2020,9,21,13,55,4,   5.2320000000
2020,9,21,13,55,4,   5.2200000000
2020,9,21,13,55,4,   5.2200000000
2020,9,21,13,55,4,   5.2320000000
2020,9,21,13,55,5,   5.2320000000
2020,9,21,13,55,5,   5.2320000000
2020,9,21,13,55,5,   5.2320000000
2020,9,21,13,55,6,   5.2320000000
2020,9,21,13,55,6,   5.2320000000
2020,9,21,13,55,6,   5.2320000000
2020,9,21,13,55,6,   5.2280000000
2020,9,21,13,55,7,   5.2320000000
2020,9,21,13,55,7,   5.2280000000
2020,9,21,13,55,7,   5.2240000000
2020,9,21,13,55,7,   5.2320000000
2020,9,21,13,55,8,   5.2280000000
2020,9,21,13,55,8,   5.2280000000
2020,9,21,13,55,8,   5.2280000000
2020,9,21,13,55,8,   5.2320000000
2020,9,21,13,55,9,   5.2320000000
2020,9,21,13,55,9,   5.2280000000
2020,9,21,13,55,9,   5.2320000000
2020,9,21,13,55,9,   5.2200000000
2020,9,21,13,55,10,   5.2200000000
2020,9,21,13,55,10,   5.2280000000
2020,9,21,13,55,10,   5.2280000000
2020,9,21,13,55,10,   5.2320000000
2020,9,21,13,55,11,   5.2320000000
2020,9,21,13,55,11,   5.2280000000
2020,9,21,13,55,11,   5.2320000000
2020,9,21,13,55,11,   5.2320000000
2020,9,21,13,55,12,   5.2280000000
2020,9,21,13,55,12,   5.2280000000
2020,9,21,13,55,12,   5.2320000000
2020,9,21,13,55,13,   5.2320000000
2020,9,21,13,55,13,   5.2320000000
2020,9,21,13,55,13,   5.2320000000
2020,9,21,13,55,13,   5.2280000000
2020,9,21,13,55,14,   5.2280000000
2020,9,21,13,55,14,   5.2280000000
2020,9,21,13,55,14,   5.1800000000
2020,9,21,13,55,14,   5.2200000000
2020,9,21,13,55,15,   5.2320000000
2020,9,21,13,55,15,   5.2320000000
2020,9,21,13,55,15,   5.2280000000
2020,9,21,13,55,15,   5.2280000000
2020,9,21,13,55,16,   5.2280000000
2020,9,21,13,55,16,   5.2280000000
2020,9,21,13,55,16,   5.2200000000
2020,9,21,13,55,16,   5.2280000000
2020,9,21,13,55,17,   5.2280000000
2020,9,21,13,55,17,   5.2320000000
2020,9,21,13,55,17,   5.2320000000
2020,9,21,13,55,17,   5.2280000000
2020,9,21,13,55,18,   5.2280000000
2020,9,21,13,55,18,   5.2320000000
2020,9,21,13,55,18,   5.2280000000
2020,9,21,13,55,18,   5.2280000000
2020,9,21,13,55,19,   5.2320000000
2020,9,21,13,55,19,   5.2280000000
2020,9,21,13,55,19,   5.2320000000
2020,9,21,13,55,20,   5.2280000000
2020,9,21,13,55,20,   5.2160000000
2020,9,21,13,55,20,   5.2200000000
2020,9,21,13,55,20,   5.2280000000
2020,9,21,13,55,21,   5.2280000000
2020,9,21,13,55,21,   5.2240000000
2020,9,21,13,55,21,   5.2320000000
2020,9,21,13,55,21,   5.2320000000
2020,9,21,13,55,22,   5.2280000000
2020,9,21,13,55,22,   5.2280000000
2020,9,21,13,55,22,   5.2320000000
2020,9,21,13,55,22,   5.2280000000
2020,9,21,13,55,23,   5.2320000000
2020,9,21,13,55,23,   5.2320000000
2020,9,21,13,55,23,   5.2320000000
2020,9,21,13,55,23,   5.2320000000
2020,9,21,13,55,24,   5.2280000000
2020,9,21,13,55,24,   5.2280000000
2020,9,21,13,55,24,   5.2280000000
2020,9,21,13,55,24,   5.2320000000
2020,9,21,13,55,25,   5.2320000000
2020,9,21,13,55,25,   5.2280000000
2020,9,21,13,55,25,   5.2120000000
2020,9,21,13,55,25,   5.2200000000
2020,9,21,13,55,26,   5.2280000000
2020,9,21,13,55,26,   5.2280000000
2020,9,21,13,55,26,   5.2320000000
2020,9,21,13,55,27,   5.2280000000
2020,9,21,13,55,27,   5.2320000000
2020,9,21,13,55,27,   5.2320000000
2020,9,21,13,55,27,   5.2280000000
2020,9,21,13,55,28,   5.2280000000
2020,9,21,13,55,28,   5.2280000000
2020,9,21,13,55,28,   5.2320000000
2020,9,21,13,55,28,   5.2280000000
2020,9,21,13,55,29,   5.2320000000
2020,9,21,13,55,29,   5.2320000000
2020,9,21,13,55,29,   5.2280000000
2020,9,21,13,55,29,   5.2280000000
2020,9,21,13,55,30,   5.2280000000
2020,9,21,13,55,30,   5.2280000000
2020,9,21,13,55,30,   5.2280000000
2020,9,21,13,55,30,   5.2320000000
2020,9,21,13,55,31,   5.2160000000
2020,9,21,13,55,31,   5.2160000000
2020,9,21,13,55,31,   5.2320000000
2020,9,21,13,55,32,   5.2320000000
2020,9,21,13,55,32,   5.2280000000
2020,9,21,13,55,32,   5.2320000000
2020,9,21,13,55,32,   5.2320000000
2020,9,21,13,55,33,   5.2320000000
2020,9,21,13,55,33,   5.2280000000
2020,9,21,13,55,33,   5.2320000000
2020,9,21,13,55,33,   5.2280000000
2020,9,21,13,55,34,   5.2320000000
2020,9,21,13,55,34,   5.2280000000
2020,9,21,13,55,34,   5.2280000000
2020,9,21,13,55,34,   5.2320000000
2020,9,21,13,55,35,   5.2320000000
2020,9,21,13,55,35,   5.2320000000
2020,9,21,13,55,35,   5.2280000000
2020,9,21,13,55,35,   5.2320000000
2020,9,21,13,55,36,   5.2320000000
2020,9,21,13,55,36,   5.2320000000
2020,9,21,13,55,36,   5.2240000000
2020,9,21,13,55,37,   5.2240000000
2020,9,21,13,55,37,   5.2320000000
2020,9,21,13,55,37,   5.2280000000
2020,9,21,13,55,37,   5.2320000000
2020,9,21,13,55,38,   5.2320000000
2020,9,21,13,55,38,   5.2320000000
2020,9,21,13,55,38,   5.2280000000
2020,9,21,13,55,38,   5.2320000000
2020,9,21,13,55,39,   5.2320000000
2020,9,21,13,55,39,   5.2320000000
2020,9,21,13,55,39,   5.2280000000
2020,9,21,13,55,39,   5.2320000000
2020,9,21,13,55,40,   5.2320000000
2020,9,21,13,55,40,   5.2280000000
2020,9,21,13,55,40,   5.2320000000
2020,9,21,13,55,40,   5.2320000000
2020,9,21,13,55,41,   5.2320000000
2020,9,21,13,55,41,   5.2320000000
2020,9,21,13,55,41,   5.2320000000
2020,9,21,13,55,41,   5.2280000000
2020,9,21,13,55,42,   5.2160000000
2020,9,21,13,55,42,   5.2120000000
2020,9,21,13,55,42,   5.2280000000
2020,9,21,13,55,43,   5.2320000000
2020,9,21,13,55,43,   5.2320000000
2020,9,21,13,55,43,   5.2280000000
2020,9,21,13,55,43,   5.2280000000
2020,9,21,13,55,44,   5.2320000000
2020,9,21,13,55,44,   5.2280000000
2020,9,21,13,55,44,   5.2280000000
2020,9,21,13,55,44,   5.2280000000
2020,9,21,13,55,45,   5.2320000000
2020,9,21,13,55,45,   5.2320000000
2020,9,21,13,55,45,   5.2320000000
2020,9,21,13,55,45,   5.2280000000
2020,9,21,13,55,46,   5.2280000000
2020,9,21,13,55,46,   5.2280000000
2020,9,21,13,55,46,   5.2280000000
2020,9,21,13,55,46,   5.2320000000
2020,9,21,13,55,47,   5.2320000000
2020,9,21,13,55,47,   5.2320000000
2020,9,21,13,55,47,   5.2280000000
2020,9,21,13,55,47,   5.2200000000
2020,9,21,13,55,48,   5.2200000000
2020,9,21,13,55,48,   5.2320000000
2020,9,21,13,55,48,   5.2320000000
2020,9,21,13,55,48,   5.2280000000
2020,9,21,13,55,49,   5.2280000000
2020,9,21,13,55,49,   5.2280000000
2020,9,21,13,55,49,   5.2320000000
2020,9,21,13,55,50,   5.2320000000
2020,9,21,13,55,50,   5.2320000000
2020,9,21,13,55,50,   5.2280000000
2020,9,21,13,55,50,   5.2280000000
2020,9,21,13,55,51,   5.2320000000
2020,9,21,13,55,51,   5.2240000000
2020,9,21,13,55,51,   5.2320000000
2020,9,21,13,55,51,   5.2280000000
2020,9,21,13,55,52,   5.2320000000
2020,9,21,13,55,52,   5.2320000000
2020,9,21,13,55,52,   5.2320000000
2020,9,21,13,55,52,   5.2320000000
2020,9,21,13,55,53,   5.2320000000
2020,9,21,13,55,53,   5.2120000000
2020,9,21,13,55,53,   5.2200000000
2020,9,21,13,55,53,   5.2320000000
2020,9,21,13,55,54,   5.2320000000
2020,9,21,13,55,54,   5.2320000000
2020,9,21,13,55,54,   5.2320000000
2020,9,21,13,55,54,   5.2320000000
2020,9,21,13,55,55,   5.2320000000
2020,9,21,13,55,55,   5.2320000000
2020,9,21,13,55,55,   5.2240000000
2020,9,21,13,55,55,   5.2320000000
2020,9,21,13,55,56,   5.2320000000
2020,9,21,13,55,56,   5.2320000000
2020,9,21,13,55,56,   5.2320000000
2020,9,21,13,55,57,   5.2320000000
2020,9,21,13,55,57,   5.2320000000
2020,9,21,13,55,57,   5.2320000000
2020,9,21,13,55,57,   5.2320000000
2020,9,21,13,55,58,   5.2320000000
2020,9,21,13,55,58,   5.2280000000
2020,9,21,13,55,58,   5.2320000000
2020,9,21,13,55,58,   5.2320000000
2020,9,21,13,55,59,   5.2160000000
2020,9,21,13,55,59,   5.2120000000
2020,9,21,13,55,59,   5.2280000000
2020,9,21,13,55,59,   5.2280000000
2020,9,21,13,56,0,   5.2280000000
2020,9,21,13,56,0,   5.2280000000
2020,9,21,13,56,0,   5.2280000000
2020,9,21,13,56,0,   5.2320000000
2020,9,21,13,56,1,   5.2320000000
2020,9,21,13,56,1,   5.2320000000
2020,9,21,13,56,1,   5.2320000000
2020,9,21,13,56,1,   5.2280000000
2020,9,21,13,56,2,   5.2280000000
2020,9,21,13,56,2,   5.2280000000
2020,9,21,13,56,2,   5.2280000000
2020,9,21,13,56,2,   5.2280000000
2020,9,21,13,56,3,   5.2280000000
2020,9,21,13,56,3,   5.2240000000
2020,9,21,13,56,3,   5.2320000000
2020,9,21,13,56,4,   5.2320000000
2020,9,21,13,56,4,   5.2280000000
2020,9,21,13,56,4,   5.2160000000
2020,9,21,13,56,4,   5.2160000000
2020,9,21,13,56,5,   5.2320000000
2020,9,21,13,56,5,   5.2280000000
2020,9,21,13,56,5,   5.2160000000
2020,9,21,13,56,5,   5.2280000000
2020,9,21,13,56,6,   5.2320000000
2020,9,21,13,56,6,   5.2280000000
2020,9,21,13,56,6,   5.2320000000
2020,9,21,13,56,6,   5.2320000000
2020,9,21,13,56,7,   5.2320000000
2020,9,21,13,56,7,   5.2320000000
2020,9,21,13,56,7,   5.2320000000
2020,9,21,13,56,7,   5.2320000000
2020,9,21,13,56,8,   5.2320000000
2020,9,21,13,56,8,   5.2280000000
2020,9,21,13,56,8,   5.2320000000
2020,9,21,13,56,8,   5.2280000000
2020,9,21,13,56,9,   5.2320000000
2020,9,21,13,56,9,   5.2320000000
2020,9,21,13,56,9,   5.2320000000
2020,9,21,13,56,9,   5.2200000000
2020,9,21,13,56,10,   5.2240000000
2020,9,21,13,56,10,   5.2280000000
2020,9,21,13,56,10,   5.2320000000
2020,9,21,13,56,11,   5.2280000000
2020,9,21,13,56,11,   5.2280000000
2020,9,21,13,56,11,   5.2280000000
2020,9,21,13,56,11,   5.2320000000
2020,9,21,13,56,12,   5.2320000000
2020,9,21,13,56,12,   5.2320000000
2020,9,21,13,56,12,   5.2320000000
2020,9,21,13,56,12,   5.2280000000
2020,9,21,13,56,13,   5.2320000000
2020,9,21,13,56,13,   5.2280000000
2020,9,21,13,56,13,   5.2280000000
2020,9,21,13,56,13,   5.2320000000
2020,9,21,13,56,14,   5.2280000000
2020,9,21,13,56,14,   5.2320000000
2020,9,21,13,56,14,   5.2160000000
2020,9,21,13,56,14,   5.2160000000
2020,9,21,13,56,15,   5.2280000000
2020,9,21,13,56,15,   5.2280000000
2020,9,21,13,56,15,   5.2320000000
2020,9,21,13,56,15,   5.2280000000
2020,9,21,13,56,16,   5.2320000000
2020,9,21,13,56,16,   5.2320000000
2020,9,21,13,56,16,   5.2320000000
2020,9,21,13,56,16,   5.2320000000
2020,9,21,13,56,17,   5.2320000000
2020,9,21,13,56,17,   5.2320000000
2020,9,21,13,56,17,   5.2320000000
2020,9,21,13,56,18,   5.2320000000
2020,9,21,13,56,18,   5.2280000000
2020,9,21,13,56,18,   5.2280000000
2020,9,21,13,56,18,   5.2280000000
2020,9,21,13,56,19,   5.2320000000
2020,9,21,13,56,19,   5.2320000000
2020,9,21,13,56,19,   5.2280000000
2020,9,21,13,56,19,   5.2240000000
2020,9,21,13,56,20,   5.0880000000
2020,9,21,13,56,20,   5.2160000000
2020,9,21,13,56,20,   5.2160000000
2020,9,21,13,56,20,   5.2280000000
2020,9,21,13,56,21,   5.2320000000
2020,9,21,13,56,21,   5.2320000000
2020,9,21,13,56,21,   5.2280000000
2020,9,21,13,56,21,   5.2320000000
2020,9,21,13,56,22,   5.2320000000
2020,9,21,13,56,22,   5.2320000000
2020,9,21,13,56,22,   5.2320000000
2020,9,21,13,56,22,   5.2280000000
2020,9,21,13,56,23,   5.2320000000
2020,9,21,13,56,23,   5.2240000000
2020,9,21,13,56,23,   5.2320000000
2020,9,21,13,56,23,   5.2280000000
2020,9,21,13,56,24,   5.2320000000
2020,9,21,13,56,24,   5.2320000000
2020,9,21,13,56,24,   5.2320000000
2020,9,21,13,56,25,   5.2280000000
2020,9,21,13,56,25,   5.2280000000
2020,9,21,13,56,25,   5.2280000000
2020,9,21,13,56,25,   5.2200000000
2020,9,21,13,56,26,   5.0920000000
2020,9,21,13,56,26,   5.2320000000
2020,9,21,13,56,26,   5.2320000000
2020,9,21,13,56,26,   5.2360000000
2020,9,21,13,56,27,   5.2280000000
2020,9,21,13,56,27,   5.2320000000
2020,9,21,13,56,27,   5.2280000000
2020,9,21,13,56,27,   5.2320000000
2020,9,21,13,56,28,   5.2280000000
2020,9,21,13,56,28,   5.2280000000
2020,9,21,13,56,28,   5.2320000000
2020,9,21,13,56,28,   5.2320000000
2020,9,21,13,56,29,   5.2320000000
2020,9,21,13,56,29,   5.2280000000
2020,9,21,13,56,29,   5.2320000000
2020,9,21,13,56,29,   5.2320000000
2020,9,21,13,56,30,   5.2320000000
2020,9,21,13,56,30,   5.2320000000
2020,9,21,13,56,30,   5.2320000000
2020,9,21,13,56,30,   5.2240000000
2020,9,21,13,56,31,   5.2160000000
2020,9,21,13,56,31,   5.2160000000
2020,9,21,13,56,31,   5.2320000000
2020,9,21,13,56,31,   5.2280000000
2020,9,21,13,56,32,   5.2280000000
2020,9,21,13,56,32,   5.2280000000
2020,9,21,13,56,32,   5.2280000000
2020,9,21,13,56,33,   5.2320000000
2020,9,21,13,56,33,   5.2280000000
2020,9,21,13,56,33,   5.2320000000
2020,9,21,13,56,33,   5.2320000000
2020,9,21,13,56,34,   5.2320000000
2020,9,21,13,56,34,   5.2320000000
2020,9,21,13,56,34,   5.2320000000
2020,9,21,13,56,34,   5.2320000000
2020,9,21,13,56,35,   5.2280000000
2020,9,21,13,56,35,   5.2320000000
2020,9,21,13,56,35,   5.2320000000
2020,9,21,13,56,35,   5.2200000000
2020,9,21,13,56,36,   5.2320000000
2020,9,21,13,56,36,   5.2320000000
2020,9,21,13,56,36,   5.2280000000
2020,9,21,13,56,36,   5.2160000000
2020,9,21,13,56,37,   5.2280000000
2020,9,21,13,56,37,   5.2320000000
2020,9,21,13,56,37,   5.2320000000
2020,9,21,13,56,38,   5.2320000000
2020,9,21,13,56,38,   5.2320000000
2020,9,21,13,56,38,   5.2320000000
2020,9,21,13,56,38,   5.2320000000
2020,9,21,13,56,39,   5.2320000000
2020,9,21,13,56,39,   5.2280000000
2020,9,21,13,56,39,   5.2240000000
2020,9,21,13,56,39,   5.2280000000
2020,9,21,13,56,40,   5.2320000000
2020,9,21,13,56,40,   5.2320000000
2020,9,21,13,56,40,   5.2320000000
2020,9,21,13,56,40,   5.2320000000
2020,9,21,13,56,41,   5.2320000000
2020,9,21,13,56,41,   5.2280000000
2020,9,21,13,56,41,   5.2280000000
2020,9,21,13,56,41,   5.2280000000
2020,9,21,13,56,42,   5.2280000000
2020,9,21,13,56,42,   5.2160000000
2020,9,21,13,56,42,   5.2120000000
2020,9,21,13,56,42,   5.2320000000
2020,9,21,13,56,43,   5.2320000000
2020,9,21,13,56,43,   5.2320000000
2020,9,21,13,56,43,   5.2280000000
2020,9,21,13,56,43,   5.2320000000
2020,9,21,13,56,44,   5.2320000000
2020,9,21,13,56,44,   5.2320000000
2020,9,21,13,56,44,   5.2280000000
2020,9,21,13,56,45,   5.2280000000
2020,9,21,13,56,45,   5.2280000000
2020,9,21,13,56,45,   5.2320000000
2020,9,21,13,56,45,   5.2320000000
2020,9,21,13,56,46,   5.2320000000
2020,9,21,13,56,46,   5.2320000000
2020,9,21,13,56,46,   5.2320000000
2020,9,21,13,56,46,   5.2280000000
2020,9,21,13,56,47,   5.2280000000
2020,9,21,13,56,47,   5.2280000000
2020,9,21,13,56,47,   5.2320000000
2020,9,21,13,56,47,   5.2200000000
2020,9,21,13,56,48,   5.2200000000
2020,9,21,13,56,48,   5.2320000000
2020,9,21,13,56,48,   5.2280000000
2020,9,21,13,56,48,   5.2280000000
2020,9,21,13,56,49,   5.2320000000
2020,9,21,13,56,49,   5.2320000000
2020,9,21,13,56,49,   5.2320000000
2020,9,21,13,56,49,   5.2200000000
2020,9,21,13,56,50,   5.2320000000
2020,9,21,13,56,50,   5.2320000000
2020,9,21,13,56,50,   5.2320000000
2020,9,21,13,56,50,   5.2320000000
2020,9,21,13,56,51,   5.2280000000
2020,9,21,13,56,51,   5.2320000000
2020,9,21,13,56,51,   5.2320000000
2020,9,21,13,56,52,   5.2320000000
2020,9,21,13,56,52,   5.2320000000
