2020,9,21,13,12,0, -42.5806000000
2020,9,21,13,12,1, 102.5806000000
2020,9,21,13,12,1,  68.3871000000
2020,9,21,13,12,1, 131.2903000000
2020,9,21,13,12,1,  45.8065000000
2020,9,21,13,12,2, 125.8065000000
2020,9,21,13,12,2, -50.0000000000
2020,9,21,13,12,2, -10.6452000000
2020,9,21,13,12,3,  69.3548000000
2020,9,21,13,12,3,  10.6452000000
2020,9,21,13,12,3,  58.0645000000
2020,9,21,13,12,3,  -3.2258000000
2020,9,21,13,12,4,  65.1613000000
2020,9,21,13,12,4,   0.6452000000
2020,9,21,13,12,4,  51.2903000000
2020,9,21,13,12,4,  55.4839000000
2020,9,21,13,12,5,   0.3226000000
2020,9,21,13,12,5, 116.7742000000
2020,9,21,13,12,5, 112.9032000000
2020,9,21,13,12,5, -49.0323000000
2020,9,21,13,12,6,  89.3548000000
2020,9,21,13,12,6, -28.3871000000
2020,9,21,13,12,6,  89.6774000000
2020,9,21,13,12,6, -28.7097000000
2020,9,21,13,12,7, -50.0000000000
2020,9,21,13,12,7, 102.2581000000
2020,9,21,13,12,7, -31.2903000000
2020,9,21,13,12,7, 107.0968000000
2020,9,21,13,12,8,   9.3548000000
2020,9,21,13,12,8,  55.1613000000
2020,9,21,13,12,8, -28.0645000000
2020,9,21,13,12,8, 101.2903000000
2020,9,21,13,12,9, -46.4516000000
2020,9,21,13,12,9, 100.3226000000
2020,9,21,13,12,9, -39.6774000000
2020,9,21,13,12,10,  98.3871000000
2020,9,21,13,12,10, -44.8387000000
2020,9,21,13,12,10,  89.6774000000
2020,9,21,13,12,10, -25.4839000000
2020,9,21,13,12,11, 105.8065000000
2020,9,21,13,12,11, -50.0000000000
2020,9,21,13,12,11, 130.3226000000
2020,9,21,13,12,11,  42.5806000000
2020,9,21,13,12,12,  81.9355000000
2020,9,21,13,12,12, -50.0000000000
2020,9,21,13,12,12, 122.5806000000
2020,9,21,13,12,12, -50.0000000000
2020,9,21,13,12,13,  43.2258000000
2020,9,21,13,12,13, -50.0000000000
2020,9,21,13,12,13, 132.9032000000
2020,9,21,13,12,13,  -2.2581000000
2020,9,21,13,12,14,  -9.6774000000
2020,9,21,13,12,14,  75.1613000000
2020,9,21,13,12,14, -16.7742000000
2020,9,21,13,12,14,  70.6452000000
2020,9,21,13,12,15, -12.5806000000
2020,9,21,13,12,15,  73.8710000000
2020,9,21,13,12,15, -50.0000000000
2020,9,21,13,12,15, 140.6452000000
2020,9,21,13,12,16, -50.0000000000
2020,9,21,13,12,16, 132.5806000000
2020,9,21,13,12,16,  84.1935000000
2020,9,21,13,12,16,  77.4194000000
2020,9,21,13,12,17, -44.8387000000
2020,9,21,13,12,17, 113.5484000000
2020,9,21,13,12,17, -50.0000000000
2020,9,21,13,12,18, 125.4839000000
2020,9,21,13,12,18, -50.0000000000
2020,9,21,13,12,18,  -0.6452000000
2020,9,21,13,12,18,  90.0000000000
2020,9,21,13,12,19, 115.8065000000
2020,9,21,13,12,19, -49.0323000000
2020,9,21,13,12,19, -50.0000000000
2020,9,21,13,12,19, 137.4194000000
2020,9,21,13,12,20, -50.0000000000
2020,9,21,13,12,20, 138.7097000000
2020,9,21,13,12,20, -50.0000000000
2020,9,21,13,12,20, 126.7742000000
2020,9,21,13,12,21, -50.0000000000
2020,9,21,13,12,21, 109.0323000000
2020,9,21,13,12,21,  60.6452000000
2020,9,21,13,12,21,  -7.7419000000
2020,9,21,13,12,22, -50.0000000000
2020,9,21,13,12,22,  22.2581000000
2020,9,21,13,12,22, -31.2903000000
2020,9,21,13,12,22, 108.3871000000
2020,9,21,13,12,23, -50.0000000000
2020,9,21,13,12,23, 123.2258000000
2020,9,21,13,12,23, -50.0000000000
2020,9,21,13,12,23, -50.0000000000
2020,9,21,13,12,24, -12.2581000000
2020,9,21,13,12,24,  94.5161000000
2020,9,21,13,12,24, -50.0000000000
2020,9,21,13,12,25, 127.7419000000
2020,9,21,13,12,25, -50.0000000000
2020,9,21,13,12,25, 135.1613000000
2020,9,21,13,12,25, -50.0000000000
2020,9,21,13,12,26, 134.5161000000
2020,9,21,13,12,26, -49.0323000000
2020,9,21,13,12,26, 124.1935000000
2020,9,21,13,12,26, -50.0000000000
2020,9,21,13,12,27, 129.0323000000
2020,9,21,13,12,27, -50.0000000000
2020,9,21,13,12,27, -50.0000000000
2020,9,21,13,12,27,  86.4516000000
2020,9,21,13,12,28, -34.5161000000
2020,9,21,13,12,28,  71.2903000000
2020,9,21,13,12,28, -16.1290000000
2020,9,21,13,12,28,  72.9032000000
2020,9,21,13,12,29, -21.9355000000
2020,9,21,13,12,29,  79.6774000000
2020,9,21,13,12,29, -50.0000000000
2020,9,21,13,12,29, 121.9355000000
2020,9,21,13,12,30, -50.0000000000
2020,9,21,13,12,30,  -1.9355000000
2020,9,21,13,12,30,  80.6452000000
2020,9,21,13,12,30, -33.8710000000
2020,9,21,13,12,31, 112.2581000000
2020,9,21,13,12,31, -50.0000000000
2020,9,21,13,12,31, 118.7097000000
2020,9,21,13,12,31, -50.0000000000
2020,9,21,13,12,32, 115.1613000000
2020,9,21,13,12,32,  -5.8065000000
2020,9,21,13,12,32,  63.5484000000
2020,9,21,13,12,33, -41.2903000000
2020,9,21,13,12,33, 113.8710000000
2020,9,21,13,12,33, -50.0000000000
2020,9,21,13,12,33, 127.7419000000
2020,9,21,13,12,34, -24.8387000000
2020,9,21,13,12,34,  73.2258000000
2020,9,21,13,12,34, -17.4194000000
2020,9,21,13,12,34,  75.1613000000
2020,9,21,13,12,35, -50.0000000000
2020,9,21,13,12,35, 119.3548000000
2020,9,21,13,12,35,  59.0323000000
2020,9,21,13,12,35, -38.0645000000
2020,9,21,13,12,36, 107.7419000000
2020,9,21,13,12,36,  96.7742000000
2020,9,21,13,12,36, -50.0000000000
2020,9,21,13,12,36, 124.8387000000
2020,9,21,13,12,37, -50.0000000000
2020,9,21,13,12,37, 138.0645000000
2020,9,21,13,12,37, -50.0000000000
2020,9,21,13,12,37, 130.3226000000
2020,9,21,13,12,38,  41.9355000000
2020,9,21,13,12,38, -35.8065000000
2020,9,21,13,12,38, 112.2581000000
2020,9,21,13,12,38, -50.0000000000
2020,9,21,13,12,39, 125.4839000000
2020,9,21,13,12,39, -50.0000000000
2020,9,21,13,12,39, 124.8387000000
2020,9,21,13,12,40, -50.0000000000
2020,9,21,13,12,40, 126.7742000000
2020,9,21,13,12,40, -50.0000000000
2020,9,21,13,12,40, -13.2258000000
2020,9,21,13,12,41, -50.0000000000
2020,9,21,13,12,41, 146.1290000000
2020,9,21,13,12,41,  13.2258000000
2020,9,21,13,12,41, -28.3871000000
2020,9,21,13,12,42,  52.9032000000
2020,9,21,13,12,42,  24.1935000000
2020,9,21,13,12,42,  79.3548000000
2020,9,21,13,12,42, -47.0968000000
2020,9,21,13,12,43, 122.5806000000
2020,9,21,13,12,43, -40.6452000000
2020,9,21,13,12,43,  88.3871000000
2020,9,21,13,12,43, -29.3548000000
2020,9,21,13,12,44,  84.8387000000
2020,9,21,13,12,44, -30.3226000000
2020,9,21,13,12,44,  83.8710000000
2020,9,21,13,12,44, -31.2903000000
2020,9,21,13,12,45,  92.9032000000
2020,9,21,13,12,45, 135.1613000000
2020,9,21,13,12,45,  53.2258000000
2020,9,21,13,12,45, -36.4516000000
2020,9,21,13,12,46, -50.0000000000
2020,9,21,13,12,46,  93.2258000000
2020,9,21,13,12,46,  60.0000000000
2020,9,21,13,12,46,  -1.6129000000
2020,9,21,13,12,47,  14.8387000000
2020,9,21,13,12,47,  -0.3226000000
2020,9,21,13,12,47,  28.3871000000
2020,9,21,13,12,48,   1.2903000000
2020,9,21,13,12,48,  49.6774000000
2020,9,21,13,12,48,  10.6452000000
2020,9,21,13,12,48, -22.5806000000
2020,9,21,13,12,49,  72.5806000000
2020,9,21,13,12,49, -23.2258000000
2020,9,21,13,12,49,  69.3548000000
2020,9,21,13,12,49,   5.8065000000
2020,9,21,13,12,50,  35.4839000000
2020,9,21,13,12,50,  89.3548000000
2020,9,21,13,12,50, -27.7419000000
2020,9,21,13,12,50, 103.8710000000
2020,9,21,13,12,51, -17.0968000000
2020,9,21,13,12,51,  61.6129000000
2020,9,21,13,12,51, -35.1613000000
2020,9,21,13,12,51, -50.0000000000
2020,9,21,13,12,52,   9.6774000000
2020,9,21,13,12,52, 121.9355000000
2020,9,21,13,12,52, -50.0000000000
2020,9,21,13,12,53, -50.0000000000
2020,9,21,13,12,53, 130.3226000000
2020,9,21,13,12,53, -15.1613000000
2020,9,21,13,12,53, -20.6452000000
2020,9,21,13,12,54,  82.2581000000
2020,9,21,13,12,54,  56.4516000000
2020,9,21,13,12,54, -34.5161000000
2020,9,21,13,12,54, -10.0000000000
2020,9,21,13,12,55, 130.6452000000
2020,9,21,13,12,55, -47.7419000000
2020,9,21,13,12,55, -50.0000000000
2020,9,21,13,12,55, 111.6129000000
2020,9,21,13,12,56, -40.6452000000
2020,9,21,13,12,56, -50.0000000000
2020,9,21,13,12,56, -50.0000000000
2020,9,21,13,12,57,  61.6129000000
2020,9,21,13,12,57,  76.1290000000
2020,9,21,13,12,57, -44.1935000000
2020,9,21,13,12,57, 118.3871000000
2020,9,21,13,12,58, -46.7742000000
2020,9,21,13,12,58, 117.0968000000
2020,9,21,13,12,58,  85.8065000000
2020,9,21,13,12,58, -50.0000000000
2020,9,21,13,12,59,  97.0968000000
2020,9,21,13,12,59, -38.3871000000
2020,9,21,13,12,59,  92.2581000000
2020,9,21,13,12,59, -43.8710000000
2020,9,21,13,13,0, 113.8710000000
2020,9,21,13,13,0, -50.0000000000
2020,9,21,13,13,0, 142.9032000000
2020,9,21,13,13,0, -50.0000000000
2020,9,21,13,13,1,  70.0000000000
2020,9,21,13,13,1, -42.2581000000
2020,9,21,13,13,1, -42.5806000000
2020,9,21,13,13,1, 118.0645000000
2020,9,21,13,13,2, -42.5806000000
2020,9,21,13,13,2, 118.7097000000
2020,9,21,13,13,2, 114.8387000000
2020,9,21,13,13,2, -50.0000000000
2020,9,21,13,13,3, 138.3871000000
2020,9,21,13,13,3, -50.0000000000
2020,9,21,13,13,3, 137.0968000000
2020,9,21,13,13,4,  25.8065000000
2020,9,21,13,13,4,  81.2903000000
2020,9,21,13,13,4, -40.3226000000
2020,9,21,13,13,4, 107.4194000000
2020,9,21,13,13,5, -50.0000000000
2020,9,21,13,13,5, 124.5161000000
2020,9,21,13,13,5, -50.0000000000
2020,9,21,13,13,5, 125.8065000000
2020,9,21,13,13,6, -20.6452000000
2020,9,21,13,13,6,  97.4194000000
2020,9,21,13,13,6, 130.9677000000
2020,9,21,13,13,6, -26.7742000000
2020,9,21,13,13,7, -22.9032000000
2020,9,21,13,13,7,  98.3871000000
2020,9,21,13,13,7, -39.0323000000
2020,9,21,13,13,7, 102.5806000000
2020,9,21,13,13,8, -50.0000000000
2020,9,21,13,13,8, 143.5484000000
2020,9,21,13,13,8,  -8.7097000000
2020,9,21,13,13,8, -28.0645000000
2020,9,21,13,13,9, 100.0000000000
2020,9,21,13,13,9, -38.0645000000
2020,9,21,13,13,9,  93.8710000000
2020,9,21,13,13,9, -34.1935000000
2020,9,21,13,13,10, -50.0000000000
2020,9,21,13,13,10, 137.0968000000
2020,9,21,13,13,10, -50.0000000000
2020,9,21,13,13,11, 127.0968000000
2020,9,21,13,13,11, 112.9032000000
2020,9,21,13,13,11, -50.0000000000
2020,9,21,13,13,11, 114.8387000000
2020,9,21,13,13,12, -50.0000000000
2020,9,21,13,13,12, 130.3226000000
2020,9,21,13,13,12, -50.0000000000
2020,9,21,13,13,12, 139.3548000000
2020,9,21,13,13,13, -50.0000000000
2020,9,21,13,13,13, 111.9355000000
2020,9,21,13,13,13,  68.7097000000
2020,9,21,13,13,13, -35.1613000000
2020,9,21,13,13,14,  69.0323000000
2020,9,21,13,13,14, -39.0323000000
2020,9,21,13,13,14, 120.3226000000
2020,9,21,13,13,14, -35.1613000000
2020,9,21,13,13,15, 115.1613000000
2020,9,21,13,13,15, -50.0000000000
2020,9,21,13,13,15, 124.8387000000
2020,9,21,13,13,15, -50.0000000000
2020,9,21,13,13,16,  64.5161000000
2020,9,21,13,13,16, -40.0000000000
2020,9,21,13,13,16, 120.9677000000
2020,9,21,13,13,16, -50.0000000000
2020,9,21,13,13,17,  88.7097000000
2020,9,21,13,13,17,  67.4194000000
2020,9,21,13,13,17, -29.0323000000
2020,9,21,13,13,17,  88.7097000000
2020,9,21,13,13,18, -29.0323000000
2020,9,21,13,13,18,  79.6774000000
2020,9,21,13,13,18, -29.6774000000
2020,9,21,13,13,19, 110.0000000000
2020,9,21,13,13,19, -50.0000000000
2020,9,21,13,13,19, 109.0323000000
2020,9,21,13,13,19,  68.7097000000
2020,9,21,13,13,20, -43.2258000000
2020,9,21,13,13,20, 118.0645000000
2020,9,21,13,13,20, -50.0000000000
2020,9,21,13,13,20, 116.4516000000
2020,9,21,13,13,21,  98.7097000000
2020,9,21,13,13,21,  -0.9677000000
2020,9,21,13,13,21,  91.2903000000
2020,9,21,13,13,21, -48.3871000000
2020,9,21,13,13,22, 106.4516000000
2020,9,21,13,13,22, 121.9355000000
2020,9,21,13,13,22,  -1.9355000000
2020,9,21,13,13,22,  53.2258000000
2020,9,21,13,13,23,  92.2581000000
2020,9,21,13,13,23, -50.0000000000
2020,9,21,13,13,23,  37.7419000000
2020,9,21,13,13,23,  74.5161000000
2020,9,21,13,13,24, 100.6452000000
2020,9,21,13,13,24, -50.0000000000
2020,9,21,13,13,24, -50.0000000000
2020,9,21,13,13,25, -10.0000000000
2020,9,21,13,13,25, -25.1613000000
2020,9,21,13,13,25, 108.0645000000
2020,9,21,13,13,25, -50.0000000000
2020,9,21,13,13,26, 120.0000000000
2020,9,21,13,13,26, 133.5484000000
2020,9,21,13,13,26, -50.0000000000
2020,9,21,13,13,26,  -3.5484000000
2020,9,21,13,13,27,  93.2258000000
2020,9,21,13,13,27, -50.0000000000
2020,9,21,13,13,27, 111.9355000000
2020,9,21,13,13,27, -49.0323000000
2020,9,21,13,13,28, 110.9677000000
2020,9,21,13,13,28, -48.3871000000
2020,9,21,13,13,28, 107.7419000000
2020,9,21,13,13,28, -49.0323000000
2020,9,21,13,13,29,  99.0323000000
2020,9,21,13,13,29, 137.0968000000
2020,9,21,13,13,29, -40.9677000000
2020,9,21,13,13,29,  96.7742000000
2020,9,21,13,13,30, -35.4839000000
2020,9,21,13,13,30,  99.3548000000
2020,9,21,13,13,30,  88.7097000000
2020,9,21,13,13,30, -50.0000000000
2020,9,21,13,13,31, 125.4839000000
2020,9,21,13,13,31, -50.0000000000
2020,9,21,13,13,31,  34.8387000000
2020,9,21,13,13,31,   4.8387000000
2020,9,21,13,13,32,  34.8387000000
2020,9,21,13,13,32, -30.0000000000
2020,9,21,13,13,32,  68.7097000000
2020,9,21,13,13,33, -33.5484000000
2020,9,21,13,13,33,  70.0000000000
2020,9,21,13,13,33,  73.5484000000
2020,9,21,13,13,33, -40.3226000000
2020,9,21,13,13,34, 114.8387000000
2020,9,21,13,13,34, -50.0000000000
2020,9,21,13,13,34, 115.1613000000
2020,9,21,13,13,34,  26.1290000000
2020,9,21,13,13,35,  62.2581000000
2020,9,21,13,13,35, -50.0000000000
2020,9,21,13,13,35,  -8.3871000000
2020,9,21,13,13,35,  96.1290000000
2020,9,21,13,13,36, -50.0000000000
2020,9,21,13,13,36, -50.0000000000
2020,9,21,13,13,36,  44.5161000000
2020,9,21,13,13,36,  28.3871000000
2020,9,21,13,13,37,  -9.6774000000
2020,9,21,13,13,37,  86.7742000000
2020,9,21,13,13,37, -33.2258000000
2020,9,21,13,13,37,  91.6129000000
2020,9,21,13,13,38, -25.8065000000
2020,9,21,13,13,38,  87.7419000000
2020,9,21,13,13,38, -26.7742000000
2020,9,21,13,13,38,  79.3548000000
2020,9,21,13,13,39, -21.9355000000
2020,9,21,13,13,39,  84.1935000000
2020,9,21,13,13,39, -24.1935000000
2020,9,21,13,13,40,  80.9677000000
2020,9,21,13,13,40, -23.2258000000
2020,9,21,13,13,40,  82.5806000000
2020,9,21,13,13,40, -16.7742000000
2020,9,21,13,13,41,  75.1613000000
2020,9,21,13,13,41, 132.2581000000
2020,9,21,13,13,41, 122.5806000000
2020,9,21,13,13,41,  -5.4839000000
2020,9,21,13,13,42,  -7.4194000000
2020,9,21,13,13,42, 127.0968000000
2020,9,21,13,13,42, 122.5806000000
2020,9,21,13,13,42, -50.0000000000
2020,9,21,13,13,43, 131.2903000000
2020,9,21,13,13,43,  36.1290000000
2020,9,21,13,13,43, -50.0000000000
2020,9,21,13,13,43, -50.0000000000
2020,9,21,13,13,44, -30.3226000000
2020,9,21,13,13,44, -14.5161000000
2020,9,21,13,13,44,  90.6452000000
2020,9,21,13,13,45,  33.5484000000
2020,9,21,13,13,45, -29.3548000000
2020,9,21,13,13,45, -50.0000000000
2020,9,21,13,13,45, 122.2581000000
2020,9,21,13,13,46, -50.0000000000
2020,9,21,13,13,46, 114.1935000000
2020,9,21,13,13,46, 124.1935000000
2020,9,21,13,13,46, -50.0000000000
2020,9,21,13,13,47, 130.9677000000
2020,9,21,13,13,47,  -2.5806000000
2020,9,21,13,13,47, -15.1613000000
2020,9,21,13,13,47, 103.2258000000
2020,9,21,13,13,48, -50.0000000000
2020,9,21,13,13,48, 118.7097000000
2020,9,21,13,13,48, -50.0000000000
2020,9,21,13,13,48, 116.7742000000
2020,9,21,13,13,49,  51.6129000000
2020,9,21,13,13,49, -11.2903000000
2020,9,21,13,13,49,  -0.6452000000
2020,9,21,13,13,49,  23.2258000000
2020,9,21,13,13,50, -50.0000000000
2020,9,21,13,13,50, 122.2581000000
2020,9,21,13,13,50, -50.0000000000
2020,9,21,13,13,50,  -2.2581000000
2020,9,21,13,13,51,  50.9677000000
2020,9,21,13,13,51,   8.0645000000
2020,9,21,13,13,51,   9.3548000000
2020,9,21,13,13,52,  98.3871000000
2020,9,21,13,13,52,  30.0000000000
2020,9,21,13,13,52, -30.0000000000
2020,9,21,13,13,52,   2.2581000000
2020,9,21,13,13,53, -20.9677000000
2020,9,21,13,13,53, 105.8065000000
2020,9,21,13,13,53, -50.0000000000
2020,9,21,13,13,53, 119.6774000000
2020,9,21,13,13,54, -50.0000000000
2020,9,21,13,13,54, 119.3548000000
2020,9,21,13,13,54, -50.0000000000
2020,9,21,13,13,54,  71.2903000000
2020,9,21,13,13,55, -50.0000000000
2020,9,21,13,13,55, 126.4516000000
2020,9,21,13,13,55, -40.3226000000
2020,9,21,13,13,55, 102.5806000000
2020,9,21,13,13,56, -50.0000000000
2020,9,21,13,13,56, 129.3548000000
2020,9,21,13,13,56, -26.4516000000
2020,9,21,13,13,56,  84.5161000000
2020,9,21,13,13,57, -19.6774000000
2020,9,21,13,13,57,  69.3548000000
2020,9,21,13,13,57, -11.2903000000
2020,9,21,13,13,57,  79.0323000000
2020,9,21,13,13,58,  38.3871000000
2020,9,21,13,13,58,  38.0645000000
2020,9,21,13,13,58, -33.2258000000
2020,9,21,13,13,59, 110.9677000000
2020,9,21,13,13,59, -50.0000000000
2020,9,21,13,13,59, 126.4516000000
2020,9,21,13,13,59, -50.0000000000
2020,9,21,13,14,0, 129.6774000000
2020,9,21,13,14,0,   1.6129000000
2020,9,21,13,14,0, -13.2258000000
2020,9,21,13,14,0,  75.8065000000
2020,9,21,13,14,1, -12.5806000000
2020,9,21,13,14,1,  84.5161000000
2020,9,21,13,14,1, -48.3871000000
2020,9,21,13,14,1,  12.9032000000
2020,9,21,13,14,2, -25.8065000000
2020,9,21,13,14,2, 106.1290000000
2020,9,21,13,14,2, -50.0000000000
2020,9,21,13,14,2, 118.3871000000
2020,9,21,13,14,3,  69.0323000000
2020,9,21,13,14,3, -40.6452000000
2020,9,21,13,14,3, 118.3871000000
2020,9,21,13,14,3, 115.1613000000
2020,9,21,13,14,4, -50.0000000000
2020,9,21,13,14,4, 137.0968000000
2020,9,21,13,14,4, -50.0000000000
2020,9,21,13,14,4, 137.4194000000
2020,9,21,13,14,5, -50.0000000000
2020,9,21,13,14,5,  -3.2258000000
2020,9,21,13,14,5,  96.1290000000
2020,9,21,13,14,5,  56.4516000000
2020,9,21,13,14,6,  -4.5161000000
2020,9,21,13,14,6,  95.4839000000
2020,9,21,13,14,6, -50.0000000000
2020,9,21,13,14,7, -47.4194000000
2020,9,21,13,14,7, 109.6774000000
2020,9,21,13,14,7, -50.0000000000
2020,9,21,13,14,7, 112.5806000000
2020,9,21,13,14,8, -50.0000000000
2020,9,21,13,14,8, 107.4194000000
2020,9,21,13,14,8, -49.3548000000
2020,9,21,13,14,8, 112.2581000000
2020,9,21,13,14,9, -50.0000000000
2020,9,21,13,14,9, 123.8710000000
2020,9,21,13,14,9, 124.5161000000
2020,9,21,13,14,9,  34.5161000000
2020,9,21,13,14,10, -27.4194000000
2020,9,21,13,14,10, 113.2258000000
2020,9,21,13,14,10, -17.4194000000
2020,9,21,13,14,10,  86.4516000000
2020,9,21,13,14,11, -46.4516000000
2020,9,21,13,14,11, 103.8710000000
2020,9,21,13,14,11, -48.7097000000
2020,9,21,13,14,11, 122.5806000000
2020,9,21,13,14,12, -50.0000000000
2020,9,21,13,14,12, 137.0968000000
2020,9,21,13,14,12, 139.0323000000
2020,9,21,13,14,12, -50.0000000000
2020,9,21,13,14,13, 136.1290000000
2020,9,21,13,14,13, -50.0000000000
2020,9,21,13,14,13, 136.7742000000
2020,9,21,13,14,14, -50.0000000000
2020,9,21,13,14,14, 137.4194000000
2020,9,21,13,14,14, -38.3871000000
2020,9,21,13,14,14,  -8.7097000000
2020,9,21,13,14,15,  33.2258000000
2020,9,21,13,14,15,  85.1613000000
2020,9,21,13,14,15, 113.5484000000
2020,9,21,13,14,15, -50.0000000000
2020,9,21,13,14,16, 132.5806000000
2020,9,21,13,14,16, -50.0000000000
2020,9,21,13,14,16, 119.0323000000
2020,9,21,13,14,16, -33.2258000000
2020,9,21,13,14,17, 112.9032000000
2020,9,21,13,14,17, -50.0000000000
2020,9,21,13,14,17, 122.5806000000
2020,9,21,13,14,17, -50.0000000000
2020,9,21,13,14,18, 125.8065000000
2020,9,21,13,14,18, -50.0000000000
2020,9,21,13,14,18, 122.5806000000
2020,9,21,13,14,18, -50.0000000000
2020,9,21,13,14,19, 122.5806000000
2020,9,21,13,14,19, -50.0000000000
2020,9,21,13,14,19, 124.1935000000
2020,9,21,13,14,19, 125.4839000000
2020,9,21,13,14,20, -50.0000000000
2020,9,21,13,14,20,  98.3871000000
2020,9,21,13,14,20,  73.2258000000
2020,9,21,13,14,20, -46.4516000000
2020,9,21,13,14,21, 121.2903000000
2020,9,21,13,14,21, -50.0000000000
2020,9,21,13,14,21,  82.9032000000
2020,9,21,13,14,22, -46.7742000000
2020,9,21,13,14,22, 119.3548000000
2020,9,21,13,14,22, -50.0000000000
2020,9,21,13,14,22, 124.8387000000
2020,9,21,13,14,23, -50.0000000000
2020,9,21,13,14,23, 125.8065000000
2020,9,21,13,14,23, -50.0000000000
2020,9,21,13,14,23,   7.7419000000
2020,9,21,13,14,24,  88.7097000000
2020,9,21,13,14,24, -50.0000000000
2020,9,21,13,14,24, 123.5484000000
2020,9,21,13,14,24, -50.0000000000
2020,9,21,13,14,25, 137.7419000000
2020,9,21,13,14,25, 206.4516000000
2020,9,21,13,14,25, 117.7419000000
2020,9,21,13,14,25, 119.3548000000
2020,9,21,13,14,26, -50.0000000000
2020,9,21,13,14,26,  85.8065000000
2020,9,21,13,14,26, -50.0000000000
2020,9,21,13,14,26,  86.1290000000
2020,9,21,13,14,27, -12.5806000000
2020,9,21,13,14,27,  66.1290000000
2020,9,21,13,14,27,  -6.7742000000
2020,9,21,13,14,27,  68.0645000000
2020,9,21,13,14,28,  -3.2258000000
2020,9,21,13,14,28,  68.3871000000
2020,9,21,13,14,28,  -4.1935000000
2020,9,21,13,14,29,  62.5806000000
2020,9,21,13,14,29,   3.5484000000
2020,9,21,13,14,29,  62.9032000000
2020,9,21,13,14,29,  -4.8387000000
2020,9,21,13,14,30,  60.6452000000
2020,9,21,13,14,30,  -2.2581000000
2020,9,21,13,14,30,  73.8710000000
2020,9,21,13,14,30,  -9.0323000000
2020,9,21,13,14,31,  93.8710000000
2020,9,21,13,14,31, -50.0000000000
2020,9,21,13,14,31, 126.7742000000
2020,9,21,13,14,31, -50.0000000000
2020,9,21,13,14,32, 126.4516000000
2020,9,21,13,14,32, -23.2258000000
2020,9,21,13,14,32, -15.8065000000
2020,9,21,13,14,32,  94.8387000000
2020,9,21,13,14,33, -38.0645000000
2020,9,21,13,14,33,  94.8387000000
2020,9,21,13,14,33, -28.7097000000
2020,9,21,13,14,33,  87.4194000000
2020,9,21,13,14,34, -20.0000000000
2020,9,21,13,14,34, -50.0000000000
2020,9,21,13,14,34, 133.8710000000
2020,9,21,13,14,34, -50.0000000000
2020,9,21,13,14,35, 126.7742000000
2020,9,21,13,14,35,   7.7419000000
2020,9,21,13,14,35, -19.0323000000
2020,9,21,13,14,35,  90.0000000000
2020,9,21,13,14,36, 130.6452000000
2020,9,21,13,14,36, -50.0000000000
2020,9,21,13,14,36, -50.0000000000
2020,9,21,13,14,37,  92.9032000000
2020,9,21,13,14,37, -50.0000000000
2020,9,21,13,14,37, 115.1613000000
2020,9,21,13,14,37, -50.0000000000
2020,9,21,13,14,38, 113.8710000000
2020,9,21,13,14,38, 115.4839000000
2020,9,21,13,14,38, 121.2903000000
2020,9,21,13,14,38, -50.0000000000
2020,9,21,13,14,39, 121.9355000000
2020,9,21,13,14,39,   0.0000000000
2020,9,21,13,14,39, 109.0323000000
2020,9,21,13,14,39, -50.0000000000
2020,9,21,13,14,40, 120.3226000000
2020,9,21,13,14,40,  69.6774000000
2020,9,21,13,14,40, -50.0000000000
2020,9,21,13,14,41,  26.1290000000
2020,9,21,13,14,41,  87.4194000000
2020,9,21,13,14,41, 126.4516000000
2020,9,21,13,14,41,  34.5161000000
2020,9,21,13,14,42,  93.5484000000
2020,9,21,13,14,42, -50.0000000000
2020,9,21,13,14,42, 127.7419000000
2020,9,21,13,14,42, -38.3871000000
2020,9,21,13,14,43,  -4.5161000000
2020,9,21,13,14,43,  94.5161000000
2020,9,21,13,14,43, -46.7742000000
2020,9,21,13,14,43, 104.5161000000
2020,9,21,13,14,44, -47.4194000000
2020,9,21,13,14,44, 108.3871000000
2020,9,21,13,14,44, -47.0968000000
2020,9,21,13,14,44, 106.1290000000
2020,9,21,13,14,45, -45.1613000000
2020,9,21,13,14,45, 100.6452000000
2020,9,21,13,14,45, -39.3548000000
2020,9,21,13,14,45, 101.9355000000
2020,9,21,13,14,46, -46.1290000000
2020,9,21,13,14,46, -50.0000000000
2020,9,21,13,14,46, 133.2258000000
2020,9,21,13,14,46, -50.0000000000
2020,9,21,13,14,47,  47.4194000000
2020,9,21,13,14,47,  44.8387000000
2020,9,21,13,14,47,  82.5806000000
2020,9,21,13,14,48, -44.5161000000
2020,9,21,13,14,48, -36.4516000000
2020,9,21,13,14,48, 118.3871000000
2020,9,21,13,14,48, -50.0000000000
2020,9,21,13,14,49, 136.4516000000
2020,9,21,13,14,49, -50.0000000000
2020,9,21,13,14,49, 132.2581000000
2020,9,21,13,14,49, -50.0000000000
2020,9,21,13,14,50, 133.2258000000
2020,9,21,13,14,50, -50.0000000000
2020,9,21,13,14,50, 130.6452000000
2020,9,21,13,14,50, -35.8065000000
2020,9,21,13,14,51, 129.3548000000
2020,9,21,13,14,51, -48.0645000000
2020,9,21,13,14,51, 105.8065000000
2020,9,21,13,14,51, -47.7419000000
2020,9,21,13,14,52, 107.4194000000
2020,9,21,13,14,52, -44.5161000000
2020,9,21,13,14,52,  97.7419000000
2020,9,21,13,14,52, -41.9355000000
2020,9,21,13,14,53,  70.9677000000
2020,9,21,13,14,53, -15.4839000000
2020,9,21,13,14,53, 125.4839000000
2020,9,21,13,14,54, -50.0000000000
2020,9,21,13,14,54, 130.6452000000
2020,9,21,13,14,54,  63.2258000000
2020,9,21,13,14,54, -21.2903000000
2020,9,21,13,14,55,  75.1613000000
2020,9,21,13,14,55, -16.1290000000
2020,9,21,13,14,55,  83.5484000000
2020,9,21,13,14,55, -19.3548000000
2020,9,21,13,14,56,  72.5806000000
2020,9,21,13,14,56, -28.0645000000
2020,9,21,13,14,56, -14.8387000000
2020,9,21,13,14,56, 102.5806000000
2020,9,21,13,14,57, -50.0000000000
2020,9,21,13,14,57, 122.5806000000
2020,9,21,13,14,57, -50.0000000000
2020,9,21,13,14,57,  16.4516000000
2020,9,21,13,14,58,  88.3871000000
2020,9,21,13,14,58, -47.4194000000
2020,9,21,13,14,58, 100.6452000000
2020,9,21,13,14,58,  78.3871000000
2020,9,21,13,14,59, -47.0968000000
2020,9,21,13,14,59,  88.0645000000
2020,9,21,13,14,59, -50.0000000000
2020,9,21,13,14,59, 122.5806000000
2020,9,21,13,15,0, -50.0000000000
2020,9,21,13,15,0, 137.0968000000
2020,9,21,13,15,0, -50.0000000000
2020,9,21,13,15,0, 130.9677000000
2020,9,21,13,15,1, -50.0000000000
2020,9,21,13,15,1, -33.2258000000
2020,9,21,13,15,1, 113.8710000000
2020,9,21,13,15,2, -50.0000000000
2020,9,21,13,15,2, -20.3226000000
2020,9,21,13,15,2, 103.5484000000
2020,9,21,13,15,2, -50.0000000000
2020,9,21,13,15,3, 112.5806000000
2020,9,21,13,15,3, -50.0000000000
2020,9,21,13,15,3, 113.8710000000
2020,9,21,13,15,3, -50.0000000000
2020,9,21,13,15,4, 112.9032000000
2020,9,21,13,15,4, -50.0000000000
2020,9,21,13,15,4, -41.2903000000
2020,9,21,13,15,4, 117.7419000000
2020,9,21,13,15,5, -50.0000000000
2020,9,21,13,15,5,  87.7419000000
2020,9,21,13,15,5,  76.1290000000
2020,9,21,13,15,5, -36.7742000000
2020,9,21,13,15,6,  95.8065000000
2020,9,21,13,15,6, -11.6129000000
2020,9,21,13,15,6,  71.2903000000
2020,9,21,13,15,6, -18.0645000000
2020,9,21,13,15,7,  78.3871000000
2020,9,21,13,15,7, -16.4516000000
2020,9,21,13,15,7,  63.8710000000
2020,9,21,13,15,7,  96.7742000000
2020,9,21,13,15,8,  70.6452000000
2020,9,21,13,15,8,  91.2903000000
2020,9,21,13,15,8, -50.0000000000
2020,9,21,13,15,9, -18.3871000000
2020,9,21,13,15,9, -35.1613000000
2020,9,21,13,15,9, -37.0968000000
2020,9,21,13,15,9, 120.0000000000
2020,9,21,13,15,10,  78.3871000000
2020,9,21,13,15,10, -50.0000000000
2020,9,21,13,15,10, 127.0968000000
2020,9,21,13,15,10,  58.7097000000
2020,9,21,13,15,11, -43.5484000000
2020,9,21,13,15,11, 127.7419000000
2020,9,21,13,15,11, -50.0000000000
2020,9,21,13,15,11,  21.2903000000
2020,9,21,13,15,12,  76.4516000000
2020,9,21,13,15,12, -40.0000000000
2020,9,21,13,15,12, 110.0000000000
2020,9,21,13,15,12, -50.0000000000
2020,9,21,13,15,13, 129.3548000000
2020,9,21,13,15,13, -41.9355000000
2020,9,21,13,15,13, 114.8387000000
2020,9,21,13,15,13, -50.0000000000
2020,9,21,13,15,14, 131.9355000000
2020,9,21,13,15,14, -50.0000000000
2020,9,21,13,15,14,  10.3226000000
2020,9,21,13,15,14,  79.0323000000
2020,9,21,13,15,15, -30.3226000000
2020,9,21,13,15,15,  94.1935000000
2020,9,21,13,15,15, -50.0000000000
2020,9,21,13,15,16, 143.8710000000
2020,9,21,13,15,16,  78.7097000000
2020,9,21,13,15,16, -50.0000000000
2020,9,21,13,15,16, 125.1613000000
2020,9,21,13,15,17, -16.4516000000
2020,9,21,13,15,17, -10.6452000000
2020,9,21,13,15,17,  89.3548000000
2020,9,21,13,15,17, -49.6774000000
2020,9,21,13,15,18, 118.3871000000
2020,9,21,13,15,18, -50.0000000000
2020,9,21,13,15,18, 133.5484000000
2020,9,21,13,15,18, -50.0000000000
2020,9,21,13,15,19, 119.3548000000
2020,9,21,13,15,19,  78.3871000000
2020,9,21,13,15,19, -50.0000000000
2020,9,21,13,15,19, 129.6774000000
2020,9,21,13,15,20,  30.0000000000
2020,9,21,13,15,20, 115.1613000000
2020,9,21,13,15,20, -50.0000000000
2020,9,21,13,15,20, 123.8710000000
2020,9,21,13,15,21, -50.0000000000
2020,9,21,13,15,21, -18.3871000000
2020,9,21,13,15,21, 111.2903000000
2020,9,21,13,15,21, -50.0000000000
2020,9,21,13,15,22, 108.3871000000
2020,9,21,13,15,22,  81.2903000000
2020,9,21,13,15,22, 128.3871000000
2020,9,21,13,15,22, -50.0000000000
2020,9,21,13,15,23,  65.8065000000
2020,9,21,13,15,23,  65.4839000000
2020,9,21,13,15,23, -31.9355000000
2020,9,21,13,15,23, 109.0323000000
2020,9,21,13,15,24, -50.0000000000
2020,9,21,13,15,24, 127.0968000000
2020,9,21,13,15,24, -50.0000000000
2020,9,21,13,15,25,  59.6774000000
2020,9,21,13,15,25,  69.6774000000
2020,9,21,13,15,25, -32.2581000000
2020,9,21,13,15,25, 104.8387000000
2020,9,21,13,15,26, -50.0000000000
2020,9,21,13,15,26, 121.6129000000
2020,9,21,13,15,26, -50.0000000000
2020,9,21,13,15,26, 133.5484000000
2020,9,21,13,15,27,  76.1290000000
2020,9,21,13,15,27, -50.0000000000
2020,9,21,13,15,27, 133.2258000000
2020,9,21,13,15,27, -50.0000000000
2020,9,21,13,15,28, 125.1613000000
2020,9,21,13,15,28, -50.0000000000
2020,9,21,13,15,28, -13.5484000000
2020,9,21,13,15,28, 106.7742000000
2020,9,21,13,15,29, -50.0000000000
2020,9,21,13,15,29,  36.7742000000
2020,9,21,13,15,29,  95.8065000000
2020,9,21,13,15,29, -50.0000000000
2020,9,21,13,15,30, 125.1613000000
2020,9,21,13,15,30, -50.0000000000
2020,9,21,13,15,30,  25.8065000000
2020,9,21,13,15,30, -50.0000000000
2020,9,21,13,15,31,  82.5806000000
2020,9,21,13,15,31,  88.3871000000
2020,9,21,13,15,31, -50.0000000000
2020,9,21,13,15,31, 131.6129000000
2020,9,21,13,15,32,  57.7419000000
2020,9,21,13,15,32, -36.4516000000
2020,9,21,13,15,32, 119.6774000000
2020,9,21,13,15,32, -50.0000000000
2020,9,21,13,15,33,  16.7742000000
2020,9,21,13,15,33,  80.6452000000
2020,9,21,13,15,33, -43.8710000000
2020,9,21,13,15,34, 116.4516000000
2020,9,21,13,15,34, -50.0000000000
2020,9,21,13,15,34, 129.6774000000
2020,9,21,13,15,34, -50.0000000000
2020,9,21,13,15,35, 126.1290000000
2020,9,21,13,15,35, -50.0000000000
2020,9,21,13,15,35, 127.7419000000
2020,9,21,13,15,35,  43.5484000000
2020,9,21,13,15,36, -29.0323000000
2020,9,21,13,15,36,  98.7097000000
2020,9,21,13,15,36, -50.0000000000
2020,9,21,13,15,36, 121.9355000000
2020,9,21,13,15,37, -50.0000000000
2020,9,21,13,15,37, 133.5484000000
2020,9,21,13,15,37,  48.0645000000
2020,9,21,13,15,37, -45.1613000000
2020,9,21,13,15,38, 116.7742000000
2020,9,21,13,15,38, -50.0000000000
2020,9,21,13,15,38, -11.2903000000
2020,9,21,13,15,38, 100.9677000000
2020,9,21,13,15,39, 136.1290000000
2020,9,21,13,15,39, -28.0645000000
2020,9,21,13,15,39, 117.0968000000
2020,9,21,13,15,39, -50.0000000000
2020,9,21,13,15,40,  93.2258000000
2020,9,21,13,15,40,  60.6452000000
2020,9,21,13,15,40, -24.8387000000
2020,9,21,13,15,40, -47.7419000000
2020,9,21,13,15,41,  -7.7419000000
2020,9,21,13,15,41,  92.2581000000
2020,9,21,13,15,41, -49.3548000000
2020,9,21,13,15,42, 122.2581000000
2020,9,21,13,15,42, -50.0000000000
2020,9,21,13,15,42,  90.9677000000
2020,9,21,13,15,42, -50.0000000000
2020,9,21,13,15,43, 133.8710000000
2020,9,21,13,15,43,  72.5806000000
2020,9,21,13,15,43, 115.1613000000
2020,9,21,13,15,43, -50.0000000000
2020,9,21,13,15,44,  -7.4194000000
2020,9,21,13,15,44, 100.0000000000
2020,9,21,13,15,44, -50.0000000000
2020,9,21,13,15,44, 126.1290000000
2020,9,21,13,15,45, -50.0000000000
2020,9,21,13,15,45,  93.8710000000
2020,9,21,13,15,45,  62.2581000000
2020,9,21,13,15,45, -26.4516000000
2020,9,21,13,15,46,  97.4194000000
2020,9,21,13,15,46, -50.0000000000
2020,9,21,13,15,46, 122.9032000000
2020,9,21,13,15,46, -50.0000000000
2020,9,21,13,15,47,  86.1290000000
2020,9,21,13,15,47,  90.9677000000
2020,9,21,13,15,47, -50.0000000000
2020,9,21,13,15,47, 134.8387000000
2020,9,21,13,15,48,  34.5161000000
2020,9,21,13,15,48, -23.5484000000
2020,9,21,13,15,48,  98.3871000000
2020,9,21,13,15,48, -50.0000000000
2020,9,21,13,15,49,  -9.0323000000
2020,9,21,13,15,49, -50.0000000000
2020,9,21,13,15,49,  63.2258000000
2020,9,21,13,15,49, -50.0000000000
2020,9,21,13,15,50, 123.5484000000
2020,9,21,13,15,50, -18.7097000000
2020,9,21,13,15,50, 131.2903000000
2020,9,21,13,15,51, -50.0000000000
2020,9,21,13,15,51,  60.9677000000
2020,9,21,13,15,51,  69.6774000000
2020,9,21,13,15,51, -34.8387000000
2020,9,21,13,15,52, 107.7419000000
2020,9,21,13,15,52, -50.0000000000
2020,9,21,13,15,52, 115.1613000000
2020,9,21,13,15,52, -50.0000000000
2020,9,21,13,15,53,  80.0000000000
2020,9,21,13,15,53, -35.8065000000
2020,9,21,13,15,53, 110.0000000000
2020,9,21,13,15,53, -50.0000000000
2020,9,21,13,15,54, 121.9355000000
2020,9,21,13,15,54, 111.2903000000
2020,9,21,13,15,54, -50.0000000000
2020,9,21,13,15,54,  -3.5484000000
2020,9,21,13,15,55, 102.5806000000
2020,9,21,13,15,55, -50.0000000000
2020,9,21,13,15,55, 100.0000000000
2020,9,21,13,15,55,  44.8387000000
2020,9,21,13,15,56, -22.2581000000
2020,9,21,13,15,56,  96.4516000000
2020,9,21,13,15,56, -50.0000000000
2020,9,21,13,15,56, 118.7097000000
2020,9,21,13,15,57, -50.0000000000
2020,9,21,13,15,57, -20.6452000000
2020,9,21,13,15,57, 102.5806000000
2020,9,21,13,15,57, -50.0000000000
2020,9,21,13,15,58, 126.1290000000
2020,9,21,13,15,58, -50.0000000000
2020,9,21,13,15,58, 118.7097000000
2020,9,21,13,15,59, -50.0000000000
2020,9,21,13,15,59, 132.5806000000
2020,9,21,13,15,59, -16.1290000000
2020,9,21,13,15,59,  37.0968000000
2020,9,21,13,16,0,  91.6129000000
2020,9,21,13,16,0, 117.0968000000
2020,9,21,13,16,0, 162.2581000000
2020,9,21,13,16,0,  67.0968000000
2020,9,21,13,16,1,  62.9032000000
2020,9,21,13,16,1, -42.5806000000
2020,9,21,13,16,1, -32.9032000000
2020,9,21,13,16,1, -50.0000000000
2020,9,21,13,16,2, 125.1613000000
2020,9,21,13,16,2, 130.9677000000
2020,9,21,13,16,2,  70.0000000000
2020,9,21,13,16,2,  98.7097000000
2020,9,21,13,16,3, -50.0000000000
2020,9,21,13,16,3,  29.0323000000
2020,9,21,13,16,3,  87.0968000000
2020,9,21,13,16,4, -50.0000000000
2020,9,21,13,16,4, -50.0000000000
2020,9,21,13,16,4,  92.5806000000
2020,9,21,13,16,4,  90.6452000000
2020,9,21,13,16,5, -50.0000000000
2020,9,21,13,16,5,   4.8387000000
2020,9,21,13,16,5, -38.7097000000
2020,9,21,13,16,5, 112.9032000000
2020,9,21,13,16,6, -50.0000000000
2020,9,21,13,16,6,  -4.8387000000
2020,9,21,13,16,6,  93.2258000000
2020,9,21,13,16,6,  -9.6774000000
2020,9,21,13,16,7,  83.8710000000
2020,9,21,13,16,7, -50.0000000000
2020,9,21,13,16,7, 133.2258000000
2020,9,21,13,16,7,  -7.0968000000
2020,9,21,13,16,8, 107.0968000000
2020,9,21,13,16,8, -50.0000000000
2020,9,21,13,16,8, 118.0645000000
2020,9,21,13,16,8,  58.7097000000
2020,9,21,13,16,9, -21.2903000000
2020,9,21,13,16,9,  97.4194000000
2020,9,21,13,16,9, -50.0000000000
2020,9,21,13,16,9, 121.9355000000
2020,9,21,13,16,10, -44.5161000000
2020,9,21,13,16,10, -50.0000000000
2020,9,21,13,16,10,  18.0645000000
2020,9,21,13,16,10,  97.0968000000
2020,9,21,13,16,11, -50.0000000000
2020,9,21,13,16,11,  93.8710000000
2020,9,21,13,16,11, -50.0000000000
2020,9,21,13,16,12, 118.3871000000
2020,9,21,13,16,12, -50.0000000000
2020,9,21,13,16,12, 131.6129000000
2020,9,21,13,16,12, -50.0000000000
2020,9,21,13,16,13,  53.2258000000
2020,9,21,13,16,13,  70.9677000000
2020,9,21,13,16,13, -40.6452000000
2020,9,21,13,16,13, 111.2903000000
2020,9,21,13,16,14, -50.0000000000
2020,9,21,13,16,14, 126.1290000000
2020,9,21,13,16,14, -50.0000000000
2020,9,21,13,16,14,  48.0645000000
2020,9,21,13,16,15,  69.0323000000
2020,9,21,13,16,15, -33.8710000000
2020,9,21,13,16,15,  69.3548000000
2020,9,21,13,16,15, 110.0000000000
2020,9,21,13,16,16, -50.0000000000
2020,9,21,13,16,16,   9.6774000000
2020,9,21,13,16,16,  99.3548000000
2020,9,21,13,16,16, -50.0000000000
2020,9,21,13,16,17, 102.5806000000
2020,9,21,13,16,17,  77.7419000000
2020,9,21,13,16,17, -35.1613000000
2020,9,21,13,16,17, 108.0645000000
2020,9,21,13,16,18, -50.0000000000
2020,9,21,13,16,18, 130.0000000000
2020,9,21,13,16,18, -50.0000000000
2020,9,21,13,16,18,  77.0968000000
2020,9,21,13,16,19,  61.9355000000
2020,9,21,13,16,19, -28.7097000000
2020,9,21,13,16,19, 104.8387000000
2020,9,21,13,16,20, -50.0000000000
2020,9,21,13,16,20,  20.0000000000
2020,9,21,13,16,20, -18.7097000000
2020,9,21,13,16,20, -50.0000000000
2020,9,21,13,16,21,  20.3226000000
2020,9,21,13,16,21,  91.9355000000
2020,9,21,13,16,21, -50.0000000000
2020,9,21,13,16,21, 127.0968000000
2020,9,21,13,16,22, -50.0000000000
2020,9,21,13,16,22, -26.1290000000
2020,9,21,13,16,22, 117.0968000000
2020,9,21,13,16,22, -50.0000000000
2020,9,21,13,16,23, -17.4194000000
2020,9,21,13,16,23, 110.3226000000
2020,9,21,13,16,23, -50.0000000000
2020,9,21,13,16,23, 111.6129000000
2020,9,21,13,16,24, -50.0000000000
2020,9,21,13,16,24,  63.5484000000
2020,9,21,13,16,24, 117.0968000000
2020,9,21,13,16,24, -50.0000000000
2020,9,21,13,16,25, -24.5161000000
2020,9,21,13,16,25,  96.1290000000
2020,9,21,13,16,25,  70.9677000000
2020,9,21,13,16,26, -50.0000000000
2020,9,21,13,16,26, -27.4194000000
2020,9,21,13,16,26, -50.0000000000
2020,9,21,13,16,26,  78.0645000000
2020,9,21,13,16,27,  63.5484000000
2020,9,21,13,16,27, -25.8065000000
2020,9,21,13,16,27, 104.5161000000
2020,9,21,13,16,27, -24.1935000000
2020,9,21,13,16,28, 113.5484000000
2020,9,21,13,16,28, -50.0000000000
2020,9,21,13,16,28,  -2.2581000000
2020,9,21,13,16,28, -50.0000000000
2020,9,21,13,16,29, -20.0000000000
2020,9,21,13,16,29,  94.8387000000
2020,9,21,13,16,29,  19.6774000000
2020,9,21,13,16,29,  80.0000000000
2020,9,21,13,16,30, -41.2903000000
2020,9,21,13,16,30, 112.2581000000
2020,9,21,13,16,30, -50.0000000000
2020,9,21,13,16,30,  95.8065000000
2020,9,21,13,16,31, -50.0000000000
2020,9,21,13,16,31, 133.2258000000
2020,9,21,13,16,31,  78.7097000000
2020,9,21,13,16,31, -50.0000000000
2020,9,21,13,16,32, 122.9032000000
2020,9,21,13,16,32, -35.8065000000
2020,9,21,13,16,32, -24.8387000000
2020,9,21,13,16,32,  98.0645000000
2020,9,21,13,16,33, -50.0000000000
2020,9,21,13,16,33, 113.2258000000
2020,9,21,13,16,33, -50.0000000000
2020,9,21,13,16,33,   0.6452000000
2020,9,21,13,16,34,  83.2258000000
2020,9,21,13,16,34, -40.9677000000
2020,9,21,13,16,34, 111.9355000000
2020,9,21,13,16,35, -50.0000000000
2020,9,21,13,16,35, 125.1613000000
2020,9,21,13,16,35, 113.2258000000
2020,9,21,13,16,35,  83.5484000000
2020,9,21,13,16,36, -50.0000000000
2020,9,21,13,16,36, 125.8065000000
2020,9,21,13,16,36, -50.0000000000
2020,9,21,13,16,36, 115.8065000000
2020,9,21,13,16,37, -50.0000000000
2020,9,21,13,16,37, 133.2258000000
2020,9,21,13,16,37,   9.0323000000
2020,9,21,13,16,37, -18.7097000000
2020,9,21,13,16,38, 114.1935000000
2020,9,21,13,16,38, -50.0000000000
2020,9,21,13,16,38, -12.5806000000
2020,9,21,13,16,38, 110.6452000000
2020,9,21,13,16,39, -50.0000000000
2020,9,21,13,16,39,  -5.4839000000
2020,9,21,13,16,39, 106.1290000000
2020,9,21,13,16,39, -50.0000000000
2020,9,21,13,16,40, 136.4516000000
2020,9,21,13,16,40,  -4.1935000000
2020,9,21,13,16,40, -12.2581000000
2020,9,21,13,16,40,  89.0323000000
2020,9,21,13,16,41, -47.4194000000
2020,9,21,13,16,41, -30.6452000000
2020,9,21,13,16,41, 119.3548000000
2020,9,21,13,16,41, -50.0000000000
2020,9,21,13,16,42,  53.8710000000
2020,9,21,13,16,42,  43.8710000000
2020,9,21,13,16,42, -16.7742000000
2020,9,21,13,16,43,  93.8710000000
2020,9,21,13,16,43,  12.5806000000
2020,9,21,13,16,43,  75.8065000000
2020,9,21,13,16,43, -36.7742000000
2020,9,21,13,16,44, 117.4194000000
2020,9,21,13,16,44, 117.7419000000
2020,9,21,13,16,44, -10.3226000000
2020,9,21,13,16,44,  73.8710000000
2020,9,21,13,16,45, -50.0000000000
2020,9,21,13,16,45, 129.0323000000
2020,9,21,13,16,45,  19.3548000000
2020,9,21,13,16,45, -16.7742000000
2020,9,21,13,16,46,  95.4839000000
2020,9,21,13,16,46, -49.0323000000
2020,9,21,13,16,46, 121.2903000000
2020,9,21,13,16,46, -50.0000000000
2020,9,21,13,16,47, 136.4516000000
2020,9,21,13,16,47,  -7.0968000000
2020,9,21,13,16,47,  -7.4194000000
2020,9,21,13,16,47,  83.8710000000
2020,9,21,13,16,48, -47.4194000000
2020,9,21,13,16,48, 120.9677000000
2020,9,21,13,16,48, -49.6774000000
2020,9,21,13,16,48, -27.4194000000
2020,9,21,13,16,49, 114.8387000000
2020,9,21,13,16,49, -50.0000000000
2020,9,21,13,16,49, -50.0000000000
2020,9,21,13,16,49, 108.3871000000
2020,9,21,13,16,50,  76.7742000000
2020,9,21,13,16,50, -16.7742000000
2020,9,21,13,16,50,  95.4839000000
2020,9,21,13,16,50, -50.0000000000
2020,9,21,13,16,51, 125.8065000000
2020,9,21,13,16,51, -26.1290000000
2020,9,21,13,16,51, 118.7097000000
2020,9,21,13,16,52, -50.0000000000
2020,9,21,13,16,52, -10.9677000000
2020,9,21,13,16,52,  90.3226000000
2020,9,21,13,16,52, -50.0000000000
2020,9,21,13,16,53,  96.1290000000
2020,9,21,13,16,53, -50.0000000000
2020,9,21,13,16,53, 123.2258000000
2020,9,21,13,16,53, -17.0968000000
2020,9,21,13,16,54, -35.4839000000
2020,9,21,13,16,54,  -8.0645000000
2020,9,21,13,16,54, -34.8387000000
2020,9,21,13,16,54, 121.6129000000
2020,9,21,13,16,55, -50.0000000000
2020,9,21,13,16,55, -23.5484000000
2020,9,21,13,16,55, 116.4516000000
2020,9,21,13,16,55, -50.0000000000
2020,9,21,13,16,56,  -5.4839000000
2020,9,21,13,16,56,  85.4839000000
2020,9,21,13,16,56, -42.9032000000
2020,9,21,13,16,56, 113.5484000000
2020,9,21,13,16,57, -50.0000000000
2020,9,21,13,16,57, 134.5161000000
2020,9,21,13,16,57, -50.0000000000
2020,9,21,13,16,57,  19.0323000000
2020,9,21,13,16,58,  78.3871000000
2020,9,21,13,16,58, -36.7742000000
2020,9,21,13,16,58, 110.0000000000
2020,9,21,13,16,58, -50.0000000000
2020,9,21,13,16,59, 135.1613000000
2020,9,21,13,16,59, -50.0000000000
2020,9,21,13,16,59, -12.5806000000
2020,9,21,13,16,59, 108.0645000000
2020,9,21,13,17,0, -50.0000000000
2020,9,21,13,17,0,  10.6452000000
2020,9,21,13,17,0, -50.0000000000
2020,9,21,13,17,1, 129.6774000000
2020,9,21,13,17,1,  76.1290000000
2020,9,21,13,17,1, -50.0000000000
2020,9,21,13,17,1, -50.0000000000
2020,9,21,13,17,2, -11.2903000000
2020,9,21,13,17,2,  83.5484000000
2020,9,21,13,17,2, -50.0000000000
2020,9,21,13,17,2, 131.9355000000
2020,9,21,13,17,3,  65.8065000000
2020,9,21,13,17,3, -50.0000000000
2020,9,21,13,17,3, 124.8387000000
2020,9,21,13,17,3, -50.0000000000
2020,9,21,13,17,4,  49.3548000000
2020,9,21,13,17,4,  92.2581000000
2020,9,21,13,17,4, -50.0000000000
2020,9,21,13,17,4, 114.8387000000
2020,9,21,13,17,5, -50.0000000000
2020,9,21,13,17,5, 133.8710000000
2020,9,21,13,17,5, -50.0000000000
2020,9,21,13,17,5,  24.8387000000
2020,9,21,13,17,6, -50.0000000000
2020,9,21,13,17,6,  -5.8065000000
2020,9,21,13,17,6, 105.1613000000
2020,9,21,13,17,6, -50.0000000000
2020,9,21,13,17,7, 134.1935000000
2020,9,21,13,17,7, -23.5484000000
2020,9,21,13,17,7, -12.2581000000
2020,9,21,13,17,7,  87.0968000000
2020,9,21,13,17,8, -46.1290000000
2020,9,21,13,17,8, 117.7419000000
2020,9,21,13,17,8, -50.0000000000
2020,9,21,13,17,8, -50.0000000000
2020,9,21,13,17,9,  -4.5161000000
2020,9,21,13,17,9,  82.9032000000
2020,9,21,13,17,9, -41.6129000000
2020,9,21,13,17,10, 112.5806000000
2020,9,21,13,17,10, -50.0000000000
2020,9,21,13,17,10, 124.5161000000
2020,9,21,13,17,10,  96.7742000000
2020,9,21,13,17,11,  86.7742000000
2020,9,21,13,17,11, -50.0000000000
2020,9,21,13,17,11, 130.6452000000
2020,9,21,13,17,11, 134.1935000000
2020,9,21,13,17,12,  75.8065000000
2020,9,21,13,17,12, -50.0000000000
2020,9,21,13,17,12, 124.8387000000
2020,9,21,13,17,12, -12.5806000000
2020,9,21,13,17,13,  -6.4516000000
2020,9,21,13,17,13,  84.5161000000
2020,9,21,13,17,13, -50.0000000000
2020,9,21,13,17,13, 128.7097000000
2020,9,21,13,17,14,  61.6129000000
2020,9,21,13,17,14, -48.3871000000
2020,9,21,13,17,14, 124.8387000000
2020,9,21,13,17,14,   6.1290000000
2020,9,21,13,17,15, -31.9355000000
2020,9,21,13,17,15, 106.1290000000
2020,9,21,13,17,15, -50.0000000000
2020,9,21,13,17,15, 125.4839000000
2020,9,21,13,17,16, -50.0000000000
2020,9,21,13,17,16, 101.6129000000
2020,9,21,13,17,16,  -1.9355000000
2020,9,21,13,17,16, 131.2903000000
2020,9,21,13,17,17,  77.7419000000
2020,9,21,13,17,17,  89.6774000000
2020,9,21,13,17,17, -50.0000000000
2020,9,21,13,17,18, 152.9032000000
2020,9,21,13,17,18, -25.8065000000
2020,9,21,13,17,18, -12.2581000000
2020,9,21,13,17,18,  89.0323000000
2020,9,21,13,17,19, -23.5484000000
2020,9,21,13,17,19,  99.3548000000
2020,9,21,13,17,19, -50.0000000000
2020,9,21,13,17,19, 118.7097000000
2020,9,21,13,17,20, -50.0000000000
2020,9,21,13,17,20, 134.5161000000
2020,9,21,13,17,20, -50.0000000000
2020,9,21,13,17,20,  14.1935000000
2020,9,21,13,17,21,  81.9355000000
2020,9,21,13,17,21, -41.9355000000
2020,9,21,13,17,21, 112.5806000000
2020,9,21,13,17,21, -26.7742000000
2020,9,21,13,17,22, 107.0968000000
2020,9,21,13,17,22, -50.0000000000
2020,9,21,13,17,22,  -5.4839000000
2020,9,21,13,17,22, -33.8710000000
2020,9,21,13,17,23, 129.0323000000
2020,9,21,13,17,23,  69.3548000000
2020,9,21,13,17,23, -30.9677000000
2020,9,21,13,17,23, 105.4839000000
2020,9,21,13,17,24, 123.5484000000
2020,9,21,13,17,24, -50.0000000000
2020,9,21,13,17,24, 137.7419000000
2020,9,21,13,17,24,   1.9355000000
2020,9,21,13,17,25, -15.1613000000
2020,9,21,13,17,25,  92.9032000000
2020,9,21,13,17,25, -50.0000000000
2020,9,21,13,17,26, 120.6452000000
2020,9,21,13,17,26, -50.0000000000
2020,9,21,13,17,26, 138.3871000000
2020,9,21,13,17,26,  72.9032000000
2020,9,21,13,17,27, -50.0000000000
2020,9,21,13,17,27, 124.8387000000
2020,9,21,13,17,27, -50.0000000000
2020,9,21,13,17,27, 105.4839000000
2020,9,21,13,17,28,  62.9032000000
2020,9,21,13,17,28, -37.0968000000
2020,9,21,13,17,28, 121.2903000000
2020,9,21,13,17,28, -44.5161000000
2020,9,21,13,17,29, -25.8065000000
2020,9,21,13,17,29, 103.8710000000
2020,9,21,13,17,29, -50.0000000000
2020,9,21,13,17,29, -50.0000000000
2020,9,21,13,17,30,  38.3871000000
2020,9,21,13,17,30,  73.5484000000
2020,9,21,13,17,30, -47.7419000000
2020,9,21,13,17,30, 124.1935000000
2020,9,21,13,17,31, -17.4194000000
2020,9,21,13,17,31, -32.9032000000
2020,9,21,13,17,31, 117.7419000000
2020,9,21,13,17,31, -50.0000000000
2020,9,21,13,17,32, 120.0000000000
2020,9,21,13,17,32, 126.7742000000
2020,9,21,13,17,32, -50.0000000000
2020,9,21,13,17,32,  99.3548000000
2020,9,21,13,17,33,  86.7742000000
2020,9,21,13,17,33, -50.0000000000
2020,9,21,13,17,33, 133.2258000000
2020,9,21,13,17,34, -50.0000000000
2020,9,21,13,17,34,  99.3548000000
2020,9,21,13,17,34, -50.0000000000
2020,9,21,13,17,34, 117.0968000000
2020,9,21,13,17,35,  39.0323000000
2020,9,21,13,17,35, -23.5484000000
2020,9,21,13,17,35,  97.7419000000
2020,9,21,13,17,35, -50.0000000000
2020,9,21,13,17,36, 120.6452000000
2020,9,21,13,17,36, -50.0000000000
2020,9,21,13,17,36, 125.1613000000
2020,9,21,13,17,36,  84.1935000000
2020,9,21,13,17,37,  62.2581000000
2020,9,21,13,17,37, -25.8065000000
2020,9,21,13,17,37,  80.9677000000
2020,9,21,13,17,37, -50.0000000000
2020,9,21,13,17,38, 131.2903000000
2020,9,21,13,17,38,  57.4194000000
2020,9,21,13,17,38, -30.9677000000
2020,9,21,13,17,38, 102.9032000000
2020,9,21,13,17,39, -50.0000000000
2020,9,21,13,17,39, 124.1935000000
2020,9,21,13,17,39,  29.6774000000
2020,9,21,13,17,39, -40.0000000000
2020,9,21,13,17,40, 123.2258000000
2020,9,21,13,17,40, -43.5484000000
2020,9,21,13,17,40, -23.5484000000
2020,9,21,13,17,40,  96.1290000000
2020,9,21,13,17,41, -50.0000000000
2020,9,21,13,17,41, 120.3226000000
2020,9,21,13,17,41, -50.0000000000
2020,9,21,13,17,41, 125.1613000000
2020,9,21,13,17,42,  51.9355000000
2020,9,21,13,17,42, -32.5806000000
2020,9,21,13,17,42, 117.7419000000
2020,9,21,13,17,43, -50.0000000000
2020,9,21,13,17,43, 120.6452000000
2020,9,21,13,17,43, -50.0000000000
2020,9,21,13,17,43, -44.5161000000
2020,9,21,13,17,44, -25.8065000000
2020,9,21,13,17,44, -20.6452000000
2020,9,21,13,17,44, -50.0000000000
2020,9,21,13,17,44, -50.0000000000
2020,9,21,13,17,45, -50.0000000000
2020,9,21,13,17,45,  -4.8387000000
2020,9,21,13,17,45, 103.2258000000
2020,9,21,13,17,45, -50.0000000000
2020,9,21,13,17,46, 131.9355000000
2020,9,21,13,17,46,  70.9677000000
2020,9,21,13,17,46, -37.4194000000
2020,9,21,13,17,46, 112.2581000000
2020,9,21,13,17,47, -50.0000000000
2020,9,21,13,17,47, 130.6452000000
2020,9,21,13,17,47, -50.0000000000
2020,9,21,13,17,47,  12.9032000000
2020,9,21,13,17,48,  77.0968000000
2020,9,21,13,17,48, -40.0000000000
2020,9,21,13,17,48,  83.5484000000
2020,9,21,13,17,48, -46.4516000000
2020,9,21,13,17,49, 117.4194000000
2020,9,21,13,17,49, -50.0000000000
2020,9,21,13,17,49, 132.5806000000
2020,9,21,13,17,49,  25.1613000000
2020,9,21,13,17,50, -20.3226000000
2020,9,21,13,17,50,  91.6129000000
2020,9,21,13,17,50, -50.0000000000
2020,9,21,13,17,51, -50.0000000000
2020,9,21,13,17,51, 108.3871000000
2020,9,21,13,17,51, -50.0000000000
2020,9,21,13,17,51, 129.6774000000
2020,9,21,13,17,52, -41.2903000000
2020,9,21,13,17,52, -30.9677000000
2020,9,21,13,17,52, 118.0645000000
2020,9,21,13,17,52, -50.0000000000
2020,9,21,13,17,53, -20.6452000000
2020,9,21,13,17,53, 112.9032000000
2020,9,21,13,17,53, -50.0000000000
2020,9,21,13,17,53, 133.8710000000
2020,9,21,13,17,54,  41.6129000000
2020,9,21,13,17,54, -43.8710000000
2020,9,21,13,17,54, 123.2258000000
2020,9,21,13,17,54, -50.0000000000
2020,9,21,13,17,55,  13.8710000000
2020,9,21,13,17,55,  70.0000000000
2020,9,21,13,17,55,  -6.4516000000
2020,9,21,13,17,55,  89.6774000000
2020,9,21,13,17,56, -50.0000000000
2020,9,21,13,17,56, 128.0645000000
2020,9,21,13,17,56,  63.8710000000
2020,9,21,13,17,56, -44.8387000000
2020,9,21,13,17,57, 117.4194000000
2020,9,21,13,17,57, -50.0000000000
2020,9,21,13,17,57, 137.7419000000
2020,9,21,13,17,57,  -2.5806000000
2020,9,21,13,17,58, 124.8387000000
2020,9,21,13,17,58, -19.3548000000
2020,9,21,13,17,58, -50.0000000000
2020,9,21,13,17,58,  22.9032000000
2020,9,21,13,17,59,  76.1290000000
2020,9,21,13,17,59, 115.1613000000
2020,9,21,13,17,59, 121.2903000000
2020,9,21,13,18,0, -50.0000000000
2020,9,21,13,18,0, -12.5806000000
2020,9,21,13,18,0, 103.8710000000
2020,9,21,13,18,0, -50.0000000000
2020,9,21,13,18,1, 101.2903000000
2020,9,21,13,18,1, -26.1290000000
2020,9,21,13,18,1, 112.2581000000
2020,9,21,13,18,1, -50.0000000000
2020,9,21,13,18,2,  88.3871000000
2020,9,21,13,18,2, -50.0000000000
2020,9,21,13,18,2, 130.3226000000
2020,9,21,13,18,2,  32.9032000000
2020,9,21,13,18,3,  95.1613000000
2020,9,21,13,18,3, -50.0000000000
2020,9,21,13,18,3, 125.4839000000
2020,9,21,13,18,3, -50.0000000000
2020,9,21,13,18,4,  71.2903000000
2020,9,21,13,18,4,  67.4194000000
2020,9,21,13,18,4, -31.2903000000
2020,9,21,13,18,4, 105.4839000000
2020,9,21,13,18,5, -17.4194000000
2020,9,21,13,18,5, 111.6129000000
2020,9,21,13,18,5, -50.0000000000
2020,9,21,13,18,5,  13.2258000000
2020,9,21,13,18,6,  79.0323000000
2020,9,21,13,18,6, -43.2258000000
2020,9,21,13,18,6, 115.8065000000
2020,9,21,13,18,6, -50.0000000000
2020,9,21,13,18,7, 128.3871000000
2020,9,21,13,18,7,  74.1935000000
2020,9,21,13,18,7, -49.6774000000
2020,9,21,13,18,8, 118.0645000000
2020,9,21,13,18,8, -50.0000000000
2020,9,21,13,18,8, 133.8710000000
2020,9,21,13,18,8,  -0.9677000000
2020,9,21,13,18,9, -13.2258000000
2020,9,21,13,18,9,  87.4194000000
2020,9,21,13,18,9, -43.5484000000
2020,9,21,13,18,9, 116.7742000000
2020,9,21,13,18,10, 131.2903000000
2020,9,21,13,18,10, -28.0645000000
2020,9,21,13,18,10, -15.1613000000
2020,9,21,13,18,10, -36.7742000000
2020,9,21,13,18,11, 113.8710000000
2020,9,21,13,18,11, -50.0000000000
2020,9,21,13,18,11, 120.3226000000
2020,9,21,13,18,11, -50.0000000000
2020,9,21,13,18,12, 135.1613000000
2020,9,21,13,18,12, -14.1935000000
2020,9,21,13,18,12, -33.8710000000
2020,9,21,13,18,12, 105.1613000000
2020,9,21,13,18,13,  74.5161000000
2020,9,21,13,18,13, -50.0000000000
2020,9,21,13,18,13, 128.3871000000
2020,9,21,13,18,13,  -7.7419000000
2020,9,21,13,18,14,  -8.0645000000
2020,9,21,13,18,14,  87.0968000000
2020,9,21,13,18,14, 127.0968000000
2020,9,21,13,18,15, -50.0000000000
2020,9,21,13,18,15, 133.5484000000
2020,9,21,13,18,15, -50.0000000000
2020,9,21,13,18,15,   3.5484000000
2020,9,21,13,18,16, 101.2903000000
2020,9,21,13,18,16, -50.0000000000
2020,9,21,13,18,16, 134.8387000000
2020,9,21,13,18,16,  75.8065000000
2020,9,21,13,18,17, -50.0000000000
2020,9,21,13,18,17, 129.0323000000
2020,9,21,13,18,17,  22.9032000000
2020,9,21,13,18,17, -31.6129000000
2020,9,21,13,18,18, 110.0000000000
2020,9,21,13,18,18, -50.0000000000
2020,9,21,13,18,18, 124.1935000000
2020,9,21,13,18,18,  19.6774000000
2020,9,21,13,18,19, -20.6452000000
2020,9,21,13,18,19, 100.0000000000
2020,9,21,13,18,19, -50.0000000000
2020,9,21,13,18,19, 125.4839000000
2020,9,21,13,18,20,  -3.5484000000
2020,9,21,13,18,20, 100.6452000000
2020,9,21,13,18,20, -50.0000000000
2020,9,21,13,18,20,  91.2903000000
2020,9,21,13,18,21,  85.1613000000
2020,9,21,13,18,21, -50.0000000000
2020,9,21,13,18,21, 127.7419000000
2020,9,21,13,18,21, -50.0000000000
2020,9,21,13,18,22, 134.5161000000
2020,9,21,13,18,22,   4.5161000000
2020,9,21,13,18,22, -18.3871000000
2020,9,21,13,18,22,  94.1935000000
2020,9,21,13,18,23,   0.6452000000
2020,9,21,13,18,23,  85.8065000000
2020,9,21,13,18,23, -50.0000000000
2020,9,21,13,18,24,  81.2903000000
2020,9,21,13,18,24, -50.0000000000
2020,9,21,13,18,24, 130.9677000000
2020,9,21,13,18,24,  59.6774000000
2020,9,21,13,18,25, -39.3548000000
2020,9,21,13,18,25, 115.8065000000
2020,9,21,13,18,25, -50.0000000000
2020,9,21,13,18,25,  -6.1290000000
2020,9,21,13,18,26, 100.0000000000
2020,9,21,13,18,26, -50.0000000000
2020,9,21,13,18,26, 109.6774000000
2020,9,21,13,18,26, -50.0000000000
2020,9,21,13,18,27, 129.0323000000
2020,9,21,13,18,27, -50.0000000000
2020,9,21,13,18,27, 119.0323000000
2020,9,21,13,18,27, -50.0000000000
2020,9,21,13,18,28, 135.4839000000
2020,9,21,13,18,28, -48.7097000000
2020,9,21,13,18,28,  -2.5806000000
2020,9,21,13,18,28,  86.1290000000
2020,9,21,13,18,29, -47.7419000000
2020,9,21,13,18,29, 122.5806000000
2020,9,21,13,18,29, -32.5806000000
2020,9,21,13,18,29, 108.3871000000
2020,9,21,13,18,30,  72.5806000000
2020,9,21,13,18,30, -50.0000000000
2020,9,21,13,18,30, 125.8065000000
2020,9,21,13,18,30, -50.0000000000
2020,9,21,13,18,31,  31.9355000000
2020,9,21,13,18,31,  72.9032000000
2020,9,21,13,18,31, -35.1613000000
2020,9,21,13,18,32, 110.0000000000
2020,9,21,13,18,32, -50.0000000000
2020,9,21,13,18,32,  21.9355000000
2020,9,21,13,18,32,  91.2903000000
2020,9,21,13,18,33, -48.3871000000
2020,9,21,13,18,33,  80.3226000000
2020,9,21,13,18,33, 121.9355000000
2020,9,21,13,18,33, -50.0000000000
2020,9,21,13,18,34, -12.9032000000
2020,9,21,13,18,34, -50.0000000000
2020,9,21,13,18,34,  72.2581000000
2020,9,21,13,18,34,  78.0645000000
2020,9,21,13,18,35,  90.6452000000
2020,9,21,13,18,35, -50.0000000000
2020,9,21,13,18,35, 134.5161000000
2020,9,21,13,18,35, -50.0000000000
2020,9,21,13,18,36,  32.9032000000
2020,9,21,13,18,36,  76.7742000000
2020,9,21,13,18,36, -41.6129000000
2020,9,21,13,18,36, 113.5484000000
2020,9,21,13,18,37, -50.0000000000
2020,9,21,13,18,37, 131.2903000000
2020,9,21,13,18,37, 125.4839000000
2020,9,21,13,18,37,  56.1290000000
2020,9,21,13,18,38,  -4.1935000000
2020,9,21,13,18,38, 118.0645000000
2020,9,21,13,18,38,  97.4194000000
2020,9,21,13,18,39, 122.5806000000
2020,9,21,13,18,39, 132.2581000000
2020,9,21,13,18,39,  77.0968000000
2020,9,21,13,18,39,  91.6129000000
2020,9,21,13,18,40, -26.1290000000
2020,9,21,13,18,40, -48.7097000000
2020,9,21,13,18,40, 126.4516000000
2020,9,21,13,18,40,  21.2903000000
2020,9,21,13,18,41, -34.8387000000
2020,9,21,13,18,41, 106.7742000000
2020,9,21,13,18,41, -50.0000000000
2020,9,21,13,18,41, 126.1290000000
2020,9,21,13,18,42, -50.0000000000
2020,9,21,13,18,42,  27.0968000000
2020,9,21,13,18,42,  71.2903000000
2020,9,21,13,18,42, 138.3871000000
2020,9,21,13,18,43,  59.6774000000
2020,9,21,13,18,43, -49.3548000000
2020,9,21,13,18,43, 125.1613000000
2020,9,21,13,18,43,  37.7419000000
2020,9,21,13,18,44, -42.9032000000
2020,9,21,13,18,44, 123.2258000000
2020,9,21,13,18,44, -50.0000000000
2020,9,21,13,18,44,  -0.9677000000
2020,9,21,13,18,45, -50.0000000000
2020,9,21,13,18,45, 124.1935000000
2020,9,21,13,18,45,  48.0645000000
2020,9,21,13,18,45,  67.0968000000
2020,9,21,13,18,46, -49.6774000000
2020,9,21,13,18,46, 127.4194000000
2020,9,21,13,18,46,  41.2903000000
2020,9,21,13,18,47, -41.2903000000
2020,9,21,13,18,47, 113.2258000000
2020,9,21,13,18,47, -50.0000000000
2020,9,21,13,18,47, 138.3871000000
2020,9,21,13,18,48, -50.0000000000
2020,9,21,13,18,48,  44.5161000000
2020,9,21,13,18,48,  32.5806000000
2020,9,21,13,18,48, 145.8065000000
2020,9,21,13,18,49,  -2.5806000000
2020,9,21,13,18,49, -32.9032000000
2020,9,21,13,18,49, -50.0000000000
2020,9,21,13,18,49, 107.4194000000
2020,9,21,13,18,50,  83.8710000000
2020,9,21,13,18,50, -50.0000000000
2020,9,21,13,18,50,  83.2258000000
2020,9,21,13,18,50, -45.4839000000
2020,9,21,13,18,51, 116.1290000000
2020,9,21,13,18,51, -50.0000000000
2020,9,21,13,18,51,  12.9032000000
2020,9,21,13,18,51, 100.9677000000
2020,9,21,13,18,52, -50.0000000000
2020,9,21,13,18,52,  58.0645000000
2020,9,21,13,18,52,  94.5161000000
2020,9,21,13,18,52, -50.0000000000
2020,9,21,13,18,53, 121.9355000000
2020,9,21,13,18,53, -50.0000000000
2020,9,21,13,18,53, 106.4516000000
2020,9,21,13,18,53, -50.0000000000
2020,9,21,13,18,54, 125.4839000000
2020,9,21,13,18,54, -35.4839000000
2020,9,21,13,18,54, -22.5806000000
2020,9,21,13,18,54,  95.8065000000
2020,9,21,13,18,55, -49.6774000000
2020,9,21,13,18,55, 120.9677000000
2020,9,21,13,18,55, -50.0000000000
2020,9,21,13,18,56, 112.2581000000
2020,9,21,13,18,56, -50.0000000000
2020,9,21,13,18,56, 125.8065000000
2020,9,21,13,18,56, -50.0000000000
2020,9,21,13,18,57, -28.3871000000
2020,9,21,13,18,57, 116.4516000000
2020,9,21,13,18,57, -50.0000000000
2020,9,21,13,18,57,  81.2903000000
2020,9,21,13,18,58,  69.3548000000
2020,9,21,13,18,58, -50.0000000000
2020,9,21,13,18,58, 113.2258000000
2020,9,21,13,18,58, -50.0000000000
2020,9,21,13,18,59,  20.0000000000
2020,9,21,13,18,59,  90.9677000000
2020,9,21,13,18,59, -50.0000000000
2020,9,21,13,18,59, 133.5484000000
2020,9,21,13,19,0,  -8.3871000000
2020,9,21,13,19,0, 119.3548000000
2020,9,21,13,19,0, -50.0000000000
2020,9,21,13,19,0, 133.2258000000
2020,9,21,13,19,1, -11.6129000000
2020,9,21,13,19,1, -20.6452000000
2020,9,21,13,19,1, 112.2581000000
2020,9,21,13,19,1, -50.0000000000
2020,9,21,13,19,2, 228.3871000000
2020,9,21,13,19,2, -50.0000000000
2020,9,21,13,19,2, 132.5806000000
2020,9,21,13,19,2,  74.1935000000
2020,9,21,13,19,3, -50.0000000000
2020,9,21,13,19,3, 129.6774000000
2020,9,21,13,19,3,  24.5161000000
2020,9,21,13,19,4, -22.5806000000
2020,9,21,13,19,4, -50.0000000000
2020,9,21,13,19,4,  -3.8710000000
2020,9,21,13,19,4, 101.9355000000
2020,9,21,13,19,5, -50.0000000000
2020,9,21,13,19,5, 131.9355000000
2020,9,21,13,19,5,  71.9355000000
2020,9,21,13,19,5, -50.0000000000
2020,9,21,13,19,6, 128.7097000000
2020,9,21,13,19,6,  59.0323000000
2020,9,21,13,19,6, -44.5161000000
2020,9,21,13,19,6, 122.2581000000
2020,9,21,13,19,7, -50.0000000000
2020,9,21,13,19,7, 130.6452000000
2020,9,21,13,19,7, -50.0000000000
2020,9,21,13,19,7,   5.4839000000
2020,9,21,13,19,8,  -8.3871000000
2020,9,21,13,19,8, -35.1613000000
2020,9,21,13,19,8,  10.3226000000
2020,9,21,13,19,8, 127.7419000000
2020,9,21,13,19,9, 121.6129000000
2020,9,21,13,19,9, 124.8387000000
2020,9,21,13,19,9, -50.0000000000
2020,9,21,13,19,9, -47.4194000000
2020,9,21,13,19,10, -24.5161000000
2020,9,21,13,19,10, -50.0000000000
2020,9,21,13,19,10, 131.6129000000
2020,9,21,13,19,11, 124.5161000000
2020,9,21,13,19,11,  17.4194000000
2020,9,21,13,19,11,  99.6774000000
2020,9,21,13,19,11, -50.0000000000
2020,9,21,13,19,12, 125.4839000000
2020,9,21,13,19,12, -50.0000000000
2020,9,21,13,19,12,  86.7742000000
2020,9,21,13,19,12,  46.4516000000
2020,9,21,13,19,13, -14.1935000000
2020,9,21,13,19,13,  91.6129000000
2020,9,21,13,19,13, -50.0000000000
2020,9,21,13,19,13, 130.0000000000
2020,9,21,13,19,14,  63.8710000000
2020,9,21,13,19,14, -48.3871000000
2020,9,21,13,19,14, 126.7742000000
2020,9,21,13,19,14,  -5.8065000000
2020,9,21,13,19,15, -19.0323000000
2020,9,21,13,19,15,  97.7419000000
2020,9,21,13,19,15, -50.0000000000
2020,9,21,13,19,15, 128.3871000000
2020,9,21,13,19,16,  30.6452000000
2020,9,21,13,19,16, -19.3548000000
2020,9,21,13,19,16,  93.8710000000
2020,9,21,13,19,16,  21.9355000000
2020,9,21,13,19,17,  72.2581000000
2020,9,21,13,19,17, -32.5806000000
2020,9,21,13,19,17,  95.1613000000
2020,9,21,13,19,17, -50.0000000000
2020,9,21,13,19,18, 132.5806000000
2020,9,21,13,19,18,  80.6452000000
2020,9,21,13,19,18, -50.0000000000
2020,9,21,13,19,18, 121.6129000000
2020,9,21,13,19,19, -50.0000000000
2020,9,21,13,19,19, -15.1613000000
2020,9,21,13,19,19, 107.4194000000
2020,9,21,13,19,20, -50.0000000000
2020,9,21,13,19,20, 125.1613000000
2020,9,21,13,19,20, -50.0000000000
2020,9,21,13,19,20,  94.5161000000
2020,9,21,13,19,21,  62.2581000000
2020,9,21,13,19,21, -31.9355000000
2020,9,21,13,19,21, 102.2581000000
2020,9,21,13,19,21, -50.0000000000
2020,9,21,13,19,22, 123.2258000000
2020,9,21,13,19,22, -36.1290000000
2020,9,21,13,19,22, -29.0323000000
2020,9,21,13,19,22, 116.7742000000
2020,9,21,13,19,23, -50.0000000000
2020,9,21,13,19,23, -11.6129000000
2020,9,21,13,19,23,  99.0323000000
2020,9,21,13,19,23, -50.0000000000
2020,9,21,13,19,24, 121.6129000000
2020,9,21,13,19,24, -50.0000000000
2020,9,21,13,19,24, -38.0645000000
2020,9,21,13,19,24, 101.9355000000
2020,9,21,13,19,25, -50.0000000000
2020,9,21,13,19,25,  22.9032000000
2020,9,21,13,19,25,  98.3871000000
2020,9,21,13,19,25, -50.0000000000
2020,9,21,13,19,26, 128.7097000000
2020,9,21,13,19,26, -38.0645000000
2020,9,21,13,19,26, -34.1935000000
2020,9,21,13,19,26, 120.6452000000
2020,9,21,13,19,27, -50.0000000000
2020,9,21,13,19,27,  86.4516000000
2020,9,21,13,19,27,  53.2258000000
2020,9,21,13,19,27, -47.0968000000
2020,9,21,13,19,28, 124.8387000000
2020,9,21,13,19,28, -50.0000000000
2020,9,21,13,19,28, 104.5161000000
2020,9,21,13,19,28,  62.5806000000
2020,9,21,13,19,29, 118.7097000000
2020,9,21,13,19,29, -50.0000000000
2020,9,21,13,19,29, 137.0968000000
2020,9,21,13,19,30,   4.1935000000
2020,9,21,13,19,30, -24.5161000000
2020,9,21,13,19,30, 114.1935000000
2020,9,21,13,19,30, 122.9032000000
2020,9,21,13,19,31, -50.0000000000
2020,9,21,13,19,31,  32.2581000000
2020,9,21,13,19,31,  75.1613000000
2020,9,21,13,19,31,  83.2258000000
2020,9,21,13,19,32, -32.2581000000
2020,9,21,13,19,32, 117.7419000000
2020,9,21,13,19,32, -50.0000000000
2020,9,21,13,19,32,  -2.9032000000
2020,9,21,13,19,33,  80.6452000000
2020,9,21,13,19,33, -42.2581000000
2020,9,21,13,19,33, 117.0968000000
2020,9,21,13,19,33, -50.0000000000
2020,9,21,13,19,34, 134.1935000000
2020,9,21,13,19,34, -10.6452000000
2020,9,21,13,19,34,  -8.7097000000
2020,9,21,13,19,34, 127.7419000000
2020,9,21,13,19,35,  79.3548000000
2020,9,21,13,19,35, -50.0000000000
2020,9,21,13,19,35, 132.5806000000
2020,9,21,13,19,35, -10.3226000000
2020,9,21,13,19,36, 123.5484000000
2020,9,21,13,19,36, -32.5806000000
2020,9,21,13,19,36, -50.0000000000
2020,9,21,13,19,37, -36.7742000000
2020,9,21,13,19,37, 112.9032000000
2020,9,21,13,19,37, -50.0000000000
2020,9,21,13,19,37, -10.6452000000
2020,9,21,13,19,38, 108.0645000000
2020,9,21,13,19,38, -50.0000000000
2020,9,21,13,19,38, 124.8387000000
2020,9,21,13,19,38, -50.0000000000
2020,9,21,13,19,39,  43.2258000000
2020,9,21,13,19,39,  67.0968000000
2020,9,21,13,19,39, -29.0323000000
2020,9,21,13,19,39,  99.0323000000
2020,9,21,13,19,40, -50.0000000000
2020,9,21,13,19,40, 122.5806000000
2020,9,21,13,19,40, -50.0000000000
2020,9,21,13,19,40,  68.0645000000
2020,9,21,13,19,41,  64.1935000000
2020,9,21,13,19,41,  97.7419000000
2020,9,21,13,19,41, -50.0000000000
2020,9,21,13,19,41, 105.4839000000
2020,9,21,13,19,42,  72.2581000000
2020,9,21,13,19,42, -32.5806000000
2020,9,21,13,19,42,  87.0968000000
2020,9,21,13,19,42, -47.4194000000
2020,9,21,13,19,43, 117.4194000000
2020,9,21,13,19,43, -50.0000000000
2020,9,21,13,19,43, -22.9032000000
2020,9,21,13,19,43, 112.5806000000
2020,9,21,13,19,44, -50.0000000000
2020,9,21,13,19,44, 101.6129000000
2020,9,21,13,19,44,  68.3871000000
2020,9,21,13,19,45, 124.8387000000
2020,9,21,13,19,45,  20.0000000000
2020,9,21,13,19,45, -41.6129000000
2020,9,21,13,19,45, 122.2581000000
2020,9,21,13,19,46,  84.5161000000
2020,9,21,13,19,46, -40.3226000000
2020,9,21,13,19,46, 115.4839000000
2020,9,21,13,19,46, -50.0000000000
2020,9,21,13,19,47,  -4.5161000000
2020,9,21,13,19,47, 102.9032000000
2020,9,21,13,19,47, -50.0000000000
2020,9,21,13,19,47, 108.3871000000
2020,9,21,13,19,48,  30.9677000000
2020,9,21,13,19,48, -18.3871000000
2020,9,21,13,19,48,  91.2903000000
2020,9,21,13,19,48, -50.0000000000
2020,9,21,13,19,49, 114.8387000000
2020,9,21,13,19,49,  77.4194000000
2020,9,21,13,19,49, -38.7097000000
2020,9,21,13,19,49, 110.9677000000
2020,9,21,13,19,50, -50.0000000000
2020,9,21,13,19,50, 133.2258000000
2020,9,21,13,19,50, -50.0000000000
2020,9,21,13,19,50,  -4.8387000000
2020,9,21,13,19,51,  85.1613000000
2020,9,21,13,19,51, -46.4516000000
2020,9,21,13,19,51, -50.0000000000
2020,9,21,13,19,51, 124.1935000000
2020,9,21,13,19,52,  18.0645000000
2020,9,21,13,19,52, -40.3226000000
2020,9,21,13,19,52, 122.5806000000
2020,9,21,13,19,52, -50.0000000000
2020,9,21,13,19,53, -16.7742000000
2020,9,21,13,19,53,  91.2903000000
2020,9,21,13,19,53, -34.1935000000
2020,9,21,13,19,54, 109.0323000000
2020,9,21,13,19,54, 129.3548000000
2020,9,21,13,19,54,  68.3871000000
2020,9,21,13,19,54, -50.0000000000
2020,9,21,13,19,55, 123.8710000000
2020,9,21,13,19,55,  26.4516000000
2020,9,21,13,19,55, -34.1935000000
2020,9,21,13,19,55, 121.9355000000
2020,9,21,13,19,56, -50.0000000000
2020,9,21,13,19,56, 131.9355000000
2020,9,21,13,19,56,  65.4839000000
2020,9,21,13,19,56, -34.5161000000
2020,9,21,13,19,57, 111.9355000000
2020,9,21,13,19,57, -50.0000000000
2020,9,21,13,19,57,  -7.4194000000
2020,9,21,13,19,57, -47.4194000000
2020,9,21,13,19,58,  20.9677000000
2020,9,21,13,19,58, -39.3548000000
2020,9,21,13,19,58, 122.5806000000
2020,9,21,13,19,58, -37.0968000000
2020,9,21,13,19,59,  30.0000000000
2020,9,21,13,19,59, -17.7419000000
2020,9,21,13,19,59,  89.6774000000
2020,9,21,13,19,59, -46.7742000000
2020,9,21,13,20,0, 121.2903000000
2020,9,21,13,20,0, -50.0000000000
2020,9,21,13,20,0, 129.6774000000
2020,9,21,13,20,0,  49.3548000000
2020,9,21,13,20,1, -25.1613000000
2020,9,21,13,20,1,  99.0323000000
2020,9,21,13,20,1, -50.0000000000
2020,9,21,13,20,2,  93.5484000000
2020,9,21,13,20,2, -50.0000000000
2020,9,21,13,20,2, 109.0323000000
2020,9,21,13,20,2, -50.0000000000
2020,9,21,13,20,3,  -9.3548000000
2020,9,21,13,20,3, 105.4839000000
2020,9,21,13,20,3, -50.0000000000
2020,9,21,13,20,3, 132.5806000000
2020,9,21,13,20,4,  79.3548000000
2020,9,21,13,20,4, -50.0000000000
2020,9,21,13,20,4, 123.8710000000
2020,9,21,13,20,4, -50.0000000000
2020,9,21,13,20,5, 133.2258000000
2020,9,21,13,20,5, 124.8387000000
2020,9,21,13,20,5,   6.4516000000
2020,9,21,13,20,5, -40.3226000000
2020,9,21,13,20,6, -34.1935000000
2020,9,21,13,20,6, -50.0000000000
2020,9,21,13,20,6,  61.2903000000
2020,9,21,13,20,6, -25.1613000000
2020,9,21,13,20,7, -29.6774000000
2020,9,21,13,20,7, 102.5806000000
2020,9,21,13,20,7, -50.0000000000
2020,9,21,13,20,7, 126.1290000000
2020,9,21,13,20,8, -50.0000000000
2020,9,21,13,20,8,  94.1935000000
2020,9,21,13,20,8, -12.2581000000
2020,9,21,13,20,9, -26.7742000000
2020,9,21,13,20,9, 116.7742000000
2020,9,21,13,20,9, -50.0000000000
2020,9,21,13,20,9,  70.3226000000
2020,9,21,13,20,10,  22.5806000000
2020,9,21,13,20,10, -20.6452000000
2020,9,21,13,20,10,  97.4194000000
2020,9,21,13,20,10, -50.0000000000
2020,9,21,13,20,11, 130.6452000000
2020,9,21,13,20,11,  68.0645000000
2020,9,21,13,20,11, -45.1613000000
2020,9,21,13,20,11, 116.1290000000
2020,9,21,13,20,12, -50.0000000000
2020,9,21,13,20,12, 134.1935000000
2020,9,21,13,20,12, -24.1935000000
2020,9,21,13,20,12, -10.0000000000
2020,9,21,13,20,13,  84.1935000000
2020,9,21,13,20,13, -29.6774000000
2020,9,21,13,20,13, -43.2258000000
2020,9,21,13,20,13,  39.0323000000
2020,9,21,13,20,14, -21.6129000000
2020,9,21,13,20,14, -17.0968000000
2020,9,21,13,20,14, 109.3548000000
2020,9,21,13,20,14, -50.0000000000
2020,9,21,13,20,15, 100.3226000000
2020,9,21,13,20,15, -50.0000000000
2020,9,21,13,20,15, 127.4194000000
2020,9,21,13,20,15,  51.6129000000
2020,9,21,13,20,16, -19.0323000000
2020,9,21,13,20,16, 112.2581000000
2020,9,21,13,20,16, -50.0000000000
2020,9,21,13,20,16,  -7.4194000000
2020,9,21,13,20,17, 102.2581000000
2020,9,21,13,20,17, -50.0000000000
2020,9,21,13,20,17,  59.0323000000
2020,9,21,13,20,18,  89.3548000000
2020,9,21,13,20,18, -46.4516000000
2020,9,21,13,20,18, 118.7097000000
2020,9,21,13,20,18, -50.0000000000
2020,9,21,13,20,19, 133.8710000000
2020,9,21,13,20,19, -16.1290000000
2020,9,21,13,20,19, -10.3226000000
2020,9,21,13,20,19,  93.8710000000
2020,9,21,13,20,20, 132.2581000000
2020,9,21,13,20,20,  71.9355000000
2020,9,21,13,20,20,  20.6452000000
2020,9,21,13,20,20, -50.0000000000
2020,9,21,13,20,21,  38.3871000000
2020,9,21,13,20,21, -36.7742000000
2020,9,21,13,20,21,  97.4194000000
2020,9,21,13,20,21, -50.0000000000
2020,9,21,13,20,22, 123.2258000000
2020,9,21,13,20,22, -50.0000000000
2020,9,21,13,20,22,  91.6129000000
2020,9,21,13,20,22,  60.3226000000
2020,9,21,13,20,23, -27.7419000000
2020,9,21,13,20,23,  92.5806000000
2020,9,21,13,20,23, -49.0323000000
2020,9,21,13,20,23, 121.6129000000
2020,9,21,13,20,24, -50.0000000000
2020,9,21,13,20,24, 125.4839000000
2020,9,21,13,20,24,  65.4839000000
2020,9,21,13,20,24, -50.0000000000
2020,9,21,13,20,25, 124.1935000000
2020,9,21,13,20,25,  32.2581000000
2020,9,21,13,20,25, -41.2903000000
2020,9,21,13,20,26,  52.2581000000
2020,9,21,13,20,26, -45.8065000000
2020,9,21,13,20,26, 122.9032000000
2020,9,21,13,20,26, -50.0000000000
2020,9,21,13,20,27, 110.6452000000
2020,9,21,13,20,27, -50.0000000000
2020,9,21,13,20,27,  38.7097000000
2020,9,21,13,20,27, -13.5484000000
2020,9,21,13,20,28, 121.6129000000
2020,9,21,13,20,28, -50.0000000000
2020,9,21,13,20,28, -26.7742000000
2020,9,21,13,20,28, 117.7419000000
2020,9,21,13,20,29, -50.0000000000
2020,9,21,13,20,29,  -8.7097000000
2020,9,21,13,20,29,  87.4194000000
2020,9,21,13,20,29, -46.1290000000
2020,9,21,13,20,30, 118.3871000000
2020,9,21,13,20,30, -50.0000000000
2020,9,21,13,20,30, 134.1935000000
2020,9,21,13,20,30, -50.0000000000
2020,9,21,13,20,31,  -9.0323000000
2020,9,21,13,20,31, 104.5161000000
2020,9,21,13,20,31, -50.0000000000
2020,9,21,13,20,31,  39.6774000000
2020,9,21,13,20,32,  88.7097000000
2020,9,21,13,20,32, -50.0000000000
2020,9,21,13,20,32, 121.9355000000
2020,9,21,13,20,32, -50.0000000000
2020,9,21,13,20,33, 106.4516000000
2020,9,21,13,20,33,  49.3548000000
2020,9,21,13,20,33, -23.8710000000
2020,9,21,13,20,33, 100.0000000000
2020,9,21,13,20,34, -50.0000000000
2020,9,21,13,20,34, 124.5161000000
2020,9,21,13,20,34, -13.5484000000
2020,9,21,13,20,35, 118.3871000000
2020,9,21,13,20,35,  71.2903000000
2020,9,21,13,20,35, -35.1613000000
2020,9,21,13,20,35,  60.9677000000
2020,9,21,13,20,36, -34.5161000000
2020,9,21,13,20,36, 122.2581000000
2020,9,21,13,20,36,  85.8065000000
2020,9,21,13,20,36, -50.0000000000
2020,9,21,13,20,37, 123.8710000000
2020,9,21,13,20,37,  75.8065000000
2020,9,21,13,20,37, -45.4839000000
2020,9,21,13,20,37, 123.5484000000
2020,9,21,13,20,38, -20.3226000000
2020,9,21,13,20,38, -32.5806000000
2020,9,21,13,20,38, 103.8710000000
2020,9,21,13,20,38, -50.0000000000
2020,9,21,13,20,39, 101.6129000000
2020,9,21,13,20,39, -50.0000000000
2020,9,21,13,20,39, 124.5161000000
2020,9,21,13,20,39, -50.0000000000
2020,9,21,13,20,40, 135.8065000000
2020,9,21,13,20,40,  21.6129000000
2020,9,21,13,20,40, -21.6129000000
2020,9,21,13,20,40,  99.0323000000
2020,9,21,13,20,41, -50.0000000000
2020,9,21,13,20,41, 124.8387000000
2020,9,21,13,20,41, -50.0000000000
2020,9,21,13,20,41,  30.6452000000
2020,9,21,13,20,42,  97.4194000000
2020,9,21,13,20,42, -50.0000000000
2020,9,21,13,20,42, 126.7742000000
2020,9,21,13,20,42, -50.0000000000
2020,9,21,13,20,43, -23.5484000000
2020,9,21,13,20,43, 116.4516000000
2020,9,21,13,20,43, -50.0000000000
2020,9,21,13,20,44, 126.7742000000
2020,9,21,13,20,44, -50.0000000000
2020,9,21,13,20,44, -27.0968000000
2020,9,21,13,20,44, 113.5484000000
2020,9,21,13,20,45, -50.0000000000
2020,9,21,13,20,45, 136.1290000000
2020,9,21,13,20,45, -27.4194000000
2020,9,21,13,20,45, -11.9355000000
2020,9,21,13,20,46,  93.8710000000
2020,9,21,13,20,46, 130.9677000000
2020,9,21,13,20,46,  73.2258000000
2020,9,21,13,20,46, -50.0000000000
2020,9,21,13,20,47, 127.0968000000
2020,9,21,13,20,47, -50.0000000000
2020,9,21,13,20,47, -26.1290000000
2020,9,21,13,20,47, 117.4194000000
2020,9,21,13,20,48, -40.6452000000
2020,9,21,13,20,48, 122.9032000000
2020,9,21,13,20,48, -50.0000000000
2020,9,21,13,20,48,  69.0323000000
2020,9,21,13,20,49, -47.7419000000
2020,9,21,13,20,49,  -4.8387000000
2020,9,21,13,20,49,  87.4194000000
2020,9,21,13,20,49, -48.0645000000
