2020,9,21,14,24,0, -50.0000000000
2020,9,21,14,24,1, -50.0000000000
2020,9,21,14,24,1,  70.0000000000
2020,9,21,14,24,1,  89.6774000000
2020,9,21,14,24,1,  80.6452000000
2020,9,21,14,24,2,  -4.8387000000
2020,9,21,14,24,2,  93.5484000000
2020,9,21,14,24,2, -20.3226000000
2020,9,21,14,24,2, 113.2258000000
2020,9,21,14,24,3, -50.0000000000
2020,9,21,14,24,3, -12.2581000000
2020,9,21,14,24,3,  74.8387000000
2020,9,21,14,24,3, 130.3226000000
2020,9,21,14,24,4, -50.0000000000
2020,9,21,14,24,4,  -4.5161000000
2020,9,21,14,24,4, 102.5806000000
2020,9,21,14,24,4, -50.0000000000
2020,9,21,14,24,5, 122.2581000000
2020,9,21,14,24,5, -50.0000000000
2020,9,21,14,24,5, -50.0000000000
2020,9,21,14,24,6, -36.4516000000
2020,9,21,14,24,6, 115.1613000000
2020,9,21,14,24,6, -50.0000000000
2020,9,21,14,24,6,  96.1290000000
2020,9,21,14,24,7, -43.8710000000
2020,9,21,14,24,7, -48.0645000000
2020,9,21,14,24,7, -50.0000000000
2020,9,21,14,24,7, 120.6452000000
2020,9,21,14,24,8, -50.0000000000
2020,9,21,14,24,8, 128.7097000000
2020,9,21,14,24,8, -44.5161000000
2020,9,21,14,24,8, 120.0000000000
2020,9,21,14,24,9,  94.8387000000
2020,9,21,14,24,9, -50.0000000000
2020,9,21,14,24,9, 107.0968000000
2020,9,21,14,24,9, -50.0000000000
2020,9,21,14,24,10,  96.4516000000
2020,9,21,14,24,10,  84.8387000000
2020,9,21,14,24,10, -50.0000000000
2020,9,21,14,24,10, -36.7742000000
2020,9,21,14,24,11, 120.0000000000
2020,9,21,14,24,11,  90.3226000000
2020,9,21,14,24,11,  86.7742000000
2020,9,21,14,24,12, -50.0000000000
2020,9,21,14,24,12,  98.3871000000
2020,9,21,14,24,12,  89.0323000000
2020,9,21,14,24,12, -41.9355000000
2020,9,21,14,24,13, 122.9032000000
2020,9,21,14,24,13, -17.4194000000
2020,9,21,14,24,13, -50.0000000000
2020,9,21,14,24,13,  83.8710000000
2020,9,21,14,24,14, -50.0000000000
2020,9,21,14,24,14, 130.0000000000
2020,9,21,14,24,14,  72.2581000000
2020,9,21,14,24,14, 106.4516000000
2020,9,21,14,24,15, -27.7419000000
2020,9,21,14,24,15, 116.4516000000
2020,9,21,14,24,15, 112.2581000000
2020,9,21,14,24,15, -50.0000000000
2020,9,21,14,24,16, -10.0000000000
2020,9,21,14,24,16, 103.8710000000
2020,9,21,14,24,16, -50.0000000000
2020,9,21,14,24,16, 125.1613000000
2020,9,21,14,24,17, -50.0000000000
2020,9,21,14,24,17, 106.4516000000
2020,9,21,14,24,17,  87.0968000000
2020,9,21,14,24,17,  70.0000000000
2020,9,21,14,24,18, -50.0000000000
2020,9,21,14,24,18, 128.0645000000
2020,9,21,14,24,18, -50.0000000000
2020,9,21,14,24,19,  -6.7742000000
2020,9,21,14,24,19, -50.0000000000
2020,9,21,14,24,19,  57.4194000000
2020,9,21,14,24,19,  93.5484000000
2020,9,21,14,24,20, -38.7097000000
2020,9,21,14,24,20, 121.6129000000
2020,9,21,14,24,20, -50.0000000000
2020,9,21,14,24,20, -20.0000000000
2020,9,21,14,24,21, -50.0000000000
2020,9,21,14,24,21, -16.7742000000
2020,9,21,14,24,21, 101.9355000000
2020,9,21,14,24,21, -50.0000000000
2020,9,21,14,24,22,  20.0000000000
2020,9,21,14,24,22,  21.6129000000
2020,9,21,14,24,22, -40.3226000000
2020,9,21,14,24,22, 122.9032000000
2020,9,21,14,24,23, -50.0000000000
2020,9,21,14,24,23,  78.0645000000
2020,9,21,14,24,23,  90.0000000000
2020,9,21,14,24,23, -31.9355000000
2020,9,21,14,24,24, 119.3548000000
2020,9,21,14,24,24, -50.0000000000
2020,9,21,14,24,24, 109.6774000000
2020,9,21,14,24,24,  85.1613000000
2020,9,21,14,24,25, -33.2258000000
2020,9,21,14,24,25, 119.3548000000
2020,9,21,14,24,25, -50.0000000000
2020,9,21,14,24,25, -17.7419000000
2020,9,21,14,24,26,  82.2581000000
2020,9,21,14,24,26, -50.0000000000
2020,9,21,14,24,26, 129.0323000000
2020,9,21,14,24,27, 105.1613000000
2020,9,21,14,24,27, -23.8710000000
2020,9,21,14,24,27, 115.4839000000
2020,9,21,14,24,27,  50.3226000000
2020,9,21,14,24,28,  18.3871000000
2020,9,21,14,24,28,  96.1290000000
2020,9,21,14,24,28, -50.0000000000
2020,9,21,14,24,28,  44.1935000000
2020,9,21,14,24,29,  -1.6129000000
2020,9,21,14,24,29, -38.3871000000
2020,9,21,14,24,29, 122.2581000000
2020,9,21,14,24,29, -50.0000000000
2020,9,21,14,24,30, 103.5484000000
2020,9,21,14,24,30,  85.1613000000
2020,9,21,14,24,30, -26.4516000000
2020,9,21,14,24,30, 117.4194000000
2020,9,21,14,24,31, -12.5806000000
2020,9,21,14,24,31, 105.8065000000
2020,9,21,14,24,31,  80.6452000000
2020,9,21,14,24,31, -39.0323000000
2020,9,21,14,24,32, -30.6452000000
2020,9,21,14,24,32, -47.4194000000
2020,9,21,14,24,32, 123.5484000000
2020,9,21,14,24,32, -50.0000000000
2020,9,21,14,24,33, -10.0000000000
2020,9,21,14,24,33, 108.7097000000
2020,9,21,14,24,33, -50.0000000000
2020,9,21,14,24,34, 126.7742000000
2020,9,21,14,24,34,  65.4839000000
2020,9,21,14,24,34,  -6.1290000000
2020,9,21,14,24,34, 101.6129000000
2020,9,21,14,24,35, -50.0000000000
2020,9,21,14,24,35, -32.9032000000
2020,9,21,14,24,35, -31.2903000000
2020,9,21,14,24,35,  -8.7097000000
2020,9,21,14,24,36,  -9.3548000000
2020,9,21,14,24,36, 104.5161000000
2020,9,21,14,24,36, -50.0000000000
2020,9,21,14,24,36, 118.7097000000
2020,9,21,14,24,37,  82.9032000000
2020,9,21,14,24,37,  -8.0645000000
2020,9,21,14,24,37,  21.2903000000
2020,9,21,14,24,37,  99.3548000000
2020,9,21,14,24,38, -50.0000000000
2020,9,21,14,24,38, -31.2903000000
2020,9,21,14,24,38, 119.0323000000
2020,9,21,14,24,38, -50.0000000000
2020,9,21,14,24,39, -47.4194000000
2020,9,21,14,24,39, -28.3871000000
2020,9,21,14,24,39, -15.4839000000
2020,9,21,14,24,40, 111.6129000000
2020,9,21,14,24,40, -39.6774000000
2020,9,21,14,24,40, -50.0000000000
2020,9,21,14,24,40,  83.8710000000
2020,9,21,14,24,41, -50.0000000000
2020,9,21,14,24,41,  -3.2258000000
2020,9,21,14,24,41, -36.1290000000
2020,9,21,14,24,41, 100.3226000000
2020,9,21,14,24,42, -50.0000000000
2020,9,21,14,24,42, 131.6129000000
2020,9,21,14,24,42, -50.0000000000
2020,9,21,14,24,42, -50.0000000000
2020,9,21,14,24,43, 123.5484000000
2020,9,21,14,24,43, -21.9355000000
2020,9,21,14,24,43, -32.2581000000
2020,9,21,14,24,43, 120.6452000000
2020,9,21,14,24,44,  94.8387000000
2020,9,21,14,24,44, 228.3871000000
2020,9,21,14,24,44, -50.0000000000
2020,9,21,14,24,44, -26.4516000000
2020,9,21,14,24,45, -50.0000000000
2020,9,21,14,24,45, -19.6774000000
2020,9,21,14,24,45, -48.0645000000
2020,9,21,14,24,46, 124.1935000000
2020,9,21,14,24,46, -38.7097000000
2020,9,21,14,24,46,  91.9355000000
2020,9,21,14,24,46, -39.6774000000
2020,9,21,14,24,47, 121.9355000000
2020,9,21,14,24,47, -43.8710000000
2020,9,21,14,24,47, -50.0000000000
2020,9,21,14,24,47,  98.3871000000
2020,9,21,14,24,48, -45.4839000000
2020,9,21,14,24,48, 123.5484000000
2020,9,21,14,24,48, -50.0000000000
2020,9,21,14,24,48, 128.7097000000
2020,9,21,14,24,49, -50.0000000000
2020,9,21,14,24,49, -18.3871000000
2020,9,21,14,24,49, 110.9677000000
2020,9,21,14,24,49, 127.0968000000
2020,9,21,14,24,50,  62.9032000000
2020,9,21,14,24,50,  -9.0323000000
2020,9,21,14,24,50, 106.4516000000
2020,9,21,14,24,50, -50.0000000000
2020,9,21,14,24,51, 124.1935000000
2020,9,21,14,24,51,  15.4839000000
2020,9,21,14,24,51, -40.6452000000
2020,9,21,14,24,51,   3.8710000000
2020,9,21,14,24,52,  40.0000000000
2020,9,21,14,24,52, -50.0000000000
2020,9,21,14,24,52, 122.2581000000
2020,9,21,14,24,52, -50.0000000000
2020,9,21,14,24,53,  83.5484000000
2020,9,21,14,24,53, -50.0000000000
2020,9,21,14,24,53, -21.9355000000
2020,9,21,14,24,54, 108.3871000000
2020,9,21,14,24,54, -50.0000000000
2020,9,21,14,24,54, 124.1935000000
2020,9,21,14,24,54, -50.0000000000
2020,9,21,14,24,55, 115.1613000000
2020,9,21,14,24,55, -50.0000000000
2020,9,21,14,24,55,  -8.7097000000
2020,9,21,14,24,55, 118.3871000000
2020,9,21,14,24,56, -50.0000000000
2020,9,21,14,24,56, 106.4516000000
2020,9,21,14,24,56, -22.9032000000
2020,9,21,14,24,56,  90.6452000000
2020,9,21,14,24,57, -50.0000000000
2020,9,21,14,24,57, 131.9355000000
2020,9,21,14,24,57,  13.5484000000
2020,9,21,14,24,57,  97.4194000000
2020,9,21,14,24,58,  94.1935000000
2020,9,21,14,24,58, -50.0000000000
2020,9,21,14,24,58, 130.0000000000
2020,9,21,14,24,58, -50.0000000000
2020,9,21,14,24,59, 127.4194000000
2020,9,21,14,24,59,   4.1935000000
2020,9,21,14,24,59, -36.1290000000
2020,9,21,14,24,59, 104.5161000000
2020,9,21,14,25,0, -50.0000000000
2020,9,21,14,25,0,  19.0323000000
2020,9,21,14,25,0,  42.9032000000
2020,9,21,14,25,0, -45.1613000000
2020,9,21,14,25,1, 124.1935000000
2020,9,21,14,25,1, -50.0000000000
2020,9,21,14,25,1,  87.0968000000
2020,9,21,14,25,2,  89.0323000000
2020,9,21,14,25,2,  72.2581000000
2020,9,21,14,25,2, -49.6774000000
2020,9,21,14,25,2, 125.1613000000
2020,9,21,14,25,3, 119.6774000000
2020,9,21,14,25,3,  90.9677000000
2020,9,21,14,25,3, -50.0000000000
2020,9,21,14,25,3, 117.0968000000
2020,9,21,14,25,4,  85.4839000000
2020,9,21,14,25,4, -50.0000000000
2020,9,21,14,25,4,  86.7742000000
2020,9,21,14,25,4, -48.3871000000
2020,9,21,14,25,5, 126.1290000000
2020,9,21,14,25,5,   0.0000000000
2020,9,21,14,25,5, 101.2903000000
2020,9,21,14,25,5, -40.0000000000
2020,9,21,14,25,6, 122.9032000000
2020,9,21,14,25,6, -19.0323000000
2020,9,21,14,25,6, -38.0645000000
2020,9,21,14,25,6, -50.0000000000
2020,9,21,14,25,7, 129.0323000000
2020,9,21,14,25,7, -50.0000000000
2020,9,21,14,25,7, -30.0000000000
2020,9,21,14,25,7, 120.9677000000
2020,9,21,14,25,8, 125.1613000000
2020,9,21,14,25,8,   9.3548000000
2020,9,21,14,25,8, -37.0968000000
2020,9,21,14,25,9, 120.6452000000
2020,9,21,14,25,9, -50.0000000000
2020,9,21,14,25,9, -50.0000000000
2020,9,21,14,25,9, 119.0323000000
2020,9,21,14,25,10, -50.000000000022020,9,21,14,25,10, -11.612900000022020,9,21,14,25,10, -50.000000000022020,9,21,14,25,10, -49.354800000022020,9,21,14,25,11,  96.129000000022020,9,21,14,25,11, -50.000000000022020,9,21,14,25,11, 125.806500000022020,9,21,14,25,11,  22.580600000022020,9,21,14,25,12, 122.258100000022020,9,21,14,25,12, -50.000000000022020,9,21,14,25,12, 123.871000000022020,9,21,14,25,12,  20.322600000022020,9,21,14,25,13, -30.322600000022020,9,21,14,25,13,  64.516100000022020,9,21,14,25,13,  -8.709700000022020,9,21,14,25,13,  98.064500000022020,9,21,14,25,14, -50.000000000022020,9,21,14,25,14, 121.935500000022020,9,21,14,25,14, -42.258100000022020,9,21,14,25,14, 108.387100000022020,9,21,14,25,15, -50.000000000022020,9,21,14,25,15,  21.290300000022020,9,21,14,25,15, 131.935500000022020,9,21,14,25,16,  -2.903200000022020,9,21,14,25,16, -19.032300000022020,9,21,14,25,16, 111.290300000022020,9,21,14,25,16, -50.000000000022020,9,21,14,25,17,   0.645200000022020,9,21,14,25,17,  69.032300000022020,9,21,14,25,17, -50.000000000022020,9,21,14,25,17, 111.935500000022020,9,21,14,25,18,  11.612900000022020,9,21,14,25,18,  98.064500000022020,9,21,14,25,18, -50.000000000022020,9,21,14,25,18,  61.935500000022020,9,21,14,25,19, -42.580600000022020,9,21,14,25,19, -25.483900000022020,9,21,14,25,19, 116.129000000022020,9,21,14,25,19, -48.709700000022020,9,21,14,25,20,  94.193500000022020,9,21,14,25,20, 117.096800000022020,9,21,14,25,20, -50.000000000022020,9,21,14,25,20,  86.129000000022020,9,21,14,25,21, -50.000000000022020,9,21,14,25,21, 117.741900000022020,9,21,14,25,21, -50.000000000022020,9,21,14,25,22, -18.709700000022020,9,21,14,25,22, -49.677400000022020,9,21,14,25,22, 124.516100000022020,9,21,14,25,22, 130.322600000022020,9,21,14,25,23,  72.580600000022020,9,21,14,25,23, -50.000000000022020,9,21,14,25,23, 128.709700000022020,9,21,14,25,23,  61.290300000022020,9,21,14,25,24, 111.935500000022020,9,21,14,25,24, -22.580600000022020,9,21,14,25,24, 102.580600000022020,9,21,14,25,24, -50.000000000022020,9,21,14,25,25, 131.935500000022020,9,21,14,25,25,  58.709700000022020,9,21,14,25,25, -46.451600000022020,9,21,14,25,25, 124.516100000022020,9,21,14,25,26, -50.000000000022020,9,21,14,25,26,  84.193500000022020,9,21,14,25,26, 120.322600000022020,9,21,14,25,26, -48.709700000022020,9,21,14,25,27, 132.580600000022020,9,21,14,25,27, -50.000000000022020,9,21,14,25,27,   7.096800000022020,9,21,14,25,27, 100.000000000022020,9,21,14,25,28, 104.838700000022020,9,21,14,25,28, 125.806500000022020,9,21,14,25,28, -37.419400000022020,9,21,14,25,28, -32.903200000022020,9,21,14,25,29, 120.967700000022020,9,21,14,25,29,  61.290300000022020,9,21,14,25,29,  80.967700000022020,9,21,14,25,30, -19.677400000022020,9,21,14,25,30, 110.000000000022020,9,21,14,25,30, -50.000000000022020,9,21,14,25,30, 132.580600000022020,9,21,14,25,31,  74.193500000022020,9,21,14,25,31, -49.677400000022020,9,21,14,25,31, 135.483900000022020,9,21,14,25,31, -30.645200000022020,9,21,14,25,32, 115.483900000022020,9,21,14,25,32, -50.000000000022020,9,21,14,25,32,  82.903200000022020,9,21,14,25,32, -50.000000000022020,9,21,14,25,33, 110.967700000022020,9,21,14,25,33,  92.580600000022020,9,21,14,25,33,  91.612900000022020,9,21,14,25,33, -50.000000000022020,9,21,14,25,34, 113.871000000022020,9,21,14,25,34,  78.387100000022020,9,21,14,25,34, -50.000000000022020,9,21,14,25,34, 124.838700000022020,9,21,14,25,35,  61.612900000022020,9,21,14,25,35, -17.741900000022020,9,21,14,25,35, 110.645200000022020,9,21,14,25,36, -50.000000000022020,9,21,14,25,36, 125.806500000022020,9,21,14,25,36,  54.838700000022020,9,21,14,25,36, -40.000000000022020,9,21,14,25,37, -25.806500000022020,9,21,14,25,37, 115.483900000022020,9,21,14,25,37, -50.000000000022020,9,21,14,25,37,  88.387100000022020,9,21,14,25,38,  59.032300000022020,9,21,14,25,38, -37.419400000022020,9,21,14,25,38, 122.258100000022020,9,21,14,25,38, -50.000000000022020,9,21,14,25,39,  58.709700000022020,9,21,14,25,39, -47.096800000022020,9,21,14,25,39, 123.871000000022020,9,21,14,25,39,  -1.935500000022020,9,21,14,25,40, -44.193500000022020,9,21,14,25,40, 125.161300000022020,9,21,14,25,40, -50.000000000022020,9,21,14,25,40, -23.548400000022020,9,21,14,25,41, 114.516100000022020,9,21,14,25,41, 112.580600000022020,9,21,14,25,41, -50.000000000022020,9,21,14,25,41, -11.290300000022020,9,21,14,25,42, 108.064500000022020,9,21,14,25,42, -50.000000000022020,9,21,14,25,42, 127.096800000022020,9,21,14,25,43,  76.451600000022020,9,21,14,25,43, -50.000000000022020,9,21,14,25,43, 131.612900000022020,9,21,14,25,43,  73.225800000022020,9,21,14,25,44, -50.000000000022020,9,21,14,25,44, 100.967700000022020,9,21,14,25,44, -50.000000000022020,9,21,14,25,44, 123.548400000022020,9,21,14,25,45,  81.612900000022020,9,21,14,25,45, -50.000000000022020,9,21,14,25,45, 130.322600000022020,9,21,14,25,45,  91.935500000022020,9,21,14,25,46,  77.096800000022020,9,21,14,25,46,  84.193500000022020,9,21,14,25,46, 103.871000000022020,9,21,14,25,46, -50.000000000022020,9,21,14,25,47,  70.645200000022020,9,21,14,25,47, -50.000000000022020,9,21,14,25,47, -50.000000000022020,9,21,14,25,47, 130.967700000022020,9,21,14,25,48, -50.000000000022020,9,21,14,25,48, 129.354800000022020,9,21,14,25,48, -50.000000000022020,9,21,14,25,49, -49.677400000022020,9,21,14,25,49, 129.677400000022020,9,21,14,25,49,  -5.161300000022020,9,21,14,25,49, -37.741900000022020,9,21,14,25,50, -35.806500000022020,9,21,14,25,50, 102.580600000022020,9,21,14,25,50, -50.000000000022020,9,21,14,25,50,  37.096800000022020,9,21,14,25,51,  94.516100000022020,9,21,14,25,51, -50.000000000022020,9,21,14,25,51, -47.741900000022020,9,21,14,25,51, -50.000000000022020,9,21,14,25,52,  41.290300000022020,9,21,14,25,52,  63.871000000022020,9,21,14,25,52, -45.161300000022020,9,21,14,25,52, 123.548400000022020,9,21,14,25,53,  -3.225800000022020,9,21,14,25,53, 108.064500000022020,9,21,14,25,53, -50.000000000022020,9,21,14,25,53,  78.709700000022020,9,21,14,25,54, -50.000000000022020,9,21,14,25,54, 125.161300000022020,9,21,14,25,54,  24.516100000022020,9,21,14,25,55,  65.483900000022020,9,21,14,25,55, -48.387100000022020,9,21,14,25,55, 124.516100000022020,9,21,14,25,55,  27.741900000022020,9,21,14,25,56, -44.193500000022020,9,21,14,25,56, 102.258100000022020,9,21,14,25,56, -50.000000000022020,9,21,14,25,56, 120.000000000022020,9,21,14,25,57, -50.000000000022020,9,21,14,25,57, 114.193500000022020,9,21,14,25,57, 124.193500000022020,9,21,14,25,57, -37.096800000022020,9,21,14,25,58,  91.935500000022020,9,21,14,25,58, -50.0000000000
2020,9,21,14,25,58, -50.000000000022020,9,21,14,25,58, -50.0000000000
2020,9,21,14,25,59, -50.000000000022020,9,21,14,25,59, -31.2903000000
2020,9,21,14,25,59, 100.000000000022020,9,21,14,26,0, -50.0000000000
2020,9,21,14,26,0, -50.0000000000
2020,9,21,14,26,0, 121.9355000000
2020,9,21,14,26,0, -14.5161000000
2020,9,21,14,26,1, -50.0000000000
2020,9,21,14,26,1, 103.5484000000
2020,9,21,14,26,1,  86.4516000000
2020,9,21,14,26,1, -50.0000000000
2020,9,21,14,26,2, 127.4194000000
2020,9,21,14,26,2, 124.1935000000
2020,9,21,14,26,2, -50.0000000000
2020,9,21,14,26,2, 123.5484000000
2020,9,21,14,26,3,  38.0645000000
2020,9,21,14,26,3, -42.5806000000
2020,9,21,14,26,3, 124.5161000000
2020,9,21,14,26,3, -16.7742000000
2020,9,21,14,26,4, 109.0323000000
2020,9,21,14,26,4, -50.0000000000
2020,9,21,14,26,4,  19.3548000000
2020,9,21,14,26,5, 124.1935000000
2020,9,21,14,26,5, 130.6452000000
2020,9,21,14,26,5, -50.0000000000
2020,9,21,14,26,5,  85.1613000000
2020,9,21,14,26,6, 123.2258000000
2020,9,21,14,26,6,  71.2903000000
2020,9,21,14,26,6,  61.9355000000
2020,9,21,14,26,6,  91.9355000000
2020,9,21,14,26,7, -50.0000000000
2020,9,21,14,26,7, -50.0000000000
2020,9,21,14,26,7, 133.2258000000
2020,9,21,14,26,7,  76.4516000000
2020,9,21,14,26,8, -50.0000000000
2020,9,21,14,26,8, 131.2903000000
2020,9,21,14,26,8, -50.0000000000
2020,9,21,14,26,8, -23.8710000000
2020,9,21,14,26,9,  87.0968000000
2020,9,21,14,26,9, -50.0000000000
2020,9,21,14,26,9, 128.0645000000
2020,9,21,14,26,9,  18.7097000000
2020,9,21,14,26,10, -37.0968000000
2020,9,21,14,26,10, 121.6129000000
2020,9,21,14,26,10, -50.0000000000
2020,9,21,14,26,10, 132.9032000000
2020,9,21,14,26,11,  73.5484000000
2020,9,21,14,26,11, 127.4194000000
2020,9,21,14,26,11,  41.2903000000
2020,9,21,14,26,12, -43.5484000000
2020,9,21,14,26,12, 122.2581000000
2020,9,21,14,26,12, -45.8065000000
2020,9,21,14,26,12, 120.0000000000
2020,9,21,14,26,13, -50.0000000000
2020,9,21,14,26,13, -20.3226000000
2020,9,21,14,26,13,   9.3548000000
2020,9,21,14,26,13, 143.5484000000
2020,9,21,14,26,14, -50.0000000000
2020,9,21,14,26,14, 129.3548000000
2020,9,21,14,26,14, 120.0000000000
2020,9,21,14,26,14, -50.0000000000
2020,9,21,14,26,15, -15.4839000000
2020,9,21,14,26,15, -50.0000000000
2020,9,21,14,26,15, -28.0645000000
2020,9,21,14,26,15, -33.8710000000
2020,9,21,14,26,16, 119.6774000000
2020,9,21,14,26,16,  88.0645000000
2020,9,21,14,26,16,  82.5806000000
2020,9,21,14,26,16, -40.9677000000
2020,9,21,14,26,17, 122.9032000000
2020,9,21,14,26,17,  98.3871000000
2020,9,21,14,26,17, -50.0000000000
2020,9,21,14,26,18,  89.6774000000
2020,9,21,14,26,18,  -1.9355000000
2020,9,21,14,26,18, -35.8065000000
2020,9,21,14,26,18, 121.6129000000
2020,9,21,14,26,19, 109.6774000000
2020,9,21,14,26,19, -50.0000000000
2020,9,21,14,26,19, -50.0000000000
2020,9,21,14,26,19, 123.2258000000
2020,9,21,14,26,20, -27.0968000000
2020,9,21,14,26,20, -29.3548000000
2020,9,21,14,26,20, -50.0000000000
2020,9,21,14,26,20,  -2.9032000000
2020,9,21,14,26,21, -36.4516000000
2020,9,21,14,26,21, 121.6129000000
2020,9,21,14,26,21, -50.0000000000
2020,9,21,14,26,21,  -2.5806000000
2020,9,21,14,26,22,  75.4839000000
2020,9,21,14,26,22,   0.6452000000
2020,9,21,14,26,22, 102.2581000000
2020,9,21,14,26,22, -50.0000000000
2020,9,21,14,26,23, 126.1290000000
2020,9,21,14,26,23,  60.3226000000
2020,9,21,14,26,23, -47.4194000000
2020,9,21,14,26,23, -18.7097000000
2020,9,21,14,26,24, -32.9032000000
2020,9,21,14,26,24, 119.3548000000
2020,9,21,14,26,24, -50.0000000000
2020,9,21,14,26,25,  40.3226000000
2020,9,21,14,26,25, -44.5161000000
2020,9,21,14,26,25, 115.4839000000
2020,9,21,14,26,25, 125.4839000000
2020,9,21,14,26,26,  77.7419000000
2020,9,21,14,26,26, -50.0000000000
2020,9,21,14,26,26, 130.3226000000
2020,9,21,14,26,26, -50.0000000000
2020,9,21,14,26,27, 138.7097000000
2020,9,21,14,26,27, -19.3548000000
2020,9,21,14,26,27, 111.2903000000
2020,9,21,14,26,27, -50.0000000000
2020,9,21,14,26,28,  45.1613000000
2020,9,21,14,26,28, -45.1613000000
2020,9,21,14,26,28,  94.1935000000
2020,9,21,14,26,28, -50.0000000000
2020,9,21,14,26,29, 124.1935000000
2020,9,21,14,26,29, -38.3871000000
2020,9,21,14,26,29, 121.2903000000
2020,9,21,14,26,29, -50.0000000000
2020,9,21,14,26,30, -50.0000000000
2020,9,21,14,26,30,  -3.5484000000
2020,9,21,14,26,30, -50.0000000000
2020,9,21,14,26,30,  81.2903000000
2020,9,21,14,26,31,  90.0000000000
2020,9,21,14,26,31, -50.0000000000
2020,9,21,14,26,31, 123.2258000000
2020,9,21,14,26,32,  -6.7742000000
2020,9,21,14,26,32, -38.0645000000
2020,9,21,14,26,32, 122.2581000000
2020,9,21,14,26,32, -13.5484000000
2020,9,21,14,26,33, 118.0645000000
2020,9,21,14,26,33, -50.0000000000
2020,9,21,14,26,33, 124.8387000000
2020,9,21,14,26,33,   2.5806000000
2020,9,21,14,26,34, -38.3871000000
2020,9,21,14,26,34,  90.0000000000
2020,9,21,14,26,34, 131.6129000000
2020,9,21,14,26,34,  74.1935000000
2020,9,21,14,26,35, -50.0000000000
2020,9,21,14,26,35, -24.5161000000
2020,9,21,14,26,35, 117.4194000000
2020,9,21,14,26,35, -50.0000000000
2020,9,21,14,26,36, 128.3871000000
2020,9,21,14,26,36,  77.4194000000
2020,9,21,14,26,36, -50.0000000000
2020,9,21,14,26,36, 116.4516000000
2020,9,21,14,26,37, -50.0000000000
2020,9,21,14,26,37, -17.0968000000
2020,9,21,14,26,37, -50.0000000000
2020,9,21,14,26,37,  38.0645000000
2020,9,21,14,26,38,  93.2258000000
2020,9,21,14,26,38, -50.0000000000
2020,9,21,14,26,38, 122.9032000000
2020,9,21,14,26,38, -22.5806000000
2020,9,21,14,26,39, -10.9677000000
2020,9,21,14,26,39, 107.4194000000
2020,9,21,14,26,39, -50.0000000000
2020,9,21,14,26,40, 124.1935000000
2020,9,21,14,26,40,  62.2581000000
2020,9,21,14,26,40, -49.3548000000
2020,9,21,14,26,40, -50.0000000000
2020,9,21,14,26,41, 131.9355000000
2020,9,21,14,26,41,  32.5806000000
2020,9,21,14,26,41, -39.3548000000
2020,9,21,14,26,41, 121.6129000000
2020,9,21,14,26,42, -50.0000000000
2020,9,21,14,26,42,  68.7097000000
2020,9,21,14,26,42,  81.9355000000
2020,9,21,14,26,42, -50.0000000000
2020,9,21,14,26,43, 118.7097000000
2020,9,21,14,26,43, -50.0000000000
2020,9,21,14,26,43, -24.5161000000
2020,9,21,14,26,43, -50.0000000000
2020,9,21,14,26,44, 126.1290000000
2020,9,21,14,26,44, -50.0000000000
2020,9,21,14,26,44,  94.5161000000
2020,9,21,14,26,44, -50.0000000000
2020,9,21,14,26,45, 132.5806000000
2020,9,21,14,26,45,  75.1613000000
2020,9,21,14,26,45,  74.8387000000
2020,9,21,14,26,45, -21.2903000000
2020,9,21,14,26,46, 113.2258000000
2020,9,21,14,26,46, -49.3548000000
2020,9,21,14,26,46, -50.0000000000
2020,9,21,14,26,47,  63.2258000000
2020,9,21,14,26,47, -46.7742000000
2020,9,21,14,26,47,  68.7097000000
2020,9,21,14,26,47, -50.0000000000
2020,9,21,14,26,48, 116.7742000000
2020,9,21,14,26,48, 107.4194000000
2020,9,21,14,26,48,  34.5161000000
2020,9,21,14,26,48,  95.4839000000
2020,9,21,14,26,49, -31.9355000000
2020,9,21,14,26,49, -50.0000000000
2020,9,21,14,26,49,  -2.9032000000
2020,9,21,14,26,49, 101.9355000000
2020,9,21,14,26,50, -50.0000000000
2020,9,21,14,26,50, 126.1290000000
2020,9,21,14,26,50,  20.0000000000
2020,9,21,14,26,50, -42.2581000000
2020,9,21,14,26,51, 259.6774000000
2020,9,21,14,26,51, 187.741900000022020,9,21,14,26,51, -50.000000000022020,9,21,14,26,51, 130.967700000022020,9,21,14,26,52,  73.548400000022020,9,21,14,26,52,  -7.096800000022020,9,21,14,26,52, 106.129000000022020,9,21,14,26,52, -50.000000000022020,9,21,14,26,53,  13.871000000022020,9,21,14,26,53, -45.161300000022020,9,21,14,26,53, 123.225800000022020,9,21,14,26,54, -50.000000000022020,9,21,14,26,54, 101.612900000022020,9,21,14,26,54, -10.322600000022020,9,21,14,26,54, -20.967700000022020,9,21,14,26,55, 112.258100000022020,9,21,14,26,55, 115.483900000022020,9,21,14,26,55,  24.193500000022020,9,21,14,26,55,  94.838700000022020,9,21,14,26,56, -50.000000000022020,9,21,14,26,56,  78.387100000022020,9,21,14,26,56, -50.000000000022020,9,21,14,26,56, -50.000000000022020,9,21,14,26,57,  40.322600000022020,9,21,14,26,57, -50.000000000022020,9,21,14,26,57, 116.774200000022020,9,21,14,26,57,  80.967700000022020,9,21,14,26,58, -50.000000000022020,9,21,14,26,58, 114.516100000022020,9,21,14,26,58, -50.000000000022020,9,21,14,26,58, -15.161300000022020,9,21,14,26,59, -50.000000000022020,9,21,14,26,59, 106.774200000022020,9,21,14,26,59, -50.000000000022020,9,21,14,27,0, 121.6129000000
2020,9,21,14,27,0, -44.1935000000
2020,9,21,14,27,0, -27.0968000000
2020,9,21,14,27,0, 100.3226000000
2020,9,21,14,27,1, -50.0000000000
2020,9,21,14,27,1, 120.9677000000
2020,9,21,14,27,1, -50.0000000000
2020,9,21,14,27,1, -30.9677000000
2020,9,21,14,27,2, 120.9677000000
2020,9,21,14,27,2, -50.0000000000
2020,9,21,14,27,2, -50.0000000000
2020,9,21,14,27,2, 120.9677000000
2020,9,21,14,27,3, 119.0323000000
2020,9,21,14,27,3, -50.0000000000
2020,9,21,14,27,3,  22.9032000000
2020,9,21,14,27,3,  99.3548000000
2020,9,21,14,27,4, -47.0968000000
2020,9,21,14,27,4, 125.8065000000
2020,9,21,14,27,4,  -3.8710000000
2020,9,21,14,27,4, 117.7419000000
2020,9,21,14,27,5, -50.0000000000
2020,9,21,14,27,5, 103.5484000000
2020,9,21,14,27,5, -50.0000000000
2020,9,21,14,27,5,  49.6774000000
2020,9,21,14,27,6,  99.6774000000
2020,9,21,14,27,6,  90.0000000000
2020,9,21,14,27,6, 130.9677000000
2020,9,21,14,27,7,  -4.1935000000
2020,9,21,14,27,7, -37.7419000000
2020,9,21,14,27,7, 122.5806000000
2020,9,21,14,27,7, -50.0000000000
2020,9,21,14,27,8,  23.8710000000
2020,9,21,14,27,8, -29.6774000000
2020,9,21,14,27,8,  71.6129000000
2020,9,21,14,27,8, 115.1613000000
2020,9,21,14,27,9,  98.3871000000
2020,9,21,14,27,9, -50.0000000000
2020,9,21,14,27,9, -50.0000000000
2020,9,21,14,27,9, -50.0000000000
2020,9,21,14,27,10, -20.967700000022020,9,21,14,27,10, -22.580600000022020,9,21,14,27,10, 110.322600000022020,9,21,14,27,10, -38.064500000022020,9,21,14,27,11, 126.774200000022020,9,21,14,27,11, -43.548400000022020,9,21,14,27,11, -30.322600000022020,9,21,14,27,12, 119.032300000022020,9,21,14,27,12,  84.516100000022020,9,21,14,27,12, -32.903200000022020,9,21,14,27,12, 118.709700000022020,9,21,14,27,13, -50.000000000022020,9,21,14,27,13,  84.193500000022020,9,21,14,27,13,  87.419400000022020,9,21,14,27,13, -50.000000000022020,9,21,14,27,14, 106.774200000022020,9,21,14,27,14, 211.290300000022020,9,21,14,27,14, -50.000000000022020,9,21,14,27,14, 147.096800000022020,9,21,14,27,15, -36.774200000022020,9,21,14,27,15, 133.548400000022020,9,21,14,27,15,  74.193500000022020,9,21,14,27,15, -10.645200000022020,9,21,14,27,16, 104.838700000022020,9,21,14,27,16, -50.000000000022020,9,21,14,27,16,  78.709700000022020,9,21,14,27,16, -50.000000000022020,9,21,14,27,17, -32.903200000022020,9,21,14,27,17, -28.387100000022020,9,21,14,27,17, 117.741900000022020,9,21,14,27,17, -50.000000000022020,9,21,14,27,18, -24.193500000022020,9,21,14,27,18, -34.193500000022020,9,21,14,27,18, 118.709700000022020,9,21,14,27,18, -50.000000000022020,9,21,14,27,19, -18.064500000022020,9,21,14,27,19, -11.612900000022020,9,21,14,27,19,  98.064500000022020,9,21,14,27,20, -50.000000000022020,9,21,14,27,20, 122.903200000022020,9,21,14,27,20,   4.516100000022020,9,21,14,27,20, -38.709700000022020,9,21,14,27,21,  96.774200000022020,9,21,14,27,21, -50.000000000022020,9,21,14,27,21,  75.483900000022020,9,21,14,27,21,  33.225800000022020,9,21,14,27,22, -43.548400000022020,9,21,14,27,22, 123.225800000022020,9,21,14,27,22, -28.387100000022020,9,21,14,27,22, 132.258100000022020,9,21,14,27,23,  75.806500000022020,9,21,14,27,23, -50.000000000022020,9,21,14,27,23, 117.419400000022020,9,21,14,27,23, -50.000000000022020,9,21,14,27,24, -21.290300000022020,9,21,14,27,24, 142.258100000022020,9,21,14,27,24,   0.322600000022020,9,21,14,27,24, 102.580600000022020,9,21,14,27,25,  80.322600000022020,9,21,14,27,25, -50.000000000022020,9,21,14,27,25, -50.000000000022020,9,21,14,27,26,  84.838700000022020,9,21,14,27,26, -50.000000000022020,9,21,14,27,26,  40.645200000022020,9,21,14,27,26,  68.064500000022020,9,21,14,27,27, -50.000000000022020,9,21,14,27,27, -50.000000000022020,9,21,14,27,27,  58.064500000022020,9,21,14,27,27,  90.645200000022020,9,21,14,27,28, -50.000000000022020,9,21,14,27,28, 107.741900000022020,9,21,14,27,28, 191.612900000022020,9,21,14,27,28,   9.677400000022020,9,21,14,27,29,  80.967700000022020,9,21,14,27,29, -15.483900000022020,9,21,14,27,29,  98.387100000022020,9,21,14,27,29,  91.612900000022020,9,21,14,27,30, -50.000000000022020,9,21,14,27,30, -50.000000000022020,9,21,14,27,30,  96.774200000022020,9,21,14,27,31, -35.161300000022020,9,21,14,27,31,  30.967700000022020,9,21,14,27,31, -41.290300000022020,9,21,14,27,31, -50.000000000022020,9,21,14,27,32, 131.290300000022020,9,21,14,27,32,  81.290300000022020,9,21,14,27,32, -50.000000000022020,9,21,14,27,32, -22.903200000022020,9,21,14,27,33, 114.838700000022020,9,21,14,27,33, -50.000000000022020,9,21,14,27,33,  97.419400000022020,9,21,14,27,33, -50.000000000022020,9,21,14,27,34,  53.871000000022020,9,21,14,27,34,  94.838700000022020,9,21,14,27,34, -33.871000000022020,9,21,14,27,34,  80.645200000022020,9,21,14,27,35, -50.000000000022020,9,21,14,27,35, 129.677400000022020,9,21,14,27,35, -50.000000000022020,9,21,14,27,35, 124.193500000022020,9,21,14,27,36,   4.838700000022020,9,21,14,27,36, -42.580600000022020,9,21,14,27,36, -50.000000000022020,9,21,14,27,36, 129.032300000022020,9,21,14,27,37, -16.774200000022020,9,21,14,27,37, 110.645200000022020,9,21,14,27,37, -50.000000000022020,9,21,14,27,38, 123.225800000022020,9,21,14,27,38, -14.838700000022020,9,21,14,27,38, -39.032300000022020,9,21,14,27,38, 123.225800000022020,9,21,14,27,39, 130.000000000022020,9,21,14,27,39,  70.645200000022020,9,21,14,27,39, -22.258100000022020,9,21,14,27,39,  88.709700000022020,9,21,14,27,40, -50.000000000022020,9,21,14,27,40, -45.483900000022020,9,21,14,27,40, -31.935500000022020,9,21,14,27,40,  86.774200000022020,9,21,14,27,41, -50.000000000022020,9,21,14,27,41, 130.322600000022020,9,21,14,27,41, -50.000000000022020,9,21,14,27,41, 125.806500000022020,9,21,14,27,42,  57.096800000022020,9,21,14,27,42, -47.096800000022020,9,21,14,27,42,  92.258100000022020,9,21,14,27,42, -50.000000000022020,9,21,14,27,43, -50.000000000022020,9,21,14,27,43, 113.225800000022020,9,21,14,27,43,  -3.548400000022020,9,21,14,27,44, -50.000000000022020,9,21,14,27,44, 130.967700000022020,9,21,14,27,44, -50.000000000022020,9,21,14,27,44, -50.000000000022020,9,21,14,27,45,  24.516100000022020,9,21,14,27,45,  74.516100000022020,9,21,14,27,45, -50.000000000022020,9,21,14,27,45, 130.645200000022020,9,21,14,27,46, -41.612900000022020,9,21,14,27,46, -50.000000000022020,9,21,14,27,46,  36.451600000022020,9,21,14,27,46,  97.096800000022020,9,21,14,27,47, -50.000000000022020,9,21,14,27,47, 107.096800000022020,9,21,14,27,47, -34.193500000022020,9,21,14,27,47, 132.580600000022020,9,21,14,27,48, 130.000000000022020,9,21,14,27,48,  70.645200000022020,9,21,14,27,48, -50.000000000022020,9,21,14,27,48, 114.516100000022020,9,21,14,27,49, -50.000000000022020,9,21,14,27,49,  90.967700000022020,9,21,14,27,49, -49.6774000000
2020,9,21,14,27,50, -50.0000000000
2020,9,21,14,27,50, 139.0323000000
2020,9,21,14,27,50,  92.2581000000
2020,9,21,14,27,50, 123.8710000000
2020,9,21,14,27,51,   1.2903000000
2020,9,21,14,27,51, 125.8065000000
2020,9,21,14,27,51,   2.9032000000
2020,9,21,14,27,51, -50.0000000000
2020,9,21,14,27,52, 109.3548000000
2020,9,21,14,27,52, -19.0323000000
2020,9,21,14,27,52, -28.0645000000
2020,9,21,14,27,52, -50.0000000000
2020,9,21,14,27,53, 110.6452000000
2020,9,21,14,27,53, -34.1935000000
2020,9,21,14,27,53, -10.6452000000
2020,9,21,14,27,53,  76.4516000000
2020,9,21,14,27,54, 108.0645000000
2020,9,21,14,27,54,  84.5161000000
2020,9,21,14,27,54, -50.0000000000
2020,9,21,14,27,55, 106.4516000000
2020,9,21,14,27,55,  68.0645000000
2020,9,21,14,27,55, -50.0000000000
2020,9,21,14,27,55, 127.4194000000
2020,9,21,14,27,56, -44.5161000000
2020,9,21,14,27,56, 123.2258000000
2020,9,21,14,27,56,  94.5161000000
2020,9,21,14,27,56,  97.4194000000
2020,9,21,14,27,57, -50.0000000000
2020,9,21,14,27,57, 123.2258000000
2020,9,21,14,27,57, -11.2903000000
2020,9,21,14,27,57, -37.7419000000
2020,9,21,14,27,58,  99.3548000000
2020,9,21,14,27,58, -50.0000000000
2020,9,21,14,27,58,  68.0645000000
2020,9,21,14,27,58, -50.0000000000
2020,9,21,14,27,59, 130.6452000000
2020,9,21,14,27,59,  73.5484000000
2020,9,21,14,27,59, -50.0000000000
2020,9,21,14,27,59, 111.2903000000
2020,9,21,14,28,0, -50.0000000000
2020,9,21,14,28,0, -14.1935000000
2020,9,21,14,28,0,  55.1613000000
2020,9,21,14,28,0,  89.6774000000
2020,9,21,14,28,1, -50.0000000000
2020,9,21,14,28,1, -27.0968000000
2020,9,21,14,28,1,  37.0968000000
2020,9,21,14,28,2,  97.0968000000
2020,9,21,14,28,2, -50.0000000000
2020,9,21,14,28,2,  78.0645000000
2020,9,21,14,28,2, -49.6774000000
2020,9,21,14,28,3, 125.4839000000
2020,9,21,14,28,3, -50.0000000000
2020,9,21,14,28,3, -12.9032000000
2020,9,21,14,28,3, 103.2258000000
2020,9,21,14,28,4, -50.0000000000
2020,9,21,14,28,4, -41.2903000000
2020,9,21,14,28,4, 122.9032000000
2020,9,21,14,28,4, -50.0000000000
2020,9,21,14,28,5, 130.0000000000
2020,9,21,14,28,5, -50.0000000000
2020,9,21,14,28,5,  -4.5161000000
2020,9,21,14,28,5, 105.8065000000
2020,9,21,14,28,6, -20.6452000000
2020,9,21,14,28,6,  81.2903000000
2020,9,21,14,28,6, -50.0000000000
2020,9,21,14,28,6, 129.0323000000
2020,9,21,14,28,7,  90.6452000000
2020,9,21,14,28,7,  33.2258000000
2020,9,21,14,28,7,   9.3548000000
2020,9,21,14,28,7, 100.0000000000
2020,9,21,14,28,8, -50.0000000000
2020,9,21,14,28,8, 122.9032000000
2020,9,21,14,28,8, -40.9677000000
2020,9,21,14,28,9, 103.5484000000
2020,9,21,14,28,9, -50.0000000000
2020,9,21,14,28,9,   5.8065000000
2020,9,21,14,28,9, -50.0000000000
2020,9,21,14,28,10,  77.7419000000
2020,9,21,14,28,10, -50.0000000000
2020,9,21,14,28,10, -50.0000000000
2020,9,21,14,28,10, -50.0000000000
2020,9,21,14,28,11, 116.1290000000
2020,9,21,14,28,11, -50.0000000000
2020,9,21,14,28,11,   1.6129000000
2020,9,21,14,28,11, 101.9355000000
2020,9,21,14,28,12, -46.1290000000
2020,9,21,14,28,12, 123.5484000000
2020,9,21,14,28,12, -50.0000000000
2020,9,21,14,28,12, -22.9032000000
2020,9,21,14,28,13, 115.4839000000
2020,9,21,14,28,13,  34.1935000000
2020,9,21,14,28,13,  98.0645000000
2020,9,21,14,28,13, -50.0000000000
2020,9,21,14,28,14,  42.2581000000
2020,9,21,14,28,14, -23.5484000000
2020,9,21,14,28,14, 107.7419000000
2020,9,21,14,28,14,  84.1935000000
2020,9,21,14,28,15, -50.0000000000
2020,9,21,14,28,15, 131.2903000000
2020,9,21,14,28,15,  75.4839000000
2020,9,21,14,28,16,  33.5484000000
2020,9,21,14,28,16, -50.0000000000
2020,9,21,14,28,16, -50.0000000000
2020,9,21,14,28,16, 117.7419000000
2020,9,21,14,28,17, -50.0000000000
2020,9,21,14,28,17, 123.5484000000
2020,9,21,14,28,17,  58.0645000000
2020,9,21,14,28,17, -16.7742000000
2020,9,21,14,28,18, 120.6452000000
2020,9,21,14,28,18, -50.0000000000
2020,9,21,14,28,18,  26.7742000000
2020,9,21,14,28,18,  96.1290000000
2020,9,21,14,28,19, -50.0000000000
2020,9,21,14,28,19,  80.6452000000
2020,9,21,14,28,19, 116.1290000000
2020,9,21,14,28,19, -28.3871000000
2020,9,21,14,28,20,   5.4839000000
2020,9,21,14,28,20, -32.9032000000
2020,9,21,14,28,20, 118.7097000000
2020,9,21,14,28,20, -50.0000000000
2020,9,21,14,28,21,  82.2581000000
2020,9,21,14,28,21, -50.0000000000
2020,9,21,14,28,21, 118.0645000000
2020,9,21,14,28,21, -50.0000000000
2020,9,21,14,28,22, -20.6452000000
2020,9,21,14,28,22,  86.1290000000
2020,9,21,14,28,22, -50.0000000000
2020,9,21,14,28,23, 132.5806000000
2020,9,21,14,28,23, -43.8710000000
2020,9,21,14,28,23, 122.9032000000
2020,9,21,14,28,23, -27.7419000000
2020,9,21,14,28,24, -32.9032000000
2020,9,21,14,28,24, -50.0000000000
2020,9,21,14,28,24,  23.5484000000
2020,9,21,14,28,24, -26.7742000000
2020,9,21,14,28,25, 117.4194000000
2020,9,21,14,28,25, -50.0000000000
2020,9,21,14,28,25,  27.0968000000
2020,9,21,14,28,25, -50.0000000000
2020,9,21,14,28,26, -21.9355000000
2020,9,21,14,28,26, 101.2903000000
2020,9,21,14,28,26,  -2.2581000000
2020,9,21,14,28,26,  77.4194000000
2020,9,21,14,28,27, -50.0000000000
2020,9,21,14,28,27, -50.0000000000
2020,9,21,14,28,27, -13.2258000000
2020,9,21,14,28,27,  71.6129000000
2020,9,21,14,28,28,  95.1613000000
2020,9,21,14,28,28, -50.0000000000
2020,9,21,14,28,28, 132.9032000000
2020,9,21,14,28,28, -50.0000000000
2020,9,21,14,28,29, 100.9677000000
2020,9,21,14,28,29, -50.0000000000
2020,9,21,14,28,29, 131.6129000000
2020,9,21,14,28,30,  81.9355000000
2020,9,21,14,28,30, -40.9677000000
2020,9,21,14,28,30, 122.5806000000
2020,9,21,14,28,30, -26.4516000000
2020,9,21,14,28,31, 107.0968000000
2020,9,21,14,28,31, -50.0000000000
2020,9,21,14,28,31,  -4.1935000000
2020,9,21,14,28,31, 104.5161000000
2020,9,21,14,28,32, 131.2903000000
2020,9,21,14,28,32,  93.8710000000
2020,9,21,14,28,32, -46.1290000000
2020,9,21,14,28,32, 124.5161000000
2020,9,21,14,28,33,  25.1613000000
2020,9,21,14,28,33,  26.4516000000
2020,9,21,14,28,33, -41.6129000000
2020,9,21,14,28,33, 122.2581000000
2020,9,21,14,28,34, -36.4516000000
2020,9,21,14,28,34, -32.2581000000
2020,9,21,14,28,34,  -5.8065000000
2020,9,21,14,28,34, 114.5161000000
2020,9,21,14,28,35, -50.0000000000
2020,9,21,14,28,35, 124.8387000000
2020,9,21,14,28,35,  62.9032000000
2020,9,21,14,28,35, -50.0000000000
2020,9,21,14,28,36, 111.9355000000
2020,9,21,14,28,36, -50.0000000000
2020,9,21,14,28,36, -10.6452000000
2020,9,21,14,28,37, -50.0000000000
2020,9,21,14,28,37,  93.2258000000
2020,9,21,14,28,37,  87.7419000000
2020,9,21,14,28,37, -50.0000000000
2020,9,21,14,28,38, -24.5161000000
2020,9,21,14,28,38,  13.5484000000
2020,9,21,14,28,38,  27.7419000000
2020,9,21,14,28,38,  97.0968000000
2020,9,21,14,28,39, -50.0000000000
2020,9,21,14,28,39,  88.3871000000
2020,9,21,14,28,39, -50.0000000000
2020,9,21,14,28,39, 124.8387000000
2020,9,21,14,28,40, -22.2581000000
2020,9,21,14,28,40, 108.7097000000
2020,9,21,14,28,40, -41.2903000000
2020,9,21,14,28,40,  -5.8065000000
2020,9,21,14,28,41, -36.1290000000
2020,9,21,14,28,41, 122.2581000000
2020,9,21,14,28,41, -50.0000000000
2020,9,21,14,28,41, -50.0000000000
2020,9,21,14,28,42, 117.4194000000
2020,9,21,14,28,42, -50.0000000000
2020,9,21,14,28,42, -15.4839000000
2020,9,21,14,28,42,  34.8387000000
2020,9,21,14,28,43, 129.6774000000
2020,9,21,14,28,43, 127.7419000000
2020,9,21,14,28,43,  64.8387000000
2020,9,21,14,28,44, -44.8387000000
2020,9,21,14,28,44, 124.1935000000
2020,9,21,14,28,44,  10.6452000000
2020,9,21,14,28,44, 121.2903000000
2020,9,21,14,28,45, -50.0000000000
2020,9,21,14,28,45, -19.0323000000
2020,9,21,14,28,45, 110.6452000000
2020,9,21,14,28,45, -50.0000000000
2020,9,21,14,28,46, 130.9677000000
2020,9,21,14,28,46,  68.3871000000
2020,9,21,14,28,46, 135.4839000000
2020,9,21,14,28,46,  71.6129000000
2020,9,21,14,28,47, -47.0968000000
2020,9,21,14,28,47, 117.7419000000
2020,9,21,14,28,47, -50.0000000000
2020,9,21,14,28,47, -18.3871000000
2020,9,21,14,28,48, 112.9032000000
2020,9,21,14,28,48, -50.0000000000
2020,9,21,14,28,48, 119.6774000000
2020,9,21,14,28,48, -35.4839000000
2020,9,21,14,28,49, 113.871000000022020,9,21,14,28,49, -50.000000000022020,9,21,14,28,49, -10.645200000022020,9,21,14,28,49,  78.387100000022020,9,21,14,28,50, -50.000000000022020,9,21,14,28,50, 129.032300000022020,9,21,14,28,50, -50.000000000022020,9,21,14,28,50,  -8.387100000022020,9,21,14,28,51, 104.516100000022020,9,21,14,28,51,  81.290300000022020,9,21,14,28,51, -50.000000000022020,9,21,14,28,52, 128.387100000022020,9,21,14,28,52, 110.000000000022020,9,21,14,28,52,  85.806500000022020,9,21,14,28,52, -50.000000000022020,9,21,14,28,53, 129.677400000022020,9,21,14,28,53,  74.516100000022020,9,21,14,28,53, 123.871000000022020,9,21,14,28,53, -45.161300000022020,9,21,14,28,54, 125.161300000022020,9,21,14,28,54,  80.000000000022020,9,21,14,28,54,  41.935500000022020,9,21,14,28,54,  93.225800000022020,9,21,14,28,55, -50.000000000022020,9,21,14,28,55,  97.741900000022020,9,21,14,28,55,  86.451600000022020,9,21,14,28,55, -13.548400000022020,9,21,14,28,56,  27.096800000022020,9,21,14,28,56,  96.451600000022020,9,21,14,28,56, -50.000000000022020,9,21,14,28,56, -50.000000000022020,9,21,14,28,57,   8.064500000022020,9,21,14,28,57, -50.000000000022020,9,21,14,28,57,  45.806500000022020,9,21,14,28,57,  93.548400000022020,9,21,14,28,58, -50.000000000022020,9,21,14,28,58,  90.645200000022020,9,21,14,28,58, -43.871000000022020,9,21,14,28,59,  87.096800000022020,9,21,14,28,59, -50.000000000022020,9,21,14,28,59, 129.677400000022020,9,21,14,28,59,  -9.354800000022020,9,21,14,29,0, -36.7742000000
2020,9,21,14,29,0, 120.3226000000
2020,9,21,14,29,0, 103.8710000000
2020,9,21,14,29,0, -50.0000000000
2020,9,21,14,29,1,  54.5161000000
2020,9,21,14,29,1, -50.0000000000
2020,9,21,14,29,1, -50.0000000000
2020,9,21,14,29,1, 130.9677000000
2020,9,21,14,29,2,  66.1290000000
2020,9,21,14,29,2, -50.0000000000
2020,9,21,14,29,2, 130.3226000000
2020,9,21,14,29,2, 182.2581000000
2020,9,21,14,29,3, -50.0000000000
2020,9,21,14,29,3, 123.5484000000
2020,9,21,14,29,3, -30.0000000000
2020,9,21,14,29,3, -50.0000000000
2020,9,21,14,29,4,  25.1613000000
2020,9,21,14,29,4,  96.4516000000
2020,9,21,14,29,4, -50.0000000000
2020,9,21,14,29,5, 118.0645000000
2020,9,21,14,29,5, -50.0000000000
2020,9,21,14,29,5,  33.5484000000
2020,9,21,14,29,5,  86.7742000000
2020,9,21,14,29,6, -50.0000000000
2020,9,21,14,29,6,  56.4516000000
2020,9,21,14,29,6,  94.8387000000
2020,9,21,14,29,6, -27.7419000000
2020,9,21,14,29,7, 113.8710000000
2020,9,21,14,29,7, 120.3226000000
2020,9,21,14,29,7,  80.0000000000
2020,9,21,14,29,7,   7.4194000000
2020,9,21,14,29,8, -50.0000000000
2020,9,21,14,29,8, 109.0323000000
2020,9,21,14,29,8, -50.0000000000
2020,9,21,14,29,8,  46.1290000000
2020,9,21,14,29,9, -50.0000000000
2020,9,21,14,29,9,  36.4516000000
2020,9,21,14,29,9, -40.6452000000
2020,9,21,14,29,9, 124.1935000000
2020,9,21,14,29,10, -16.7742000000
2020,9,21,14,29,10,  71.6129000000
2020,9,21,14,29,10, -50.0000000000
2020,9,21,14,29,11,  40.3226000000
2020,9,21,14,29,11,  94.8387000000
2020,9,21,14,29,11, -50.0000000000
2020,9,21,14,29,11,  92.5806000000
2020,9,21,14,29,12, -35.4839000000
2020,9,21,14,29,12, -50.0000000000
2020,9,21,14,29,12, 121.2903000000
2020,9,21,14,29,12, -36.1290000000
2020,9,21,14,29,13, -50.0000000000
2020,9,21,14,29,13, 133.8710000000
2020,9,21,14,29,13, 132.2581000000
2020,9,21,14,29,13,  71.9355000000
2020,9,21,14,29,14, 126.7742000000
2020,9,21,14,29,14,  76.7742000000
2020,9,21,14,29,14,  -4.1935000000
2020,9,21,14,29,14, -50.0000000000
2020,9,21,14,29,15, 122.9032000000
2020,9,21,14,29,15,  77.7419000000
2020,9,21,14,29,15, -50.0000000000
2020,9,21,14,29,16, 111.9355000000
2020,9,21,14,29,16, -50.0000000000
2020,9,21,14,29,16,  -3.2258000000
2020,9,21,14,29,16, -50.0000000000
2020,9,21,14,29,17, 124.8387000000
2020,9,21,14,29,17, -50.0000000000
2020,9,21,14,29,17, -10.3226000000
2020,9,21,14,29,17,  99.6774000000
2020,9,21,14,29,18, -35.1613000000
2020,9,21,14,29,18, -25.4839000000
2020,9,21,14,29,18, 130.0000000000
2020,9,21,14,29,18,  75.8065000000
2020,9,21,14,29,19, 122.2581000000
2020,9,21,14,29,19, -28.3871000000
2020,9,21,14,29,19, -30.3226000000
2020,9,21,14,29,19, 117.7419000000
2020,9,21,14,29,20, -18.0645000000
2020,9,21,14,29,20, 105.8065000000
2020,9,21,14,29,20, -50.0000000000
2020,9,21,14,29,20,  -4.5161000000
2020,9,21,14,29,21, -21.6129000000
2020,9,21,14,29,21, 113.5484000000
2020,9,21,14,29,21, -50.0000000000
2020,9,21,14,29,21,  24.1935000000
2020,9,21,14,29,22,  96.4516000000
2020,9,21,14,29,22, -14.5161000000
2020,9,21,14,29,22, -50.0000000000
2020,9,21,14,29,23, 105.4839000000
2020,9,21,14,29,23, -50.0000000000
2020,9,21,14,29,23,  -9.3548000000
2020,9,21,14,29,23, 105.4839000000
2020,9,21,14,29,24,  14.5161000000
2020,9,21,14,29,24,  93.2258000000
2020,9,21,14,29,24, -50.0000000000
2020,9,21,14,29,24,  99.0323000000
2020,9,21,14,29,25, 131.9355000000
2020,9,21,14,29,25,  77.7419000000
2020,9,21,14,29,25, -45.1613000000
2020,9,21,14,29,25, 108.7097000000
2020,9,21,14,29,26,  67.4194000000
2020,9,21,14,29,26, -39.0323000000
2020,9,21,14,29,26,  96.7742000000
2020,9,21,14,29,26, 130.3226000000
2020,9,21,14,29,27, 110.9677000000
2020,9,21,14,29,27, -50.0000000000
2020,9,21,14,29,27,  -9.0323000000
2020,9,21,14,29,27, -21.2903000000
2020,9,21,14,29,28, 114.1935000000
2020,9,21,14,29,28, -50.0000000000
2020,9,21,14,29,28,  -4.8387000000
2020,9,21,14,29,28, 103.5484000000
2020,9,21,14,29,29, -50.0000000000
2020,9,21,14,29,29, 131.9355000000
2020,9,21,14,29,29,  65.4839000000
2020,9,21,14,29,30, 122.9032000000
2020,9,21,14,29,30, -38.3871000000
2020,9,21,14,29,30, -30.6452000000
2020,9,21,14,29,30, 119.3548000000
2020,9,21,14,29,31, -50.0000000000
2020,9,21,14,29,31, 115.4839000000
2020,9,21,14,29,31,  84.8387000000
2020,9,21,14,29,31, 131.2903000000
2020,9,21,14,29,32, -50.0000000000
2020,9,21,14,29,32, 131.9355000000
2020,9,21,14,29,32, -50.0000000000
2020,9,21,14,29,32, 113.8710000000
2020,9,21,14,29,33,  83.2258000000
2020,9,21,14,29,33, -50.0000000000
2020,9,21,14,29,33, 120.3226000000
2020,9,21,14,29,33, -50.0000000000
2020,9,21,14,29,34, -27.7419000000
2020,9,21,14,29,34, -28.0645000000
2020,9,21,14,29,34,  18.3871000000
2020,9,21,14,29,34, -38.0645000000
2020,9,21,14,29,35, -38.3871000000
2020,9,21,14,29,35, -50.0000000000
2020,9,21,14,29,35,  98.3871000000
2020,9,21,14,29,36, -50.0000000000
2020,9,21,14,29,36,  43.2258000000
2020,9,21,14,29,36, -44.8387000000
2020,9,21,14,29,36,  87.0968000000
2020,9,21,14,29,37, -25.8065000000
2020,9,21,14,29,37, 115.4839000000
2020,9,21,14,29,37, -50.0000000000
2020,9,21,14,29,37, 132.5806000000
2020,9,21,14,29,38,  75.1613000000
2020,9,21,14,29,38, -50.0000000000
2020,9,21,14,29,38, -50.0000000000
2020,9,21,14,29,38, -50.0000000000
2020,9,21,14,29,39, 103.5484000000
2020,9,21,14,29,39,  45.1613000000
2020,9,21,14,29,39, -50.0000000000
2020,9,21,14,29,39,  43.5484000000
2020,9,21,14,29,40,  95.4839000000
2020,9,21,14,29,40,  51.9355000000
2020,9,21,14,29,40, -45.4839000000
2020,9,21,14,29,40, 124.5161000000
2020,9,21,14,29,41,  30.6452000000
2020,9,21,14,29,41, -10.6452000000
2020,9,21,14,29,41, 108.3871000000
2020,9,21,14,29,41, -50.0000000000
2020,9,21,14,29,42,  51.9355000000
2020,9,21,14,29,42, 130.6452000000
2020,9,21,14,29,42,  62.2581000000
2020,9,21,14,29,43,  29.0323000000
2020,9,21,14,29,43, -50.0000000000
2020,9,21,14,29,43,  77.4194000000
2020,9,21,14,29,43,  91.9355000000
2020,9,21,14,29,44, -33.8710000000
2020,9,21,14,29,44, 121.9355000000
2020,9,21,14,29,44, -50.0000000000
2020,9,21,14,29,44, -50.0000000000
2020,9,21,14,29,45, 101.2903000000
2020,9,21,14,29,45, -50.0000000000
2020,9,21,14,29,45, 132.9032000000
2020,9,21,14,29,45, -50.0000000000
2020,9,21,14,29,46, 105.8065000000
2020,9,21,14,29,46, -50.0000000000
2020,9,21,14,29,46, 129.3548000000
2020,9,21,14,29,46,  64.1935000000
2020,9,21,14,29,47, -10.9677000000
2020,9,21,14,29,47, 106.1290000000
2020,9,21,14,29,47, -50.0000000000
2020,9,21,14,29,47, 116.4516000000
2020,9,21,14,29,48, -50.0000000000
2020,9,21,14,29,48,  -8.7097000000
2020,9,21,14,29,48, 102.5806000000
2020,9,21,14,29,48, -50.0000000000
2020,9,21,14,29,49, 132.5806000000
2020,9,21,14,29,49,  77.7419000000
2020,9,21,14,29,49, -50.0000000000
2020,9,21,14,29,50,  70.0000000000
2020,9,21,14,29,50, -26.7742000000
2020,9,21,14,29,50,  76.4516000000
2020,9,21,14,29,50, -50.0000000000
2020,9,21,14,29,51, 125.1613000000
2020,9,21,14,29,51, -18.7097000000
2020,9,21,14,29,51, 113.8710000000
2020,9,21,14,29,51, -48.7097000000
2020,9,21,14,29,52, -50.0000000000
2020,9,21,14,29,52, -44.8387000000
2020,9,21,14,29,52, -30.3226000000
2020,9,21,14,29,52, -43.2258000000
2020,9,21,14,29,53, 130.3226000000
2020,9,21,14,29,53, -27.4194000000
2020,9,21,14,29,53, 118.0645000000
2020,9,21,14,29,53, -50.0000000000
2020,9,21,14,29,54, 130.3226000000
2020,9,21,14,29,54,  78.0645000000
2020,9,21,14,29,54, -12.9032000000
2020,9,21,14,29,54, -33.5484000000
2020,9,21,14,29,55, 128.7097000000
2020,9,21,14,29,55, -50.0000000000
2020,9,21,14,29,55,   9.6774000000
2020,9,21,14,29,56, 100.3226000000
2020,9,21,14,29,56, 120.6452000000
2020,9,21,14,29,56, -50.0000000000
2020,9,21,14,29,56, 127.7419000000
2020,9,21,14,29,57, 123.2258000000
2020,9,21,14,29,57, -20.3226000000
2020,9,21,14,29,57,  31.6129000000
2020,9,21,14,29,57,  83.8710000000
2020,9,21,14,29,58, -50.0000000000
2020,9,21,14,29,58, 133.5484000000
2020,9,21,14,29,58,  51.6129000000
2020,9,21,14,29,58,  98.0645000000
2020,9,21,14,29,59, -50.0000000000
2020,9,21,14,29,59,  94.8387000000
2020,9,21,14,29,59,   5.4839000000
2020,9,21,14,29,59, -39.0323000000
2020,9,21,14,30,0,  20.9677000000
2020,9,21,14,30,0, -41.2903000000
2020,9,21,14,30,0,  76.7742000000
2020,9,21,14,30,0, -33.2258000000
2020,9,21,14,30,1, 120.3226000000
2020,9,21,14,30,1, -50.0000000000
2020,9,21,14,30,1, 112.2581000000
2020,9,21,14,30,1,  72.2581000000
2020,9,21,14,30,2, -50.0000000000
2020,9,21,14,30,2, -50.0000000000
2020,9,21,14,30,2, 114.1935000000
2020,9,21,14,30,2,  82.9032000000
2020,9,21,14,30,3, -50.0000000000
2020,9,21,14,30,3, 130.3226000000
2020,9,21,14,30,3, 128.7097000000
2020,9,21,14,30,4,  70.3226000000
2020,9,21,14,30,4, 134.1935000000
2020,9,21,14,30,4, -25.8065000000
2020,9,21,14,30,4, 116.1290000000
2020,9,21,14,30,5, 117.0968000000
2020,9,21,14,30,5, 148.0645000000
2020,9,21,14,30,5,  75.4839000000
2020,9,21,14,30,5,  91.6129000000
2020,9,21,14,30,6, -33.2258000000
2020,9,21,14,30,6, 120.6452000000
2020,9,21,14,30,6, -50.0000000000
2020,9,21,14,30,6, 125.8065000000
2020,9,21,14,30,7, 115.8065000000
2020,9,21,14,30,7, -50.0000000000
2020,9,21,14,30,7, -11.9355000000
2020,9,21,14,30,7,  38.3871000000
2020,9,21,14,30,8, -40.0000000000
2020,9,21,14,30,8,  80.0000000000
2020,9,21,14,30,8, -50.0000000000
2020,9,21,14,30,9, 130.3226000000
2020,9,21,14,30,9, -50.0000000000
2020,9,21,14,30,9, -50.0000000000
2020,9,21,14,30,9, -19.0323000000
2020,9,21,14,30,10, 110.645200000022020,9,21,14,30,10, -50.000000000022020,9,21,14,30,10,  37.419400000022020,9,21,14,30,10, 125.161300000022020,9,21,14,30,11, -23.225800000022020,9,21,14,30,11, -50.000000000022020,9,21,14,30,11, 125.161300000022020,9,21,14,30,11, -50.000000000022020,9,21,14,30,12, 117.419400000022020,9,21,14,30,12, -35.806500000022020,9,21,14,30,12, -50.000000000022020,9,21,14,30,12, 101.290300000022020,9,21,14,30,13, -50.000000000022020,9,21,14,30,13, -50.000000000022020,9,21,14,30,13,  52.903200000022020,9,21,14,30,13,  75.806500000022020,9,21,14,30,14,  31.290300000022020,9,21,14,30,14, -32.580600000022020,9,21,14,30,14, 110.645200000022020,9,21,14,30,15, 125.806500000022020,9,21,14,30,15,   1.290300000022020,9,21,14,30,15, 131.290300000022020,9,21,14,30,15, -50.000000000022020,9,21,14,30,16, 135.161300000022020,9,21,14,30,16,  44.516100000022020,9,21,14,30,16, 120.645200000022020,9,21,14,30,16, -50.000000000022020,9,21,14,30,17, -23.225800000022020,9,21,14,30,17, 123.548400000022020,9,21,14,30,17,  57.741900000022020,9,21,14,30,17,  17.096800000022020,9,21,14,30,18, -47.419400000022020,9,21,14,30,18, -50.000000000022020,9,21,14,30,18, -15.806500000022020,9,21,14,30,18,  99.032300000022020,9,21,14,30,19,  -7.741900000022020,9,21,14,30,19, -50.000000000022020,9,21,14,30,19,  99.677400000022020,9,21,14,30,20, -48.064500000022020,9,21,14,30,20, -50.000000000022020,9,21,14,30,20, 128.709700000022020,9,21,14,30,20, -48.064500000022020,9,21,14,30,21, 121.612900000022020,9,21,14,30,21, 109.032300000022020,9,21,14,30,21, -50.000000000022020,9,21,14,30,21,  89.032300000022020,9,21,14,30,22, 112.580600000022020,9,21,14,30,22, -50.000000000022020,9,21,14,30,22, -50.000000000022020,9,21,14,30,22, 118.387100000022020,9,21,14,30,23, -50.000000000022020,9,21,14,30,23,  56.774200000022020,9,21,14,30,23,  14.516100000022020,9,21,14,30,23, -11.935500000022020,9,21,14,30,24,  97.096800000022020,9,21,14,30,24, -18.709700000022020,9,21,14,30,24, -22.903200000022020,9,21,14,30,25, -50.000000000022020,9,21,14,30,25,  64.838700000022020,9,21,14,30,25,  74.838700000022020,9,21,14,30,25, -13.548400000022020,9,21,14,30,26, -50.000000000022020,9,21,14,30,26, 126.451600000022020,9,21,14,30,26, -50.000000000022020,9,21,14,30,26, 134.838700000022020,9,21,14,30,27, -50.000000000022020,9,21,14,30,27, 113.225800000022020,9,21,14,30,27, -34.193500000022020,9,21,14,30,27,  11.612900000022020,9,21,14,30,28,  78.387100000022020,9,21,14,30,28, -48.387100000022020,9,21,14,30,28, -48.387100000022020,9,21,14,30,28, 121.612900000022020,9,21,14,30,29, -50.000000000022020,9,21,14,30,29, 120.967700000022020,9,21,14,30,29, -10.967700000022020,9,21,14,30,30, -50.000000000022020,9,21,14,30,30,  52.580600000022020,9,21,14,30,30,  61.612900000022020,9,21,14,30,30,  -2.580600000022020,9,21,14,30,31, -23.225800000022020,9,21,14,30,31, 103.548400000022020,9,21,14,30,31,  -3.225800000022020,9,21,14,30,31,  74.193500000022020,9,21,14,30,32,  97.741900000022020,9,21,14,30,32, -50.000000000022020,9,21,14,30,32, 109.032300000022020,9,21,14,30,32, -50.000000000022020,9,21,14,30,33, -50.000000000022020,9,21,14,30,33,  92.580600000022020,9,21,14,30,33, -50.000000000022020,9,21,14,30,33, 123.225800000022020,9,21,14,30,34, -50.000000000022020,9,21,14,30,34,  95.161300000022020,9,21,14,30,34,  91.612900000022020,9,21,14,30,35,  85.161300000022020,9,21,14,30,35, -49.354800000022020,9,21,14,30,35, -50.000000000022020,9,21,14,30,35, 161.935500000022020,9,21,14,30,36,  95.483900000022020,9,21,14,30,36,   1.290300000022020,9,21,14,30,36, -50.000000000022020,9,21,14,30,36,  50.645200000022020,9,21,14,30,37,  79.677400000022020,9,21,14,30,37, 122.903200000022020,9,21,14,30,37, -50.000000000022020,9,21,14,30,37, -34.516100000022020,9,21,14,30,38, -21.935500000022020,9,21,14,30,38,  74.193500000022020,9,21,14,30,38, 117.741900000022020,9,21,14,30,39, -50.000000000022020,9,21,14,30,39, 110.000000000022020,9,21,14,30,39,  97.741900000022020,9,21,14,30,39,  74.516100000022020,9,21,14,30,40, -43.548400000022020,9,21,14,30,40, 119.677400000022020,9,21,14,30,40, 101.290300000022020,9,21,14,30,40, -50.000000000022020,9,21,14,30,41, 131.935500000022020,9,21,14,30,41,   3.871000000022020,9,21,14,30,41,  93.548400000022020,9,21,14,30,41, 125.483900000022020,9,21,14,30,42, -50.000000000022020,9,21,14,30,42, 120.000000000022020,9,21,14,30,42, 107.096800000022020,9,21,14,30,42,  90.000000000022020,9,21,14,30,43,  16.774200000022020,9,21,14,30,43, 130.645200000022020,9,21,14,30,43, 228.064500000022020,9,21,14,30,43, -50.000000000022020,9,21,14,30,44,  -0.967700000022020,9,21,14,30,44,   0.000000000022020,9,21,14,30,44, 123.548400000022020,9,21,14,30,45, -50.000000000022020,9,21,14,30,45, 109.677400000022020,9,21,14,30,45, -39.354800000022020,9,21,14,30,45,  71.290300000022020,9,21,14,30,46, 117.419400000022020,9,21,14,30,46, -14.516100000022020,9,21,14,30,46, 102.258100000022020,9,21,14,30,46, -50.000000000022020,9,21,14,30,47, -50.000000000022020,9,21,14,30,47, 128.064500000022020,9,21,14,30,47,  23.548400000022020,9,21,14,30,47, 123.225800000022020,9,21,14,30,48, -50.000000000022020,9,21,14,30,48,  87.096800000022020,9,21,14,30,48, -50.000000000022020,9,21,14,30,48, -50.000000000022020,9,21,14,30,49, 124.193500000022020,9,21,14,30,49, -50.000000000022020,9,21,14,30,49,  84.516100000022020,9,21,14,30,49, -50.000000000022020,9,21,14,30,50, -50.000000000022020,9,21,14,30,50, -10.967700000022020,9,21,14,30,50,  35.161300000022020,9,21,14,30,51,  85.161300000022020,9,21,14,30,51, -50.000000000022020,9,21,14,30,51, -50.000000000022020,9,21,14,30,51,  -9.354800000022020,9,21,14,30,52, -50.000000000022020,9,21,14,30,52, 134.516100000022020,9,21,14,30,52, -29.032300000022020,9,21,14,30,52, -50.000000000022020,9,21,14,30,53, 172.258100000022020,9,21,14,30,53, -14.193500000022020,9,21,14,30,53, 114.193500000022020,9,21,14,30,53, -50.000000000022020,9,21,14,30,54, -50.000000000022020,9,21,14,30,54,  30.000000000022020,9,21,14,30,54,  94.838700000022020,9,21,14,30,54,  62.903200000022020,9,21,14,30,55, 129.677400000022020,9,21,14,30,55, -50.000000000022020,9,21,14,30,55, -50.000000000022020,9,21,14,30,56, -13.548400000022020,9,21,14,30,56, 102.580600000022020,9,21,14,30,56, -50.000000000022020,9,21,14,30,56, 121.290300000022020,9,21,14,30,57, 108.064500000022020,9,21,14,30,57, -50.000000000022020,9,21,14,30,57, -50.000000000022020,9,21,14,30,57,  52.580600000022020,9,21,14,30,58, -50.000000000022020,9,21,14,30,58,  32.258100000022020,9,21,14,30,58, 131.290300000022020,9,21,14,30,58, 122.580600000022020,9,21,14,30,59, -50.000000000022020,9,21,14,30,59,  11.612900000022020,9,21,14,30,59, -27.419400000022020,9,21,14,30,59, -50.000000000022020,9,21,14,31,0, -50.000000000022020,9,21,14,31,0, 131.935500000022020,9,21,14,31,0,  27.419400000022020,9,21,14,31,1,  92.258100000022020,9,21,14,31,1, -50.000000000022020,9,21,14,31,1, 109.032300000022020,9,21,14,31,1, 109.032300000022020,9,21,14,31,2, 129.677400000022020,9,21,14,31,2, 224.838700000022020,9,21,14,31,2, -50.000000000022020,9,21,14,31,2, -20.645200000022020,9,21,14,31,3, 104.516100000022020,9,21,14,31,3, -50.000000000022020,9,21,14,31,3, -10.322600000022020,9,21,14,31,4, -29.677400000022020,9,21,14,31,4, -30.645200000022020,9,21,14,31,4, -50.000000000022020,9,21,14,31,4,  81.290300000022020,9,21,14,31,5,   9.677400000022020,9,21,14,31,5, -48.709700000022020,9,21,14,31,5, -50.000000000022020,9,21,14,31,5, 159.032300000022020,9,21,14,31,6, -50.000000000022020,9,21,14,31,6, 131.612900000022020,9,21,14,31,6,  25.161300000022020,9,21,14,31,6, 109.032300000022020,9,21,14,31,7,  61.612900000022020,9,21,14,31,7, -27.096800000022020,9,21,14,31,7, -40.322600000022020,9,21,14,31,7, 125.161300000022020,9,21,14,31,8, -18.709700000022020,9,21,14,31,8, 101.935500000022020,9,21,14,31,8,  71.935500000022020,9,21,14,31,9, 129.354800000022020,9,21,14,31,9, -50.000000000022020,9,21,14,31,9, 118.064500000022020,9,21,14,31,9, -44.838700000022020,9,21,14,31,10,  71.290300000202020,9,21,14,31,10,  72.580600000202020,9,21,14,31,10, -31.612900000202020,9,21,14,31,10, 108.387100000202020,9,21,14,31,11, -17.419400000202020,9,21,14,31,11, -50.000000000202020,9,21,14,31,11, 123.871000000202020,9,21,14,31,11, -49.677400000202020,9,21,14,31,12,  81.612900000202020,9,21,14,31,12, 126.451600000202020,9,21,14,31,12, -23.548400000202020,9,21,14,31,12, 101.935500000202020,9,21,14,31,13, -50.000000000202020,9,21,14,31,13, 134.516100000202020,9,21,14,31,13, -50.000000000202020,9,21,14,31,14, 127.419400000202020,9,21,14,31,14,  75.161300000202020,9,21,14,31,14,  80.645200000202020,9,21,14,31,14, -50.000000000202020,9,21,14,31,15, 130.3226000000
2020,9,21,14,31,15, -50.000000000202020,9,21,14,31,15, 124.516100000202020,9,21,14,31,15, -50.000000000202020,9,21,14,31,16, 124.516100000202020,9,21,14,31,16,  88.064500000202020,9,21,14,31,16, 134.5161000000
2020,9,21,14,31,16, 123.225800000202020,9,21,14,31,17, -50.0000000000
2020,9,21,14,31,17, -50.000000000202020,9,21,14,31,17, -50.0000000000
2020,9,21,14,31,17, 105.8065000000
2020,9,21,14,31,18,  71.9355000000
2020,9,21,14,31,18, -50.0000000000
2020,9,21,14,31,18, 127.7419000000
2020,9,21,14,31,19,  93.5484000000
2020,9,21,14,31,19,  77.4194000000
2020,9,21,14,31,19, 120.3226000000
2020,9,21,14,31,19, -50.0000000000
2020,9,21,14,31,20, 206.7742000000
2020,9,21,14,31,20,  27.7419000000
2020,9,21,14,31,20, -38.0645000000
2020,9,21,14,31,20, 144.5161000000
2020,9,21,14,31,21, -50.0000000000
2020,9,21,14,31,21,   7.7419000000
2020,9,21,14,31,21, -21.2903000000
2020,9,21,14,31,21,  88.7097000000
2020,9,21,14,31,22,  60.6452000000
2020,9,21,14,31,22,  76.4516000000
2020,9,21,14,31,22, -44.1935000000
2020,9,21,14,31,22,  79.6774000000
2020,9,21,14,31,23, -50.0000000000
2020,9,21,14,31,23, 125.1613000000
2020,9,21,14,31,23, 121.9355000000
2020,9,21,14,31,24, -50.0000000000
2020,9,21,14,31,24, -44.8387000000
2020,9,21,14,31,24,  96.7742000000
2020,9,21,14,31,24, -50.0000000000
2020,9,21,14,31,25, -47.4194000000
2020,9,21,14,31,25, 119.6774000000
2020,9,21,14,31,25, -45.8065000000
2020,9,21,14,31,25, -50.0000000000
2020,9,21,14,31,26, -25.4839000000
2020,9,21,14,31,26, 100.0000000000
2020,9,21,14,31,26,  97.4194000000
2020,9,21,14,31,27, 120.3226000000
2020,9,21,14,31,27, -19.3548000000
2020,9,21,14,31,27, 105.1613000000
2020,9,21,14,31,27, -45.8065000000
2020,9,21,14,31,28,  81.9355000000
2020,9,21,14,31,28,  61.9355000000
2020,9,21,14,31,28,  86.4516000000
2020,9,21,14,31,28, -47.7419000000
2020,9,21,14,31,29, 109.0323000000
2020,9,21,14,31,29, 114.5161000000
2020,9,21,14,31,29, -50.0000000000
2020,9,21,14,31,29,  66.4516000000
2020,9,21,14,31,30, -50.0000000000
2020,9,21,14,31,30, 120.9677000000
2020,9,21,14,31,30, -50.0000000000
2020,9,21,14,31,30,  98.0645000000
2020,9,21,14,31,31,   1.2903000000
2020,9,21,14,31,31,  10.9677000000
2020,9,21,14,31,31, -31.6129000000
2020,9,21,14,31,32, -37.0968000000
2020,9,21,14,31,32, 112.9032000000
2020,9,21,14,31,32, -50.0000000000
2020,9,21,14,31,32, 106.4516000000
2020,9,21,14,31,33, -24.1935000000
2020,9,21,14,31,33,   3.2258000000
2020,9,21,14,31,33, 128.7097000000
2020,9,21,14,31,33, 131.2903000000
2020,9,21,14,31,34,  18.3871000000
2020,9,21,14,31,34, 106.1290000000
2020,9,21,14,31,34, -29.3548000000
2020,9,21,14,31,34, 111.2903000000
2020,9,21,14,31,35, -42.2581000000
2020,9,21,14,31,35,  66.4516000000
2020,9,21,14,31,35,  71.9355000000
2020,9,21,14,31,35, -50.0000000000
2020,9,21,14,31,36, -28.0645000000
2020,9,21,14,31,36,  -2.5806000000
2020,9,21,14,31,36, -20.6452000000
2020,9,21,14,31,37, 104.8387000000
2020,9,21,14,31,37, 105.8065000000
2020,9,21,14,31,37, -50.0000000000
2020,9,21,14,31,37, 120.6452000000
2020,9,21,14,31,38, -50.0000000000
2020,9,21,14,31,38, 112.5806000000
2020,9,21,14,31,38, -43.5484000000
2020,9,21,14,31,38,  92.5806000000
2020,9,21,14,31,39, -50.0000000000
2020,9,21,14,31,39, 126.4516000000
2020,9,21,14,31,39, -50.0000000000
2020,9,21,14,31,39, -50.0000000000
2020,9,21,14,31,40,  69.3548000000
2020,9,21,14,31,40,   0.9677000000
2020,9,21,14,31,40, 110.9677000000
2020,9,21,14,31,40, 111.2903000000
2020,9,21,14,31,41,  64.8387000000
2020,9,21,14,31,41, -39.3548000000
2020,9,21,14,31,41, -25.8065000000
2020,9,21,14,31,42,  96.1290000000
2020,9,21,14,31,42, -50.0000000000
2020,9,21,14,31,42,  80.3226000000
2020,9,21,14,31,42,  18.7097000000
2020,9,21,14,31,43,  39.6774000000
2020,9,21,14,31,43, 120.6452000000
2020,9,21,14,31,43, -49.3548000000
2020,9,21,14,31,43,  90.3226000000
2020,9,21,14,31,44,  88.3871000000
2020,9,21,14,31,44, 104.1935000000
2020,9,21,14,31,44, -50.0000000000
2020,9,21,14,31,44, 117.0968000000
2020,9,21,14,31,45, -50.0000000000
2020,9,21,14,31,45,  57.7419000000
2020,9,21,14,31,45, -27.0968000000
2020,9,21,14,31,45, -50.0000000000
2020,9,21,14,31,46,  40.9677000000
2020,9,21,14,31,46,  86.4516000000
2020,9,21,14,31,46,  84.1935000000
2020,9,21,14,31,47, -49.6774000000
2020,9,21,14,31,47, 120.6452000000
2020,9,21,14,31,47, -50.0000000000
2020,9,21,14,31,47, 115.1613000000
2020,9,21,14,31,48, -37.4194000000
2020,9,21,14,31,48, 125.1613000000
2020,9,21,14,31,48,  86.4516000000
2020,9,21,14,31,48, -50.0000000000
2020,9,21,14,31,49, 118.0645000000
2020,9,21,14,31,49, -49.3548000000
2020,9,21,14,31,49, 120.9677000000
2020,9,21,14,31,49, 123.8710000000
2020,9,21,14,31,50, -19.6774000000
2020,9,21,14,31,50, -30.9677000000
2020,9,21,14,31,50,  97.7419000000
2020,9,21,14,31,50, -15.8065000000
2020,9,21,14,31,51, -44.1935000000
2020,9,21,14,31,51, 122.9032000000
2020,9,21,14,31,51, 113.8710000000
2020,9,21,14,31,52,  69.3548000000
2020,9,21,14,31,52, -35.1613000000
2020,9,21,14,31,52, 123.2258000000
2020,9,21,14,31,52, 114.1935000000
2020,9,21,14,31,53, -50.0000000000
2020,9,21,14,31,53,  65.1613000000
2020,9,21,14,31,53,  35.1613000000
2020,9,21,14,31,53, 128.7097000000
2020,9,21,14,31,54, -48.3871000000
2020,9,21,14,31,54, -19.6774000000
2020,9,21,14,31,54, -50.0000000000
2020,9,21,14,31,54, -50.0000000000
2020,9,21,14,31,55,  71.2903000000
2020,9,21,14,31,55, -43.2258000000
2020,9,21,14,31,55, -42.9032000000
2020,9,21,14,31,55, 112.2581000000
2020,9,21,14,31,56, -50.0000000000
2020,9,21,14,31,56,  90.9677000000
2020,9,21,14,31,56, -50.0000000000
2020,9,21,14,31,57,  44.5161000000
2020,9,21,14,31,57, 107.7419000000
2020,9,21,14,31,57, -50.0000000000
2020,9,21,14,31,57, -50.0000000000
2020,9,21,14,31,58, 125.1613000000
2020,9,21,14,31,58,  16.4516000000
2020,9,21,14,31,58, -50.0000000000
2020,9,21,14,31,58, 106.4516000000
2020,9,21,14,31,59, 177.7419000000
2020,9,21,14,31,59,  24.8387000000
2020,9,21,14,31,59, -15.4839000000
2020,9,21,14,31,59, 113.8710000000
2020,9,21,14,32,0, -50.0000000000
2020,9,21,14,32,0, 113.5484000000
2020,9,21,14,32,0,  -0.6452000000
2020,9,21,14,32,0, -35.4839000000
2020,9,21,14,32,1, 105.8065000000
2020,9,21,14,32,1, 100.6452000000
2020,9,21,14,32,1, -28.0645000000
2020,9,21,14,32,2, -50.0000000000
2020,9,21,14,32,2, -50.0000000000
2020,9,21,14,32,2,  46.7742000000
2020,9,21,14,32,2, 124.8387000000
2020,9,21,14,32,3,  69.3548000000
2020,9,21,14,32,3,  82.2581000000
2020,9,21,14,32,3, -46.4516000000
2020,9,21,14,32,3,  95.1613000000
2020,9,21,14,32,4, -15.1613000000
2020,9,21,14,32,4, -16.7742000000
2020,9,21,14,32,4, 125.1613000000
2020,9,21,14,32,4, -50.0000000000
2020,9,21,14,32,5,   5.4839000000
2020,9,21,14,32,5, -31.6129000000
2020,9,21,14,32,5, 120.6452000000
2020,9,21,14,32,5, -50.0000000000
2020,9,21,14,32,6, 111.9355000000
2020,9,21,14,32,6, -28.7097000000
2020,9,21,14,32,6,  82.2581000000
2020,9,21,14,32,7, -50.0000000000
2020,9,21,14,32,7,  70.3226000000
2020,9,21,14,32,7, -37.4194000000
2020,9,21,14,32,7,  80.9677000000
2020,9,21,14,32,8, 116.4516000000
2020,9,21,14,32,8, -35.4839000000
2020,9,21,14,32,8, 112.5806000000
2020,9,21,14,32,8, -50.0000000000
2020,9,21,14,32,9, 124.8387000000
2020,9,21,14,32,9, 114.5161000000
2020,9,21,14,32,9, -50.0000000000
2020,9,21,14,32,9,  58.3871000000
2020,9,21,14,32,10,  31.9355000000
2020,9,21,14,32,10, 125.4839000000
2020,9,21,14,32,10,  12.9032000000
2020,9,21,14,32,11, 127.0968000000
2020,9,21,14,32,11,  93.2258000000
2020,9,21,14,32,11, -19.3548000000
2020,9,21,14,32,11, -50.0000000000
2020,9,21,14,32,12,  70.0000000000
2020,9,21,14,32,12, -50.0000000000
2020,9,21,14,32,12, -50.0000000000
2020,9,21,14,32,12, 124.8387000000
2020,9,21,14,32,13, -19.6774000000
2020,9,21,14,32,13, -36.7742000000
2020,9,21,14,32,13, -49.6774000000
2020,9,21,14,32,13, -50.0000000000
2020,9,21,14,32,14, 121.9355000000
2020,9,21,14,32,14, -50.0000000000
2020,9,21,14,32,14,  97.4194000000
2020,9,21,14,32,14,   3.2258000000
2020,9,21,14,32,15, 122.5806000000
2020,9,21,14,32,15, 108.7097000000
2020,9,21,14,32,15, -50.0000000000
2020,9,21,14,32,16,  79.6774000000
2020,9,21,14,32,16, -50.0000000000
2020,9,21,14,32,16, 116.7742000000
2020,9,21,14,32,16,  -0.6452000000
2020,9,21,14,32,17,  95.1613000000
2020,9,21,14,32,17,  33.2258000000
2020,9,21,14,32,17,  -7.0968000000
2020,9,21,14,32,17, 120.6452000000
2020,9,21,14,32,18, -30.6452000000
2020,9,21,14,32,18, 100.9677000000
2020,9,21,14,32,18, 106.1290000000
2020,9,21,14,32,18, -50.0000000000
2020,9,21,14,32,19, 124.1935000000
2020,9,21,14,32,19, -29.6774000000
2020,9,21,14,32,19, -24.5161000000
2020,9,21,14,32,19,  46.4516000000
2020,9,21,14,32,20,   6.7742000000
2020,9,21,14,32,20, -50.0000000000
2020,9,21,14,32,20, 123.5484000000
2020,9,21,14,32,20, -50.0000000000
2020,9,21,14,32,21,  96.1290000000
2020,9,21,14,32,21, -47.7419000000
2020,9,21,14,32,21,  78.3871000000
2020,9,21,14,32,22, -50.0000000000
2020,9,21,14,32,22,  -1.6129000000
2020,9,21,14,32,22, -29.0323000000
2020,9,21,14,32,22, -50.0000000000
2020,9,21,14,32,23, 122.5806000000
2020,9,21,14,32,23, -50.0000000000
2020,9,21,14,32,23, 125.1613000000
2020,9,21,14,32,23,  23.2258000000
2020,9,21,14,32,24, 125.4839000000
2020,9,21,14,32,24, -50.0000000000
2020,9,21,14,32,24,  74.1935000000
2020,9,21,14,32,24, -41.6129000000
2020,9,21,14,32,25, -50.0000000000
2020,9,21,14,32,25, 114.8387000000
2020,9,21,14,32,25, -50.0000000000
2020,9,21,14,32,25, 112.5806000000
2020,9,21,14,32,26, -50.0000000000
2020,9,21,14,32,26,  88.7097000000
2020,9,21,14,32,26, 123.5484000000
2020,9,21,14,32,26,  15.1613000000
2020,9,21,14,32,27, 127.0968000000
2020,9,21,14,32,27, -50.0000000000
2020,9,21,14,32,27,  50.6452000000
2020,9,21,14,32,28, 270.0000000000
2020,9,21,14,32,28, 157.741900000202020,9,21,14,32,28, -47.419400000202020,9,21,14,32,28, 120.000000000202020,9,21,14,32,29, -50.000000000202020,9,21,14,32,29, -50.000000000202020,9,21,14,32,29, 122.258100000202020,9,21,14,32,29, -46.774200000202020,9,21,14,32,30,  73.871000000202020,9,21,14,32,30,  41.290300000202020,9,21,14,32,30, -50.000000000202020,9,21,14,32,30, 105.161300000202020,9,21,14,32,31, 120.322600000202020,9,21,14,32,31, -50.000000000202020,9,21,14,32,31, -17.419400000202020,9,21,14,32,31, -20.322600000202020,9,21,14,32,32, 100.322600000202020,9,21,14,32,32, -50.000000000202020,9,21,14,32,32, -46.129000000202020,9,21,14,32,33, -25.483900000202020,9,21,14,32,33, 106.451600000202020,9,21,14,32,33,  73.871000000202020,9,21,14,32,33,  80.000000000202020,9,21,14,32,34, -50.000000000202020,9,21,14,32,34, 101.612900000202020,9,21,14,32,34,  90.322600000202020,9,21,14,32,34,  80.645200000202020,9,21,14,32,35, -50.000000000202020,9,21,14,32,35, -17.741900000202020,9,21,14,32,35, -50.000000000202020,9,21,14,32,35,  41.612900000202020,9,21,14,32,36,  70.322600000202020,9,21,14,32,36,  43.548400000202020,9,21,14,32,36, 112.258100000202020,9,21,14,32,36, 123.548400000202020,9,21,14,32,37,  31.290300000202020,9,21,14,32,37, 129.677400000202020,9,21,14,32,37, 121.612900000202020,9,21,14,32,38, -42.903200000202020,9,21,14,32,38, 100.000000000202020,9,21,14,32,38,   7.096800000202020,9,21,14,32,38, -48.709700000202020,9,21,14,32,39,  72.903200000202020,9,21,14,32,39, -45.483900000202020,9,21,14,32,39, 113.871000000202020,9,21,14,32,39, -16.129000000202020,9,21,14,32,40, 100.322600000202020,9,21,14,32,40, -22.580600000202020,9,21,14,32,40, 100.645200000202020,9,21,14,32,40, -50.000000000202020,9,21,14,32,41, -41.612900000202020,9,21,14,32,41,  75.483900000202020,9,21,14,32,41,  66.774200000202020,9,21,14,32,41, -18.387100000202020,9,21,14,32,42,  99.677400000202020,9,21,14,32,42, -50.000000000202020,9,21,14,32,42, -35.806500000202020,9,21,14,32,43, 106.129000000202020,9,21,14,32,43, -50.000000000202020,9,21,14,32,43,  85.806500000202020,9,21,14,32,43, -50.000000000202020,9,21,14,32,44,  97.096800000202020,9,21,14,32,44, -23.871000000202020,9,21,14,32,44,  32.258100000202020,9,21,14,32,44,  91.935500000202020,9,21,14,32,45, -50.000000000202020,9,21,14,32,45,  78.064500000202020,9,21,14,32,45,   0.000000000202020,9,21,14,32,45,  91.935500000202020,9,21,14,32,46,  45.161300000202020,9,21,14,32,46, -40.967700000202020,9,21,14,32,46, -16.774200000202020,9,21,14,32,46,  96.451600000202020,9,21,14,32,47, -50.000000000202020,9,21,14,32,47,  97.419400000202020,9,21,14,32,47, -50.000000000202020,9,21,14,32,48, -50.000000000202020,9,21,14,32,48, 121.935500000202020,9,21,14,32,48, -50.000000000202020,9,21,14,32,48, -50.000000000202020,9,21,14,32,49,  84.838700000202020,9,21,14,32,49,  73.548400000202020,9,21,14,32,49, -33.225800000202020,9,21,14,32,49,  80.000000000202020,9,21,14,32,50, -47.419400000202020,9,21,14,32,50, -45.161300000202020,9,21,14,32,50,  41.935500000202020,9,21,14,32,50,  94.516100000202020,9,21,14,32,51, -50.000000000202020,9,21,14,32,51, 113.871000000202020,9,21,14,32,51, 101.612900000202020,9,21,14,32,51,  82.580600000202020,9,21,14,32,52,  51.612900000202020,9,21,14,32,52, -27.096800000202020,9,21,14,32,52, 108.709700000202020,9,21,14,32,52, -50.000000000202020,9,21,14,32,53, -32.903200000202020,9,21,14,32,53, 110.322600000202020,9,21,14,32,53, -50.000000000202020,9,21,14,32,54, 118.064500000202020,9,21,14,32,54, -50.000000000202020,9,21,14,32,54, 108.064500000202020,9,21,14,32,54, -39.6774000000
