2020,9,21,13,12,0,   5.2640000000
2020,9,21,13,12,1,   5.2360000000
2020,9,21,13,12,1,   5.2360000000
2020,9,21,13,12,1,   5.2360000000
2020,9,21,13,12,1,   5.2440000000
2020,9,21,13,12,2,   5.2440000000
2020,9,21,13,12,2,   5.2600000000
2020,9,21,13,12,2,   5.2680000000
2020,9,21,13,12,3,   5.2680000000
2020,9,21,13,12,3,   5.2680000000
2020,9,21,13,12,3,   5.2640000000
2020,9,21,13,12,3,   5.2640000000
2020,9,21,13,12,4,   5.2640000000
2020,9,21,13,12,4,   5.2080000000
2020,9,21,13,12,4,   5.2560000000
2020,9,21,13,12,4,   5.2680000000
2020,9,21,13,12,5,   5.2680000000
2020,9,21,13,12,5,   5.2640000000
2020,9,21,13,12,5,   5.2720000000
2020,9,21,13,12,5,   5.2640000000
2020,9,21,13,12,6,   5.2680000000
2020,9,21,13,12,6,   5.2680000000
2020,9,21,13,12,6,   5.2400000000
2020,9,21,13,12,6,   5.2440000000
2020,9,21,13,12,7,   5.2400000000
2020,9,21,13,12,7,   5.2400000000
2020,9,21,13,12,7,   5.2400000000
2020,9,21,13,12,7,   5.2400000000
2020,9,21,13,12,8,   5.2400000000
2020,9,21,13,12,8,   5.2400000000
2020,9,21,13,12,8,   5.2640000000
2020,9,21,13,12,9,   5.2680000000
2020,9,21,13,12,9,   5.2640000000
2020,9,21,13,12,9,   5.2640000000
2020,9,21,13,12,9,   5.2680000000
2020,9,21,13,12,10,   5.2520000000
2020,9,21,13,12,10,   5.2360000000
2020,9,21,13,12,10,   5.2400000000
2020,9,21,13,12,10,   5.2400000000
2020,9,21,13,12,11,   5.2360000000
2020,9,21,13,12,11,   5.2680000000
2020,9,21,13,12,11,   5.2400000000
2020,9,21,13,12,11,   5.2400000000
2020,9,21,13,12,12,   5.2680000000
2020,9,21,13,12,12,   5.2360000000
2020,9,21,13,12,12,   5.2440000000
2020,9,21,13,12,12,   5.2400000000
2020,9,21,13,12,13,   5.2400000000
2020,9,21,13,12,13,   5.2440000000
2020,9,21,13,12,13,   5.2400000000
2020,9,21,13,12,13,   5.2680000000
2020,9,21,13,12,14,   5.2720000000
2020,9,21,13,12,14,   5.2640000000
2020,9,21,13,12,14,   5.2520000000
2020,9,21,13,12,15,   5.2600000000
2020,9,21,13,12,15,   5.2640000000
2020,9,21,13,12,15,   5.2680000000
2020,9,21,13,12,15,   5.2680000000
2020,9,21,13,12,16,   5.2640000000
2020,9,21,13,12,16,   5.2440000000
2020,9,21,13,12,16,   5.2400000000
2020,9,21,13,12,16,   5.2400000000
2020,9,21,13,12,17,   5.2720000000
2020,9,21,13,12,17,   5.2640000000
2020,9,21,13,12,17,   5.2320000000
2020,9,21,13,12,17,   5.2400000000
2020,9,21,13,12,18,   5.2360000000
2020,9,21,13,12,18,   5.2400000000
2020,9,21,13,12,18,   5.2400000000
2020,9,21,13,12,18,   5.2720000000
2020,9,21,13,12,19,   5.2680000000
2020,9,21,13,12,19,   5.2640000000
2020,9,21,13,12,19,   5.2640000000
2020,9,21,13,12,20,   5.2640000000
2020,9,21,13,12,20,   5.2560000000
2020,9,21,13,12,20,   5.2520000000
2020,9,21,13,12,20,   5.2400000000
2020,9,21,13,12,21,   5.2400000000
2020,9,21,13,12,21,   5.2640000000
2020,9,21,13,12,21,   5.2680000000
2020,9,21,13,12,21,   5.2720000000
2020,9,21,13,12,22,   5.2440000000
2020,9,21,13,12,22,   5.2400000000
2020,9,21,13,12,22,   5.2400000000
2020,9,21,13,12,22,   5.2680000000
2020,9,21,13,12,23,   5.2680000000
2020,9,21,13,12,23,   5.2680000000
2020,9,21,13,12,23,   5.2400000000
2020,9,21,13,12,23,   5.2400000000
2020,9,21,13,12,24,   5.2400000000
2020,9,21,13,12,24,   5.2400000000
2020,9,21,13,12,24,   5.2400000000
2020,9,21,13,12,24,   5.2640000000
2020,9,21,13,12,25,   5.2600000000
2020,9,21,13,12,25,   5.2680000000
2020,9,21,13,12,25,   5.2520000000
2020,9,21,13,12,26,   5.2280000000
2020,9,21,13,12,26,   5.2400000000
2020,9,21,13,12,26,   5.2400000000
2020,9,21,13,12,26,   5.2680000000
2020,9,21,13,12,27,   5.2640000000
2020,9,21,13,12,27,   5.2640000000
2020,9,21,13,12,27,   5.2600000000
2020,9,21,13,12,27,   5.2680000000
2020,9,21,13,12,28,   5.2680000000
2020,9,21,13,12,28,   5.2680000000
2020,9,21,13,12,28,   5.2680000000
2020,9,21,13,12,28,   5.2680000000
2020,9,21,13,12,29,   5.2400000000
2020,9,21,13,12,29,   5.2400000000
2020,9,21,13,12,29,   5.2440000000
2020,9,21,13,12,29,   5.2360000000
2020,9,21,13,12,30,   5.2440000000
2020,9,21,13,12,30,   5.2360000000
2020,9,21,13,12,30,   5.2200000000
2020,9,21,13,12,31,   5.2480000000
2020,9,21,13,12,31,   5.2600000000
2020,9,21,13,12,31,   5.2560000000
2020,9,21,13,12,31,   5.2680000000
2020,9,21,13,12,32,   5.2680000000
2020,9,21,13,12,32,   5.2680000000
2020,9,21,13,12,32,   5.2400000000
2020,9,21,13,12,32,   5.2400000000
2020,9,21,13,12,33,   5.2440000000
2020,9,21,13,12,33,   5.2680000000
2020,9,21,13,12,33,   5.2680000000
2020,9,21,13,12,33,   5.2720000000
2020,9,21,13,12,34,   5.2600000000
2020,9,21,13,12,34,   5.2640000000
2020,9,21,13,12,34,   5.2400000000
2020,9,21,13,12,34,   5.2480000000
2020,9,21,13,12,35,   5.2400000000
2020,9,21,13,12,35,   5.2400000000
2020,9,21,13,12,35,   5.2400000000
2020,9,21,13,12,35,   5.2640000000
2020,9,21,13,12,36,   5.2400000000
2020,9,21,13,12,36,   5.2400000000
2020,9,21,13,12,36,   5.2560000000
2020,9,21,13,12,37,   5.2600000000
2020,9,21,13,12,37,   5.2360000000
2020,9,21,13,12,37,   5.2400000000
2020,9,21,13,12,37,   5.2360000000
2020,9,21,13,12,38,   5.2440000000
2020,9,21,13,12,38,   5.2400000000
2020,9,21,13,12,38,   5.2360000000
2020,9,21,13,12,38,   5.2680000000
2020,9,21,13,12,39,   5.2680000000
2020,9,21,13,12,39,   5.2640000000
2020,9,21,13,12,39,   5.2640000000
2020,9,21,13,12,39,   5.2640000000
2020,9,21,13,12,40,   5.2400000000
2020,9,21,13,12,40,   5.2360000000
2020,9,21,13,12,40,   5.2400000000
2020,9,21,13,12,40,   5.2440000000
2020,9,21,13,12,41,   5.2400000000
2020,9,21,13,12,41,   5.2680000000
2020,9,21,13,12,41,   5.2400000000
2020,9,21,13,12,41,   5.2400000000
2020,9,21,13,12,42,   5.2320000000
2020,9,21,13,12,42,   5.2400000000
2020,9,21,13,12,42,   5.2400000000
2020,9,21,13,12,43,   5.2640000000
2020,9,21,13,12,43,   5.2680000000
2020,9,21,13,12,43,   5.2680000000
2020,9,21,13,12,43,   5.2640000000
2020,9,21,13,12,44,   5.2640000000
2020,9,21,13,12,44,   5.2680000000
2020,9,21,13,12,44,   5.2680000000
2020,9,21,13,12,44,   5.2440000000
2020,9,21,13,12,45,   5.2400000000
2020,9,21,13,12,45,   5.2360000000
2020,9,21,13,12,45,   5.2360000000
2020,9,21,13,12,45,   5.2400000000
2020,9,21,13,12,46,   5.2400000000
2020,9,21,13,12,46,   5.2640000000
2020,9,21,13,12,46,   5.2640000000
2020,9,21,13,12,46,   5.2720000000
2020,9,21,13,12,47,   5.2640000000
2020,9,21,13,12,47,   5.2640000000
2020,9,21,13,12,47,   5.1720000000
2020,9,21,13,12,48,   5.2520000000
2020,9,21,13,12,48,   5.2600000000
2020,9,21,13,12,48,   5.2640000000
2020,9,21,13,12,48,   5.2640000000
2020,9,21,13,12,49,   5.2680000000
2020,9,21,13,12,49,   5.2680000000
2020,9,21,13,12,49,   5.2640000000
2020,9,21,13,12,49,   5.2720000000
2020,9,21,13,12,50,   5.2640000000
2020,9,21,13,12,50,   5.2680000000
2020,9,21,13,12,50,   5.2680000000
2020,9,21,13,12,50,   5.2640000000
2020,9,21,13,12,51,   5.2400000000
2020,9,21,13,12,51,   5.2480000000
2020,9,21,13,12,51,   5.2440000000
2020,9,21,13,12,51,   5.2360000000
2020,9,21,13,12,52,   5.2400000000
2020,9,21,13,12,52,   5.2680000000
2020,9,21,13,12,52,   5.2640000000
2020,9,21,13,12,53,   5.2680000000
2020,9,21,13,12,53,   5.2280000000
2020,9,21,13,12,53,   5.1880000000
2020,9,21,13,12,53,   5.2640000000
2020,9,21,13,12,54,   5.2640000000
2020,9,21,13,12,54,   5.2600000000
2020,9,21,13,12,54,   5.2680000000
2020,9,21,13,12,54,   5.2400000000
2020,9,21,13,12,55,   5.2440000000
2020,9,21,13,12,55,   5.2680000000
2020,9,21,13,12,55,   5.2680000000
2020,9,21,13,12,55,   5.2680000000
2020,9,21,13,12,56,   5.2680000000
2020,9,21,13,12,56,   5.2400000000
2020,9,21,13,12,56,   5.2360000000
2020,9,21,13,12,57,   5.2360000000
2020,9,21,13,12,57,   5.2360000000
2020,9,21,13,12,57,   5.2440000000
2020,9,21,13,12,57,   5.2400000000
2020,9,21,13,12,58,   5.2680000000
2020,9,21,13,12,58,   5.2400000000
2020,9,21,13,12,58,   5.2480000000
2020,9,21,13,12,58,   5.2520000000
2020,9,21,13,12,59,   5.2520000000
2020,9,21,13,12,59,   5.2480000000
2020,9,21,13,12,59,   5.2400000000
2020,9,21,13,12,59,   5.2400000000
2020,9,21,13,13,0,   5.2640000000
2020,9,21,13,13,0,   5.2680000000
2020,9,21,13,13,0,   5.2640000000
2020,9,21,13,13,0,   5.2440000000
2020,9,21,13,13,1,   5.2400000000
2020,9,21,13,13,1,   5.2400000000
2020,9,21,13,13,1,   5.2400000000
2020,9,21,13,13,1,   5.2360000000
2020,9,21,13,13,2,   5.2400000000
2020,9,21,13,13,2,   5.2440000000
2020,9,21,13,13,2,   5.2400000000
2020,9,21,13,13,3,   5.2640000000
2020,9,21,13,13,3,   5.2760000000
2020,9,21,13,13,3,   5.2440000000
2020,9,21,13,13,3,   5.2480000000
2020,9,21,13,13,4,   5.2400000000
2020,9,21,13,13,4,   5.2440000000
2020,9,21,13,13,4,   5.1120000000
2020,9,21,13,13,4,   5.2360000000
2020,9,21,13,13,5,   5.2440000000
2020,9,21,13,13,5,   5.2680000000
2020,9,21,13,13,5,   5.2440000000
2020,9,21,13,13,5,   5.2400000000
2020,9,21,13,13,6,   5.2400000000
2020,9,21,13,13,6,   5.2480000000
2020,9,21,13,13,6,   5.2400000000
2020,9,21,13,13,6,   5.2440000000
2020,9,21,13,13,7,   5.2720000000
2020,9,21,13,13,7,   5.2680000000
2020,9,21,13,13,7,   5.2400000000
2020,9,21,13,13,7,   5.2400000000
2020,9,21,13,13,8,   5.2440000000
2020,9,21,13,13,8,   5.2440000000
2020,9,21,13,13,8,   5.2400000000
2020,9,21,13,13,9,   5.2680000000
2020,9,21,13,13,9,   5.2680000000
2020,9,21,13,13,9,   5.2760000000
2020,9,21,13,13,9,   5.2640000000
2020,9,21,13,13,10,   5.2480000000
2020,9,21,13,13,10,   5.2520000000
2020,9,21,13,13,10,   5.2680000000
2020,9,21,13,13,10,   5.2680000000
2020,9,21,13,13,11,   5.2680000000
2020,9,21,13,13,11,   5.2640000000
2020,9,21,13,13,11,   5.2640000000
2020,9,21,13,13,11,   5.2720000000
2020,9,21,13,13,12,   5.2640000000
2020,9,21,13,13,12,   5.2680000000
2020,9,21,13,13,12,   5.2640000000
2020,9,21,13,13,12,   5.2400000000
2020,9,21,13,13,13,   5.2400000000
2020,9,21,13,13,13,   5.2400000000
2020,9,21,13,13,13,   5.2400000000
2020,9,21,13,13,14,   5.2400000000
2020,9,21,13,13,14,   5.2400000000
2020,9,21,13,13,14,   5.2400000000
2020,9,21,13,13,14,   5.2320000000
2020,9,21,13,13,15,   5.2240000000
2020,9,21,13,13,15,   5.2680000000
2020,9,21,13,13,15,   5.2680000000
2020,9,21,13,13,15,   5.2400000000
2020,9,21,13,13,16,   5.2440000000
2020,9,21,13,13,16,   5.2400000000
2020,9,21,13,13,16,   5.2400000000
2020,9,21,13,13,16,   5.2440000000
2020,9,21,13,13,17,   5.2400000000
2020,9,21,13,13,17,   5.2640000000
2020,9,21,13,13,17,   5.2760000000
2020,9,21,13,13,17,   5.2640000000
2020,9,21,13,13,18,   5.2640000000
2020,9,21,13,13,18,   5.2640000000
2020,9,21,13,13,18,   5.2400000000
2020,9,21,13,13,18,   5.2400000000
2020,9,21,13,13,19,   5.2400000000
2020,9,21,13,13,19,   5.2400000000
2020,9,21,13,13,19,   5.2480000000
2020,9,21,13,13,20,   5.2640000000
2020,9,21,13,13,20,   5.2560000000
2020,9,21,13,13,20,   5.2480000000
2020,9,21,13,13,20,   5.2640000000
2020,9,21,13,13,21,   5.2520000000
2020,9,21,13,13,21,   5.2400000000
2020,9,21,13,13,21,   5.2640000000
2020,9,21,13,13,21,   5.2600000000
2020,9,21,13,13,22,   5.2680000000
2020,9,21,13,13,22,   5.2680000000
2020,9,21,13,13,22,   5.2640000000
2020,9,21,13,13,22,   5.2640000000
2020,9,21,13,13,23,   5.2600000000
2020,9,21,13,13,23,   5.2360000000
2020,9,21,13,13,23,   5.2400000000
2020,9,21,13,13,23,   5.2400000000
2020,9,21,13,13,24,   5.2400000000
2020,9,21,13,13,24,   5.2400000000
2020,9,21,13,13,24,   5.2360000000
2020,9,21,13,13,25,   5.2400000000
2020,9,21,13,13,25,   5.2480000000
2020,9,21,13,13,25,   5.2680000000
2020,9,21,13,13,25,   5.2560000000
2020,9,21,13,13,26,   5.2560000000
2020,9,21,13,13,26,   5.2480000000
2020,9,21,13,13,26,   5.2400000000
2020,9,21,13,13,26,   5.2640000000
2020,9,21,13,13,27,   5.2680000000
2020,9,21,13,13,27,   5.2640000000
2020,9,21,13,13,27,   5.2640000000
2020,9,21,13,13,27,   5.2720000000
2020,9,21,13,13,28,   5.2640000000
2020,9,21,13,13,28,   5.2680000000
2020,9,21,13,13,28,   5.2720000000
2020,9,21,13,13,28,   5.2640000000
2020,9,21,13,13,29,   5.2680000000
2020,9,21,13,13,29,   5.2720000000
2020,9,21,13,13,29,   5.2680000000
2020,9,21,13,13,30,   5.2440000000
2020,9,21,13,13,30,   5.2400000000
2020,9,21,13,13,30,   5.2440000000
2020,9,21,13,13,30,   5.2400000000
2020,9,21,13,13,31,   5.2320000000
2020,9,21,13,13,31,   5.2320000000
2020,9,21,13,13,31,   5.1400000000
2020,9,21,13,13,31,   5.2680000000
2020,9,21,13,13,32,   5.2680000000
2020,9,21,13,13,32,   5.2640000000
2020,9,21,13,13,32,   5.2680000000
2020,9,21,13,13,32,   5.2680000000
2020,9,21,13,13,33,   5.2400000000
2020,9,21,13,13,33,   5.2360000000
2020,9,21,13,13,33,   5.2360000000
2020,9,21,13,13,33,   5.2600000000
2020,9,21,13,13,34,   5.2680000000
2020,9,21,13,13,34,   5.2600000000
2020,9,21,13,13,34,   5.2440000000
2020,9,21,13,13,34,   5.2400000000
2020,9,21,13,13,35,   5.2440000000
2020,9,21,13,13,35,   5.2400000000
2020,9,21,13,13,35,   5.2400000000
2020,9,21,13,13,36,   5.2400000000
2020,9,21,13,13,36,   5.2400000000
2020,9,21,13,13,36,   5.2400000000
2020,9,21,13,13,36,   5.2280000000
2020,9,21,13,13,37,   5.2520000000
2020,9,21,13,13,37,   5.2640000000
2020,9,21,13,13,37,   5.2680000000
2020,9,21,13,13,37,   5.2640000000
2020,9,21,13,13,38,   5.2600000000
2020,9,21,13,13,38,   5.2680000000
2020,9,21,13,13,38,   5.2680000000
2020,9,21,13,13,38,   5.2640000000
2020,9,21,13,13,39,   5.2600000000
2020,9,21,13,13,39,   5.2640000000
2020,9,21,13,13,39,   5.2640000000
2020,9,21,13,13,39,   5.2640000000
2020,9,21,13,13,40,   5.2640000000
2020,9,21,13,13,40,   5.2680000000
2020,9,21,13,13,40,   5.2760000000
2020,9,21,13,13,40,   5.2400000000
2020,9,21,13,13,41,   5.2280000000
2020,9,21,13,13,41,   5.2400000000
2020,9,21,13,13,41,   5.2640000000
2020,9,21,13,13,42,   5.2680000000
2020,9,21,13,13,42,   5.2560000000
2020,9,21,13,13,42,   5.2560000000
2020,9,21,13,13,42,   5.2480000000
2020,9,21,13,13,43,   5.2400000000
2020,9,21,13,13,43,   5.2600000000
2020,9,21,13,13,43,   5.2640000000
2020,9,21,13,13,43,   5.2680000000
2020,9,21,13,13,44,   5.2640000000
2020,9,21,13,13,44,   5.2640000000
2020,9,21,13,13,44,   5.2400000000
2020,9,21,13,13,45,   5.2360000000
2020,9,21,13,13,45,   5.2640000000
2020,9,21,13,13,45,   5.2720000000
2020,9,21,13,13,45,   5.2680000000
2020,9,21,13,13,46,   5.2720000000
2020,9,21,13,13,46,   5.2680000000
2020,9,21,13,13,46,   5.2400000000
2020,9,21,13,13,46,   5.2440000000
2020,9,21,13,13,47,   5.2400000000
2020,9,21,13,13,47,   5.2400000000
2020,9,21,13,13,47,   5.2400000000
2020,9,21,13,13,47,   5.2560000000
2020,9,21,13,13,48,   5.2480000000
2020,9,21,13,13,48,   5.2640000000
2020,9,21,13,13,48,   5.2680000000
2020,9,21,13,13,48,   5.2680000000
2020,9,21,13,13,49,   5.2640000000
2020,9,21,13,13,49,   5.2400000000
2020,9,21,13,13,49,   5.2400000000
2020,9,21,13,13,50,   5.2440000000
2020,9,21,13,13,50,   5.2400000000
2020,9,21,13,13,50,   5.2360000000
2020,9,21,13,13,50,   5.2640000000
2020,9,21,13,13,51,   5.2720000000
2020,9,21,13,13,51,   5.2680000000
2020,9,21,13,13,51,   5.2600000000
2020,9,21,13,13,51,   5.2680000000
2020,9,21,13,13,52,   5.2440000000
2020,9,21,13,13,52,   5.2400000000
2020,9,21,13,13,52,   5.2440000000
2020,9,21,13,13,52,   5.2360000000
2020,9,21,13,13,53,   5.2360000000
2020,9,21,13,13,53,   5.2560000000
2020,9,21,13,13,53,   5.2560000000
2020,9,21,13,13,53,   5.2400000000
2020,9,21,13,13,54,   5.2400000000
2020,9,21,13,13,54,   5.2360000000
2020,9,21,13,13,54,   5.2680000000
2020,9,21,13,13,54,   5.2680000000
2020,9,21,13,13,55,   5.2640000000
2020,9,21,13,13,55,   5.2680000000
2020,9,21,13,13,55,   5.2360000000
2020,9,21,13,13,55,   5.2400000000
2020,9,21,13,13,56,   5.2720000000
2020,9,21,13,13,56,   5.2680000000
2020,9,21,13,13,56,   5.2680000000
2020,9,21,13,13,57,   5.2640000000
2020,9,21,13,13,57,   5.2640000000
2020,9,21,13,13,57,   5.2680000000
2020,9,21,13,13,57,   5.2400000000
2020,9,21,13,13,58,   5.2400000000
2020,9,21,13,13,58,   5.2480000000
2020,9,21,13,13,58,   5.2440000000
2020,9,21,13,13,58,   5.1080000000
2020,9,21,13,13,59,   5.2240000000
2020,9,21,13,13,59,   5.2680000000
2020,9,21,13,13,59,   5.2440000000
2020,9,21,13,13,59,   5.2400000000
2020,9,21,13,14,0,   5.2680000000
2020,9,21,13,14,0,   5.2600000000
2020,9,21,13,14,0,   5.2640000000
2020,9,21,13,14,0,   5.2680000000
2020,9,21,13,14,1,   5.2400000000
2020,9,21,13,14,1,   5.2360000000
2020,9,21,13,14,1,   5.2400000000
2020,9,21,13,14,2,   5.2440000000
2020,9,21,13,14,2,   5.2400000000
2020,9,21,13,14,2,   5.2400000000
2020,9,21,13,14,2,   5.2440000000
2020,9,21,13,14,3,   5.2400000000
2020,9,21,13,14,3,   5.2680000000
2020,9,21,13,14,3,   5.2400000000
2020,9,21,13,14,3,   5.2400000000
2020,9,21,13,14,4,   5.2640000000
2020,9,21,13,14,4,   5.1640000000
2020,9,21,13,14,4,   5.2520000000
2020,9,21,13,14,4,   5.2680000000
2020,9,21,13,14,5,   5.2400000000
2020,9,21,13,14,5,   5.2480000000
2020,9,21,13,14,5,   5.2680000000
2020,9,21,13,14,5,   5.2400000000
2020,9,21,13,14,6,   5.2440000000
2020,9,21,13,14,6,   5.2480000000
2020,9,21,13,14,6,   5.2640000000
2020,9,21,13,14,6,   5.2680000000
2020,9,21,13,14,7,   5.2720000000
2020,9,21,13,14,7,   5.2680000000
2020,9,21,13,14,7,   5.2600000000
2020,9,21,13,14,8,   5.2680000000
2020,9,21,13,14,8,   5.2640000000
2020,9,21,13,14,8,   5.2640000000
2020,9,21,13,14,8,   5.2360000000
2020,9,21,13,14,9,   5.2400000000
2020,9,21,13,14,9,   5.2440000000
2020,9,21,13,14,9,   5.2360000000
2020,9,21,13,14,9,   5.2440000000
2020,9,21,13,14,10,   5.2240000000
2020,9,21,13,14,10,   5.2280000000
2020,9,21,13,14,10,   5.2360000000
2020,9,21,13,14,10,   5.2400000000
2020,9,21,13,14,11,   5.2640000000
2020,9,21,13,14,11,   5.2440000000
2020,9,21,13,14,11,   5.2400000000
2020,9,21,13,14,11,   5.2480000000
2020,9,21,13,14,12,   5.2680000000
2020,9,21,13,14,12,   5.2680000000
2020,9,21,13,14,12,   5.2680000000
2020,9,21,13,14,12,   5.2640000000
2020,9,21,13,14,13,   5.2640000000
2020,9,21,13,14,13,   5.2640000000
2020,9,21,13,14,13,   5.2640000000
2020,9,21,13,14,14,   5.2640000000
2020,9,21,13,14,14,   5.2400000000
2020,9,21,13,14,14,   5.2320000000
2020,9,21,13,14,14,   5.2280000000
2020,9,21,13,14,15,   5.2360000000
2020,9,21,13,14,15,   5.2400000000
2020,9,21,13,14,15,   5.2400000000
2020,9,21,13,14,15,   5.2680000000
2020,9,21,13,14,16,   5.2640000000
2020,9,21,13,14,16,   5.2400000000
2020,9,21,13,14,16,   5.2400000000
2020,9,21,13,14,16,   5.2640000000
2020,9,21,13,14,17,   5.2640000000
2020,9,21,13,14,17,   5.2680000000
2020,9,21,13,14,17,   5.2640000000
2020,9,21,13,14,17,   5.2640000000
2020,9,21,13,14,18,   5.2680000000
2020,9,21,13,14,18,   5.2640000000
2020,9,21,13,14,18,   5.2640000000
2020,9,21,13,14,19,   5.2680000000
2020,9,21,13,14,19,   5.2680000000
2020,9,21,13,14,19,   5.2640000000
2020,9,21,13,14,19,   5.2400000000
2020,9,21,13,14,20,   5.2320000000
2020,9,21,13,14,20,   5.2280000000
2020,9,21,13,14,20,   5.2360000000
2020,9,21,13,14,20,   5.2440000000
2020,9,21,13,14,21,   5.2400000000
2020,9,21,13,14,21,   5.2400000000
2020,9,21,13,14,21,   5.2440000000
2020,9,21,13,14,21,   5.2360000000
2020,9,21,13,14,22,   5.2640000000
2020,9,21,13,14,22,   5.2640000000
2020,9,21,13,14,22,   5.2640000000
2020,9,21,13,14,22,   5.2640000000
2020,9,21,13,14,23,   5.2360000000
2020,9,21,13,14,23,   5.2440000000
2020,9,21,13,14,23,   5.2440000000
2020,9,21,13,14,23,   5.2480000000
2020,9,21,13,14,24,   5.2440000000
2020,9,21,13,14,24,   5.2640000000
2020,9,21,13,14,24,   5.2640000000
2020,9,21,13,14,25,   5.2640000000
2020,9,21,13,14,25,   5.2480000000
2020,9,21,13,14,25,   5.2400000000
2020,9,21,13,14,25,   5.2280000000
2020,9,21,13,14,26,   5.1680000000
2020,9,21,13,14,26,   5.2440000000
2020,9,21,13,14,26,   5.2400000000
2020,9,21,13,14,26,   5.2640000000
2020,9,21,13,14,27,   5.2640000000
2020,9,21,13,14,27,   5.2640000000
2020,9,21,13,14,27,   5.2640000000
2020,9,21,13,14,27,   5.2640000000
2020,9,21,13,14,28,   5.2680000000
2020,9,21,13,14,28,   5.2640000000
2020,9,21,13,14,28,   5.2600000000
2020,9,21,13,14,28,   5.2640000000
2020,9,21,13,14,29,   5.2680000000
2020,9,21,13,14,29,   5.2640000000
2020,9,21,13,14,29,   5.2640000000
2020,9,21,13,14,29,   5.2640000000
2020,9,21,13,14,30,   5.2400000000
2020,9,21,13,14,30,   5.2400000000
2020,9,21,13,14,30,   5.2400000000
2020,9,21,13,14,31,   5.2400000000
2020,9,21,13,14,31,   5.2240000000
2020,9,21,13,14,31,   5.0880000000
2020,9,21,13,14,31,   5.2400000000
2020,9,21,13,14,32,   5.2440000000
2020,9,21,13,14,32,   5.2400000000
2020,9,21,13,14,32,   5.2680000000
2020,9,21,13,14,32,   5.2680000000
2020,9,21,13,14,33,   5.2720000000
2020,9,21,13,14,33,   5.2680000000
2020,9,21,13,14,33,   5.2680000000
2020,9,21,13,14,33,   5.2440000000
2020,9,21,13,14,34,   5.2400000000
2020,9,21,13,14,34,   5.2400000000
2020,9,21,13,14,34,   5.2440000000
2020,9,21,13,14,34,   5.2400000000
2020,9,21,13,14,35,   5.2440000000
2020,9,21,13,14,35,   5.2680000000
2020,9,21,13,14,35,   5.2520000000
2020,9,21,13,14,35,   5.2400000000
2020,9,21,13,14,36,   5.2480000000
2020,9,21,13,14,36,   5.2400000000
2020,9,21,13,14,36,   5.2320000000
2020,9,21,13,14,37,   5.2360000000
2020,9,21,13,14,37,   5.2400000000
2020,9,21,13,14,37,   5.2400000000
2020,9,21,13,14,37,   5.2400000000
2020,9,21,13,14,38,   5.2680000000
2020,9,21,13,14,38,   5.2680000000
2020,9,21,13,14,38,   5.2720000000
2020,9,21,13,14,38,   5.2680000000
2020,9,21,13,14,39,   5.2640000000
2020,9,21,13,14,39,   5.2680000000
2020,9,21,13,14,39,   5.2640000000
2020,9,21,13,14,39,   5.2400000000
2020,9,21,13,14,40,   5.2400000000
2020,9,21,13,14,40,   5.2400000000
2020,9,21,13,14,40,   5.2680000000
2020,9,21,13,14,41,   5.2640000000
2020,9,21,13,14,41,   5.2640000000
2020,9,21,13,14,41,   5.2640000000
2020,9,21,13,14,41,   5.2360000000
2020,9,21,13,14,42,   5.2400000000
2020,9,21,13,14,42,   5.2280000000
2020,9,21,13,14,42,   5.2280000000
2020,9,21,13,14,42,   5.2400000000
2020,9,21,13,14,43,   5.2400000000
2020,9,21,13,14,43,   5.2760000000
2020,9,21,13,14,43,   5.2680000000
2020,9,21,13,14,43,   5.2640000000
2020,9,21,13,14,44,   5.2640000000
2020,9,21,13,14,44,   5.2640000000
2020,9,21,13,14,44,   5.2680000000
2020,9,21,13,14,44,   5.2680000000
2020,9,21,13,14,45,   5.2680000000
2020,9,21,13,14,45,   5.2680000000
2020,9,21,13,14,45,   5.2640000000
2020,9,21,13,14,46,   5.2680000000
2020,9,21,13,14,46,   5.2680000000
2020,9,21,13,14,46,   5.2640000000
2020,9,21,13,14,46,   5.2720000000
2020,9,21,13,14,47,   5.2680000000
2020,9,21,13,14,47,   5.2440000000
2020,9,21,13,14,47,   5.2360000000
2020,9,21,13,14,47,   5.2240000000
2020,9,21,13,14,48,   5.2360000000
2020,9,21,13,14,48,   5.2480000000
2020,9,21,13,14,48,   5.2400000000
2020,9,21,13,14,48,   5.2680000000
2020,9,21,13,14,49,   5.2720000000
2020,9,21,13,14,49,   5.2600000000
2020,9,21,13,14,49,   5.2720000000
2020,9,21,13,14,49,   5.2400000000
2020,9,21,13,14,50,   5.2400000000
2020,9,21,13,14,50,   5.2680000000
2020,9,21,13,14,50,   5.2680000000
2020,9,21,13,14,50,   5.2640000000
2020,9,21,13,14,51,   5.2720000000
2020,9,21,13,14,51,   5.2640000000
2020,9,21,13,14,51,   5.2680000000
2020,9,21,13,14,52,   5.2600000000
2020,9,21,13,14,52,   5.2720000000
2020,9,21,13,14,52,   5.2600000000
2020,9,21,13,14,52,   5.2680000000
2020,9,21,13,14,53,   5.2400000000
2020,9,21,13,14,53,   5.2320000000
2020,9,21,13,14,53,   5.1120000000
2020,9,21,13,14,53,   5.2400000000
2020,9,21,13,14,54,   5.2400000000
2020,9,21,13,14,54,   5.2400000000
2020,9,21,13,14,54,   5.2640000000
2020,9,21,13,14,54,   5.2640000000
2020,9,21,13,14,55,   5.2680000000
2020,9,21,13,14,55,   5.2680000000
2020,9,21,13,14,55,   5.2640000000
2020,9,21,13,14,55,   5.2400000000
2020,9,21,13,14,56,   5.2360000000
2020,9,21,13,14,56,   5.2360000000
2020,9,21,13,14,56,   5.2440000000
2020,9,21,13,14,57,   5.2360000000
2020,9,21,13,14,57,   5.2480000000
2020,9,21,13,14,57,   5.2360000000
2020,9,21,13,14,57,   5.2400000000
2020,9,21,13,14,58,   5.2440000000
2020,9,21,13,14,58,   5.2640000000
2020,9,21,13,14,58,   5.2400000000
2020,9,21,13,14,58,   5.2280000000
2020,9,21,13,14,59,   5.2320000000
2020,9,21,13,14,59,   5.2440000000
2020,9,21,13,14,59,   5.2400000000
2020,9,21,13,14,59,   5.2400000000
2020,9,21,13,15,0,   5.2760000000
2020,9,21,13,15,0,   5.2680000000
2020,9,21,13,15,0,   5.2640000000
2020,9,21,13,15,0,   5.2680000000
2020,9,21,13,15,1,   5.2400000000
2020,9,21,13,15,1,   5.2360000000
2020,9,21,13,15,1,   5.2360000000
2020,9,21,13,15,1,   5.2360000000
2020,9,21,13,15,2,   5.2400000000
2020,9,21,13,15,2,   5.2640000000
2020,9,21,13,15,2,   5.2600000000
2020,9,21,13,15,3,   5.2680000000
2020,9,21,13,15,3,   5.2680000000
2020,9,21,13,15,3,   5.2680000000
2020,9,21,13,15,3,   5.2640000000
2020,9,21,13,15,4,   5.2680000000
2020,9,21,13,15,4,   5.2400000000
2020,9,21,13,15,4,   5.2280000000
2020,9,21,13,15,4,   5.2360000000
2020,9,21,13,15,5,   5.2440000000
2020,9,21,13,15,5,   5.2440000000
2020,9,21,13,15,5,   5.2680000000
2020,9,21,13,15,5,   5.2640000000
2020,9,21,13,15,6,   5.2720000000
2020,9,21,13,15,6,   5.2640000000
2020,9,21,13,15,6,   5.2720000000
2020,9,21,13,15,6,   5.2640000000
2020,9,21,13,15,7,   5.2600000000
2020,9,21,13,15,7,   5.2680000000
2020,9,21,13,15,7,   5.2680000000
2020,9,21,13,15,8,   5.2680000000
2020,9,21,13,15,8,   5.2440000000
2020,9,21,13,15,8,   5.2480000000
2020,9,21,13,15,8,   5.2440000000
2020,9,21,13,15,9,   5.2480000000
2020,9,21,13,15,9,   5.2440000000
2020,9,21,13,15,9,   5.2680000000
2020,9,21,13,15,9,   5.2480000000
2020,9,21,13,15,10,   5.2120000000
2020,9,21,13,15,10,   5.2320000000
2020,9,21,13,15,10,   5.2440000000
2020,9,21,13,15,10,   5.2480000000
2020,9,21,13,15,11,   5.2480000000
2020,9,21,13,15,11,   5.2680000000
2020,9,21,13,15,11,   5.2720000000
2020,9,21,13,15,11,   5.2800000000
2020,9,21,13,15,12,   5.2760000000
2020,9,21,13,15,12,   5.2680000000
2020,9,21,13,15,12,   5.2680000000
2020,9,21,13,15,12,   5.2720000000
2020,9,21,13,15,13,   5.2720000000
2020,9,21,13,15,13,   5.2680000000
2020,9,21,13,15,13,   5.2720000000
2020,9,21,13,15,14,   5.2720000000
2020,9,21,13,15,14,   5.2720000000
2020,9,21,13,15,14,   5.2680000000
2020,9,21,13,15,14,   5.2600000000
2020,9,21,13,15,15,   5.2640000000
2020,9,21,13,15,15,   5.2440000000
2020,9,21,13,15,15,   5.2480000000
2020,9,21,13,15,15,   5.2440000000
2020,9,21,13,15,16,   5.2480000000
2020,9,21,13,15,16,   5.2440000000
2020,9,21,13,15,16,   5.2480000000
2020,9,21,13,15,16,   5.2680000000
2020,9,21,13,15,17,   5.2760000000
2020,9,21,13,15,17,   5.2680000000
2020,9,21,13,15,17,   5.2760000000
2020,9,21,13,15,17,   5.2720000000
2020,9,21,13,15,18,   5.2720000000
2020,9,21,13,15,18,   5.2440000000
2020,9,21,13,15,18,   5.2480000000
2020,9,21,13,15,18,   5.2480000000
2020,9,21,13,15,19,   5.2480000000
2020,9,21,13,15,19,   5.2480000000
2020,9,21,13,15,19,   5.2480000000
2020,9,21,13,15,19,   5.2680000000
2020,9,21,13,15,20,   5.2600000000
2020,9,21,13,15,20,   5.2600000000
2020,9,21,13,15,20,   5.2440000000
2020,9,21,13,15,21,   5.2480000000
2020,9,21,13,15,21,   5.2440000000
2020,9,21,13,15,21,   5.2440000000
2020,9,21,13,15,21,   5.2480000000
2020,9,21,13,15,22,   5.2480000000
2020,9,21,13,15,22,   5.2720000000
2020,9,21,13,15,22,   5.2720000000
2020,9,21,13,15,22,   5.2680000000
2020,9,21,13,15,23,   5.2720000000
2020,9,21,13,15,23,   5.2720000000
2020,9,21,13,15,23,   5.2760000000
2020,9,21,13,15,23,   5.2680000000
2020,9,21,13,15,24,   5.2760000000
2020,9,21,13,15,24,   5.2720000000
2020,9,21,13,15,24,   5.2720000000
2020,9,21,13,15,24,   5.2640000000
2020,9,21,13,15,25,   5.2680000000
2020,9,21,13,15,25,   5.2760000000
2020,9,21,13,15,25,   5.2560000000
2020,9,21,13,15,25,   5.2640000000
2020,9,21,13,15,26,   5.2480000000
2020,9,21,13,15,26,   5.2480000000
2020,9,21,13,15,26,   5.2480000000
2020,9,21,13,15,27,   5.2520000000
2020,9,21,13,15,27,   5.2440000000
2020,9,21,13,15,27,   5.2480000000
2020,9,21,13,15,27,   5.2720000000
2020,9,21,13,15,28,   5.2720000000
2020,9,21,13,15,28,   5.2440000000
2020,9,21,13,15,28,   5.2480000000
2020,9,21,13,15,28,   5.2480000000
2020,9,21,13,15,29,   5.2440000000
2020,9,21,13,15,29,   5.2480000000
2020,9,21,13,15,29,   5.2680000000
2020,9,21,13,15,29,   5.2760000000
2020,9,21,13,15,30,   5.2720000000
2020,9,21,13,15,30,   5.2720000000
2020,9,21,13,15,30,   5.2480000000
2020,9,21,13,15,30,   5.2480000000
2020,9,21,13,15,31,   5.2440000000
2020,9,21,13,15,31,   5.1200000000
2020,9,21,13,15,31,   5.2440000000
2020,9,21,13,15,31,   5.2720000000
2020,9,21,13,15,32,   5.2440000000
2020,9,21,13,15,32,   5.2440000000
2020,9,21,13,15,32,   5.2720000000
2020,9,21,13,15,33,   5.2760000000
2020,9,21,13,15,33,   5.2720000000
2020,9,21,13,15,33,   5.2760000000
2020,9,21,13,15,33,   5.2720000000
2020,9,21,13,15,34,   5.2720000000
2020,9,21,13,15,34,   5.2680000000
2020,9,21,13,15,34,   5.2680000000
2020,9,21,13,15,34,   5.2720000000
2020,9,21,13,15,35,   5.2720000000
2020,9,21,13,15,35,   5.2720000000
2020,9,21,13,15,35,   5.2680000000
2020,9,21,13,15,35,   5.2760000000
2020,9,21,13,15,36,   5.2680000000
2020,9,21,13,15,36,   5.2680000000
2020,9,21,13,15,36,   5.2760000000
2020,9,21,13,15,36,   5.2600000000
2020,9,21,13,15,37,   5.2440000000
2020,9,21,13,15,37,   5.2440000000
2020,9,21,13,15,37,   5.2320000000
2020,9,21,13,15,37,   5.2400000000
2020,9,21,13,15,38,   5.2480000000
2020,9,21,13,15,38,   5.2480000000
2020,9,21,13,15,38,   5.2680000000
2020,9,21,13,15,38,   5.2480000000
2020,9,21,13,15,39,   5.2480000000
2020,9,21,13,15,39,   5.2480000000
2020,9,21,13,15,39,   5.2680000000
2020,9,21,13,15,40,   5.2680000000
2020,9,21,13,15,40,   5.2680000000
2020,9,21,13,15,40,   5.2680000000
2020,9,21,13,15,40,   5.2720000000
2020,9,21,13,15,41,   5.2720000000
2020,9,21,13,15,41,   5.2720000000
2020,9,21,13,15,41,   5.2680000000
2020,9,21,13,15,41,   5.2440000000
2020,9,21,13,15,42,   5.2480000000
2020,9,21,13,15,42,   5.2440000000
2020,9,21,13,15,42,   5.2400000000
2020,9,21,13,15,42,   5.2440000000
2020,9,21,13,15,43,   5.2440000000
2020,9,21,13,15,43,   5.2440000000
2020,9,21,13,15,43,   5.2440000000
2020,9,21,13,15,43,   5.2480000000
2020,9,21,13,15,44,   5.2760000000
2020,9,21,13,15,44,   5.2720000000
2020,9,21,13,15,44,   5.2680000000
2020,9,21,13,15,44,   5.2720000000
2020,9,21,13,15,45,   5.2720000000
2020,9,21,13,15,45,   5.2680000000
2020,9,21,13,15,45,   5.2720000000
2020,9,21,13,15,46,   5.2680000000
2020,9,21,13,15,46,   5.2720000000
2020,9,21,13,15,46,   5.2760000000
2020,9,21,13,15,46,   5.2760000000
2020,9,21,13,15,47,   5.2440000000
2020,9,21,13,15,47,   5.2480000000
2020,9,21,13,15,47,   5.2480000000
2020,9,21,13,15,47,   5.2520000000
2020,9,21,13,15,48,   5.2600000000
2020,9,21,13,15,48,   5.2760000000
2020,9,21,13,15,48,   5.2440000000
2020,9,21,13,15,48,   5.2440000000
2020,9,21,13,15,49,   5.2480000000
2020,9,21,13,15,49,   5.2440000000
2020,9,21,13,15,49,   5.2480000000
2020,9,21,13,15,49,   5.2480000000
2020,9,21,13,15,50,   5.2720000000
2020,9,21,13,15,50,   5.2720000000
2020,9,21,13,15,50,   5.2720000000
2020,9,21,13,15,50,   5.2680000000
2020,9,21,13,15,51,   5.2720000000
2020,9,21,13,15,51,   5.2720000000
2020,9,21,13,15,51,   5.2720000000
2020,9,21,13,15,51,   5.2680000000
2020,9,21,13,15,52,   5.2720000000
2020,9,21,13,15,52,   5.2720000000
2020,9,21,13,15,52,   5.2720000000
2020,9,21,13,15,53,   5.2680000000
2020,9,21,13,15,53,   5.1880000000
2020,9,21,13,15,53,   5.2600000000
2020,9,21,13,15,53,   5.2680000000
2020,9,21,13,15,54,   5.2480000000
2020,9,21,13,15,54,   5.2480000000
2020,9,21,13,15,54,   5.2440000000
2020,9,21,13,15,54,   5.2440000000
2020,9,21,13,15,55,   5.2440000000
2020,9,21,13,15,55,   5.2760000000
2020,9,21,13,15,55,   5.2720000000
2020,9,21,13,15,55,   5.2720000000
2020,9,21,13,15,56,   5.2680000000
2020,9,21,13,15,56,   5.2680000000
2020,9,21,13,15,56,   5.2680000000
2020,9,21,13,15,56,   5.2440000000
2020,9,21,13,15,57,   5.2480000000
2020,9,21,13,15,57,   5.2680000000
2020,9,21,13,15,57,   5.2760000000
2020,9,21,13,15,57,   5.2680000000
2020,9,21,13,15,58,   5.2720000000
2020,9,21,13,15,58,   5.2680000000
2020,9,21,13,15,58,   5.2680000000
2020,9,21,13,15,59,   5.2600000000
2020,9,21,13,15,59,   5.2280000000
2020,9,21,13,15,59,   5.2480000000
2020,9,21,13,15,59,   5.2480000000
2020,9,21,13,16,0,   5.2440000000
2020,9,21,13,16,0,   5.2440000000
2020,9,21,13,16,0,   5.2480000000
2020,9,21,13,16,0,   5.2480000000
2020,9,21,13,16,1,   5.2720000000
2020,9,21,13,16,1,   5.2440000000
2020,9,21,13,16,1,   5.2480000000
2020,9,21,13,16,1,   5.2440000000
2020,9,21,13,16,2,   5.2440000000
2020,9,21,13,16,2,   5.2440000000
2020,9,21,13,16,2,   5.2440000000
2020,9,21,13,16,2,   5.2360000000
2020,9,21,13,16,3,   5.2440000000
2020,9,21,13,16,3,   5.2680000000
2020,9,21,13,16,3,   5.2760000000
2020,9,21,13,16,4,   5.2440000000
2020,9,21,13,16,4,   5.2440000000
2020,9,21,13,16,4,   5.2360000000
2020,9,21,13,16,4,   5.2320000000
2020,9,21,13,16,5,   5.2440000000
2020,9,21,13,16,5,   5.2720000000
2020,9,21,13,16,5,   5.2520000000
2020,9,21,13,16,5,   5.2480000000
2020,9,21,13,16,6,   5.2720000000
2020,9,21,13,16,6,   5.2720000000
2020,9,21,13,16,6,   5.2440000000
2020,9,21,13,16,6,   5.2480000000
2020,9,21,13,16,7,   5.2440000000
2020,9,21,13,16,7,   5.2720000000
2020,9,21,13,16,7,   5.2480000000
2020,9,21,13,16,7,   5.2480000000
2020,9,21,13,16,8,   5.2720000000
2020,9,21,13,16,8,   5.2680000000
2020,9,21,13,16,8,   5.2760000000
2020,9,21,13,16,8,   5.2720000000
2020,9,21,13,16,9,   5.2720000000
2020,9,21,13,16,9,   5.2760000000
2020,9,21,13,16,9,   5.2680000000
2020,9,21,13,16,10,   5.2600000000
2020,9,21,13,16,10,   5.2160000000
2020,9,21,13,16,10,   5.2480000000
2020,9,21,13,16,10,   5.2440000000
2020,9,21,13,16,11,   5.2440000000
2020,9,21,13,16,11,   5.2400000000
2020,9,21,13,16,11,   5.2760000000
2020,9,21,13,16,11,   5.2720000000
2020,9,21,13,16,12,   5.2760000000
2020,9,21,13,16,12,   5.2640000000
2020,9,21,13,16,12,   5.2720000000
2020,9,21,13,16,12,   5.2720000000
2020,9,21,13,16,13,   5.2760000000
2020,9,21,13,16,13,   5.2720000000
2020,9,21,13,16,13,   5.2680000000
2020,9,21,13,16,13,   5.2680000000
2020,9,21,13,16,14,   5.2680000000
2020,9,21,13,16,14,   5.2720000000
2020,9,21,13,16,14,   5.2600000000
2020,9,21,13,16,14,   5.2560000000
2020,9,21,13,16,15,   5.2720000000
2020,9,21,13,16,15,   5.2720000000
2020,9,21,13,16,15,   5.2480000000
2020,9,21,13,16,15,   5.2480000000
2020,9,21,13,16,16,   5.2720000000
2020,9,21,13,16,16,   5.2440000000
2020,9,21,13,16,16,   5.2520000000
2020,9,21,13,16,17,   5.2720000000
2020,9,21,13,16,17,   5.2760000000
2020,9,21,13,16,17,   5.2760000000
2020,9,21,13,16,17,   5.2680000000
2020,9,21,13,16,18,   5.2680000000
2020,9,21,13,16,18,   5.2600000000
2020,9,21,13,16,18,   5.2680000000
2020,9,21,13,16,18,   5.2720000000
2020,9,21,13,16,19,   5.2680000000
2020,9,21,13,16,19,   5.2760000000
2020,9,21,13,16,19,   5.2760000000
2020,9,21,13,16,19,   5.2720000000
2020,9,21,13,16,20,   5.2600000000
2020,9,21,13,16,20,   5.2360000000
2020,9,21,13,16,20,   5.2440000000
2020,9,21,13,16,20,   5.2480000000
2020,9,21,13,16,21,   5.2760000000
2020,9,21,13,16,21,   5.2720000000
2020,9,21,13,16,21,   5.2480000000
2020,9,21,13,16,22,   5.2480000000
2020,9,21,13,16,22,   5.2440000000
2020,9,21,13,16,22,   5.2520000000
2020,9,21,13,16,22,   5.2440000000
2020,9,21,13,16,23,   5.2480000000
2020,9,21,13,16,23,   5.2760000000
2020,9,21,13,16,23,   5.2720000000
2020,9,21,13,16,23,   5.2720000000
2020,9,21,13,16,24,   5.2760000000
2020,9,21,13,16,24,   5.2680000000
2020,9,21,13,16,24,   5.2720000000
2020,9,21,13,16,24,   5.2760000000
2020,9,21,13,16,25,   5.2680000000
2020,9,21,13,16,25,   5.2480000000
2020,9,21,13,16,25,   5.2360000000
2020,9,21,13,16,26,   5.2600000000
2020,9,21,13,16,26,   5.2760000000
2020,9,21,13,16,26,   5.2760000000
2020,9,21,13,16,26,   5.2720000000
2020,9,21,13,16,27,   5.2720000000
2020,9,21,13,16,27,   5.2440000000
2020,9,21,13,16,27,   5.2480000000
2020,9,21,13,16,27,   5.2440000000
2020,9,21,13,16,28,   5.2480000000
2020,9,21,13,16,28,   5.2440000000
2020,9,21,13,16,28,   5.2480000000
2020,9,21,13,16,28,   5.2720000000
2020,9,21,13,16,29,   5.2680000000
2020,9,21,13,16,29,   5.2720000000
2020,9,21,13,16,29,   5.2680000000
2020,9,21,13,16,29,   5.2720000000
2020,9,21,13,16,30,   5.2760000000
2020,9,21,13,16,30,   5.2720000000
2020,9,21,13,16,30,   5.2720000000
2020,9,21,13,16,30,   5.2480000000
2020,9,21,13,16,31,   5.2360000000
2020,9,21,13,16,31,   5.2560000000
2020,9,21,13,16,31,   5.2480000000
2020,9,21,13,16,32,   5.2440000000
2020,9,21,13,16,32,   5.2480000000
2020,9,21,13,16,32,   5.2760000000
2020,9,21,13,16,32,   5.2440000000
2020,9,21,13,16,33,   5.2480000000
2020,9,21,13,16,33,   5.2480000000
2020,9,21,13,16,33,   5.2760000000
2020,9,21,13,16,33,   5.2680000000
2020,9,21,13,16,34,   5.2760000000
2020,9,21,13,16,34,   5.2720000000
2020,9,21,13,16,34,   5.2720000000
2020,9,21,13,16,34,   5.2720000000
2020,9,21,13,16,35,   5.2480000000
2020,9,21,13,16,35,   5.2440000000
2020,9,21,13,16,35,   5.2440000000
2020,9,21,13,16,35,   5.2680000000
2020,9,21,13,16,36,   5.2680000000
2020,9,21,13,16,36,   5.2760000000
2020,9,21,13,16,36,   5.1760000000
2020,9,21,13,16,36,   5.2600000000
2020,9,21,13,16,37,   5.2720000000
2020,9,21,13,16,37,   5.2480000000
2020,9,21,13,16,37,   5.2440000000
2020,9,21,13,16,37,   5.2480000000
2020,9,21,13,16,38,   5.2480000000
2020,9,21,13,16,38,   5.2440000000
2020,9,21,13,16,38,   5.2480000000
2020,9,21,13,16,39,   5.2480000000
2020,9,21,13,16,39,   5.2440000000
2020,9,21,13,16,39,   5.2720000000
2020,9,21,13,16,39,   5.2680000000
2020,9,21,13,16,40,   5.2720000000
2020,9,21,13,16,40,   5.2680000000
2020,9,21,13,16,40,   5.2720000000
2020,9,21,13,16,40,   5.2680000000
2020,9,21,13,16,41,   5.2520000000
2020,9,21,13,16,41,   5.2400000000
2020,9,21,13,16,41,   5.2480000000
2020,9,21,13,16,41,   5.2760000000
2020,9,21,13,16,42,   5.2760000000
2020,9,21,13,16,42,   5.1720000000
2020,9,21,13,16,42,   5.2640000000
2020,9,21,13,16,42,   5.2680000000
2020,9,21,13,16,43,   5.2680000000
2020,9,21,13,16,43,   5.2720000000
2020,9,21,13,16,43,   5.2720000000
2020,9,21,13,16,43,   5.2440000000
2020,9,21,13,16,44,   5.2400000000
2020,9,21,13,16,44,   5.2520000000
2020,9,21,13,16,44,   5.2480000000
2020,9,21,13,16,44,   5.2440000000
2020,9,21,13,16,45,   5.2680000000
2020,9,21,13,16,45,   5.2720000000
2020,9,21,13,16,45,   5.2680000000
2020,9,21,13,16,46,   5.2720000000
2020,9,21,13,16,46,   5.2680000000
2020,9,21,13,16,46,   5.2720000000
2020,9,21,13,16,46,   5.2680000000
2020,9,21,13,16,47,   5.2680000000
2020,9,21,13,16,47,   5.2720000000
2020,9,21,13,16,47,   5.2760000000
2020,9,21,13,16,47,   5.2600000000
2020,9,21,13,16,48,   5.2360000000
2020,9,21,13,16,48,   5.2440000000
2020,9,21,13,16,48,   5.2440000000
2020,9,21,13,16,48,   5.2720000000
2020,9,21,13,16,49,   5.2760000000
2020,9,21,13,16,49,   5.2440000000
2020,9,21,13,16,49,   5.2520000000
2020,9,21,13,16,49,   5.2680000000
2020,9,21,13,16,50,   5.2680000000
2020,9,21,13,16,50,   5.2720000000
2020,9,21,13,16,50,   5.2720000000
2020,9,21,13,16,50,   5.2760000000
2020,9,21,13,16,51,   5.2480000000
2020,9,21,13,16,51,   5.2480000000
2020,9,21,13,16,51,   5.2480000000
2020,9,21,13,16,52,   5.2680000000
2020,9,21,13,16,52,   5.2720000000
2020,9,21,13,16,52,   5.2760000000
2020,9,21,13,16,52,   5.2720000000
2020,9,21,13,16,53,   5.2640000000
2020,9,21,13,16,53,   5.2360000000
2020,9,21,13,16,53,   5.2360000000
2020,9,21,13,16,53,   5.2480000000
2020,9,21,13,16,54,   5.2440000000
2020,9,21,13,16,54,   5.2480000000
2020,9,21,13,16,54,   5.2480000000
2020,9,21,13,16,54,   5.2480000000
2020,9,21,13,16,55,   5.2440000000
2020,9,21,13,16,55,   5.2480000000
2020,9,21,13,16,55,   5.2760000000
2020,9,21,13,16,55,   5.2720000000
2020,9,21,13,16,56,   5.2720000000
2020,9,21,13,16,56,   5.2680000000
2020,9,21,13,16,56,   5.2760000000
2020,9,21,13,16,56,   5.2760000000
2020,9,21,13,16,57,   5.2760000000
2020,9,21,13,16,57,   5.2720000000
2020,9,21,13,16,57,   5.2760000000
2020,9,21,13,16,57,   5.2720000000
2020,9,21,13,16,58,   5.2760000000
2020,9,21,13,16,58,   5.2680000000
2020,9,21,13,16,58,   5.2560000000
2020,9,21,13,16,59,   5.2640000000
2020,9,21,13,16,59,   5.2680000000
2020,9,21,13,16,59,   5.2480000000
2020,9,21,13,16,59,   5.2480000000
2020,9,21,13,17,0,   5.2480000000
2020,9,21,13,17,0,   5.2480000000
2020,9,21,13,17,0,   5.2520000000
2020,9,21,13,17,0,   5.2480000000
2020,9,21,13,17,1,   5.2480000000
2020,9,21,13,17,1,   5.2440000000
2020,9,21,13,17,1,   5.2720000000
2020,9,21,13,17,1,   5.2480000000
2020,9,21,13,17,2,   5.2480000000
2020,9,21,13,17,2,   5.2480000000
2020,9,21,13,17,2,   5.2440000000
2020,9,21,13,17,2,   5.2480000000
2020,9,21,13,17,3,   5.2480000000
2020,9,21,13,17,3,   5.2760000000
2020,9,21,13,17,3,   5.2440000000
2020,9,21,13,17,3,   5.2480000000
2020,9,21,13,17,4,   5.2480000000
2020,9,21,13,17,4,   5.2600000000
2020,9,21,13,17,4,   5.2600000000
2020,9,21,13,17,5,   5.2720000000
2020,9,21,13,17,5,   5.2720000000
2020,9,21,13,17,5,   5.2720000000
2020,9,21,13,17,5,   5.2440000000
2020,9,21,13,17,6,   5.2520000000
2020,9,21,13,17,6,   5.2480000000
2020,9,21,13,17,6,   5.2720000000
2020,9,21,13,17,6,   5.2720000000
2020,9,21,13,17,7,   5.2720000000
2020,9,21,13,17,7,   5.2720000000
2020,9,21,13,17,7,   5.2760000000
2020,9,21,13,17,7,   5.2760000000
2020,9,21,13,17,8,   5.2720000000
2020,9,21,13,17,8,   5.2680000000
2020,9,21,13,17,8,   5.2680000000
2020,9,21,13,17,8,   5.2680000000
2020,9,21,13,17,9,   5.2680000000
2020,9,21,13,17,9,   5.2760000000
2020,9,21,13,17,9,   5.2760000000
2020,9,21,13,17,9,   5.2600000000
2020,9,21,13,17,10,   5.2600000000
2020,9,21,13,17,10,   5.2520000000
2020,9,21,13,17,10,   5.2480000000
2020,9,21,13,17,11,   5.2480000000
2020,9,21,13,17,11,   5.2480000000
2020,9,21,13,17,11,   5.2440000000
2020,9,21,13,17,11,   5.2440000000
2020,9,21,13,17,12,   5.2440000000
2020,9,21,13,17,12,   5.2440000000
2020,9,21,13,17,12,   5.2720000000
2020,9,21,13,17,12,   5.2720000000
2020,9,21,13,17,13,   5.2680000000
2020,9,21,13,17,13,   5.2760000000
2020,9,21,13,17,13,   5.2440000000
2020,9,21,13,17,13,   5.2480000000
2020,9,21,13,17,14,   5.2480000000
2020,9,21,13,17,14,   5.2400000000
2020,9,21,13,17,14,   5.1160000000
2020,9,21,13,17,14,   5.1440000000
2020,9,21,13,17,15,   5.2720000000
2020,9,21,13,17,15,   5.2720000000
2020,9,21,13,17,15,   5.2720000000
2020,9,21,13,17,15,   5.2720000000
2020,9,21,13,17,16,   5.2680000000
2020,9,21,13,17,16,   5.2760000000
2020,9,21,13,17,16,   5.2400000000
2020,9,21,13,17,17,   5.2480000000
2020,9,21,13,17,17,   5.2480000000
2020,9,21,13,17,17,   5.2680000000
2020,9,21,13,17,17,   5.2680000000
2020,9,21,13,17,18,   5.2720000000
2020,9,21,13,17,18,   5.2720000000
2020,9,21,13,17,18,   5.2680000000
2020,9,21,13,17,18,   5.2760000000
2020,9,21,13,17,19,   5.2720000000
2020,9,21,13,17,19,   5.2760000000
2020,9,21,13,17,19,   5.2720000000
2020,9,21,13,17,19,   5.2760000000
2020,9,21,13,17,20,   5.2640000000
2020,9,21,13,17,20,   5.2600000000
2020,9,21,13,17,20,   5.2720000000
2020,9,21,13,17,20,   5.2720000000
2020,9,21,13,17,21,   5.2720000000
2020,9,21,13,17,21,   5.2720000000
2020,9,21,13,17,21,   5.2720000000
2020,9,21,13,17,21,   5.2480000000
2020,9,21,13,17,22,   5.2480000000
2020,9,21,13,17,22,   5.2480000000
2020,9,21,13,17,22,   5.2480000000
2020,9,21,13,17,22,   5.2440000000
2020,9,21,13,17,23,   5.2760000000
2020,9,21,13,17,23,   5.2760000000
2020,9,21,13,17,23,   5.2680000000
2020,9,21,13,17,24,   5.2680000000
2020,9,21,13,17,24,   5.2760000000
2020,9,21,13,17,24,   5.2680000000
2020,9,21,13,17,24,   5.2720000000
2020,9,21,13,17,25,   5.2680000000
2020,9,21,13,17,25,   5.2720000000
2020,9,21,13,17,25,   5.2720000000
2020,9,21,13,17,25,   5.2600000000
2020,9,21,13,17,26,   5.2680000000
2020,9,21,13,17,26,   5.2480000000
2020,9,21,13,17,26,   5.2480000000
2020,9,21,13,17,26,   5.2480000000
2020,9,21,13,17,27,   5.2720000000
2020,9,21,13,17,27,   5.2680000000
2020,9,21,13,17,27,   5.2680000000
2020,9,21,13,17,27,   5.2720000000
2020,9,21,13,17,28,   5.2480000000
2020,9,21,13,17,28,   5.2440000000
2020,9,21,13,17,28,   5.2720000000
2020,9,21,13,17,28,   5.2680000000
2020,9,21,13,17,29,   5.2760000000
2020,9,21,13,17,29,   5.2720000000
2020,9,21,13,17,29,   5.2720000000
2020,9,21,13,17,30,   5.2440000000
2020,9,21,13,17,30,   5.2480000000
2020,9,21,13,17,30,   5.2440000000
2020,9,21,13,17,30,   5.2440000000
2020,9,21,13,17,31,   5.2480000000
2020,9,21,13,17,31,   5.2360000000
2020,9,21,13,17,31,   5.2600000000
2020,9,21,13,17,31,   5.2720000000
2020,9,21,13,17,32,   5.2480000000
2020,9,21,13,17,32,   5.2440000000
2020,9,21,13,17,32,   5.2480000000
2020,9,21,13,17,32,   5.2480000000
2020,9,21,13,17,33,   5.2480000000
2020,9,21,13,17,33,   5.2480000000
2020,9,21,13,17,33,   5.2480000000
2020,9,21,13,17,33,   5.2480000000
2020,9,21,13,17,34,   5.2480000000
2020,9,21,13,17,34,   5.2720000000
2020,9,21,13,17,34,   5.2720000000
2020,9,21,13,17,34,   5.2720000000
2020,9,21,13,17,35,   5.2720000000
2020,9,21,13,17,35,   5.2720000000
2020,9,21,13,17,35,   5.2720000000
2020,9,21,13,17,35,   5.2720000000
2020,9,21,13,17,36,   5.2680000000
2020,9,21,13,17,36,   5.2680000000
2020,9,21,13,17,36,   5.2600000000
2020,9,21,13,17,37,   5.2600000000
2020,9,21,13,17,37,   5.2480000000
2020,9,21,13,17,37,   5.2480000000
2020,9,21,13,17,37,   5.2520000000
2020,9,21,13,17,38,   5.2680000000
2020,9,21,13,17,38,   5.2760000000
2020,9,21,13,17,38,   5.2760000000
2020,9,21,13,17,38,   5.2760000000
2020,9,21,13,17,39,   5.2440000000
2020,9,21,13,17,39,   5.2440000000
2020,9,21,13,17,39,   5.2480000000
2020,9,21,13,17,39,   5.2480000000
2020,9,21,13,17,40,   5.2480000000
2020,9,21,13,17,40,   5.2480000000
2020,9,21,13,17,40,   5.2680000000
2020,9,21,13,17,40,   5.2720000000
2020,9,21,13,17,41,   5.2760000000
2020,9,21,13,17,41,   5.2720000000
2020,9,21,13,17,41,   5.2720000000
2020,9,21,13,17,41,   5.2480000000
2020,9,21,13,17,42,   5.2480000000
2020,9,21,13,17,42,   5.2240000000
2020,9,21,13,17,42,   5.2400000000
2020,9,21,13,17,42,   5.2520000000
2020,9,21,13,17,43,   5.2480000000
2020,9,21,13,17,43,   5.2480000000
2020,9,21,13,17,43,   5.2480000000
2020,9,21,13,17,44,   5.2360000000
2020,9,21,13,17,44,   5.2720000000
2020,9,21,13,17,44,   5.2720000000
2020,9,21,13,17,44,   5.2440000000
2020,9,21,13,17,45,   5.2480000000
2020,9,21,13,17,45,   5.2480000000
2020,9,21,13,17,45,   5.2480000000
2020,9,21,13,17,45,   5.2440000000
2020,9,21,13,17,46,   5.2760000000
2020,9,21,13,17,46,   5.2720000000
2020,9,21,13,17,46,   5.2720000000
2020,9,21,13,17,46,   5.2680000000
2020,9,21,13,17,47,   5.2720000000
2020,9,21,13,17,47,   5.2760000000
2020,9,21,13,17,47,   5.2760000000
2020,9,21,13,17,47,   5.2640000000
2020,9,21,13,17,48,   5.2720000000
2020,9,21,13,17,48,   5.2720000000
2020,9,21,13,17,48,   5.2720000000
2020,9,21,13,17,49,   5.2720000000
2020,9,21,13,17,49,   5.2720000000
2020,9,21,13,17,49,   5.2680000000
2020,9,21,13,17,49,   5.2720000000
2020,9,21,13,17,50,   5.2720000000
2020,9,21,13,17,50,   5.2440000000
2020,9,21,13,17,50,   5.2440000000
2020,9,21,13,17,50,   5.2480000000
2020,9,21,13,17,51,   5.2760000000
2020,9,21,13,17,51,   5.2720000000
2020,9,21,13,17,51,   5.2680000000
2020,9,21,13,17,51,   5.2480000000
2020,9,21,13,17,52,   5.2480000000
2020,9,21,13,17,52,   5.2480000000
2020,9,21,13,17,52,   5.2440000000
2020,9,21,13,17,52,   5.2480000000
2020,9,21,13,17,53,   5.2480000000
2020,9,21,13,17,53,   5.2600000000
2020,9,21,13,17,53,   5.2560000000
2020,9,21,13,17,53,   5.2400000000
2020,9,21,13,17,54,   5.2440000000
2020,9,21,13,17,54,   5.2520000000
2020,9,21,13,17,54,   5.2720000000
2020,9,21,13,17,54,   5.2720000000
2020,9,21,13,17,55,   5.2720000000
2020,9,21,13,17,55,   5.2720000000
2020,9,21,13,17,55,   5.2440000000
2020,9,21,13,17,56,   5.2440000000
2020,9,21,13,17,56,   5.2480000000
2020,9,21,13,17,56,   5.2720000000
2020,9,21,13,17,56,   5.2680000000
2020,9,21,13,17,57,   5.2680000000
2020,9,21,13,17,57,   5.2680000000
2020,9,21,13,17,57,   5.2760000000
2020,9,21,13,17,57,   5.2720000000
2020,9,21,13,17,58,   5.2680000000
2020,9,21,13,17,58,   5.2680000000
2020,9,21,13,17,58,   5.2760000000
2020,9,21,13,17,58,   5.2640000000
2020,9,21,13,17,59,   5.2600000000
2020,9,21,13,17,59,   5.2480000000
2020,9,21,13,17,59,   5.2480000000
2020,9,21,13,17,59,   5.2440000000
2020,9,21,13,18,0,   5.2480000000
2020,9,21,13,18,0,   5.2480000000
2020,9,21,13,18,0,   5.2520000000
2020,9,21,13,18,0,   5.2480000000
2020,9,21,13,18,1,   5.2440000000
2020,9,21,13,18,1,   5.2440000000
2020,9,21,13,18,1,   5.2480000000
2020,9,21,13,18,2,   5.2480000000
2020,9,21,13,18,2,   5.2480000000
2020,9,21,13,18,2,   5.2440000000
2020,9,21,13,18,2,   5.2480000000
2020,9,21,13,18,3,   5.2720000000
2020,9,21,13,18,3,   5.2760000000
2020,9,21,13,18,3,   5.2760000000
2020,9,21,13,18,3,   5.2720000000
2020,9,21,13,18,4,   5.2720000000
2020,9,21,13,18,4,   5.2560000000
2020,9,21,13,18,4,   5.2600000000
2020,9,21,13,18,4,   5.2720000000
2020,9,21,13,18,5,   5.2480000000
2020,9,21,13,18,5,   5.2520000000
2020,9,21,13,18,5,   5.2720000000
2020,9,21,13,18,5,   5.2680000000
2020,9,21,13,18,6,   5.2720000000
2020,9,21,13,18,6,   5.2680000000
2020,9,21,13,18,6,   5.2720000000
2020,9,21,13,18,6,   5.2440000000
2020,9,21,13,18,7,   5.2480000000
2020,9,21,13,18,7,   5.2720000000
2020,9,21,13,18,7,   5.2720000000
2020,9,21,13,18,8,   5.2680000000
2020,9,21,13,18,8,   5.2760000000
2020,9,21,13,18,8,   5.2680000000
2020,9,21,13,18,8,   5.2720000000
2020,9,21,13,18,9,   5.2760000000
2020,9,21,13,18,9,   5.2760000000
2020,9,21,13,18,9,   5.2720000000
2020,9,21,13,18,9,   5.2720000000
2020,9,21,13,18,10,   5.1640000000
2020,9,21,13,18,10,   5.2720000000
2020,9,21,13,18,10,   5.2480000000
2020,9,21,13,18,10,   5.2440000000
2020,9,21,13,18,11,   5.2760000000
2020,9,21,13,18,11,   5.2760000000
2020,9,21,13,18,11,   5.2720000000
2020,9,21,13,18,11,   5.2760000000
2020,9,21,13,18,12,   5.2440000000
2020,9,21,13,18,12,   5.2400000000
2020,9,21,13,18,12,   5.2480000000
2020,9,21,13,18,12,   5.2480000000
2020,9,21,13,18,13,   5.2440000000
2020,9,21,13,18,13,   5.2440000000
2020,9,21,13,18,13,   5.2760000000
2020,9,21,13,18,14,   5.2720000000
2020,9,21,13,18,14,   5.2720000000
2020,9,21,13,18,14,   5.2640000000
2020,9,21,13,18,14,   5.2600000000
2020,9,21,13,18,15,   5.2680000000
2020,9,21,13,18,15,   5.2480000000
2020,9,21,13,18,15,   5.2480000000
2020,9,21,13,18,15,   5.2720000000
2020,9,21,13,18,16,   5.2480000000
2020,9,21,13,18,16,   5.2480000000
2020,9,21,13,18,16,   5.2480000000
2020,9,21,13,18,16,   5.2440000000
2020,9,21,13,18,17,   5.2400000000
2020,9,21,13,18,17,   5.2480000000
2020,9,21,13,18,17,   5.2720000000
2020,9,21,13,18,17,   5.2480000000
2020,9,21,13,18,18,   5.2440000000
2020,9,21,13,18,18,   5.2480000000
2020,9,21,13,18,18,   5.2680000000
2020,9,21,13,18,18,   5.2760000000
2020,9,21,13,18,19,   5.2680000000
2020,9,21,13,18,19,   5.2760000000
2020,9,21,13,18,19,   5.2720000000
2020,9,21,13,18,20,   5.2440000000
2020,9,21,13,18,20,   5.2320000000
2020,9,21,13,18,20,   5.2560000000
2020,9,21,13,18,20,   5.2480000000
2020,9,21,13,18,21,   5.2440000000
2020,9,21,13,18,21,   5.2480000000
2020,9,21,13,18,21,   5.2680000000
2020,9,21,13,18,21,   5.2720000000
2020,9,21,13,18,22,   5.2760000000
2020,9,21,13,18,22,   5.2720000000
2020,9,21,13,18,22,   5.2720000000
2020,9,21,13,18,22,   5.2720000000
2020,9,21,13,18,23,   5.2440000000
2020,9,21,13,18,23,   5.2480000000
2020,9,21,13,18,23,   5.2440000000
2020,9,21,13,18,23,   5.2480000000
2020,9,21,13,18,24,   5.2520000000
2020,9,21,13,18,24,   5.2440000000
2020,9,21,13,18,24,   5.2680000000
2020,9,21,13,18,24,   5.2760000000
2020,9,21,13,18,25,   5.2480000000
2020,9,21,13,18,25,   5.2480000000
2020,9,21,13,18,25,   5.2640000000
2020,9,21,13,18,25,   5.2640000000
2020,9,21,13,18,26,   5.2640000000
2020,9,21,13,18,26,   5.2720000000
2020,9,21,13,18,26,   5.2720000000
2020,9,21,13,18,27,   5.2720000000
2020,9,21,13,18,27,   5.2760000000
2020,9,21,13,18,27,   5.2720000000
2020,9,21,13,18,27,   5.2760000000
2020,9,21,13,18,28,   5.2680000000
2020,9,21,13,18,28,   5.2720000000
2020,9,21,13,18,28,   5.2680000000
2020,9,21,13,18,28,   5.2720000000
2020,9,21,13,18,29,   5.2520000000
2020,9,21,13,18,29,   5.2440000000
2020,9,21,13,18,29,   5.2440000000
2020,9,21,13,18,29,   5.2480000000
2020,9,21,13,18,30,   5.2440000000
2020,9,21,13,18,30,   5.2680000000
2020,9,21,13,18,30,   5.2680000000
2020,9,21,13,18,30,   5.2760000000
2020,9,21,13,18,31,   5.2600000000
2020,9,21,13,18,31,   5.2600000000
2020,9,21,13,18,31,   5.2720000000
2020,9,21,13,18,31,   5.2480000000
2020,9,21,13,18,32,   5.2520000000
2020,9,21,13,18,32,   5.2760000000
2020,9,21,13,18,32,   5.2720000000
2020,9,21,13,18,33,   5.2720000000
2020,9,21,13,18,33,   5.2480000000
2020,9,21,13,18,33,   5.2480000000
2020,9,21,13,18,33,   5.2440000000
2020,9,21,13,18,34,   5.2720000000
2020,9,21,13,18,34,   5.2720000000
2020,9,21,13,18,34,   5.2480000000
2020,9,21,13,18,34,   5.2400000000
2020,9,21,13,18,35,   5.2480000000
2020,9,21,13,18,35,   5.2680000000
2020,9,21,13,18,35,   5.2760000000
2020,9,21,13,18,35,   5.2760000000
2020,9,21,13,18,36,   5.2760000000
2020,9,21,13,18,36,   5.2680000000
2020,9,21,13,18,36,   5.2720000000
2020,9,21,13,18,36,   5.2560000000
2020,9,21,13,18,37,   5.2680000000
2020,9,21,13,18,37,   5.2440000000
2020,9,21,13,18,37,   5.2440000000
2020,9,21,13,18,37,   5.2720000000
2020,9,21,13,18,38,   5.2720000000
2020,9,21,13,18,38,   5.2720000000
2020,9,21,13,18,38,   5.2760000000
2020,9,21,13,18,39,   5.2680000000
2020,9,21,13,18,39,   5.2440000000
2020,9,21,13,18,39,   5.2480000000
2020,9,21,13,18,39,   5.2480000000
2020,9,21,13,18,40,   5.2480000000
2020,9,21,13,18,40,   5.2400000000
2020,9,21,13,18,40,   5.2440000000
2020,9,21,13,18,40,   5.2720000000
2020,9,21,13,18,41,   5.2680000000
2020,9,21,13,18,41,   5.2720000000
2020,9,21,13,18,41,   5.2720000000
2020,9,21,13,18,41,   5.2720000000
2020,9,21,13,18,42,   5.2680000000
2020,9,21,13,18,42,   5.2600000000
2020,9,21,13,18,42,   5.2560000000
2020,9,21,13,18,42,   5.2480000000
2020,9,21,13,18,43,   5.2480000000
2020,9,21,13,18,43,   5.2440000000
2020,9,21,13,18,43,   5.2440000000
2020,9,21,13,18,43,   5.2480000000
2020,9,21,13,18,44,   5.2480000000
2020,9,21,13,18,44,   5.2680000000
2020,9,21,13,18,44,   5.2720000000
2020,9,21,13,18,44,   5.2680000000
2020,9,21,13,18,45,   5.2480000000
2020,9,21,13,18,45,   5.2480000000
2020,9,21,13,18,45,   5.2480000000
2020,9,21,13,18,46,   5.2480000000
2020,9,21,13,18,46,   5.2480000000
2020,9,21,13,18,46,   5.2720000000
2020,9,21,13,18,46,   5.2760000000
2020,9,21,13,18,47,   5.2760000000
2020,9,21,13,18,47,   5.2760000000
2020,9,21,13,18,47,   5.2720000000
2020,9,21,13,18,47,   5.2640000000
2020,9,21,13,18,48,   5.2640000000
2020,9,21,13,18,48,   5.2440000000
2020,9,21,13,18,48,   5.2440000000
2020,9,21,13,18,48,   5.2440000000
2020,9,21,13,18,49,   5.2480000000
2020,9,21,13,18,49,   5.2480000000
2020,9,21,13,18,49,   5.2480000000
2020,9,21,13,18,49,   5.2520000000
2020,9,21,13,18,50,   5.2440000000
2020,9,21,13,18,50,   5.2480000000
2020,9,21,13,18,50,   5.2680000000
2020,9,21,13,18,50,   5.2480000000
2020,9,21,13,18,51,   5.2480000000
2020,9,21,13,18,51,   5.2440000000
2020,9,21,13,18,51,   5.2480000000
2020,9,21,13,18,52,   5.2480000000
2020,9,21,13,18,52,   5.2480000000
2020,9,21,13,18,52,   5.2680000000
2020,9,21,13,18,52,   5.2720000000
2020,9,21,13,18,53,   5.2720000000
2020,9,21,13,18,53,   5.2520000000
2020,9,21,13,18,53,   5.2600000000
2020,9,21,13,18,53,   5.2440000000
2020,9,21,13,18,54,   5.2440000000
2020,9,21,13,18,54,   5.2720000000
2020,9,21,13,18,54,   5.2720000000
2020,9,21,13,18,54,   5.2720000000
2020,9,21,13,18,55,   5.2680000000
2020,9,21,13,18,55,   5.2760000000
2020,9,21,13,18,55,   5.2760000000
2020,9,21,13,18,55,   5.2720000000
2020,9,21,13,18,56,   5.2760000000
2020,9,21,13,18,56,   5.2720000000
2020,9,21,13,18,56,   5.2480000000
2020,9,21,13,18,56,   5.2480000000
2020,9,21,13,18,57,   5.2720000000
2020,9,21,13,18,57,   5.2760000000
2020,9,21,13,18,57,   5.2720000000
2020,9,21,13,18,57,   5.2480000000
2020,9,21,13,18,58,   5.2480000000
2020,9,21,13,18,58,   5.2520000000
2020,9,21,13,18,58,   5.2440000000
2020,9,21,13,18,59,   5.2400000000
2020,9,21,13,18,59,   5.2640000000
2020,9,21,13,18,59,   5.2480000000
2020,9,21,13,18,59,   5.2480000000
2020,9,21,13,19,0,   5.2480000000
2020,9,21,13,19,0,   5.2680000000
2020,9,21,13,19,0,   5.2680000000
2020,9,21,13,19,0,   5.2760000000
2020,9,21,13,19,1,   5.2440000000
2020,9,21,13,19,1,   5.2480000000
2020,9,21,13,19,1,   5.2480000000
2020,9,21,13,19,1,   5.2440000000
2020,9,21,13,19,2,   5.2480000000
2020,9,21,13,19,2,   5.2480000000
2020,9,21,13,19,2,   5.2480000000
2020,9,21,13,19,2,   5.2480000000
2020,9,21,13,19,3,   5.2480000000
2020,9,21,13,19,3,   5.2480000000
2020,9,21,13,19,3,   5.2720000000
2020,9,21,13,19,3,   5.2480000000
2020,9,21,13,19,4,   5.2480000000
2020,9,21,13,19,4,   5.2320000000
2020,9,21,13,19,4,   5.2600000000
2020,9,21,13,19,4,   5.2520000000
2020,9,21,13,19,5,   5.2480000000
2020,9,21,13,19,5,   5.2480000000
2020,9,21,13,19,5,   5.2720000000
2020,9,21,13,19,6,   5.2440000000
2020,9,21,13,19,6,   5.2440000000
2020,9,21,13,19,6,   5.2680000000
2020,9,21,13,19,6,   5.2720000000
2020,9,21,13,19,7,   5.2720000000
2020,9,21,13,19,7,   5.2760000000
2020,9,21,13,19,7,   5.2440000000
2020,9,21,13,19,7,   5.2440000000
2020,9,21,13,19,8,   5.2480000000
2020,9,21,13,19,8,   5.2520000000
2020,9,21,13,19,8,   5.2480000000
2020,9,21,13,19,8,   5.2720000000
2020,9,21,13,19,9,   5.2720000000
2020,9,21,13,19,9,   5.2680000000
2020,9,21,13,19,9,   5.2720000000
2020,9,21,13,19,9,   5.2560000000
2020,9,21,13,19,10,   5.2640000000
2020,9,21,13,19,10,   5.2480000000
2020,9,21,13,19,10,   5.2480000000
2020,9,21,13,19,11,   5.2440000000
2020,9,21,13,19,11,   5.2720000000
2020,9,21,13,19,11,   5.2760000000
2020,9,21,13,19,11,   5.2720000000
2020,9,21,13,19,12,   5.2680000000
2020,9,21,13,19,12,   5.2760000000
2020,9,21,13,19,12,   5.2720000000
2020,9,21,13,19,12,   5.2760000000
2020,9,21,13,19,13,   5.2720000000
2020,9,21,13,19,13,   5.2480000000
2020,9,21,13,19,13,   5.2480000000
2020,9,21,13,19,13,   5.2480000000
2020,9,21,13,19,14,   5.2480000000
2020,9,21,13,19,14,   5.2480000000
2020,9,21,13,19,14,   5.2600000000
2020,9,21,13,19,14,   5.2600000000
2020,9,21,13,19,15,   5.2480000000
2020,9,21,13,19,15,   5.2400000000
2020,9,21,13,19,15,   5.2520000000
2020,9,21,13,19,15,   5.2680000000
2020,9,21,13,19,16,   5.2680000000
2020,9,21,13,19,16,   5.2720000000
2020,9,21,13,19,16,   5.2680000000
2020,9,21,13,19,16,   5.2720000000
2020,9,21,13,19,17,   5.2680000000
2020,9,21,13,19,17,   5.2480000000
2020,9,21,13,19,17,   5.2480000000
2020,9,21,13,19,18,   5.2320000000
2020,9,21,13,19,18,   5.2760000000
2020,9,21,13,19,18,   5.2720000000
2020,9,21,13,19,18,   5.2440000000
2020,9,21,13,19,19,   5.2480000000
2020,9,21,13,19,19,   5.2480000000
2020,9,21,13,19,19,   5.2720000000
2020,9,21,13,19,19,   5.2720000000
2020,9,21,13,19,20,   5.2600000000
2020,9,21,13,19,20,   5.2520000000
2020,9,21,13,19,20,   5.2760000000
2020,9,21,13,19,20,   5.2760000000
2020,9,21,13,19,21,   5.2680000000
2020,9,21,13,19,21,   5.2720000000
2020,9,21,13,19,21,   5.2720000000
2020,9,21,13,19,21,   5.2480000000
2020,9,21,13,19,22,   5.2480000000
2020,9,21,13,19,22,   5.2480000000
2020,9,21,13,19,22,   5.2440000000
2020,9,21,13,19,22,   5.2480000000
2020,9,21,13,19,23,   5.2720000000
2020,9,21,13,19,23,   5.2720000000
2020,9,21,13,19,23,   5.2720000000
2020,9,21,13,19,24,   5.2720000000
2020,9,21,13,19,24,   5.2480000000
2020,9,21,13,19,24,   5.2440000000
2020,9,21,13,19,24,   5.2480000000
2020,9,21,13,19,25,   5.2480000000
2020,9,21,13,19,25,   5.2480000000
2020,9,21,13,19,25,   5.2520000000
2020,9,21,13,19,25,   5.2640000000
2020,9,21,13,19,26,   5.2600000000
2020,9,21,13,19,26,   5.2440000000
2020,9,21,13,19,26,   5.2480000000
2020,9,21,13,19,26,   5.2720000000
2020,9,21,13,19,27,   5.2720000000
2020,9,21,13,19,27,   5.2520000000
2020,9,21,13,19,27,   5.2440000000
2020,9,21,13,19,27,   5.2480000000
2020,9,21,13,19,28,   5.2720000000
2020,9,21,13,19,28,   5.2720000000
2020,9,21,13,19,28,   5.2760000000
2020,9,21,13,19,28,   5.2720000000
2020,9,21,13,19,29,   5.2680000000
2020,9,21,13,19,29,   5.2720000000
2020,9,21,13,19,29,   5.2680000000
2020,9,21,13,19,29,   5.2720000000
2020,9,21,13,19,30,   5.2440000000
2020,9,21,13,19,30,   5.2440000000
2020,9,21,13,19,30,   5.2760000000
2020,9,21,13,19,31,   5.2720000000
2020,9,21,13,19,31,   5.2320000000
2020,9,21,13,19,31,   5.2440000000
2020,9,21,13,19,31,   5.2480000000
2020,9,21,13,19,32,   5.2480000000
2020,9,21,13,19,32,   5.2480000000
2020,9,21,13,19,32,   5.2680000000
2020,9,21,13,19,32,   5.2720000000
2020,9,21,13,19,33,   5.2680000000
2020,9,21,13,19,33,   5.2760000000
2020,9,21,13,19,33,   5.2760000000
2020,9,21,13,19,33,   5.2760000000
2020,9,21,13,19,34,   5.2760000000
2020,9,21,13,19,34,   5.2720000000
2020,9,21,13,19,34,   5.2520000000
2020,9,21,13,19,34,   5.2480000000
2020,9,21,13,19,35,   5.2480000000
2020,9,21,13,19,35,   5.2720000000
2020,9,21,13,19,35,   5.2480000000
2020,9,21,13,19,35,   5.2480000000
2020,9,21,13,19,36,   5.2720000000
2020,9,21,13,19,36,   5.2760000000
2020,9,21,13,19,36,   5.2560000000
2020,9,21,13,19,37,   5.2360000000
2020,9,21,13,19,37,   5.2440000000
2020,9,21,13,19,37,   5.2480000000
2020,9,21,13,19,37,   5.2720000000
2020,9,21,13,19,38,   5.2760000000
2020,9,21,13,19,38,   5.2720000000
2020,9,21,13,19,38,   5.2720000000
2020,9,21,13,19,38,   5.2720000000
2020,9,21,13,19,39,   5.2720000000
2020,9,21,13,19,39,   5.2720000000
2020,9,21,13,19,39,   5.2760000000
2020,9,21,13,19,39,   5.2720000000
2020,9,21,13,19,40,   5.2680000000
2020,9,21,13,19,40,   5.2720000000
2020,9,21,13,19,40,   5.2720000000
2020,9,21,13,19,40,   5.2720000000
2020,9,21,13,19,41,   5.2480000000
2020,9,21,13,19,41,   5.2480000000
2020,9,21,13,19,41,   5.2480000000
2020,9,21,13,19,41,   5.2720000000
2020,9,21,13,19,42,   5.2600000000
2020,9,21,13,19,42,   5.2600000000
2020,9,21,13,19,42,   5.2480000000
2020,9,21,13,19,43,   5.2480000000
2020,9,21,13,19,43,   5.2440000000
2020,9,21,13,19,43,   5.2760000000
2020,9,21,13,19,43,   5.2720000000
2020,9,21,13,19,44,   5.2680000000
2020,9,21,13,19,44,   5.2720000000
2020,9,21,13,19,44,   5.2680000000
2020,9,21,13,19,44,   5.2480000000
2020,9,21,13,19,45,   5.2440000000
2020,9,21,13,19,45,   5.2720000000
2020,9,21,13,19,45,   5.2720000000
2020,9,21,13,19,45,   5.2760000000
2020,9,21,13,19,46,   5.2440000000
2020,9,21,13,19,46,   5.2480000000
2020,9,21,13,19,46,   5.2480000000
2020,9,21,13,19,46,   5.2480000000
2020,9,21,13,19,47,   5.2480000000
2020,9,21,13,19,47,   5.2440000000
2020,9,21,13,19,47,   5.2720000000
2020,9,21,13,19,47,   5.2640000000
2020,9,21,13,19,48,   5.2560000000
2020,9,21,13,19,48,   5.2480000000
2020,9,21,13,19,48,   5.2440000000
2020,9,21,13,19,48,   5.2720000000
2020,9,21,13,19,49,   5.2720000000
2020,9,21,13,19,49,   5.2680000000
2020,9,21,13,19,49,   5.2760000000
2020,9,21,13,19,50,   5.2760000000
2020,9,21,13,19,50,   5.2760000000
2020,9,21,13,19,50,   5.2680000000
2020,9,21,13,19,50,   5.2680000000
2020,9,21,13,19,51,   5.2680000000
2020,9,21,13,19,51,   5.2680000000
2020,9,21,13,19,51,   5.2440000000
2020,9,21,13,19,51,   5.2480000000
2020,9,21,13,19,52,   5.2480000000
2020,9,21,13,19,52,   5.2440000000
2020,9,21,13,19,52,   5.2480000000
2020,9,21,13,19,52,   5.2480000000
2020,9,21,13,19,53,   5.2720000000
2020,9,21,13,19,53,   5.2560000000
2020,9,21,13,19,53,   5.2600000000
2020,9,21,13,19,53,   5.2480000000
2020,9,21,13,19,54,   5.2440000000
2020,9,21,13,19,54,   5.2440000000
2020,9,21,13,19,54,   5.2680000000
2020,9,21,13,19,54,   5.2440000000
2020,9,21,13,19,55,   5.2440000000
2020,9,21,13,19,55,   5.2480000000
2020,9,21,13,19,55,   5.2440000000
2020,9,21,13,19,56,   5.2400000000
2020,9,21,13,19,56,   5.2440000000
2020,9,21,13,19,56,   5.2680000000
2020,9,21,13,19,56,   5.2440000000
2020,9,21,13,19,57,   5.2480000000
2020,9,21,13,19,57,   5.2480000000
2020,9,21,13,19,57,   5.2720000000
2020,9,21,13,19,57,   5.2480000000
2020,9,21,13,19,58,   5.2480000000
2020,9,21,13,19,58,   5.2720000000
2020,9,21,13,19,58,   5.2720000000
2020,9,21,13,19,58,   5.2640000000
2020,9,21,13,19,59,   5.2600000000
2020,9,21,13,19,59,   5.2720000000
2020,9,21,13,19,59,   5.2760000000
2020,9,21,13,19,59,   5.2760000000
2020,9,21,13,20,0,   5.2680000000
2020,9,21,13,20,0,   5.2760000000
2020,9,21,13,20,0,   5.2720000000
2020,9,21,13,20,0,   5.2720000000
2020,9,21,13,20,1,   5.2720000000
2020,9,21,13,20,1,   5.2760000000
2020,9,21,13,20,1,   5.2720000000
2020,9,21,13,20,1,   5.2480000000
2020,9,21,13,20,2,   5.2440000000
2020,9,21,13,20,2,   5.2480000000
2020,9,21,13,20,2,   5.2480000000
2020,9,21,13,20,3,   5.2480000000
2020,9,21,13,20,3,   5.2480000000
2020,9,21,13,20,3,   5.2520000000
2020,9,21,13,20,3,   5.2440000000
2020,9,21,13,20,4,   5.2720000000
2020,9,21,13,20,4,   5.2680000000
2020,9,21,13,20,4,   5.2640000000
2020,9,21,13,20,4,   5.2680000000
2020,9,21,13,20,5,   5.2480000000
2020,9,21,13,20,5,   5.2480000000
2020,9,21,13,20,5,   5.2440000000
2020,9,21,13,20,5,   5.2440000000
2020,9,21,13,20,6,   5.2480000000
2020,9,21,13,20,6,   5.2720000000
2020,9,21,13,20,6,   5.2680000000
2020,9,21,13,20,6,   5.2680000000
2020,9,21,13,20,7,   5.2760000000
2020,9,21,13,20,7,   5.2760000000
2020,9,21,13,20,7,   5.2680000000
2020,9,21,13,20,8,   5.2720000000
2020,9,21,13,20,8,   5.2720000000
2020,9,21,13,20,8,   5.2440000000
2020,9,21,13,20,8,   5.2480000000
2020,9,21,13,20,9,   5.2480000000
2020,9,21,13,20,9,   5.2800000000
2020,9,21,13,20,9,   5.2720000000
2020,9,21,13,20,9,   5.2680000000
2020,9,21,13,20,10,   5.2640000000
2020,9,21,13,20,10,   5.2560000000
2020,9,21,13,20,10,   5.2480000000
2020,9,21,13,20,10,   5.2480000000
2020,9,21,13,20,11,   5.2480000000
2020,9,21,13,20,11,   5.2760000000
2020,9,21,13,20,11,   5.2760000000
2020,9,21,13,20,11,   5.2720000000
2020,9,21,13,20,12,   5.2720000000
2020,9,21,13,20,12,   5.2680000000
2020,9,21,13,20,12,   5.2680000000
2020,9,21,13,20,12,   5.2760000000
2020,9,21,13,20,13,   5.2720000000
2020,9,21,13,20,13,   5.2720000000
2020,9,21,13,20,13,   5.2680000000
2020,9,21,13,20,13,   5.2480000000
2020,9,21,13,20,14,   5.2440000000
2020,9,21,13,20,14,   5.2440000000
2020,9,21,13,20,14,   5.2600000000
2020,9,21,13,20,15,   5.2560000000
2020,9,21,13,20,15,   5.2440000000
2020,9,21,13,20,15,   5.2440000000
2020,9,21,13,20,15,   5.2440000000
2020,9,21,13,20,16,   5.2480000000
2020,9,21,13,20,16,   5.2480000000
2020,9,21,13,20,16,   5.2440000000
2020,9,21,13,20,16,   5.2480000000
2020,9,21,13,20,17,   5.2440000000
2020,9,21,13,20,17,   5.2440000000
2020,9,21,13,20,17,   5.2720000000
2020,9,21,13,20,17,   5.2680000000
2020,9,21,13,20,18,   5.2760000000
2020,9,21,13,20,18,   5.2720000000
2020,9,21,13,20,18,   5.2760000000
2020,9,21,13,20,18,   5.2720000000
2020,9,21,13,20,19,   5.2640000000
2020,9,21,13,20,19,   5.2760000000
2020,9,21,13,20,19,   5.2440000000
2020,9,21,13,20,19,   5.2480000000
2020,9,21,13,20,20,   5.2600000000
2020,9,21,13,20,20,   5.2600000000
2020,9,21,13,20,20,   5.2680000000
2020,9,21,13,20,21,   5.2760000000
2020,9,21,13,20,21,   5.2760000000
2020,9,21,13,20,21,   5.2760000000
2020,9,21,13,20,21,   5.2720000000
2020,9,21,13,20,22,   5.2720000000
2020,9,21,13,20,22,   5.2680000000
2020,9,21,13,20,22,   5.2720000000
2020,9,21,13,20,22,   5.2760000000
2020,9,21,13,20,23,   5.2680000000
2020,9,21,13,20,23,   5.2720000000
2020,9,21,13,20,23,   5.2680000000
2020,9,21,13,20,23,   5.2680000000
2020,9,21,13,20,24,   5.2680000000
2020,9,21,13,20,24,   5.2720000000
2020,9,21,13,20,24,   5.2480000000
2020,9,21,13,20,24,   5.2440000000
2020,9,21,13,20,25,   5.2440000000
2020,9,21,13,20,25,   5.2480000000
2020,9,21,13,20,25,   5.2280000000
2020,9,21,13,20,25,   5.2360000000
2020,9,21,13,20,26,   5.2440000000
2020,9,21,13,20,26,   5.2480000000
2020,9,21,13,20,26,   5.2480000000
2020,9,21,13,20,26,   5.2440000000
2020,9,21,13,20,27,   5.2480000000
2020,9,21,13,20,27,   5.2760000000
2020,9,21,13,20,27,   5.2480000000
2020,9,21,13,20,28,   5.2520000000
2020,9,21,13,20,28,   5.2480000000
2020,9,21,13,20,28,   5.2480000000
2020,9,21,13,20,28,   5.2480000000
2020,9,21,13,20,29,   5.2680000000
2020,9,21,13,20,29,   5.2680000000
2020,9,21,13,20,29,   5.2680000000
2020,9,21,13,20,29,   5.2680000000
2020,9,21,13,20,30,   5.2720000000
2020,9,21,13,20,30,   5.2760000000
2020,9,21,13,20,30,   5.2480000000
2020,9,21,13,20,30,   5.2480000000
2020,9,21,13,20,31,   5.2400000000
2020,9,21,13,20,31,   5.1120000000
2020,9,21,13,20,31,   5.2480000000
2020,9,21,13,20,31,   5.2720000000
2020,9,21,13,20,32,   5.2720000000
2020,9,21,13,20,32,   5.2760000000
2020,9,21,13,20,32,   5.2720000000
2020,9,21,13,20,32,   5.2720000000
2020,9,21,13,20,33,   5.2720000000
2020,9,21,13,20,33,   5.2760000000
2020,9,21,13,20,33,   5.2680000000
2020,9,21,13,20,34,   5.2720000000
2020,9,21,13,20,34,   5.2440000000
2020,9,21,13,20,34,   5.2480000000
2020,9,21,13,20,34,   5.2480000000
2020,9,21,13,20,35,   5.2720000000
2020,9,21,13,20,35,   5.2720000000
2020,9,21,13,20,35,   5.2720000000
2020,9,21,13,20,35,   5.2480000000
2020,9,21,13,20,36,   5.2440000000
2020,9,21,13,20,36,   5.2440000000
2020,9,21,13,20,36,   5.2480000000
2020,9,21,13,20,36,   5.1160000000
2020,9,21,13,20,37,   5.2480000000
2020,9,21,13,20,37,   5.2480000000
2020,9,21,13,20,37,   5.2480000000
2020,9,21,13,20,37,   5.2440000000
2020,9,21,13,20,38,   5.2720000000
2020,9,21,13,20,38,   5.2720000000
2020,9,21,13,20,38,   5.2720000000
2020,9,21,13,20,38,   5.2720000000
2020,9,21,13,20,39,   5.2760000000
2020,9,21,13,20,39,   5.2680000000
2020,9,21,13,20,39,   5.2760000000
2020,9,21,13,20,39,   5.2760000000
2020,9,21,13,20,40,   5.2680000000
2020,9,21,13,20,40,   5.2720000000
2020,9,21,13,20,40,   5.2720000000
2020,9,21,13,20,41,   5.2680000000
2020,9,21,13,20,41,   5.2760000000
2020,9,21,13,20,41,   5.2480000000
2020,9,21,13,20,41,   5.2480000000
2020,9,21,13,20,42,   5.2480000000
2020,9,21,13,20,42,   5.2600000000
2020,9,21,13,20,42,   5.2360000000
2020,9,21,13,20,42,   5.2520000000
2020,9,21,13,20,43,   5.2520000000
2020,9,21,13,20,43,   5.2720000000
2020,9,21,13,20,43,   5.2720000000
2020,9,21,13,20,43,   5.2760000000
2020,9,21,13,20,44,   5.2480000000
2020,9,21,13,20,44,   5.2520000000
2020,9,21,13,20,44,   5.2480000000
2020,9,21,13,20,44,   5.2720000000
2020,9,21,13,20,45,   5.2680000000
2020,9,21,13,20,45,   5.2720000000
2020,9,21,13,20,45,   5.2680000000
2020,9,21,13,20,45,   5.2440000000
2020,9,21,13,20,46,   5.2480000000
2020,9,21,13,20,46,   5.2400000000
2020,9,21,13,20,46,   5.2680000000
2020,9,21,13,20,46,   5.2480000000
2020,9,21,13,20,47,   5.2440000000
2020,9,21,13,20,47,   5.2480000000
2020,9,21,13,20,47,   5.2360000000
2020,9,21,13,20,48,   5.2360000000
2020,9,21,13,20,48,   5.2480000000
2020,9,21,13,20,48,   5.2760000000
2020,9,21,13,20,48,   5.2720000000
2020,9,21,13,20,49,   5.2720000000
2020,9,21,13,20,49,   5.2720000000
2020,9,21,13,20,49,   5.2720000000
2020,9,21,13,20,49,   5.2680000000
2020,9,21,13,20,50,   5.2720000000
2020,9,21,13,20,50,   5.2760000000
2020,9,21,13,20,50,   5.2720000000
2020,9,21,13,20,50,   5.2680000000
2020,9,21,13,20,51,   5.2720000000
2020,9,21,13,20,51,   5.2760000000
2020,9,21,13,20,51,   5.2760000000
2020,9,21,13,20,51,   5.2680000000
2020,9,21,13,20,52,   5.2720000000
2020,9,21,13,20,52,   5.2720000000
2020,9,21,13,20,52,   5.2480000000
2020,9,21,13,20,52,   5.2480000000
2020,9,21,13,20,53,   5.2440000000
2020,9,21,13,20,53,   5.2320000000
2020,9,21,13,20,53,   5.2120000000
2020,9,21,13,20,54,   5.2720000000
2020,9,21,13,20,54,   5.2680000000
2020,9,21,13,20,54,   5.2720000000
2020,9,21,13,20,54,   5.2680000000
2020,9,21,13,20,55,   5.2680000000
