2020,11,12,11,36,0, -48.0645000000
2020,11,12,11,36,0, -48.7097000000
2020,11,12,11,36,1, -47.7419000000
2020,11,12,11,36,1, -50.0000000000
2020,11,12,11,36,1, -48.0645000000
2020,11,12,11,36,2, -50.0000000000
2020,11,12,11,36,2, -50.0000000000
2020,11,12,11,36,2, -50.0000000000
2020,11,12,11,36,2, -47.7419000000
2020,11,12,11,36,3, -49.3548000000
2020,11,12,11,36,3, -50.0000000000
2020,11,12,11,36,3, -48.3871000000
2020,11,12,11,36,3, -50.0000000000
2020,11,12,11,36,4, -50.0000000000
2020,11,12,11,36,4, -50.0000000000
2020,11,12,11,36,4, -48.0645000000
2020,11,12,11,36,4, -50.0000000000
2020,11,12,11,36,5, -50.0000000000
2020,11,12,11,36,5, -50.0000000000
2020,11,12,11,36,5, -47.7419000000
2020,11,12,11,36,5, -50.0000000000
2020,11,12,11,36,6, -50.0000000000
2020,11,12,11,36,6, -50.0000000000
2020,11,12,11,36,6, -49.0323000000
2020,11,12,11,36,6, -49.3548000000
2020,11,12,11,36,7, -50.0000000000
2020,11,12,11,36,7, -47.7419000000
2020,11,12,11,36,7, -50.0000000000
2020,11,12,11,36,7, -49.6774000000
2020,11,12,11,36,8, -47.7419000000
2020,11,12,11,36,8, -50.0000000000
2020,11,12,11,36,8, -50.0000000000
2020,11,12,11,36,9, -50.0000000000
2020,11,12,11,36,9, -48.3871000000
2020,11,12,11,36,9, -50.0000000000
2020,11,12,11,36,9, -49.0323000000
2020,11,12,11,36,10, -48.3871000000
2020,11,12,11,36,10, -50.0000000000
2020,11,12,11,36,10, -47.7419000000
2020,11,12,11,36,10, -50.0000000000
2020,11,12,11,36,11, -48.0645000000
2020,11,12,11,36,11, -50.0000000000
2020,11,12,11,36,11, -47.7419000000
2020,11,12,11,36,11, -50.0000000000
2020,11,12,11,36,12, -50.0000000000
2020,11,12,11,36,12, -48.0645000000
2020,11,12,11,36,12, -49.0323000000
2020,11,12,11,36,12, -50.0000000000
2020,11,12,11,36,13, -48.3871000000
2020,11,12,11,36,13, -49.0323000000
2020,11,12,11,36,13, -50.0000000000
2020,11,12,11,36,13, -50.0000000000
2020,11,12,11,36,14, -47.7419000000
2020,11,12,11,36,14, -50.0000000000
2020,11,12,11,36,14, -48.7097000000
2020,11,12,11,36,14, -50.0000000000
2020,11,12,11,36,15, -48.0645000000
2020,11,12,11,36,15, -50.0000000000
2020,11,12,11,36,15, -49.0323000000
2020,11,12,11,36,15, -50.0000000000
2020,11,12,11,36,16, -47.7419000000
2020,11,12,11,36,16, -50.0000000000
2020,11,12,11,36,16, -50.0000000000
2020,11,12,11,36,17, -50.0000000000
2020,11,12,11,36,17, -47.7419000000
2020,11,12,11,36,17, -50.0000000000
2020,11,12,11,36,17, -50.0000000000
2020,11,12,11,36,18, -48.0645000000
2020,11,12,11,36,18, -50.0000000000
2020,11,12,11,36,18, -47.7419000000
2020,11,12,11,36,18, -48.7097000000
2020,11,12,11,36,19, -50.0000000000
2020,11,12,11,36,19, -49.3548000000
2020,11,12,11,36,19, -50.0000000000
2020,11,12,11,36,19, -47.7419000000
2020,11,12,11,36,20, -49.6774000000
2020,11,12,11,36,20, -50.0000000000
2020,11,12,11,36,20, -47.7419000000
2020,11,12,11,36,20, -50.0000000000
2020,11,12,11,36,21, -49.3548000000
2020,11,12,11,36,21, -48.0645000000
2020,11,12,11,36,21, -50.0000000000
2020,11,12,11,36,21, -48.0645000000
2020,11,12,11,36,22, -50.0000000000
2020,11,12,11,36,22, -48.7097000000
2020,11,12,11,36,22, -49.3548000000
2020,11,12,11,36,22, -49.3548000000
2020,11,12,11,36,23, -50.0000000000
2020,11,12,11,36,23, -49.0323000000
2020,11,12,11,36,23, -49.0323000000
2020,11,12,11,36,24, -50.0000000000
2020,11,12,11,36,24, -48.0645000000
2020,11,12,11,36,24, -48.3871000000
2020,11,12,11,36,24, -50.0000000000
2020,11,12,11,36,25, -50.0000000000
2020,11,12,11,36,25, -50.0000000000
2020,11,12,11,36,25, -47.7419000000
2020,11,12,11,36,25, -50.0000000000
2020,11,12,11,36,26, -50.0000000000
2020,11,12,11,36,26, -47.7419000000
2020,11,12,11,36,26, -50.0000000000
2020,11,12,11,36,26, -49.3548000000
2020,11,12,11,36,27, -48.0645000000
2020,11,12,11,36,27, -50.0000000000
2020,11,12,11,36,27, -47.7419000000
2020,11,12,11,36,27, -50.0000000000
2020,11,12,11,36,28, -50.0000000000
2020,11,12,11,36,28, -50.0000000000
2020,11,12,11,36,28, -47.7419000000
2020,11,12,11,36,28, -50.0000000000
2020,11,12,11,36,29, -50.0000000000
2020,11,12,11,36,29, -50.0000000000
2020,11,12,11,36,29, -48.7097000000
2020,11,12,11,36,29, -48.3871000000
2020,11,12,11,36,30, -50.0000000000
2020,11,12,11,36,30, -47.7419000000
2020,11,12,11,36,30, -50.0000000000
2020,11,12,11,36,31, -50.0000000000
2020,11,12,11,36,31, -47.7419000000
2020,11,12,11,36,31, -50.0000000000
2020,11,12,11,36,31, -50.0000000000
2020,11,12,11,36,32, -48.0645000000
2020,11,12,11,36,32, -50.0000000000
2020,11,12,11,36,32, -48.0645000000
2020,11,12,11,36,32, -49.6774000000
2020,11,12,11,36,33, -50.0000000000
2020,11,12,11,36,33, -47.7419000000
2020,11,12,11,36,33, -50.0000000000
2020,11,12,11,36,33, -50.0000000000
2020,11,12,11,36,34, -48.0645000000
2020,11,12,11,36,34, -50.0000000000
2020,11,12,11,36,34, -50.0000000000
2020,11,12,11,36,34, -47.7419000000
2020,11,12,11,36,35, -50.0000000000
2020,11,12,11,36,35, -50.0000000000
2020,11,12,11,36,35, -50.0000000000
2020,11,12,11,36,35, -49.3548000000
2020,11,12,11,36,36, -48.0645000000
2020,11,12,11,36,36, -50.0000000000
2020,11,12,11,36,36, -47.7419000000
2020,11,12,11,36,36, -50.0000000000
2020,11,12,11,36,37, -50.0000000000
2020,11,12,11,36,37, -49.3548000000
2020,11,12,11,36,37, -48.3871000000
2020,11,12,11,36,37, -50.0000000000
2020,11,12,11,36,38, -47.7419000000
2020,11,12,11,36,38, -50.0000000000
2020,11,12,11,36,38, -48.3871000000
2020,11,12,11,36,38, -49.0323000000
2020,11,12,11,36,39, -50.0000000000
2020,11,12,11,36,39, -47.4194000000
2020,11,12,11,36,39, -50.0000000000
2020,11,12,11,36,40, -50.0000000000
2020,11,12,11,36,40, -50.0000000000
2020,11,12,11,36,40, -47.7419000000
2020,11,12,11,36,40, -50.0000000000
2020,11,12,11,36,41, -49.0323000000
2020,11,12,11,36,41, -48.3871000000
2020,11,12,11,36,41, -50.0000000000
2020,11,12,11,36,41, -47.7419000000
2020,11,12,11,36,42, -50.0000000000
2020,11,12,11,36,42, -48.0645000000
2020,11,12,11,36,42, -50.0000000000
2020,11,12,11,36,42, -50.0000000000
2020,11,12,11,36,43, -47.7419000000
2020,11,12,11,36,43, -50.0000000000
2020,11,12,11,36,43, -50.0000000000
2020,11,12,11,36,43, -50.0000000000
2020,11,12,11,36,44, -49.3548000000
2020,11,12,11,36,44, -48.0645000000
2020,11,12,11,36,44, -50.0000000000
2020,11,12,11,36,44, -47.7419000000
2020,11,12,11,36,45, -48.3871000000
2020,11,12,11,36,45, -49.3548000000
2020,11,12,11,36,45, -49.6774000000
2020,11,12,11,36,45, -50.0000000000
2020,11,12,11,36,46, -50.0000000000
2020,11,12,11,36,46, -49.6774000000
2020,11,12,11,36,46, -48.0645000000
2020,11,12,11,36,46, -50.0000000000
2020,11,12,11,36,47, -49.3548000000
2020,11,12,11,36,47, -48.0645000000
2020,11,12,11,36,47, -50.0000000000
2020,11,12,11,36,48, -47.7419000000
2020,11,12,11,36,48, -50.0000000000
2020,11,12,11,36,48, -50.0000000000
2020,11,12,11,36,48, -47.7419000000
2020,11,12,11,36,49, -50.0000000000
2020,11,12,11,36,49, -49.6774000000
2020,11,12,11,36,49, -47.7419000000
2020,11,12,11,36,49, -50.0000000000
2020,11,12,11,36,50, -47.7419000000
2020,11,12,11,36,50, -50.0000000000
2020,11,12,11,36,50, -49.3548000000
2020,11,12,11,36,50, -48.7097000000
2020,11,12,11,36,51, -50.0000000000
2020,11,12,11,36,51, -47.7419000000
2020,11,12,11,36,51, -48.3871000000
2020,11,12,11,36,51, -50.0000000000
2020,11,12,11,36,52, -50.0000000000
2020,11,12,11,36,52, -50.0000000000
2020,11,12,11,36,52, -50.0000000000
2020,11,12,11,36,52, -49.6774000000
2020,11,12,11,36,53, -49.3548000000
2020,11,12,11,36,53, -50.0000000000
2020,11,12,11,36,53, -48.0645000000
2020,11,12,11,36,53, -49.3548000000
2020,11,12,11,36,54, -50.0000000000
2020,11,12,11,36,54, -49.0323000000
2020,11,12,11,36,54, -50.0000000000
2020,11,12,11,36,55, -47.4194000000
2020,11,12,11,36,55, -50.0000000000
2020,11,12,11,36,55, -49.6774000000
2020,11,12,11,36,55, -48.0645000000
2020,11,12,11,36,56, -50.0000000000
2020,11,12,11,36,56, -49.0323000000
2020,11,12,11,36,56, -48.7097000000
2020,11,12,11,36,56, -50.0000000000
2020,11,12,11,36,57, -48.3871000000
2020,11,12,11,36,57, -49.3548000000
2020,11,12,11,36,57, -50.0000000000
2020,11,12,11,36,57, -47.7419000000
2020,11,12,11,36,58, -50.0000000000
2020,11,12,11,36,58, -49.0323000000
2020,11,12,11,36,58, -50.0000000000
2020,11,12,11,36,58, -48.0645000000
2020,11,12,11,36,59, -49.3548000000
2020,11,12,11,36,59, -50.0000000000
2020,11,12,11,36,59, -48.0645000000
2020,11,12,11,36,59, -49.6774000000
2020,11,12,11,37,0, -48.7097000000
2020,11,12,11,37,0, -50.0000000000
2020,11,12,11,37,0, -48.0645000000
2020,11,12,11,37,0, -50.0000000000
2020,11,12,11,37,1, -50.0000000000
2020,11,12,11,37,1, -48.0645000000
2020,11,12,11,37,1, -50.0000000000
2020,11,12,11,37,1, -50.0000000000
2020,11,12,11,37,2, -49.3548000000
2020,11,12,11,37,2, -49.6774000000
2020,11,12,11,37,2, -48.0645000000
2020,11,12,11,37,3, -50.0000000000
2020,11,12,11,37,3, -47.7419000000
2020,11,12,11,37,3, -50.0000000000
2020,11,12,11,37,3, -50.0000000000
2020,11,12,11,37,4, -50.0000000000
2020,11,12,11,37,4, -49.6774000000
2020,11,12,11,37,4, -48.0645000000
2020,11,12,11,37,4, -50.0000000000
2020,11,12,11,37,5, -49.0323000000
2020,11,12,11,37,5, -48.3871000000
2020,11,12,11,37,5, -50.0000000000
2020,11,12,11,37,5, -48.0645000000
2020,11,12,11,37,6, -49.0323000000
2020,11,12,11,37,6, -50.0000000000
2020,11,12,11,37,6, -48.3871000000
2020,11,12,11,37,6, -49.0323000000
2020,11,12,11,37,7, -50.0000000000
2020,11,12,11,37,7, -47.4194000000
2020,11,12,11,37,7, -50.0000000000
2020,11,12,11,37,7, -50.0000000000
2020,11,12,11,37,8, -47.7419000000
2020,11,12,11,37,8, -50.0000000000
2020,11,12,11,37,8, -48.7097000000
2020,11,12,11,37,8, -49.0323000000
2020,11,12,11,37,9, -49.0323000000
2020,11,12,11,37,9, -50.0000000000
2020,11,12,11,37,9, -48.3871000000
2020,11,12,11,37,9, -49.0323000000
2020,11,12,11,37,10, -50.0000000000
2020,11,12,11,37,10, -48.7097000000
2020,11,12,11,37,10, -49.0323000000
2020,11,12,11,37,11, -50.0000000000
2020,11,12,11,37,11, -49.3548000000
2020,11,12,11,37,11, -50.0000000000
2020,11,12,11,37,11, -50.0000000000
2020,11,12,11,37,12, -50.0000000000
2020,11,12,11,37,12, -47.7419000000
2020,11,12,11,37,12, -50.0000000000
2020,11,12,11,37,12, -49.6774000000
2020,11,12,11,37,13, -49.3548000000
2020,11,12,11,37,13, -50.0000000000
2020,11,12,11,37,13, -47.7419000000
2020,11,12,11,37,13, -48.3871000000
2020,11,12,11,37,14, -50.0000000000
2020,11,12,11,37,14, -50.0000000000
2020,11,12,11,37,14, -47.7419000000
2020,11,12,11,37,14, -50.0000000000
2020,11,12,11,37,15, -50.0000000000
2020,11,12,11,37,15, -47.4194000000
2020,11,12,11,37,15, -50.0000000000
2020,11,12,11,37,15, -48.0645000000
2020,11,12,11,37,16, -48.7097000000
2020,11,12,11,37,16, -50.0000000000
2020,11,12,11,37,16, -50.0000000000
2020,11,12,11,37,16, -48.0645000000
2020,11,12,11,37,17, -50.0000000000
2020,11,12,11,37,17, -48.7097000000
2020,11,12,11,37,17, -50.0000000000
2020,11,12,11,37,17, -48.3871000000
2020,11,12,11,37,18, -49.3548000000
2020,11,12,11,37,18, -50.0000000000
2020,11,12,11,37,18, -48.3871000000
2020,11,12,11,37,18, -50.0000000000
2020,11,12,11,37,19, -47.7419000000
2020,11,12,11,37,19, -50.0000000000
2020,11,12,11,37,19, -48.7097000000
2020,11,12,11,37,20, -49.0323000000
2020,11,12,11,37,20, -50.0000000000
2020,11,12,11,37,20, -48.3871000000
2020,11,12,11,37,20, -48.0645000000
2020,11,12,11,37,21, -50.0000000000
2020,11,12,11,37,21, -49.3548000000
2020,11,12,11,37,21, -50.0000000000
2020,11,12,11,37,21, -50.0000000000
2020,11,12,11,37,22, -50.0000000000
2020,11,12,11,37,22, -47.7419000000
2020,11,12,11,37,22, -50.0000000000
2020,11,12,11,37,22, -48.3871000000
2020,11,12,11,37,23, -49.3548000000
2020,11,12,11,37,23, -50.0000000000
2020,11,12,11,37,23, -47.4194000000
2020,11,12,11,37,23, -50.0000000000
2020,11,12,11,37,24, -50.0000000000
2020,11,12,11,37,24, -47.7419000000
2020,11,12,11,37,24, -50.0000000000
2020,11,12,11,37,24, -48.7097000000
2020,11,12,11,37,25, -50.0000000000
2020,11,12,11,37,25, -47.7419000000
2020,11,12,11,37,25, -50.0000000000
2020,11,12,11,37,25, -49.3548000000
2020,11,12,11,37,26, -50.0000000000
2020,11,12,11,37,26, -47.4194000000
2020,11,12,11,37,26, -49.6774000000
2020,11,12,11,37,26, -50.0000000000
2020,11,12,11,37,27, -47.7419000000
2020,11,12,11,37,27, -50.0000000000
2020,11,12,11,37,27, -50.0000000000
2020,11,12,11,37,28, -47.7419000000
2020,11,12,11,37,28, -50.0000000000
2020,11,12,11,37,28, -49.6774000000
2020,11,12,11,37,28, -48.0645000000
2020,11,12,11,37,29, -50.0000000000
2020,11,12,11,37,29, -49.0323000000
2020,11,12,11,37,29, -50.0000000000
2020,11,12,11,37,29, -48.0645000000
2020,11,12,11,37,30, -49.3548000000
2020,11,12,11,37,30, -50.0000000000
2020,11,12,11,37,30, -47.4194000000
2020,11,12,11,37,30, -50.0000000000
2020,11,12,11,37,31, -50.0000000000
2020,11,12,11,37,31, -47.7419000000
2020,11,12,11,37,31, -50.0000000000
2020,11,12,11,37,31, -49.6774000000
2020,11,12,11,37,32, -50.0000000000
2020,11,12,11,37,32, -48.3871000000
2020,11,12,11,37,32, -50.0000000000
2020,11,12,11,37,32, -48.3871000000
2020,11,12,11,37,33, -49.6774000000
2020,11,12,11,37,33, -48.7097000000
2020,11,12,11,37,33, -50.0000000000
2020,11,12,11,37,33, -47.7419000000
2020,11,12,11,37,34, -50.0000000000
2020,11,12,11,37,34, -48.3871000000
2020,11,12,11,37,34, -50.0000000000
2020,11,12,11,37,35, -48.0645000000
2020,11,12,11,37,35, -49.6774000000
2020,11,12,11,37,35, -50.0000000000
2020,11,12,11,37,35, -48.0645000000
2020,11,12,11,37,36, -50.0000000000
2020,11,12,11,37,36, -48.7097000000
2020,11,12,11,37,36, -50.0000000000
2020,11,12,11,37,36, -48.0645000000
2020,11,12,11,37,37, -49.6774000000
2020,11,12,11,37,37, -50.0000000000
2020,11,12,11,37,37, -47.7419000000
2020,11,12,11,37,37, -50.0000000000
2020,11,12,11,37,38, -50.0000000000
2020,11,12,11,37,38, -47.7419000000
2020,11,12,11,37,38, -49.0323000000
2020,11,12,11,37,38, -50.0000000000
2020,11,12,11,37,39, -48.0645000000
2020,11,12,11,37,39, -50.0000000000
2020,11,12,11,37,39, -48.0645000000
2020,11,12,11,37,39, -49.0323000000
2020,11,12,11,37,40, -50.0000000000
2020,11,12,11,37,40, -48.0645000000
2020,11,12,11,37,40, -50.0000000000
2020,11,12,11,37,40, -50.0000000000
2020,11,12,11,37,41, -47.7419000000
2020,11,12,11,37,41, -50.0000000000
2020,11,12,11,37,41, -49.0323000000
2020,11,12,11,37,41, -50.0000000000
2020,11,12,11,37,42, -48.0645000000
2020,11,12,11,37,42, -49.6774000000
2020,11,12,11,37,42, -48.7097000000
2020,11,12,11,37,43, -50.0000000000
2020,11,12,11,37,43, -48.0645000000
2020,11,12,11,37,43, -49.6774000000
2020,11,12,11,37,43, -50.0000000000
2020,11,12,11,37,44, -48.0645000000
2020,11,12,11,37,44, -50.0000000000
2020,11,12,11,37,44, -49.6774000000
2020,11,12,11,37,44, -50.0000000000
2020,11,12,11,37,45, -47.7419000000
2020,11,12,11,37,45, -48.3871000000
2020,11,12,11,37,45, -50.0000000000
2020,11,12,11,37,45, -50.0000000000
2020,11,12,11,37,46, -48.0645000000
2020,11,12,11,37,46, -50.0000000000
2020,11,12,11,37,46, -48.7097000000
2020,11,12,11,37,46, -50.0000000000
2020,11,12,11,37,47, -48.0645000000
2020,11,12,11,37,47, -49.3548000000
2020,11,12,11,37,47, -48.3871000000
2020,11,12,11,37,47, -49.0323000000
2020,11,12,11,37,48, -49.6774000000
2020,11,12,11,37,48, -50.0000000000
2020,11,12,11,37,48, -47.7419000000
2020,11,12,11,37,48, -50.0000000000
2020,11,12,11,37,49, -49.3548000000
2020,11,12,11,37,49, -50.0000000000
2020,11,12,11,37,49, -47.7419000000
2020,11,12,11,37,49, -50.0000000000
2020,11,12,11,37,50, -50.0000000000
2020,11,12,11,37,50, -47.4194000000
2020,11,12,11,37,50, -50.0000000000
2020,11,12,11,37,51, -49.3548000000
2020,11,12,11,37,51, -50.0000000000
2020,11,12,11,37,51, -49.6774000000
2020,11,12,11,37,51, -50.0000000000
2020,11,12,11,37,52, -47.4194000000
2020,11,12,11,37,52, -50.0000000000
2020,11,12,11,37,52, -48.7097000000
2020,11,12,11,37,52, -49.6774000000
2020,11,12,11,37,53, -50.0000000000
2020,11,12,11,37,53, -48.0645000000
2020,11,12,11,37,53, -49.6774000000
2020,11,12,11,37,53, -50.0000000000
2020,11,12,11,37,54, -47.4194000000
2020,11,12,11,37,54, -50.0000000000
2020,11,12,11,37,54, -50.0000000000
2020,11,12,11,37,54, -50.0000000000
2020,11,12,11,37,55, -47.7419000000
2020,11,12,11,37,55, -50.0000000000
2020,11,12,11,37,55, -47.4194000000
2020,11,12,11,37,55, -50.0000000000
2020,11,12,11,37,56, -49.3548000000
2020,11,12,11,37,56, -48.0645000000
2020,11,12,11,37,56, -50.0000000000
2020,11,12,11,37,56, -49.3548000000
2020,11,12,11,37,57, -48.0645000000
2020,11,12,11,37,57, -50.0000000000
2020,11,12,11,37,57, -47.7419000000
2020,11,12,11,37,57, -50.0000000000
2020,11,12,11,37,58, -50.0000000000
2020,11,12,11,37,58, -47.7419000000
2020,11,12,11,37,58, -50.0000000000
2020,11,12,11,37,59, -47.4194000000
2020,11,12,11,37,59, -50.0000000000
2020,11,12,11,37,59, -48.0645000000
2020,11,12,11,37,59, -50.0000000000
2020,11,12,11,38,0, -49.3548000000
2020,11,12,11,38,0, -48.3871000000
2020,11,12,11,38,0, -50.0000000000
2020,11,12,11,38,0, -49.0323000000
2020,11,12,11,38,1, -50.0000000000
2020,11,12,11,38,1, -47.7419000000
2020,11,12,11,38,1, -49.6774000000
2020,11,12,11,38,1, -50.0000000000
2020,11,12,11,38,2, -48.0645000000
2020,11,12,11,38,2, -48.3871000000
2020,11,12,11,38,2, -50.0000000000
2020,11,12,11,38,2, -50.0000000000
2020,11,12,11,38,3, -47.4194000000
2020,11,12,11,38,3, -50.0000000000
2020,11,12,11,38,3, -49.3548000000
2020,11,12,11,38,3, -50.0000000000
2020,11,12,11,38,4, -50.0000000000
2020,11,12,11,38,4, -47.7419000000
2020,11,12,11,38,4, -50.0000000000
2020,11,12,11,38,4, -50.0000000000
2020,11,12,11,38,5, -48.0645000000
2020,11,12,11,38,5, -49.6774000000
2020,11,12,11,38,5, -50.0000000000
2020,11,12,11,38,5, -47.7419000000
2020,11,12,11,38,6, -50.0000000000
2020,11,12,11,38,6, -50.0000000000
2020,11,12,11,38,6, -48.0645000000
2020,11,12,11,38,7, -49.6774000000
2020,11,12,11,38,7, -49.0323000000
2020,11,12,11,38,7, -50.0000000000
2020,11,12,11,38,7, -49.0323000000
2020,11,12,11,38,8, -48.7097000000
2020,11,12,11,38,8, -50.0000000000
2020,11,12,11,38,8, -47.7419000000
2020,11,12,11,38,8, -50.0000000000
2020,11,12,11,38,9, -50.0000000000
2020,11,12,11,38,9, -49.6774000000
2020,11,12,11,38,9, -47.7419000000
2020,11,12,11,38,9, -50.0000000000
2020,11,12,11,38,10, -50.0000000000
2020,11,12,11,38,10, -47.7419000000
2020,11,12,11,38,10, -50.0000000000
2020,11,12,11,38,10, -50.0000000000
2020,11,12,11,38,11, -49.3548000000
2020,11,12,11,38,11, -50.0000000000
2020,11,12,11,38,11, -48.0645000000
2020,11,12,11,38,11, -50.0000000000
2020,11,12,11,38,12, -49.6774000000
2020,11,12,11,38,12, -48.0645000000
2020,11,12,11,38,12, -50.0000000000
2020,11,12,11,38,12, -48.3871000000
2020,11,12,11,38,13, -50.0000000000
2020,11,12,11,38,13, -47.7419000000
2020,11,12,11,38,13, -50.0000000000
2020,11,12,11,38,13, -49.3548000000
2020,11,12,11,38,14, -50.0000000000
2020,11,12,11,38,14, -48.0645000000
2020,11,12,11,38,14, -50.0000000000
2020,11,12,11,38,15, -48.0645000000
2020,11,12,11,38,15, -50.0000000000
2020,11,12,11,38,15, -48.0645000000
2020,11,12,11,38,15, -48.3871000000
2020,11,12,11,38,16, -50.0000000000
2020,11,12,11,38,16, -48.3871000000
2020,11,12,11,38,16, -50.0000000000
2020,11,12,11,38,16, -49.0323000000
2020,11,12,11,38,17, -48.0645000000
2020,11,12,11,38,17, -50.0000000000
2020,11,12,11,38,17, -47.7419000000
2020,11,12,11,38,17, -50.0000000000
2020,11,12,11,38,18, -48.7097000000
2020,11,12,11,38,18, -48.7097000000
2020,11,12,11,38,18, -50.0000000000
2020,11,12,11,38,18, -47.4194000000
2020,11,12,11,38,19, -50.0000000000
2020,11,12,11,38,19, -50.0000000000
2020,11,12,11,38,19, -47.7419000000
2020,11,12,11,38,19, -50.0000000000
2020,11,12,11,38,20, -50.0000000000
2020,11,12,11,38,20, -47.7419000000
2020,11,12,11,38,20, -50.0000000000
2020,11,12,11,38,20, -50.0000000000
2020,11,12,11,38,21, -50.0000000000
2020,11,12,11,38,21, -48.0645000000
2020,11,12,11,38,21, -50.0000000000
2020,11,12,11,38,21, -48.0645000000
2020,11,12,11,38,22, -50.0000000000
2020,11,12,11,38,22, -50.0000000000
2020,11,12,11,38,22, -48.0645000000
2020,11,12,11,38,23, -50.0000000000
2020,11,12,11,38,23, -49.3548000000
2020,11,12,11,38,23, -48.0645000000
2020,11,12,11,38,23, -50.0000000000
2020,11,12,11,38,24, -49.3548000000
2020,11,12,11,38,24, -50.0000000000
2020,11,12,11,38,24, -49.0323000000
2020,11,12,11,38,24, -48.7097000000
2020,11,12,11,38,25, -50.0000000000
2020,11,12,11,38,25, -49.0323000000
2020,11,12,11,38,25, -48.3871000000
2020,11,12,11,38,25, -50.0000000000
2020,11,12,11,38,26, -47.7419000000
2020,11,12,11,38,26, -50.0000000000
2020,11,12,11,38,26, -50.0000000000
2020,11,12,11,38,26, -48.0645000000
2020,11,12,11,38,27, -50.0000000000
2020,11,12,11,38,27, -50.0000000000
2020,11,12,11,38,27, -47.7419000000
2020,11,12,11,38,27, -50.0000000000
2020,11,12,11,38,28, -50.0000000000
2020,11,12,11,38,28, -50.0000000000
2020,11,12,11,38,28, -48.3871000000
2020,11,12,11,38,28, -50.0000000000
2020,11,12,11,38,29, -50.0000000000
2020,11,12,11,38,29, -47.7419000000
2020,11,12,11,38,29, -49.6774000000
2020,11,12,11,38,29, -48.0645000000
2020,11,12,11,38,30, -50.0000000000
2020,11,12,11,38,30, -50.0000000000
2020,11,12,11,38,30, -47.7419000000
2020,11,12,11,38,30, -50.0000000000
2020,11,12,11,38,31, -48.3871000000
2020,11,12,11,38,31, -49.3548000000
2020,11,12,11,38,31, -50.0000000000
2020,11,12,11,38,32, -48.3871000000
2020,11,12,11,38,32, -50.0000000000
2020,11,12,11,38,32, -50.0000000000
2020,11,12,11,38,32, -50.0000000000
2020,11,12,11,38,33, -50.0000000000
2020,11,12,11,38,33, -47.4194000000
2020,11,12,11,38,33, -50.0000000000
2020,11,12,11,38,33, -49.0323000000
2020,11,12,11,38,34, -48.0645000000
2020,11,12,11,38,34, -50.0000000000
2020,11,12,11,38,34, -49.0323000000
2020,11,12,11,38,34, -50.0000000000
2020,11,12,11,38,35, -50.0000000000
2020,11,12,11,38,35, -47.4194000000
2020,11,12,11,38,35, -50.0000000000
2020,11,12,11,38,35, -48.0645000000
2020,11,12,11,38,36, -50.0000000000
2020,11,12,11,38,36, -49.3548000000
2020,11,12,11,38,36, -50.0000000000
2020,11,12,11,38,36, -50.0000000000
2020,11,12,11,38,37, -49.3548000000
2020,11,12,11,38,37, -49.6774000000
2020,11,12,11,38,37, -50.0000000000
2020,11,12,11,38,37, -47.7419000000
2020,11,12,11,38,38, -49.3548000000
2020,11,12,11,38,38, -50.0000000000
2020,11,12,11,38,38, -50.0000000000
2020,11,12,11,38,39, -48.3871000000
2020,11,12,11,38,39, -49.0323000000
2020,11,12,11,38,39, -50.0000000000
2020,11,12,11,38,39, -48.0645000000
2020,11,12,11,38,40, -49.0323000000
2020,11,12,11,38,40, -50.0000000000
2020,11,12,11,38,40, -47.4194000000
2020,11,12,11,38,40, -50.0000000000
2020,11,12,11,38,41, -50.0000000000
2020,11,12,11,38,41, -50.0000000000
2020,11,12,11,38,41, -48.0645000000
2020,11,12,11,38,41, -48.7097000000
2020,11,12,11,38,42, -50.0000000000
2020,11,12,11,38,42, -47.7419000000
2020,11,12,11,38,42, -50.0000000000
2020,11,12,11,38,42, -50.0000000000
2020,11,12,11,38,43, -47.7419000000
2020,11,12,11,38,43, -50.0000000000
2020,11,12,11,38,43, -50.0000000000
2020,11,12,11,38,43, -48.0645000000
2020,11,12,11,38,44, -50.0000000000
2020,11,12,11,38,44, -50.0000000000
2020,11,12,11,38,44, -48.0645000000
2020,11,12,11,38,44, -50.0000000000
2020,11,12,11,38,45, -48.0645000000
2020,11,12,11,38,45, -50.0000000000
2020,11,12,11,38,45, -50.0000000000
2020,11,12,11,38,45, -50.0000000000
2020,11,12,11,38,46, -50.0000000000
2020,11,12,11,38,46, -49.3548000000
2020,11,12,11,38,46, -50.0000000000
2020,11,12,11,38,46, -50.0000000000
2020,11,12,11,38,47, -47.7419000000
2020,11,12,11,38,47, -50.0000000000
2020,11,12,11,38,47, -48.7097000000
2020,11,12,11,38,48, -50.0000000000
2020,11,12,11,38,48, -50.0000000000
2020,11,12,11,38,48, -47.7419000000
2020,11,12,11,38,48, -50.0000000000
2020,11,12,11,38,49, -50.0000000000
2020,11,12,11,38,49, -48.0645000000
2020,11,12,11,38,49, -50.0000000000
2020,11,12,11,38,49, -49.0323000000
2020,11,12,11,38,50, -48.3871000000
2020,11,12,11,38,50, -50.0000000000
2020,11,12,11,38,50, -49.3548000000
2020,11,12,11,38,50, -49.3548000000
2020,11,12,11,38,51, -50.0000000000
2020,11,12,11,38,51, -48.0645000000
2020,11,12,11,38,51, -49.3548000000
2020,11,12,11,38,51, -50.0000000000
2020,11,12,11,38,52, -48.0645000000
2020,11,12,11,38,52, -50.0000000000
2020,11,12,11,38,52, -49.6774000000
2020,11,12,11,38,52, -50.0000000000
2020,11,12,11,38,53, -49.0323000000
2020,11,12,11,38,53, -48.3871000000
2020,11,12,11,38,53, -50.0000000000
2020,11,12,11,38,53, -48.0645000000
2020,11,12,11,38,54, -50.0000000000
2020,11,12,11,38,54, -50.0000000000
2020,11,12,11,38,54, -47.7419000000
2020,11,12,11,38,54, -50.0000000000
2020,11,12,11,38,55, -48.3871000000
2020,11,12,11,38,55, -48.7097000000
2020,11,12,11,38,55, -50.0000000000
2020,11,12,11,38,55, -47.7419000000
2020,11,12,11,38,56, -50.0000000000
2020,11,12,11,38,56, -48.3871000000
2020,11,12,11,38,56, -50.0000000000
2020,11,12,11,38,57, -49.0323000000
2020,11,12,11,38,57, -48.0645000000
2020,11,12,11,38,57, -50.0000000000
2020,11,12,11,38,57, -47.7419000000
2020,11,12,11,38,58, -50.0000000000
2020,11,12,11,38,58, -49.0323000000
2020,11,12,11,38,58, -49.0323000000
2020,11,12,11,38,58, -50.0000000000
2020,11,12,11,38,59, -47.7419000000
2020,11,12,11,38,59, -50.0000000000
2020,11,12,11,38,59, -50.0000000000
2020,11,12,11,38,59, -48.7097000000
2020,11,12,11,39,0, -50.0000000000
2020,11,12,11,39,0, -48.3871000000
2020,11,12,11,39,0, -48.7097000000
2020,11,12,11,39,0, -50.0000000000
2020,11,12,11,39,1, -49.0323000000
2020,11,12,11,39,1, -50.0000000000
2020,11,12,11,39,1, -49.3548000000
2020,11,12,11,39,1, -48.7097000000
2020,11,12,11,39,2, -50.0000000000
2020,11,12,11,39,2, -47.7419000000
2020,11,12,11,39,2, -50.0000000000
2020,11,12,11,39,2, -50.0000000000
2020,11,12,11,39,3, -47.7419000000
2020,11,12,11,39,3, -49.3548000000
2020,11,12,11,39,3, -49.3548000000
2020,11,12,11,39,3, -50.0000000000
2020,11,12,11,39,4, -48.3871000000
2020,11,12,11,39,4, -50.0000000000
2020,11,12,11,39,4, -50.0000000000
2020,11,12,11,39,5, -47.7419000000
2020,11,12,11,39,5, -50.0000000000
2020,11,12,11,39,5, -50.0000000000
2020,11,12,11,39,5, -47.7419000000
2020,11,12,11,39,6, -50.0000000000
2020,11,12,11,39,6, -50.0000000000
2020,11,12,11,39,6, -50.0000000000
2020,11,12,11,39,6, -47.7419000000
2020,11,12,11,39,7, -49.6774000000
2020,11,12,11,39,7, -49.6774000000
2020,11,12,11,39,7, -50.0000000000
2020,11,12,11,39,7, -48.3871000000
2020,11,12,11,39,8, -50.0000000000
2020,11,12,11,39,8, -47.7419000000
2020,11,12,11,39,8, -49.0323000000
2020,11,12,11,39,8, -50.0000000000
2020,11,12,11,39,9, -48.7097000000
2020,11,12,11,39,9, -49.0323000000
2020,11,12,11,39,9, -49.0323000000
2020,11,12,11,39,9, -49.6774000000
2020,11,12,11,39,10, -48.3871000000
2020,11,12,11,39,10, -50.0000000000
2020,11,12,11,39,10, -50.0000000000
2020,11,12,11,39,11, -48.3871000000
2020,11,12,11,39,11, -50.0000000000
2020,11,12,11,39,11, -47.7419000000
2020,11,12,11,39,11, -50.0000000000
2020,11,12,11,39,12, -48.7097000000
2020,11,12,11,39,12, -49.0323000000
2020,11,12,11,39,12, -50.0000000000
2020,11,12,11,39,12, -47.7419000000
2020,11,12,11,39,13, -50.0000000000
2020,11,12,11,39,13, -50.0000000000
2020,11,12,11,39,13, -47.7419000000
2020,11,12,11,39,13, -50.0000000000
2020,11,12,11,39,14, -49.6774000000
2020,11,12,11,39,14, -50.0000000000
2020,11,12,11,39,14, -47.4194000000
2020,11,12,11,39,14, -50.0000000000
2020,11,12,11,39,15, -50.0000000000
2020,11,12,11,39,15, -47.7419000000
2020,11,12,11,39,15, -50.0000000000
2020,11,12,11,39,15, -50.0000000000
2020,11,12,11,39,16, -47.7419000000
2020,11,12,11,39,16, -50.0000000000
2020,11,12,11,39,16, -48.0645000000
2020,11,12,11,39,16, -50.0000000000
2020,11,12,11,39,17, -47.7419000000
2020,11,12,11,39,17, -50.0000000000
2020,11,12,11,39,17, -50.0000000000
2020,11,12,11,39,18, -47.7419000000
2020,11,12,11,39,18, -50.0000000000
2020,11,12,11,39,18, -50.0000000000
2020,11,12,11,39,18, -48.0645000000
2020,11,12,11,39,19, -50.0000000000
2020,11,12,11,39,19, -50.0000000000
2020,11,12,11,39,19, -47.7419000000
2020,11,12,11,39,19, -50.0000000000
2020,11,12,11,39,20, -49.0323000000
2020,11,12,11,39,20, -50.0000000000
2020,11,12,11,39,20, -47.7419000000
2020,11,12,11,39,20, -50.0000000000
2020,11,12,11,39,21, -50.0000000000
2020,11,12,11,39,21, -47.7419000000
2020,11,12,11,39,21, -50.0000000000
2020,11,12,11,39,21, -48.0645000000
2020,11,12,11,39,22, -50.0000000000
2020,11,12,11,39,22, -49.6774000000
2020,11,12,11,39,22, -49.3548000000
2020,11,12,11,39,22, -50.0000000000
2020,11,12,11,39,23, -47.7419000000
2020,11,12,11,39,23, -50.0000000000
2020,11,12,11,39,23, -49.0323000000
2020,11,12,11,39,23, -48.3871000000
2020,11,12,11,39,24, -50.0000000000
2020,11,12,11,39,24, -48.3871000000
2020,11,12,11,39,24, -49.6774000000
2020,11,12,11,39,24, -50.0000000000
2020,11,12,11,39,25, -49.0323000000
2020,11,12,11,39,25, -50.0000000000
2020,11,12,11,39,25, -47.7419000000
2020,11,12,11,39,25, -50.0000000000
2020,11,12,11,39,26, -48.3871000000
2020,11,12,11,39,26, -50.0000000000
2020,11,12,11,39,26, -49.3548000000
2020,11,12,11,39,27, -50.0000000000
2020,11,12,11,39,27, -48.7097000000
2020,11,12,11,39,27, -50.0000000000
2020,11,12,11,39,27, -47.7419000000
2020,11,12,11,39,28, -50.0000000000
2020,11,12,11,39,28, -50.0000000000
2020,11,12,11,39,28, -47.7419000000
2020,11,12,11,39,28, -50.0000000000
2020,11,12,11,39,29, -49.3548000000
2020,11,12,11,39,29, -50.0000000000
2020,11,12,11,39,29, -50.0000000000
2020,11,12,11,39,29, -47.7419000000
2020,11,12,11,39,30, -50.0000000000
2020,11,12,11,39,30, -48.3871000000
2020,11,12,11,39,30, -49.0323000000
2020,11,12,11,39,30, -50.0000000000
2020,11,12,11,39,31, -47.7419000000
2020,11,12,11,39,31, -50.0000000000
2020,11,12,11,39,31, -50.0000000000
2020,11,12,11,39,31, -47.7419000000
2020,11,12,11,39,32, -49.6774000000
2020,11,12,11,39,32, -50.0000000000
2020,11,12,11,39,32, -47.7419000000
2020,11,12,11,39,32, -50.0000000000
2020,11,12,11,39,33, -50.0000000000
2020,11,12,11,39,33, -47.7419000000
2020,11,12,11,39,33, -50.0000000000
2020,11,12,11,39,33, -49.6774000000
2020,11,12,11,39,34, -50.0000000000
2020,11,12,11,39,34, -48.3871000000
2020,11,12,11,39,34, -50.0000000000
2020,11,12,11,39,35, -49.3548000000
2020,11,12,11,39,35, -50.0000000000
2020,11,12,11,39,35, -47.7419000000
2020,11,12,11,39,35, -50.0000000000
2020,11,12,11,39,36, -50.0000000000
2020,11,12,11,39,36, -47.7419000000
2020,11,12,11,39,36, -48.3871000000
2020,11,12,11,39,36, -50.0000000000
2020,11,12,11,39,37, -50.0000000000
2020,11,12,11,39,37, -50.0000000000
2020,11,12,11,39,37, -50.0000000000
2020,11,12,11,39,37, -49.3548000000
2020,11,12,11,39,38, -48.0645000000
2020,11,12,11,39,38, -50.0000000000
2020,11,12,11,39,38, -48.0645000000
2020,11,12,11,39,38, -50.0000000000
2020,11,12,11,39,39, -50.0000000000
2020,11,12,11,39,39, -48.0645000000
2020,11,12,11,39,39, -48.7097000000
2020,11,12,11,39,39, -48.7097000000
2020,11,12,11,39,40, -50.0000000000
2020,11,12,11,39,40, -48.0645000000
2020,11,12,11,39,40, -50.0000000000
2020,11,12,11,39,40, -49.3548000000
2020,11,12,11,39,41, -50.0000000000
2020,11,12,11,39,41, -47.7419000000
2020,11,12,11,39,41, -49.6774000000
2020,11,12,11,39,42, -50.0000000000
2020,11,12,11,39,42, -48.0645000000
2020,11,12,11,39,42, -50.0000000000
2020,11,12,11,39,42, -50.0000000000
2020,11,12,11,39,43, -47.7419000000
2020,11,12,11,39,43, -50.0000000000
2020,11,12,11,39,43, -49.6774000000
2020,11,12,11,39,43, -48.0645000000
2020,11,12,11,39,44, -50.0000000000
2020,11,12,11,39,44, -50.0000000000
2020,11,12,11,39,44, -49.0323000000
2020,11,12,11,39,44, -48.3871000000
2020,11,12,11,39,45, -50.0000000000
2020,11,12,11,39,45, -49.0323000000
2020,11,12,11,39,45, -50.0000000000
2020,11,12,11,39,45, -48.0645000000
2020,11,12,11,39,46, -49.6774000000
2020,11,12,11,39,46, -50.0000000000
2020,11,12,11,39,46, -48.0645000000
2020,11,12,11,39,46, -49.3548000000
2020,11,12,11,39,47, -49.0323000000
2020,11,12,11,39,47, -48.3871000000
2020,11,12,11,39,47, -50.0000000000
2020,11,12,11,39,47, -50.0000000000
2020,11,12,11,39,48, -47.7419000000
2020,11,12,11,39,48, -50.0000000000
2020,11,12,11,39,48, -50.0000000000
2020,11,12,11,39,48, -47.7419000000
2020,11,12,11,39,49, -48.7097000000
2020,11,12,11,39,49, -50.0000000000
2020,11,12,11,39,49, -47.7419000000
2020,11,12,11,39,50, -48.7097000000
2020,11,12,11,39,50, -50.0000000000
2020,11,12,11,39,50, -48.7097000000
2020,11,12,11,39,50, -49.0323000000
2020,11,12,11,39,51, -49.3548000000
2020,11,12,11,39,51, -49.0323000000
2020,11,12,11,39,51, -50.0000000000
2020,11,12,11,39,51, -48.7097000000
2020,11,12,11,39,52, -48.7097000000
2020,11,12,11,39,52, -50.0000000000
2020,11,12,11,39,52, -47.7419000000
2020,11,12,11,39,52, -50.0000000000
2020,11,12,11,39,53, -50.0000000000
2020,11,12,11,39,53, -47.7419000000
2020,11,12,11,39,53, -50.0000000000
2020,11,12,11,39,53, -49.0323000000
2020,11,12,11,39,54, -48.3871000000
2020,11,12,11,39,54, -50.0000000000
2020,11,12,11,39,54, -48.0645000000
2020,11,12,11,39,54, -48.7097000000
2020,11,12,11,39,55, -50.0000000000
2020,11,12,11,39,55, -50.0000000000
2020,11,12,11,39,55, -48.7097000000
2020,11,12,11,39,55, -49.3548000000
2020,11,12,11,39,56, -49.0323000000
2020,11,12,11,39,56, -50.0000000000
2020,11,12,11,39,56, -49.0323000000
2020,11,12,11,39,57, -50.0000000000
2020,11,12,11,39,57, -49.6774000000
2020,11,12,11,39,57, -47.7419000000
2020,11,12,11,39,57, -50.0000000000
2020,11,12,11,39,58, -50.0000000000
2020,11,12,11,39,58, -47.7419000000
2020,11,12,11,39,58, -50.0000000000
2020,11,12,11,39,58, -50.0000000000
2020,11,12,11,39,59, -48.0645000000
2020,11,12,11,39,59, -50.0000000000
2020,11,12,11,39,59, -48.0645000000
2020,11,12,11,39,59, -48.3871000000
2020,11,12,11,40,0, -50.0000000000
2020,11,12,11,40,0, -50.0000000000
2020,11,12,11,40,0, -50.0000000000
2020,11,12,11,40,0, -49.6774000000
2020,11,12,11,40,1, -47.7419000000
2020,11,12,11,40,1, -50.0000000000
2020,11,12,11,40,1, -50.0000000000
2020,11,12,11,40,1, -47.7419000000
2020,11,12,11,40,2, -48.7097000000
2020,11,12,11,40,2, -49.0323000000
2020,11,12,11,40,2, -50.0000000000
2020,11,12,11,40,2, -48.0645000000
2020,11,12,11,40,3, -50.0000000000
2020,11,12,11,40,3, -50.0000000000
2020,11,12,11,40,3, -48.0645000000
2020,11,12,11,40,3, -50.0000000000
2020,11,12,11,40,4, -49.3548000000
2020,11,12,11,40,4, -48.0645000000
2020,11,12,11,40,4, -50.0000000000
2020,11,12,11,40,5, -47.7419000000
2020,11,12,11,40,5, -50.0000000000
2020,11,12,11,40,5, -48.7097000000
2020,11,12,11,40,5, -48.7097000000
2020,11,12,11,40,6, -50.0000000000
2020,11,12,11,40,6, -48.7097000000
2020,11,12,11,40,6, -50.0000000000
2020,11,12,11,40,6, -48.3871000000
2020,11,12,11,40,7, -49.0323000000
2020,11,12,11,40,7, -50.0000000000
2020,11,12,11,40,7, -48.3871000000
2020,11,12,11,40,7, -49.0323000000
2020,11,12,11,40,8, -49.3548000000
2020,11,12,11,40,8, -50.0000000000
2020,11,12,11,40,8, -48.0645000000
2020,11,12,11,40,8, -49.3548000000
2020,11,12,11,40,9, -50.0000000000
2020,11,12,11,40,9, -49.6774000000
2020,11,12,11,40,9, -50.0000000000
2020,11,12,11,40,9, -47.7419000000
2020,11,12,11,40,10, -50.0000000000
2020,11,12,11,40,10, -48.3871000000
2020,11,12,11,40,10, -49.6774000000
2020,11,12,11,40,10, -50.0000000000
2020,11,12,11,40,11, -47.7419000000
2020,11,12,11,40,11, -50.0000000000
2020,11,12,11,40,11, -49.0323000000
2020,11,12,11,40,11, -48.7097000000
2020,11,12,11,40,12, -50.0000000000
2020,11,12,11,40,12, -47.7419000000
2020,11,12,11,40,12, -49.3548000000
2020,11,12,11,40,12, -49.0323000000
2020,11,12,11,40,13, -50.0000000000
2020,11,12,11,40,13, -48.3871000000
2020,11,12,11,40,13, -49.6774000000
2020,11,12,11,40,14, -50.0000000000
2020,11,12,11,40,14, -47.7419000000
2020,11,12,11,40,14, -50.0000000000
2020,11,12,11,40,14, -50.0000000000
2020,11,12,11,40,15, -47.7419000000
2020,11,12,11,40,15, -50.0000000000
2020,11,12,11,40,15, -49.6774000000
2020,11,12,11,40,15, -48.3871000000
2020,11,12,11,40,16, -50.0000000000
2020,11,12,11,40,16, -48.0645000000
2020,11,12,11,40,16, -48.3871000000
2020,11,12,11,40,16, -50.0000000000
2020,11,12,11,40,17, -50.0000000000
2020,11,12,11,40,17, -49.6774000000
2020,11,12,11,40,17, -49.0323000000
2020,11,12,11,40,17, -49.0323000000
2020,11,12,11,40,18, -50.0000000000
2020,11,12,11,40,18, -50.0000000000
2020,11,12,11,40,18, -49.6774000000
2020,11,12,11,40,18, -47.7419000000
2020,11,12,11,40,19, -50.0000000000
2020,11,12,11,40,19, -48.0645000000
2020,11,12,11,40,19, -50.0000000000
2020,11,12,11,40,20, -50.0000000000
2020,11,12,11,40,20, -48.7097000000
2020,11,12,11,40,20, -48.3871000000
2020,11,12,11,40,20, -49.3548000000
2020,11,12,11,40,21, -50.0000000000
2020,11,12,11,40,21, -50.0000000000
2020,11,12,11,40,21, -47.4194000000
2020,11,12,11,40,21, -50.0000000000
2020,11,12,11,40,22, -50.0000000000
2020,11,12,11,40,22, -48.0645000000
2020,11,12,11,40,22, -50.0000000000
2020,11,12,11,40,22, -50.0000000000
2020,11,12,11,40,23, -49.6774000000
2020,11,12,11,40,23, -47.7419000000
2020,11,12,11,40,23, -50.0000000000
2020,11,12,11,40,23, -49.3548000000
2020,11,12,11,40,24, -48.0645000000
2020,11,12,11,40,24, -50.0000000000
2020,11,12,11,40,24, -48.0645000000
2020,11,12,11,40,24, -50.0000000000
2020,11,12,11,40,25, -48.0645000000
2020,11,12,11,40,25, -50.0000000000
2020,11,12,11,40,25, -49.0323000000
2020,11,12,11,40,26, -50.0000000000
2020,11,12,11,40,26, -50.0000000000
2020,11,12,11,40,26, -47.4194000000
2020,11,12,11,40,26, -50.0000000000
2020,11,12,11,40,27, -50.0000000000
2020,11,12,11,40,27, -47.7419000000
2020,11,12,11,40,27, -50.0000000000
2020,11,12,11,40,27, -49.3548000000
2020,11,12,11,40,28, -48.0645000000
2020,11,12,11,40,28, -50.0000000000
2020,11,12,11,40,28, -47.7419000000
2020,11,12,11,40,28, -50.0000000000
2020,11,12,11,40,29, -48.7097000000
2020,11,12,11,40,29, -48.7097000000
2020,11,12,11,40,29, -50.0000000000
2020,11,12,11,40,29, -49.3548000000
2020,11,12,11,40,30, -50.0000000000
2020,11,12,11,40,30, -48.0645000000
2020,11,12,11,40,30, -50.0000000000
2020,11,12,11,40,30, -48.3871000000
2020,11,12,11,40,31, -49.3548000000
2020,11,12,11,40,31, -50.0000000000
2020,11,12,11,40,31, -48.0645000000
2020,11,12,11,40,31, -50.0000000000
2020,11,12,11,40,32, -50.0000000000
2020,11,12,11,40,32, -50.0000000000
2020,11,12,11,40,32, -48.0645000000
2020,11,12,11,40,32, -50.0000000000
2020,11,12,11,40,33, -48.0645000000
2020,11,12,11,40,33, -49.6774000000
2020,11,12,11,40,33, -50.0000000000
2020,11,12,11,40,33, -50.0000000000
2020,11,12,11,40,34, -47.7419000000
2020,11,12,11,40,34, -50.0000000000
2020,11,12,11,40,34, -47.7419000000
2020,11,12,11,40,35, -50.0000000000
2020,11,12,11,40,35, -50.0000000000
2020,11,12,11,40,35, -50.0000000000
2020,11,12,11,40,35, -48.3871000000
2020,11,12,11,40,36, -50.0000000000
2020,11,12,11,40,36, -50.0000000000
2020,11,12,11,40,36, -50.0000000000
2020,11,12,11,40,36, -50.0000000000
2020,11,12,11,40,37, -47.4194000000
2020,11,12,11,40,37, -50.0000000000
2020,11,12,11,40,37, -50.0000000000
2020,11,12,11,40,37, -47.7419000000
2020,11,12,11,40,38, -50.0000000000
2020,11,12,11,40,38, -50.0000000000
2020,11,12,11,40,38, -49.3548000000
2020,11,12,11,40,38, -50.0000000000
2020,11,12,11,40,39, -48.3871000000
2020,11,12,11,40,39, -50.0000000000
2020,11,12,11,40,39, -50.0000000000
2020,11,12,11,40,39, -48.0645000000
2020,11,12,11,40,40, -50.0000000000
2020,11,12,11,40,40, -48.7097000000
2020,11,12,11,40,40, -50.0000000000
2020,11,12,11,40,40, -47.7419000000
2020,11,12,11,40,41, -50.0000000000
2020,11,12,11,40,41, -48.0645000000
2020,11,12,11,40,41, -49.6774000000
2020,11,12,11,40,41, -50.0000000000
2020,11,12,11,40,42, -48.0645000000
2020,11,12,11,40,42, -50.0000000000
2020,11,12,11,40,42, -50.0000000000
2020,11,12,11,40,43, -47.7419000000
2020,11,12,11,40,43, -50.0000000000
2020,11,12,11,40,43, -50.0000000000
2020,11,12,11,40,43, -49.0323000000
2020,11,12,11,40,44, -50.0000000000
2020,11,12,11,40,44, -48.0645000000
2020,11,12,11,40,44, -50.0000000000
2020,11,12,11,40,44, -50.0000000000
2020,11,12,11,40,45, -47.7419000000
2020,11,12,11,40,45, -50.0000000000
2020,11,12,11,40,45, -50.0000000000
2020,11,12,11,40,45, -50.0000000000
2020,11,12,11,40,46, -49.0323000000
2020,11,12,11,40,46, -48.0645000000
2020,11,12,11,40,46, -50.0000000000
2020,11,12,11,40,46, -48.7097000000
2020,11,12,11,40,47, -48.7097000000
2020,11,12,11,40,47, -50.0000000000
2020,11,12,11,40,47, -47.7419000000
2020,11,12,11,40,47, -50.0000000000
2020,11,12,11,40,48, -50.0000000000
2020,11,12,11,40,48, -50.0000000000
2020,11,12,11,40,48, -47.4194000000
2020,11,12,11,40,48, -49.0323000000
2020,11,12,11,40,49, -50.0000000000
2020,11,12,11,40,49, -48.3871000000
2020,11,12,11,40,49, -49.3548000000
2020,11,12,11,40,49, -50.0000000000
2020,11,12,11,40,50, -47.7419000000
2020,11,12,11,40,50, -50.0000000000
2020,11,12,11,40,50, -50.0000000000
2020,11,12,11,40,50, -49.0323000000
2020,11,12,11,40,51, -50.0000000000
2020,11,12,11,40,51, -47.7419000000
2020,11,12,11,40,51, -50.0000000000
2020,11,12,11,40,52, -50.0000000000
2020,11,12,11,40,52, -50.0000000000
2020,11,12,11,40,52, -50.0000000000
2020,11,12,11,40,52, -47.7419000000
2020,11,12,11,40,53, -50.0000000000
2020,11,12,11,40,53, -47.7419000000
2020,11,12,11,40,53, -50.0000000000
2020,11,12,11,40,53, -50.0000000000
2020,11,12,11,40,54, -49.0323000000
2020,11,12,11,40,54, -49.0323000000
2020,11,12,11,40,54, -49.0323000000
2020,11,12,11,40,54, -50.0000000000
2020,11,12,11,40,55, -48.3871000000
2020,11,12,11,40,55, -49.0323000000
2020,11,12,11,40,55, -50.0000000000
2020,11,12,11,40,55, -47.7419000000
2020,11,12,11,40,56, -50.0000000000
2020,11,12,11,40,56, -50.0000000000
2020,11,12,11,40,56, -47.7419000000
2020,11,12,11,40,56, -50.0000000000
2020,11,12,11,40,57, -50.0000000000
2020,11,12,11,40,57, -48.0645000000
2020,11,12,11,40,57, -48.3871000000
2020,11,12,11,40,57, -49.0323000000
2020,11,12,11,40,58, -48.3871000000
2020,11,12,11,40,58, -50.0000000000
2020,11,12,11,40,58, -49.6774000000
2020,11,12,11,40,59, -48.0645000000
2020,11,12,11,40,59, -50.0000000000
2020,11,12,11,40,59, -48.3871000000
2020,11,12,11,40,59, -49.3548000000
2020,11,12,11,41,0, -49.0323000000
2020,11,12,11,41,0, -49.0323000000
2020,11,12,11,41,0, -50.0000000000
2020,11,12,11,41,0, -50.0000000000
2020,11,12,11,41,1, -50.0000000000
2020,11,12,11,41,1, -48.3871000000
2020,11,12,11,41,1, -48.7097000000
2020,11,12,11,41,1, -49.6774000000
2020,11,12,11,41,2, -50.0000000000
2020,11,12,11,41,2, -50.0000000000
2020,11,12,11,41,2, -48.7097000000
2020,11,12,11,41,2, -48.7097000000
2020,11,12,11,41,3, -50.0000000000
2020,11,12,11,41,3, -48.3871000000
2020,11,12,11,41,3, -49.0323000000
2020,11,12,11,41,3, -49.0323000000
2020,11,12,11,41,4, -50.0000000000
2020,11,12,11,41,4, -50.0000000000
2020,11,12,11,41,4, -47.7419000000
2020,11,12,11,41,5, -50.0000000000
2020,11,12,11,41,5, -50.0000000000
2020,11,12,11,41,5, -49.6774000000
2020,11,12,11,41,5, -50.0000000000
2020,11,12,11,41,6, -48.0645000000
2020,11,12,11,41,6, -50.0000000000
2020,11,12,11,41,6, -50.0000000000
2020,11,12,11,41,6, -48.3871000000
2020,11,12,11,41,7, -48.7097000000
2020,11,12,11,41,7, -50.0000000000
2020,11,12,11,41,7, -49.0323000000
2020,11,12,11,41,7, -50.0000000000
2020,11,12,11,41,8, -48.0645000000
2020,11,12,11,41,8, -49.6774000000
2020,11,12,11,41,8, -50.0000000000
2020,11,12,11,41,8, -49.6774000000
2020,11,12,11,41,9, -50.0000000000
2020,11,12,11,41,9, -47.7419000000
2020,11,12,11,41,9, -50.0000000000
2020,11,12,11,41,9, -50.0000000000
2020,11,12,11,41,10, -49.3548000000
2020,11,12,11,41,10, -50.0000000000
2020,11,12,11,41,10, -48.0645000000
2020,11,12,11,41,10, -50.0000000000
2020,11,12,11,41,11, -50.0000000000
2020,11,12,11,41,11, -50.0000000000
2020,11,12,11,41,11, -50.0000000000
2020,11,12,11,41,11, -47.7419000000
2020,11,12,11,41,12, -50.0000000000
2020,11,12,11,41,12, -47.4194000000
2020,11,12,11,41,12, -50.0000000000
2020,11,12,11,41,13, -48.3871000000
2020,11,12,11,41,13, -49.0323000000
2020,11,12,11,41,13, -48.7097000000
2020,11,12,11,41,13, -50.0000000000
2020,11,12,11,41,14, -50.0000000000
2020,11,12,11,41,14, -47.7419000000
2020,11,12,11,41,14, -50.0000000000
2020,11,12,11,41,14, -50.0000000000
2020,11,12,11,41,15, -49.3548000000
2020,11,12,11,41,15, -50.0000000000
2020,11,12,11,41,15, -47.7419000000
2020,11,12,11,41,15, -50.0000000000
2020,11,12,11,41,16, -50.0000000000
2020,11,12,11,41,16, -47.7419000000
2020,11,12,11,41,16, -50.0000000000
2020,11,12,11,41,16, -47.7419000000
2020,11,12,11,41,17, -50.0000000000
2020,11,12,11,41,17, -49.0323000000
2020,11,12,11,41,17, -49.3548000000
2020,11,12,11,41,17, -48.3871000000
2020,11,12,11,41,18, -50.0000000000
2020,11,12,11,41,18, -49.0323000000
2020,11,12,11,41,18, -50.0000000000
2020,11,12,11,41,18, -48.0645000000
2020,11,12,11,41,19, -50.0000000000
2020,11,12,11,41,19, -48.3871000000
2020,11,12,11,41,19, -48.7097000000
2020,11,12,11,41,19, -50.0000000000
2020,11,12,11,41,20, -49.6774000000
2020,11,12,11,41,20, -50.0000000000
2020,11,12,11,41,20, -48.0645000000
2020,11,12,11,41,21, -49.3548000000
2020,11,12,11,41,21, -50.0000000000
2020,11,12,11,41,21, -48.0645000000
2020,11,12,11,41,21, -49.6774000000
2020,11,12,11,41,22, -50.0000000000
2020,11,12,11,41,22, -47.7419000000
2020,11,12,11,41,22, -50.0000000000
2020,11,12,11,41,22, -50.0000000000
2020,11,12,11,41,23, -47.7419000000
2020,11,12,11,41,23, -50.0000000000
2020,11,12,11,41,23, -48.7097000000
2020,11,12,11,41,23, -48.7097000000
2020,11,12,11,41,24, -50.0000000000
2020,11,12,11,41,24, -48.3871000000
2020,11,12,11,41,24, -50.0000000000
2020,11,12,11,41,24, -50.0000000000
2020,11,12,11,41,25, -47.7419000000
2020,11,12,11,41,25, -50.0000000000
2020,11,12,11,41,25, -48.3871000000
2020,11,12,11,41,25, -48.7097000000
2020,11,12,11,41,26, -50.0000000000
2020,11,12,11,41,26, -48.7097000000
2020,11,12,11,41,26, -50.0000000000
2020,11,12,11,41,26, -50.0000000000
2020,11,12,11,41,27, -47.7419000000
2020,11,12,11,41,27, -50.0000000000
2020,11,12,11,41,27, -47.4194000000
2020,11,12,11,41,27, -48.3871000000
2020,11,12,11,41,28, -50.0000000000
2020,11,12,11,41,28, -47.7419000000
2020,11,12,11,41,28, -50.0000000000
2020,11,12,11,41,28, -50.0000000000
2020,11,12,11,41,29, -47.4194000000
2020,11,12,11,41,29, -50.0000000000
2020,11,12,11,41,29, -47.7419000000
2020,11,12,11,41,30, -50.0000000000
2020,11,12,11,41,30, -50.0000000000
2020,11,12,11,41,30, -48.0645000000
2020,11,12,11,41,30, -50.0000000000
2020,11,12,11,41,31, -49.0323000000
2020,11,12,11,41,31, -48.3871000000
2020,11,12,11,41,31, -50.0000000000
2020,11,12,11,41,31, -47.7419000000
2020,11,12,11,41,32, -50.0000000000
2020,11,12,11,41,32, -48.3871000000
2020,11,12,11,41,32, -49.0323000000
2020,11,12,11,41,32, -50.0000000000
2020,11,12,11,41,33, -47.4194000000
2020,11,12,11,41,33, -50.0000000000
2020,11,12,11,41,33, -50.0000000000
2020,11,12,11,41,33, -47.7419000000
2020,11,12,11,41,34, -50.0000000000
2020,11,12,11,41,34, -48.0645000000
2020,11,12,11,41,34, -48.3871000000
2020,11,12,11,41,34, -50.0000000000
2020,11,12,11,41,35, -48.0645000000
2020,11,12,11,41,35, -49.6774000000
2020,11,12,11,41,35, -48.3871000000
2020,11,12,11,41,35, -50.0000000000
2020,11,12,11,41,36, -50.0000000000
2020,11,12,11,41,36, -48.0645000000
2020,11,12,11,41,36, -50.0000000000
2020,11,12,11,41,36, -48.0645000000
2020,11,12,11,41,37, -50.0000000000
2020,11,12,11,41,37, -50.0000000000
2020,11,12,11,41,37, -48.0645000000
2020,11,12,11,41,38, -49.6774000000
2020,11,12,11,41,38, -50.0000000000
2020,11,12,11,41,38, -47.7419000000
2020,11,12,11,41,38, -50.0000000000
2020,11,12,11,41,39, -50.0000000000
2020,11,12,11,41,39, -47.7419000000
2020,11,12,11,41,39, -50.0000000000
2020,11,12,11,41,39, -47.7419000000
2020,11,12,11,41,40, -50.0000000000
2020,11,12,11,41,40, -49.3548000000
2020,11,12,11,41,40, -49.6774000000
2020,11,12,11,41,40, -50.0000000000
2020,11,12,11,41,41, -47.7419000000
2020,11,12,11,41,41, -50.0000000000
2020,11,12,11,41,41, -48.7097000000
2020,11,12,11,41,41, -49.0323000000
2020,11,12,11,41,42, -50.0000000000
2020,11,12,11,41,42, -50.0000000000
2020,11,12,11,41,42, -47.7419000000
2020,11,12,11,41,42, -50.0000000000
2020,11,12,11,41,43, -50.0000000000
2020,11,12,11,41,43, -50.0000000000
2020,11,12,11,41,43, -47.7419000000
2020,11,12,11,41,43, -50.0000000000
2020,11,12,11,41,44, -50.0000000000
2020,11,12,11,41,44, -47.7419000000
2020,11,12,11,41,44, -50.0000000000
2020,11,12,11,41,44, -48.7097000000
2020,11,12,11,41,45, -49.0323000000
2020,11,12,11,41,45, -50.0000000000
2020,11,12,11,41,45, -48.3871000000
2020,11,12,11,41,46, -49.0323000000
2020,11,12,11,41,46, -50.0000000000
2020,11,12,11,41,46, -47.7419000000
2020,11,12,11,41,46, -50.0000000000
2020,11,12,11,41,47, -50.0000000000
2020,11,12,11,41,47, -47.7419000000
2020,11,12,11,41,47, -50.0000000000
2020,11,12,11,41,47, -49.6774000000
2020,11,12,11,41,48, -49.3548000000
2020,11,12,11,41,48, -50.0000000000
2020,11,12,11,41,48, -48.0645000000
2020,11,12,11,41,48, -50.0000000000
2020,11,12,11,41,49, -49.3548000000
2020,11,12,11,41,49, -48.0645000000
2020,11,12,11,41,49, -49.3548000000
2020,11,12,11,41,49, -49.3548000000
2020,11,12,11,41,50, -50.0000000000
2020,11,12,11,41,50, -48.3871000000
2020,11,12,11,41,50, -49.3548000000
2020,11,12,11,41,50, -50.0000000000
2020,11,12,11,41,51, -49.3548000000
2020,11,12,11,41,51, -50.0000000000
2020,11,12,11,41,51, -49.3548000000
2020,11,12,11,41,51, -48.3871000000
2020,11,12,11,41,52, -50.0000000000
2020,11,12,11,41,52, -50.0000000000
2020,11,12,11,41,52, -50.0000000000
2020,11,12,11,41,52, -47.7419000000
2020,11,12,11,41,53, -50.0000000000
2020,11,12,11,41,53, -50.0000000000
2020,11,12,11,41,53, -47.7419000000
2020,11,12,11,41,54, -50.0000000000
2020,11,12,11,41,54, -47.7419000000
2020,11,12,11,41,54, -50.0000000000
2020,11,12,11,41,54, -50.0000000000
2020,11,12,11,41,55, -48.0645000000
2020,11,12,11,41,55, -50.0000000000
2020,11,12,11,41,55, -50.0000000000
2020,11,12,11,41,55, -48.0645000000
2020,11,12,11,41,56, -50.0000000000
2020,11,12,11,41,56, -49.6774000000
2020,11,12,11,41,56, -48.0645000000
2020,11,12,11,41,56, -50.0000000000
2020,11,12,11,41,57, -50.0000000000
2020,11,12,11,41,57, -49.3548000000
2020,11,12,11,41,57, -50.0000000000
2020,11,12,11,41,57, -47.7419000000
2020,11,12,11,41,58, -50.0000000000
2020,11,12,11,41,58, -50.0000000000
2020,11,12,11,41,58, -47.7419000000
2020,11,12,11,41,58, -50.0000000000
2020,11,12,11,41,59, -49.6774000000
2020,11,12,11,41,59, -50.0000000000
2020,11,12,11,41,59, -50.0000000000
2020,11,12,11,41,59, -49.3548000000
2020,11,12,11,42,0, -50.0000000000
2020,11,12,11,42,0, -47.7419000000
2020,11,12,11,42,0, -50.0000000000
2020,11,12,11,42,0, -50.0000000000
2020,11,12,11,42,1, -47.7419000000
2020,11,12,11,42,1, -50.0000000000
2020,11,12,11,42,1, -49.3548000000
2020,11,12,11,42,2, -50.0000000000
2020,11,12,11,42,2, -50.0000000000
2020,11,12,11,42,2, -47.7419000000
2020,11,12,11,42,2, -50.0000000000
2020,11,12,11,42,3, -50.0000000000
2020,11,12,11,42,3, -47.7419000000
2020,11,12,11,42,3, -50.0000000000
2020,11,12,11,42,3, -49.6774000000
2020,11,12,11,42,4, -48.0645000000
2020,11,12,11,42,4, -50.0000000000
2020,11,12,11,42,4, -49.6774000000
2020,11,12,11,42,4, -50.0000000000
2020,11,12,11,42,5, -47.7419000000
2020,11,12,11,42,5, -50.0000000000
2020,11,12,11,42,5, -49.6774000000
2020,11,12,11,42,5, -49.6774000000
2020,11,12,11,42,6, -50.0000000000
2020,11,12,11,42,6, -48.3871000000
2020,11,12,11,42,6, -48.3871000000
2020,11,12,11,42,6, -50.0000000000
2020,11,12,11,42,7, -49.3548000000
2020,11,12,11,42,7, -49.6774000000
2020,11,12,11,42,7, -50.0000000000
2020,11,12,11,42,7, -48.0645000000
2020,11,12,11,42,8, -50.0000000000
2020,11,12,11,42,8, -48.3871000000
2020,11,12,11,42,8, -50.0000000000
2020,11,12,11,42,8, -48.0645000000
2020,11,12,11,42,9, -50.0000000000
2020,11,12,11,42,9, -49.6774000000
2020,11,12,11,42,9, -47.7419000000
2020,11,12,11,42,10, -50.0000000000
2020,11,12,11,42,10, -50.0000000000
2020,11,12,11,42,10, -48.0645000000
2020,11,12,11,42,10, -49.3548000000
2020,11,12,11,42,11, -50.0000000000
2020,11,12,11,42,11, -48.0645000000
2020,11,12,11,42,11, -50.0000000000
2020,11,12,11,42,11, -49.6774000000
2020,11,12,11,42,12, -48.0645000000
2020,11,12,11,42,12, -50.0000000000
2020,11,12,11,42,12, -48.3871000000
2020,11,12,11,42,12, -49.3548000000
2020,11,12,11,42,13, -50.0000000000
2020,11,12,11,42,13, -48.0645000000
2020,11,12,11,42,13, -49.6774000000
2020,11,12,11,42,13, -50.0000000000
2020,11,12,11,42,14, -50.0000000000
2020,11,12,11,42,14, -47.7419000000
2020,11,12,11,42,14, -50.0000000000
2020,11,12,11,42,14, -50.0000000000
2020,11,12,11,42,15, -50.0000000000
2020,11,12,11,42,15, -50.0000000000
2020,11,12,11,42,15, -47.7419000000
2020,11,12,11,42,15, -50.0000000000
2020,11,12,11,42,16, -50.0000000000
2020,11,12,11,42,16, -48.3871000000
2020,11,12,11,42,16, -48.3871000000
2020,11,12,11,42,16, -50.0000000000
2020,11,12,11,42,17, -48.0645000000
2020,11,12,11,42,17, -50.0000000000
2020,11,12,11,42,17, -50.0000000000
2020,11,12,11,42,17, -50.0000000000
2020,11,12,11,42,18, -50.0000000000
2020,11,12,11,42,18, -48.0645000000
2020,11,12,11,42,18, -50.0000000000
2020,11,12,11,42,19, -50.0000000000
2020,11,12,11,42,19, -48.0645000000
2020,11,12,11,42,19, -48.3871000000
2020,11,12,11,42,19, -50.0000000000
2020,11,12,11,42,20, -50.0000000000
2020,11,12,11,42,20, -48.3871000000
2020,11,12,11,42,20, -50.0000000000
2020,11,12,11,42,20, -47.7419000000
2020,11,12,11,42,21, -50.0000000000
2020,11,12,11,42,21, -50.0000000000
2020,11,12,11,42,21, -48.7097000000
2020,11,12,11,42,21, -50.0000000000
2020,11,12,11,42,22, -48.3871000000
2020,11,12,11,42,22, -50.0000000000
2020,11,12,11,42,22, -48.0645000000
2020,11,12,11,42,22, -50.0000000000
2020,11,12,11,42,23, -48.3871000000
2020,11,12,11,42,23, -49.3548000000
2020,11,12,11,42,23, -50.0000000000
2020,11,12,11,42,23, -48.0645000000
2020,11,12,11,42,24, -50.0000000000
2020,11,12,11,42,24, -47.7419000000
2020,11,12,11,42,24, -50.0000000000
2020,11,12,11,42,24, -50.0000000000
2020,11,12,11,42,25, -47.4194000000
2020,11,12,11,42,25, -50.0000000000
2020,11,12,11,42,25, -50.0000000000
2020,11,12,11,42,25, -48.7097000000
2020,11,12,11,42,26, -50.0000000000
2020,11,12,11,42,26, -48.0645000000
2020,11,12,11,42,26, -48.3871000000
2020,11,12,11,42,27, -50.0000000000
2020,11,12,11,42,27, -49.6774000000
2020,11,12,11,42,27, -48.7097000000
2020,11,12,11,42,27, -50.0000000000
2020,11,12,11,42,28, -50.0000000000
2020,11,12,11,42,28, -47.7419000000
2020,11,12,11,42,28, -49.6774000000
2020,11,12,11,42,28, -50.0000000000
2020,11,12,11,42,29, -47.7419000000
2020,11,12,11,42,29, -50.0000000000
2020,11,12,11,42,29, -49.3548000000
2020,11,12,11,42,29, -48.0645000000
2020,11,12,11,42,30, -48.7097000000
2020,11,12,11,42,30, -50.0000000000
2020,11,12,11,42,30, -50.0000000000
2020,11,12,11,42,30, -48.7097000000
2020,11,12,11,42,31, -50.0000000000
2020,11,12,11,42,31, -48.3871000000
2020,11,12,11,42,31, -48.7097000000
2020,11,12,11,42,31, -50.0000000000
2020,11,12,11,42,32, -48.7097000000
2020,11,12,11,42,32, -50.0000000000
2020,11,12,11,42,32, -49.3548000000
2020,11,12,11,42,32, -48.0645000000
2020,11,12,11,42,33, -50.0000000000
2020,11,12,11,42,33, -49.3548000000
2020,11,12,11,42,33, -49.3548000000
2020,11,12,11,42,33, -50.0000000000
2020,11,12,11,42,34, -48.0645000000
2020,11,12,11,42,34, -49.6774000000
2020,11,12,11,42,34, -50.0000000000
2020,11,12,11,42,35, -47.7419000000
2020,11,12,11,42,35, -50.0000000000
2020,11,12,11,42,35, -50.0000000000
2020,11,12,11,42,35, -47.7419000000
2020,11,12,11,42,36, -50.0000000000
2020,11,12,11,42,36, -48.7097000000
2020,11,12,11,42,36, -49.3548000000
2020,11,12,11,42,36, -50.0000000000
2020,11,12,11,42,37, -49.0323000000
2020,11,12,11,42,37, -50.0000000000
2020,11,12,11,42,37, -47.7419000000
2020,11,12,11,42,37, -50.0000000000
2020,11,12,11,42,38, -50.0000000000
2020,11,12,11,42,38, -47.7419000000
2020,11,12,11,42,38, -50.0000000000
2020,11,12,11,42,38, -48.7097000000
2020,11,12,11,42,39, -48.7097000000
2020,11,12,11,42,39, -48.3871000000
2020,11,12,11,42,39, -50.0000000000
2020,11,12,11,42,39, -48.0645000000
2020,11,12,11,42,40, -50.0000000000
2020,11,12,11,42,40, -50.0000000000
2020,11,12,11,42,40, -47.4194000000
2020,11,12,11,42,40, -50.0000000000
2020,11,12,11,42,41, -47.7419000000
2020,11,12,11,42,41, -50.0000000000
2020,11,12,11,42,41, -49.6774000000
2020,11,12,11,42,41, -50.0000000000
2020,11,12,11,42,42, -47.4194000000
2020,11,12,11,42,42, -50.0000000000
2020,11,12,11,42,42, -50.0000000000
2020,11,12,11,42,43, -48.7097000000
2020,11,12,11,42,43, -50.0000000000
2020,11,12,11,42,43, -48.0645000000
2020,11,12,11,42,43, -49.6774000000
2020,11,12,11,42,44, -50.0000000000
2020,11,12,11,42,44, -48.0645000000
2020,11,12,11,42,44, -50.0000000000
2020,11,12,11,42,44, -50.0000000000
2020,11,12,11,42,45, -47.7419000000
2020,11,12,11,42,45, -50.0000000000
2020,11,12,11,42,45, -50.0000000000
2020,11,12,11,42,45, -47.7419000000
2020,11,12,11,42,46, -50.0000000000
2020,11,12,11,42,46, -48.7097000000
2020,11,12,11,42,46, -48.7097000000
2020,11,12,11,42,46, -50.0000000000
2020,11,12,11,42,47, -48.0645000000
2020,11,12,11,42,47, -50.0000000000
2020,11,12,11,42,47, -48.3871000000
2020,11,12,11,42,47, -49.6774000000
2020,11,12,11,42,48, -50.0000000000
2020,11,12,11,42,48, -48.0645000000
2020,11,12,11,42,48, -50.0000000000
2020,11,12,11,42,48, -47.7419000000
2020,11,12,11,42,49, -50.0000000000
2020,11,12,11,42,49, -50.0000000000
2020,11,12,11,42,49, -48.0645000000
2020,11,12,11,42,49, -50.0000000000
2020,11,12,11,42,50, -48.7097000000
2020,11,12,11,42,50, -50.0000000000
2020,11,12,11,42,50, -47.7419000000
2020,11,12,11,42,51, -50.0000000000
2020,11,12,11,42,51, -50.0000000000
2020,11,12,11,42,51, -47.7419000000
2020,11,12,11,42,51, -50.0000000000
2020,11,12,11,42,52, -50.0000000000
2020,11,12,11,42,52, -50.0000000000
2020,11,12,11,42,52, -47.7419000000
2020,11,12,11,42,52, -50.0000000000
2020,11,12,11,42,53, -50.0000000000
2020,11,12,11,42,53, -48.0645000000
2020,11,12,11,42,53, -50.0000000000
2020,11,12,11,42,53, -48.7097000000
2020,11,12,11,42,54, -48.7097000000
2020,11,12,11,42,54, -50.0000000000
2020,11,12,11,42,54, -47.7419000000
2020,11,12,11,42,54, -50.0000000000
2020,11,12,11,42,55, -50.0000000000
2020,11,12,11,42,55, -47.7419000000
2020,11,12,11,42,55, -50.0000000000
2020,11,12,11,42,55, -49.6774000000
2020,11,12,11,42,56, -48.3871000000
2020,11,12,11,42,56, -50.0000000000
2020,11,12,11,42,56, -49.3548000000
2020,11,12,11,42,56, -48.3871000000
2020,11,12,11,42,57, -49.6774000000
2020,11,12,11,42,57, -48.3871000000
2020,11,12,11,42,57, -50.0000000000
2020,11,12,11,42,57, -48.0645000000
2020,11,12,11,42,58, -50.0000000000
2020,11,12,11,42,58, -50.0000000000
2020,11,12,11,42,58, -48.0645000000
2020,11,12,11,42,58, -50.0000000000
2020,11,12,11,42,59, -48.3871000000
2020,11,12,11,42,59, -50.0000000000
2020,11,12,11,42,59, -48.0645000000
2020,11,12,11,43,0, -49.6774000000
2020,11,12,11,43,0, -50.0000000000
2020,11,12,11,43,0, -47.7419000000
2020,11,12,11,43,0, -50.0000000000
2020,11,12,11,43,1, -48.7097000000
2020,11,12,11,43,1, -49.3548000000
2020,11,12,11,43,1, -50.0000000000
2020,11,12,11,43,1, -47.7419000000
2020,11,12,11,43,2, -50.0000000000
2020,11,12,11,43,2, -50.0000000000
2020,11,12,11,43,2, -47.7419000000
2020,11,12,11,43,2, -50.0000000000
2020,11,12,11,43,3, -50.0000000000
2020,11,12,11,43,3, -48.3871000000
2020,11,12,11,43,3, -49.0323000000
2020,11,12,11,43,3, -50.0000000000
2020,11,12,11,43,4, -50.0000000000
2020,11,12,11,43,4, -48.3871000000
2020,11,12,11,43,4, -49.0323000000
2020,11,12,11,43,4, -50.0000000000
2020,11,12,11,43,5, -48.3871000000
2020,11,12,11,43,5, -49.3548000000
2020,11,12,11,43,5, -48.3871000000
2020,11,12,11,43,5, -50.0000000000
2020,11,12,11,43,6, -49.0323000000
2020,11,12,11,43,6, -50.0000000000
2020,11,12,11,43,6, -50.0000000000
2020,11,12,11,43,6, -47.7419000000
2020,11,12,11,43,7, -48.7097000000
2020,11,12,11,43,7, -50.0000000000
2020,11,12,11,43,7, -50.0000000000
2020,11,12,11,43,8, -47.7419000000
2020,11,12,11,43,8, -50.0000000000
2020,11,12,11,43,8, -50.0000000000
2020,11,12,11,43,8, -47.7419000000
2020,11,12,11,43,9, -50.0000000000
2020,11,12,11,43,9, -48.7097000000
2020,11,12,11,43,9, -50.0000000000
2020,11,12,11,43,9, -50.0000000000
2020,11,12,11,43,10, -48.7097000000
2020,11,12,11,43,10, -50.0000000000
2020,11,12,11,43,10, -48.0645000000
2020,11,12,11,43,10, -49.6774000000
2020,11,12,11,43,11, -50.0000000000
2020,11,12,11,43,11, -48.3871000000
2020,11,12,11,43,11, -50.0000000000
2020,11,12,11,43,11, -47.7419000000
2020,11,12,11,43,12, -50.0000000000
2020,11,12,11,43,12, -50.0000000000
2020,11,12,11,43,12, -47.7419000000
2020,11,12,11,43,12, -50.0000000000
2020,11,12,11,43,13, -48.3871000000
2020,11,12,11,43,13, -49.3548000000
2020,11,12,11,43,13, -49.3548000000
2020,11,12,11,43,13, -49.0323000000
2020,11,12,11,43,14, -50.0000000000
2020,11,12,11,43,14, -47.7419000000
2020,11,12,11,43,14, -50.0000000000
2020,11,12,11,43,15, -50.0000000000
2020,11,12,11,43,15, -49.3548000000
2020,11,12,11,43,15, -48.0645000000
2020,11,12,11,43,15, -50.0000000000
2020,11,12,11,43,16, -49.0323000000
2020,11,12,11,43,16, -48.7097000000
2020,11,12,11,43,16, -50.0000000000
2020,11,12,11,43,16, -47.7419000000
2020,11,12,11,43,17, -50.0000000000
2020,11,12,11,43,17, -49.6774000000
2020,11,12,11,43,17, -47.7419000000
2020,11,12,11,43,17, -50.0000000000
2020,11,12,11,43,18, -47.7419000000
2020,11,12,11,43,18, -50.0000000000
2020,11,12,11,43,18, -50.0000000000
2020,11,12,11,43,18, -47.7419000000
2020,11,12,11,43,19, -50.0000000000
2020,11,12,11,43,19, -48.3871000000
2020,11,12,11,43,19, -49.0323000000
2020,11,12,11,43,19, -50.0000000000
2020,11,12,11,43,20, -49.0323000000
2020,11,12,11,43,20, -50.0000000000
2020,11,12,11,43,20, -48.0645000000
2020,11,12,11,43,20, -50.0000000000
2020,11,12,11,43,21, -50.0000000000
2020,11,12,11,43,21, -47.7419000000
2020,11,12,11,43,21, -50.0000000000
2020,11,12,11,43,21, -50.0000000000
2020,11,12,11,43,22, -47.7419000000
2020,11,12,11,43,22, -50.0000000000
2020,11,12,11,43,22, -49.0323000000
2020,11,12,11,43,23, -50.0000000000
2020,11,12,11,43,23, -48.3871000000
2020,11,12,11,43,23, -50.0000000000
2020,11,12,11,43,23, -48.0645000000
2020,11,12,11,43,24, -49.0323000000
2020,11,12,11,43,24, -50.0000000000
2020,11,12,11,43,24, -48.3871000000
2020,11,12,11,43,24, -50.0000000000
2020,11,12,11,43,25, -47.7419000000
2020,11,12,11,43,25, -50.0000000000
2020,11,12,11,43,25, -48.0645000000
2020,11,12,11,43,25, -50.0000000000
2020,11,12,11,43,26, -50.0000000000
2020,11,12,11,43,26, -48.0645000000
2020,11,12,11,43,26, -48.3871000000
2020,11,12,11,43,26, -50.0000000000
2020,11,12,11,43,27, -50.0000000000
2020,11,12,11,43,27, -47.7419000000
2020,11,12,11,43,27, -50.0000000000
2020,11,12,11,43,27, -50.0000000000
2020,11,12,11,43,28, -47.7419000000
2020,11,12,11,43,28, -50.0000000000
2020,11,12,11,43,28, -49.3548000000
2020,11,12,11,43,28, -48.3871000000
2020,11,12,11,43,29, -50.0000000000
2020,11,12,11,43,29, -47.7419000000
2020,11,12,11,43,29, -50.0000000000
2020,11,12,11,43,29, -49.0323000000
2020,11,12,11,43,30, -50.0000000000
2020,11,12,11,43,30, -50.0000000000
2020,11,12,11,43,30, -48.0645000000
2020,11,12,11,43,30, -50.0000000000
2020,11,12,11,43,31, -49.0323000000
2020,11,12,11,43,31, -48.3871000000
2020,11,12,11,43,31, -50.0000000000
2020,11,12,11,43,32, -49.0323000000
2020,11,12,11,43,32, -50.0000000000
2020,11,12,11,43,32, -48.0645000000
2020,11,12,11,43,32, -49.3548000000
2020,11,12,11,43,33, -50.0000000000
2020,11,12,11,43,33, -48.0645000000
2020,11,12,11,43,33, -49.3548000000
2020,11,12,11,43,33, -50.0000000000
2020,11,12,11,43,34, -47.7419000000
2020,11,12,11,43,34, -50.0000000000
2020,11,12,11,43,34, -50.0000000000
2020,11,12,11,43,34, -48.3871000000
2020,11,12,11,43,35, -50.0000000000
2020,11,12,11,43,35, -48.7097000000
2020,11,12,11,43,35, -50.0000000000
2020,11,12,11,43,35, -50.0000000000
2020,11,12,11,43,36, -47.7419000000
2020,11,12,11,43,36, -50.0000000000
2020,11,12,11,43,36, -50.0000000000
2020,11,12,11,43,36, -48.0645000000
2020,11,12,11,43,37, -50.0000000000
2020,11,12,11,43,37, -48.3871000000
2020,11,12,11,43,37, -49.3548000000
2020,11,12,11,43,37, -50.0000000000
2020,11,12,11,43,38, -48.0645000000
2020,11,12,11,43,38, -49.6774000000
2020,11,12,11,43,38, -50.0000000000
2020,11,12,11,43,38, -49.6774000000
2020,11,12,11,43,39, -49.6774000000
2020,11,12,11,43,39, -50.0000000000
2020,11,12,11,43,39, -47.7419000000
2020,11,12,11,43,40, -50.0000000000
2020,11,12,11,43,40, -48.3871000000
2020,11,12,11,43,40, -49.0323000000
2020,11,12,11,43,40, -50.0000000000
2020,11,12,11,43,41, -48.0645000000
2020,11,12,11,43,41, -49.3548000000
2020,11,12,11,43,41, -50.0000000000
2020,11,12,11,43,41, -48.0645000000
2020,11,12,11,43,42, -50.0000000000
2020,11,12,11,43,42, -49.6774000000
2020,11,12,11,43,42, -48.0645000000
2020,11,12,11,43,42, -50.0000000000
2020,11,12,11,43,43, -50.0000000000
2020,11,12,11,43,43, -49.0323000000
2020,11,12,11,43,43, -50.0000000000
2020,11,12,11,43,43, -48.7097000000
2020,11,12,11,43,44, -50.0000000000
2020,11,12,11,43,44, -49.6774000000
2020,11,12,11,43,44, -48.0645000000
2020,11,12,11,43,44, -50.0000000000
2020,11,12,11,43,45, -49.6774000000
2020,11,12,11,43,45, -49.0323000000
2020,11,12,11,43,45, -50.0000000000
2020,11,12,11,43,45, -48.7097000000
2020,11,12,11,43,46, -50.0000000000
2020,11,12,11,43,46, -48.3871000000
2020,11,12,11,43,46, -50.0000000000
2020,11,12,11,43,46, -50.0000000000
2020,11,12,11,43,47, -48.0645000000
2020,11,12,11,43,47, -50.0000000000
2020,11,12,11,43,47, -50.0000000000
2020,11,12,11,43,48, -48.3871000000
2020,11,12,11,43,48, -49.3548000000
2020,11,12,11,43,48, -50.0000000000
2020,11,12,11,43,48, -47.7419000000
2020,11,12,11,43,49, -50.0000000000
2020,11,12,11,43,49, -48.0645000000
2020,11,12,11,43,49, -50.0000000000
2020,11,12,11,43,49, -50.0000000000
2020,11,12,11,43,50, -49.0323000000
2020,11,12,11,43,50, -48.7097000000
2020,11,12,11,43,50, -48.3871000000
2020,11,12,11,43,50, -50.0000000000
2020,11,12,11,43,51, -49.3548000000
2020,11,12,11,43,51, -48.0645000000
2020,11,12,11,43,51, -50.0000000000
2020,11,12,11,43,51, -49.3548000000
2020,11,12,11,43,52, -49.6774000000
2020,11,12,11,43,52, -50.0000000000
2020,11,12,11,43,52, -47.7419000000
2020,11,12,11,43,52, -50.0000000000
2020,11,12,11,43,53, -50.0000000000
2020,11,12,11,43,53, -47.7419000000
2020,11,12,11,43,53, -50.0000000000
2020,11,12,11,43,53, -48.7097000000
2020,11,12,11,43,54, -50.0000000000
2020,11,12,11,43,54, -50.0000000000
2020,11,12,11,43,54, -48.0645000000
2020,11,12,11,43,55, -50.0000000000
2020,11,12,11,43,55, -48.0645000000
2020,11,12,11,43,55, -50.0000000000
2020,11,12,11,43,55, -48.3871000000
2020,11,12,11,43,56, -50.0000000000
2020,11,12,11,43,56, -48.7097000000
2020,11,12,11,43,56, -50.0000000000
2020,11,12,11,43,56, -47.7419000000
2020,11,12,11,43,57, -50.0000000000
2020,11,12,11,43,57, -48.7097000000
2020,11,12,11,43,57, -48.7097000000
2020,11,12,11,43,57, -50.0000000000
2020,11,12,11,43,58, -49.0323000000
2020,11,12,11,43,58, -50.0000000000
2020,11,12,11,43,58, -50.0000000000
2020,11,12,11,43,58, -47.7419000000
2020,11,12,11,43,59, -50.0000000000
2020,11,12,11,43,59, -50.0000000000
2020,11,12,11,43,59, -47.7419000000
2020,11,12,11,43,59, -50.0000000000
2020,11,12,11,44,0, -49.3548000000
2020,11,12,11,44,0, -48.0645000000
2020,11,12,11,44,0, -50.0000000000
2020,11,12,11,44,0, -50.0000000000
2020,11,12,11,44,1, -47.7419000000
2020,11,12,11,44,1, -50.0000000000
2020,11,12,11,44,1, -48.0645000000
2020,11,12,11,44,1, -49.6774000000
2020,11,12,11,44,2, -50.0000000000
2020,11,12,11,44,2, -48.3871000000
2020,11,12,11,44,2, -49.6774000000
2020,11,12,11,44,3, -48.7097000000
2020,11,12,11,44,3, -49.0323000000
2020,11,12,11,44,3, -50.0000000000
2020,11,12,11,44,3, -50.0000000000
2020,11,12,11,44,4, -48.7097000000
2020,11,12,11,44,4, -50.0000000000
2020,11,12,11,44,4, -50.0000000000
2020,11,12,11,44,4, -47.7419000000
2020,11,12,11,44,5, -50.0000000000
2020,11,12,11,44,5, -50.0000000000
2020,11,12,11,44,5, -47.7419000000
2020,11,12,11,44,5, -50.0000000000
2020,11,12,11,44,6, -48.7097000000
2020,11,12,11,44,6, -49.0323000000
2020,11,12,11,44,6, -50.0000000000
2020,11,12,11,44,6, -48.3871000000
2020,11,12,11,44,7, -50.0000000000
2020,11,12,11,44,7, -48.3871000000
2020,11,12,11,44,7, -49.3548000000
2020,11,12,11,44,7, -49.0323000000
2020,11,12,11,44,8, -50.0000000000
2020,11,12,11,44,8, -47.7419000000
2020,11,12,11,44,8, -50.0000000000
2020,11,12,11,44,8, -50.0000000000
2020,11,12,11,44,9, -50.0000000000
2020,11,12,11,44,9, -50.0000000000
2020,11,12,11,44,9, -47.7419000000
2020,11,12,11,44,10, -50.0000000000
2020,11,12,11,44,10, -50.0000000000
2020,11,12,11,44,10, -47.7419000000
2020,11,12,11,44,10, -50.0000000000
2020,11,12,11,44,11, -49.3548000000
2020,11,12,11,44,11, -48.3871000000
2020,11,12,11,44,11, -50.0000000000
2020,11,12,11,44,11, -50.0000000000
2020,11,12,11,44,12, -47.7419000000
2020,11,12,11,44,12, -50.0000000000
2020,11,12,11,44,12, -50.0000000000
2020,11,12,11,44,12, -48.0645000000
2020,11,12,11,44,13, -50.0000000000
2020,11,12,11,44,13, -49.0323000000
2020,11,12,11,44,13, -48.3871000000
2020,11,12,11,44,13, -50.0000000000
2020,11,12,11,44,14, -48.0645000000
2020,11,12,11,44,14, -50.0000000000
2020,11,12,11,44,14, -50.0000000000
2020,11,12,11,44,14, -47.7419000000
2020,11,12,11,44,15, -50.0000000000
2020,11,12,11,44,15, -50.0000000000
2020,11,12,11,44,15, -48.0645000000
2020,11,12,11,44,15, -50.0000000000
2020,11,12,11,44,16, -47.7419000000
2020,11,12,11,44,16, -48.7097000000
2020,11,12,11,44,16, -50.0000000000
2020,11,12,11,44,16, -50.0000000000
2020,11,12,11,44,17, -48.0645000000
2020,11,12,11,44,17, -50.0000000000
2020,11,12,11,44,17, -47.7419000000
2020,11,12,11,44,17, -50.0000000000
2020,11,12,11,44,18, -48.0645000000
2020,11,12,11,44,18, -49.3548000000
2020,11,12,11,44,18, -50.0000000000
2020,11,12,11,44,19, -48.0645000000
2020,11,12,11,44,19, -50.0000000000
2020,11,12,11,44,19, -47.7419000000
2020,11,12,11,44,19, -50.0000000000
2020,11,12,11,44,20, -50.0000000000
2020,11,12,11,44,20, -47.7419000000
2020,11,12,11,44,20, -50.0000000000
2020,11,12,11,44,20, -48.3871000000
2020,11,12,11,44,21, -50.0000000000
2020,11,12,11,44,21, -48.0645000000
2020,11,12,11,44,21, -50.0000000000
2020,11,12,11,44,21, -50.0000000000
2020,11,12,11,44,22, -47.7419000000
2020,11,12,11,44,22, -50.0000000000
2020,11,12,11,44,22, -49.6774000000
2020,11,12,11,44,22, -48.3871000000
2020,11,12,11,44,23, -50.0000000000
2020,11,12,11,44,23, -49.0323000000
2020,11,12,11,44,23, -48.7097000000
2020,11,12,11,44,23, -50.0000000000
2020,11,12,11,44,24, -48.0645000000
2020,11,12,11,44,24, -50.0000000000
2020,11,12,11,44,24, -50.0000000000
2020,11,12,11,44,24, -47.7419000000
2020,11,12,11,44,25, -50.0000000000
2020,11,12,11,44,25, -49.3548000000
2020,11,12,11,44,25, -48.0645000000
2020,11,12,11,44,25, -50.0000000000
2020,11,12,11,44,26, -50.0000000000
2020,11,12,11,44,26, -48.3871000000
2020,11,12,11,44,26, -48.7097000000
2020,11,12,11,44,26, -50.0000000000
2020,11,12,11,44,27, -50.0000000000
2020,11,12,11,44,27, -48.3871000000
2020,11,12,11,44,27, -49.0323000000
2020,11,12,11,44,28, -50.0000000000
2020,11,12,11,44,28, -47.7419000000
2020,11,12,11,44,28, -50.0000000000
2020,11,12,11,44,28, -49.3548000000
2020,11,12,11,44,29, -50.0000000000
2020,11,12,11,44,29, -48.0645000000
2020,11,12,11,44,29, -49.3548000000
2020,11,12,11,44,29, -50.0000000000
2020,11,12,11,44,30, -50.0000000000
2020,11,12,11,44,30, -49.6774000000
2020,11,12,11,44,30, -48.0645000000
2020,11,12,11,44,30, -50.0000000000
2020,11,12,11,44,31, -50.0000000000
2020,11,12,11,44,31, -48.7097000000
2020,11,12,11,44,31, -48.7097000000
2020,11,12,11,44,31, -50.0000000000
2020,11,12,11,44,32, -48.3871000000
2020,11,12,11,44,32, -50.0000000000
2020,11,12,11,44,32, -50.0000000000
2020,11,12,11,44,32, -47.7419000000
2020,11,12,11,44,33, -49.3548000000
2020,11,12,11,44,33, -50.0000000000
2020,11,12,11,44,33, -50.0000000000
2020,11,12,11,44,33, -48.0645000000
2020,11,12,11,44,34, -49.3548000000
2020,11,12,11,44,34, -50.0000000000
2020,11,12,11,44,34, -48.0645000000
2020,11,12,11,44,34, -48.3871000000
2020,11,12,11,44,35, -50.0000000000
2020,11,12,11,44,35, -50.0000000000
2020,11,12,11,44,35, -47.7419000000
2020,11,12,11,44,36, -50.0000000000
2020,11,12,11,44,36, -49.6774000000
2020,11,12,11,44,36, -48.7097000000
2020,11,12,11,44,36, -50.0000000000
2020,11,12,11,44,37, -47.7419000000
2020,11,12,11,44,37, -50.0000000000
2020,11,12,11,44,37, -50.0000000000
2020,11,12,11,44,37, -49.6774000000
2020,11,12,11,44,38, -48.3871000000
2020,11,12,11,44,38, -50.0000000000
2020,11,12,11,44,38, -48.7097000000
2020,11,12,11,44,38, -48.7097000000
2020,11,12,11,44,39, -50.0000000000
2020,11,12,11,44,39, -48.0645000000
2020,11,12,11,44,39, -50.0000000000
2020,11,12,11,44,39, -50.0000000000
2020,11,12,11,44,40, -47.7419000000
2020,11,12,11,44,40, -50.0000000000
2020,11,12,11,44,40, -47.7419000000
2020,11,12,11,44,40, -50.0000000000
2020,11,12,11,44,41, -50.0000000000
2020,11,12,11,44,41, -50.0000000000
2020,11,12,11,44,41, -47.4194000000
2020,11,12,11,44,41, -50.0000000000
2020,11,12,11,44,42, -49.6774000000
2020,11,12,11,44,42, -48.0645000000
2020,11,12,11,44,42, -50.0000000000
2020,11,12,11,44,42, -48.3871000000
2020,11,12,11,44,43, -50.0000000000
2020,11,12,11,44,43, -49.6774000000
2020,11,12,11,44,43, -48.0645000000
2020,11,12,11,44,44, -50.0000000000
2020,11,12,11,44,44, -49.0323000000
2020,11,12,11,44,44, -50.0000000000
2020,11,12,11,44,44, -47.7419000000
2020,11,12,11,44,45, -50.0000000000
2020,11,12,11,44,45, -50.0000000000
2020,11,12,11,44,45, -48.0645000000
2020,11,12,11,44,45, -50.0000000000
2020,11,12,11,44,46, -48.7097000000
2020,11,12,11,44,46, -50.0000000000
2020,11,12,11,44,46, -48.0645000000
2020,11,12,11,44,46, -50.0000000000
2020,11,12,11,44,47, -48.0645000000
2020,11,12,11,44,47, -49.6774000000
2020,11,12,11,44,47, -50.0000000000
2020,11,12,11,44,47, -47.7419000000
2020,11,12,11,44,48, -50.0000000000
2020,11,12,11,44,48, -48.7097000000
2020,11,12,11,44,48, -50.0000000000
2020,11,12,11,44,48, -48.0645000000
2020,11,12,11,44,49, -49.3548000000
