2020,11,12,11,12,1,   5.1640000000
2020,11,12,11,12,1,   5.1640000000
2020,11,12,11,12,1,   5.1440000000
2020,11,12,11,12,1,   5.1440000000
2020,11,12,11,12,2,   5.1480000000
2020,11,12,11,12,2,   5.1560000000
2020,11,12,11,12,2,   5.1480000000
2020,11,12,11,12,2,   5.1440000000
2020,11,12,11,12,3,   5.1440000000
2020,11,12,11,12,3,   5.1440000000
2020,11,12,11,12,3,   5.1680000000
2020,11,12,11,12,3,   5.1640000000
2020,11,12,11,12,4,   5.1880000000
2020,11,12,11,12,4,   5.1800000000
2020,11,12,11,12,4,   5.1960000000
2020,11,12,11,12,5,   5.1600000000
2020,11,12,11,12,5,   5.1880000000
2020,11,12,11,12,5,   5.1680000000
2020,11,12,11,12,5,   5.1480000000
2020,11,12,11,12,6,   5.1440000000
2020,11,12,11,12,6,   5.1440000000
2020,11,12,11,12,6,   5.1400000000
2020,11,12,11,12,6,   5.1440000000
2020,11,12,11,12,7,   5.1400000000
2020,11,12,11,12,7,   5.1440000000
2020,11,12,11,12,7,   5.1480000000
2020,11,12,11,12,7,   5.1560000000
2020,11,12,11,12,8,   5.1440000000
2020,11,12,11,12,8,   5.1480000000
2020,11,12,11,12,8,   5.1480000000
2020,11,12,11,12,8,   5.1480000000
2020,11,12,11,12,9,   5.1400000000
2020,11,12,11,12,9,   5.1320000000
2020,11,12,11,12,9,   5.1440000000
2020,11,12,11,12,10,   5.1440000000
2020,11,12,11,12,10,   5.1440000000
2020,11,12,11,12,10,   5.1440000000
2020,11,12,11,12,10,   5.1440000000
2020,11,12,11,12,11,   5.1440000000
2020,11,12,11,12,11,   5.1440000000
2020,11,12,11,12,11,   5.1480000000
2020,11,12,11,12,11,   5.1480000000
2020,11,12,11,12,12,   5.1440000000
2020,11,12,11,12,12,   5.1400000000
2020,11,12,11,12,12,   5.1480000000
2020,11,12,11,12,12,   5.1400000000
2020,11,12,11,12,13,   5.1440000000
2020,11,12,11,12,13,   5.1360000000
2020,11,12,11,12,13,   5.1440000000
2020,11,12,11,12,14,   5.1440000000
2020,11,12,11,12,14,   5.1400000000
2020,11,12,11,12,14,   5.1560000000
2020,11,12,11,12,14,   5.1400000000
2020,11,12,11,12,15,   5.1400000000
2020,11,12,11,12,15,   5.1480000000
2020,11,12,11,12,15,   5.1440000000
2020,11,12,11,12,15,   5.1440000000
2020,11,12,11,12,16,   5.1440000000
2020,11,12,11,12,16,   5.1520000000
2020,11,12,11,12,16,   5.1360000000
2020,11,12,11,12,17,   5.1440000000
2020,11,12,11,12,17,   5.1400000000
2020,11,12,11,12,17,   5.1520000000
2020,11,12,11,12,17,   5.1440000000
2020,11,12,11,12,18,   5.1400000000
2020,11,12,11,12,18,   5.1320000000
2020,11,12,11,12,18,   5.1440000000
2020,11,12,11,12,18,   5.1400000000
2020,11,12,11,12,19,   5.1480000000
2020,11,12,11,12,19,   5.1440000000
2020,11,12,11,12,19,   5.1400000000
2020,11,12,11,12,19,   5.1440000000
2020,11,12,11,12,20,   5.1400000000
2020,11,12,11,12,20,   5.1400000000
2020,11,12,11,12,20,   5.1400000000
2020,11,12,11,12,20,   5.1400000000
2020,11,12,11,12,21,   5.1400000000
2020,11,12,11,12,21,   5.1360000000
2020,11,12,11,12,21,   5.1520000000
2020,11,12,11,12,22,   5.1400000000
2020,11,12,11,12,22,   5.1400000000
2020,11,12,11,12,22,   5.1400000000
2020,11,12,11,12,22,   5.1560000000
2020,11,12,11,12,23,   5.1400000000
2020,11,12,11,12,23,   5.1400000000
2020,11,12,11,12,23,   5.1440000000
2020,11,12,11,12,23,   5.1440000000
2020,11,12,11,12,24,   5.1440000000
2020,11,12,11,12,24,   5.1400000000
2020,11,12,11,12,24,   5.1440000000
2020,11,12,11,12,24,   5.1440000000
2020,11,12,11,12,25,   5.1400000000
2020,11,12,11,12,25,   5.1440000000
2020,11,12,11,12,25,   5.1440000000
2020,11,12,11,12,25,   5.1400000000
2020,11,12,11,12,26,   5.1400000000
2020,11,12,11,12,26,   5.1440000000
2020,11,12,11,12,26,   5.1440000000
2020,11,12,11,12,27,   5.1440000000
2020,11,12,11,12,27,   5.1440000000
2020,11,12,11,12,27,   5.1400000000
2020,11,12,11,12,27,   5.1320000000
2020,11,12,11,12,28,   5.1480000000
2020,11,12,11,12,28,   5.1440000000
2020,11,12,11,12,28,   5.1400000000
2020,11,12,11,12,28,   5.1400000000
2020,11,12,11,12,29,   5.1400000000
2020,11,12,11,12,29,   5.1440000000
2020,11,12,11,12,29,   5.1480000000
2020,11,12,11,12,29,   5.1480000000
2020,11,12,11,12,30,   5.1440000000
2020,11,12,11,12,30,   5.1440000000
2020,11,12,11,12,30,   5.1480000000
2020,11,12,11,12,30,   5.1480000000
2020,11,12,11,12,31,   5.1400000000
2020,11,12,11,12,31,   5.1400000000
2020,11,12,11,12,31,   5.1400000000
2020,11,12,11,12,32,   5.1400000000
2020,11,12,11,12,32,   5.1440000000
2020,11,12,11,12,32,   5.1440000000
2020,11,12,11,12,32,   5.1440000000
2020,11,12,11,12,33,   5.1280000000
2020,11,12,11,12,33,   5.1200000000
2020,11,12,11,12,33,   5.1440000000
2020,11,12,11,12,33,   5.1480000000
2020,11,12,11,12,34,   5.1440000000
2020,11,12,11,12,34,   5.1440000000
2020,11,12,11,12,34,   5.1480000000
2020,11,12,11,12,34,   5.1480000000
2020,11,12,11,12,35,   5.1440000000
2020,11,12,11,12,35,   5.1440000000
2020,11,12,11,12,35,   5.1440000000
2020,11,12,11,12,35,   5.1480000000
2020,11,12,11,12,36,   5.1400000000
2020,11,12,11,12,36,   5.1440000000
2020,11,12,11,12,36,   5.1440000000
2020,11,12,11,12,37,   5.1360000000
2020,11,12,11,12,37,   5.1480000000
2020,11,12,11,12,37,   5.1440000000
2020,11,12,11,12,37,   5.1400000000
2020,11,12,11,12,38,   5.1400000000
2020,11,12,11,12,38,   5.1400000000
2020,11,12,11,12,38,   5.1400000000
2020,11,12,11,12,38,   5.1520000000
2020,11,12,11,12,39,   5.1400000000
2020,11,12,11,12,39,   5.1480000000
2020,11,12,11,12,39,   5.1440000000
2020,11,12,11,12,39,   5.1480000000
2020,11,12,11,12,40,   5.1440000000
2020,11,12,11,12,40,   5.1440000000
2020,11,12,11,12,40,   5.1440000000
2020,11,12,11,12,41,   5.1400000000
2020,11,12,11,12,41,   5.1560000000
2020,11,12,11,12,41,   5.1440000000
2020,11,12,11,12,41,   5.1400000000
2020,11,12,11,12,42,   5.1440000000
2020,11,12,11,12,42,   5.1520000000
2020,11,12,11,12,42,   5.1400000000
2020,11,12,11,12,42,   5.1440000000
2020,11,12,11,12,43,   5.1400000000
2020,11,12,11,12,43,   5.1400000000
2020,11,12,11,12,43,   5.1440000000
2020,11,12,11,12,43,   5.1400000000
2020,11,12,11,12,44,   5.1520000000
2020,11,12,11,12,44,   5.1520000000
2020,11,12,11,12,44,   5.1400000000
2020,11,12,11,12,45,   5.1400000000
2020,11,12,11,12,45,   5.1400000000
2020,11,12,11,12,45,   5.1440000000
2020,11,12,11,12,45,   5.1440000000
2020,11,12,11,12,46,   5.1440000000
2020,11,12,11,12,46,   5.1440000000
2020,11,12,11,12,46,   5.1440000000
2020,11,12,11,12,46,   5.1480000000
2020,11,12,11,12,47,   5.1520000000
2020,11,12,11,12,47,   5.1400000000
2020,11,12,11,12,47,   5.1400000000
2020,11,12,11,12,47,   5.1400000000
2020,11,12,11,12,48,   5.1400000000
2020,11,12,11,12,48,   5.1440000000
2020,11,12,11,12,48,   5.1400000000
2020,11,12,11,12,49,   5.1400000000
2020,11,12,11,12,49,   5.1440000000
2020,11,12,11,12,49,   5.1440000000
2020,11,12,11,12,49,   5.1440000000
2020,11,12,11,12,50,   5.1440000000
2020,11,12,11,12,50,   5.1480000000
2020,11,12,11,12,50,   5.1440000000
2020,11,12,11,12,50,   5.1360000000
2020,11,12,11,12,51,   5.1360000000
2020,11,12,11,12,51,   5.1440000000
2020,11,12,11,12,51,   5.1440000000
2020,11,12,11,12,51,   5.1440000000
2020,11,12,11,12,52,   5.1480000000
2020,11,12,11,12,52,   5.1480000000
2020,11,12,11,12,52,   5.1440000000
2020,11,12,11,12,52,   5.1400000000
2020,11,12,11,12,53,   5.1480000000
2020,11,12,11,12,53,   5.1480000000
2020,11,12,11,12,53,   5.1440000000
2020,11,12,11,12,54,   5.1480000000
2020,11,12,11,12,54,   5.1400000000
2020,11,12,11,12,54,   5.1440000000
2020,11,12,11,12,54,   5.1440000000
2020,11,12,11,12,55,   5.1440000000
2020,11,12,11,12,55,   5.1480000000
2020,11,12,11,12,55,   5.1480000000
2020,11,12,11,12,55,   5.1400000000
2020,11,12,11,12,56,   5.1440000000
2020,11,12,11,12,56,   5.1440000000
2020,11,12,11,12,56,   5.1400000000
2020,11,12,11,12,56,   5.1520000000
2020,11,12,11,12,57,   5.1560000000
2020,11,12,11,12,57,   5.1440000000
2020,11,12,11,12,57,   5.1440000000
2020,11,12,11,12,57,   5.1400000000
2020,11,12,11,12,58,   5.1400000000
2020,11,12,11,12,58,   5.1440000000
2020,11,12,11,12,58,   5.1400000000
2020,11,12,11,12,59,   5.1360000000
2020,11,12,11,12,59,   5.1400000000
2020,11,12,11,12,59,   5.1440000000
2020,11,12,11,12,59,   5.1400000000
2020,11,12,11,13,0,   5.1360000000
2020,11,12,11,13,0,   5.1520000000
2020,11,12,11,13,0,   5.1360000000
2020,11,12,11,13,0,   5.1360000000
2020,11,12,11,13,1,   5.1440000000
2020,11,12,11,13,1,   5.1480000000
2020,11,12,11,13,1,   5.1400000000
2020,11,12,11,13,1,   5.1440000000
2020,11,12,11,13,2,   5.1440000000
2020,11,12,11,13,2,   5.1440000000
2020,11,12,11,13,2,   5.1400000000
2020,11,12,11,13,3,   5.1400000000
2020,11,12,11,13,3,   5.1400000000
2020,11,12,11,13,3,   5.1440000000
2020,11,12,11,13,3,   5.1400000000
2020,11,12,11,13,4,   5.1440000000
2020,11,12,11,13,4,   5.1480000000
2020,11,12,11,13,4,   5.1400000000
2020,11,12,11,13,4,   5.1360000000
2020,11,12,11,13,5,   5.1520000000
2020,11,12,11,13,5,   5.1360000000
2020,11,12,11,13,5,   5.1440000000
2020,11,12,11,13,5,   5.1400000000
2020,11,12,11,13,6,   5.1360000000
2020,11,12,11,13,6,   5.1360000000
2020,11,12,11,13,6,   5.1400000000
2020,11,12,11,13,7,   5.1400000000
2020,11,12,11,13,7,   5.1480000000
2020,11,12,11,13,7,   5.1400000000
2020,11,12,11,13,7,   5.1400000000
2020,11,12,11,13,8,   5.1440000000
2020,11,12,11,13,8,   5.1360000000
2020,11,12,11,13,8,   5.1440000000
2020,11,12,11,13,8,   5.1480000000
2020,11,12,11,13,9,   5.1360000000
2020,11,12,11,13,9,   5.1440000000
2020,11,12,11,13,9,   5.1400000000
2020,11,12,11,13,9,   5.1440000000
2020,11,12,11,13,10,   5.1400000000
2020,11,12,11,13,10,   5.1400000000
2020,11,12,11,13,10,   5.1400000000
2020,11,12,11,13,10,   5.1440000000
2020,11,12,11,13,11,   5.1400000000
2020,11,12,11,13,11,   5.1400000000
2020,11,12,11,13,11,   5.1440000000
2020,11,12,11,13,12,   5.1400000000
2020,11,12,11,13,12,   5.1360000000
2020,11,12,11,13,12,   5.1400000000
2020,11,12,11,13,12,   5.1400000000
2020,11,12,11,13,13,   5.1400000000
2020,11,12,11,13,13,   5.1360000000
2020,11,12,11,13,13,   5.1400000000
2020,11,12,11,13,13,   5.1440000000
2020,11,12,11,13,14,   5.1400000000
2020,11,12,11,13,14,   5.1360000000
2020,11,12,11,13,14,   5.1440000000
2020,11,12,11,13,14,   5.1440000000
2020,11,12,11,13,15,   5.1400000000
2020,11,12,11,13,15,   5.1440000000
2020,11,12,11,13,15,   5.1400000000
2020,11,12,11,13,16,   5.1400000000
2020,11,12,11,13,16,   5.1520000000
2020,11,12,11,13,16,   5.1400000000
2020,11,12,11,13,16,   5.1400000000
2020,11,12,11,13,17,   5.1440000000
2020,11,12,11,13,17,   5.1400000000
2020,11,12,11,13,17,   5.1480000000
2020,11,12,11,13,17,   5.1400000000
2020,11,12,11,13,18,   5.1440000000
2020,11,12,11,13,18,   5.1440000000
2020,11,12,11,13,18,   5.1440000000
2020,11,12,11,13,19,   5.1400000000
2020,11,12,11,13,19,   5.1400000000
2020,11,12,11,13,19,   5.1520000000
2020,11,12,11,13,19,   5.1440000000
2020,11,12,11,13,20,   5.1360000000
2020,11,12,11,13,20,   5.1400000000
2020,11,12,11,13,20,   5.1280000000
2020,11,12,11,13,20,   5.1440000000
2020,11,12,11,13,21,   5.1440000000
2020,11,12,11,13,21,   5.1400000000
2020,11,12,11,13,21,   5.1440000000
2020,11,12,11,13,21,   5.1480000000
2020,11,12,11,13,22,   5.1440000000
2020,11,12,11,13,22,   5.1400000000
2020,11,12,11,13,22,   5.1520000000
2020,11,12,11,13,23,   5.1400000000
2020,11,12,11,13,23,   5.1440000000
2020,11,12,11,13,23,   5.1400000000
2020,11,12,11,13,23,   5.1440000000
2020,11,12,11,13,24,   5.1400000000
2020,11,12,11,13,24,   5.1400000000
2020,11,12,11,13,24,   5.1400000000
2020,11,12,11,13,24,   5.1480000000
2020,11,12,11,13,25,   5.1440000000
2020,11,12,11,13,25,   5.1400000000
2020,11,12,11,13,25,   5.1440000000
2020,11,12,11,13,26,   5.1440000000
2020,11,12,11,13,26,   5.1440000000
2020,11,12,11,13,26,   5.1400000000
2020,11,12,11,13,26,   5.1360000000
2020,11,12,11,13,27,   5.1400000000
2020,11,12,11,13,27,   5.1440000000
2020,11,12,11,13,27,   5.1360000000
2020,11,12,11,13,27,   5.1440000000
2020,11,12,11,13,28,   5.1400000000
2020,11,12,11,13,28,   5.1440000000
2020,11,12,11,13,28,   5.1520000000
2020,11,12,11,13,28,   5.1400000000
2020,11,12,11,13,29,   5.1480000000
2020,11,12,11,13,29,   5.1400000000
2020,11,12,11,13,29,   5.1400000000
2020,11,12,11,13,30,   5.1520000000
2020,11,12,11,13,30,   5.1440000000
2020,11,12,11,13,30,   5.1400000000
2020,11,12,11,13,30,   5.1400000000
2020,11,12,11,13,31,   5.1440000000
2020,11,12,11,13,31,   5.1400000000
2020,11,12,11,13,31,   5.1520000000
2020,11,12,11,13,31,   5.1480000000
2020,11,12,11,13,32,   5.1440000000
2020,11,12,11,13,32,   5.1520000000
2020,11,12,11,13,32,   5.1360000000
2020,11,12,11,13,32,   5.1400000000
2020,11,12,11,13,33,   5.1440000000
2020,11,12,11,13,33,   5.1440000000
2020,11,12,11,13,33,   5.1440000000
2020,11,12,11,13,34,   5.1440000000
2020,11,12,11,13,34,   5.1400000000
2020,11,12,11,13,34,   5.1560000000
2020,11,12,11,13,34,   5.1400000000
2020,11,12,11,13,35,   5.1400000000
2020,11,12,11,13,35,   5.1360000000
2020,11,12,11,13,35,   5.1480000000
2020,11,12,11,13,35,   5.1440000000
2020,11,12,11,13,36,   5.1440000000
2020,11,12,11,13,36,   5.1480000000
2020,11,12,11,13,36,   5.1360000000
2020,11,12,11,13,36,   5.1440000000
2020,11,12,11,13,37,   5.1480000000
2020,11,12,11,13,37,   5.1560000000
2020,11,12,11,13,37,   5.1520000000
2020,11,12,11,13,38,   5.1480000000
2020,11,12,11,13,38,   5.1440000000
2020,11,12,11,13,38,   5.1400000000
2020,11,12,11,13,38,   5.1400000000
2020,11,12,11,13,39,   5.1480000000
2020,11,12,11,13,39,   5.1440000000
2020,11,12,11,13,39,   5.1400000000
2020,11,12,11,13,39,   5.1400000000
2020,11,12,11,13,40,   5.1440000000
2020,11,12,11,13,40,   5.1440000000
2020,11,12,11,13,40,   5.1360000000
2020,11,12,11,13,40,   5.1400000000
2020,11,12,11,13,41,   5.1400000000
2020,11,12,11,13,41,   5.1440000000
2020,11,12,11,13,41,   5.1400000000
2020,11,12,11,13,41,   5.1400000000
2020,11,12,11,13,42,   5.1400000000
2020,11,12,11,13,42,   5.1480000000
2020,11,12,11,13,42,   5.1400000000
2020,11,12,11,13,42,   5.1520000000
2020,11,12,11,13,43,   5.1400000000
2020,11,12,11,13,43,   5.1400000000
2020,11,12,11,13,43,   5.1440000000
2020,11,12,11,13,44,   5.1400000000
2020,11,12,11,13,44,   5.1480000000
2020,11,12,11,13,44,   5.1440000000
2020,11,12,11,13,44,   5.1440000000
2020,11,12,11,13,45,   5.1400000000
2020,11,12,11,13,45,   5.1400000000
2020,11,12,11,13,45,   5.1440000000
2020,11,12,11,13,45,   5.1360000000
2020,11,12,11,13,46,   5.1520000000
2020,11,12,11,13,46,   5.1480000000
2020,11,12,11,13,46,   5.1400000000
2020,11,12,11,13,46,   5.1360000000
2020,11,12,11,13,47,   5.1400000000
2020,11,12,11,13,47,   5.1400000000
2020,11,12,11,13,47,   5.1400000000
2020,11,12,11,13,47,   5.1440000000
2020,11,12,11,13,48,   5.1400000000
2020,11,12,11,13,48,   5.1440000000
2020,11,12,11,13,48,   5.1520000000
2020,11,12,11,13,48,   5.1400000000
2020,11,12,11,13,49,   5.1400000000
2020,11,12,11,13,49,   5.1440000000
2020,11,12,11,13,49,   5.1440000000
2020,11,12,11,13,50,   5.1400000000
2020,11,12,11,13,50,   5.1400000000
2020,11,12,11,13,50,   5.1360000000
2020,11,12,11,13,50,   5.1360000000
2020,11,12,11,13,51,   5.1400000000
2020,11,12,11,13,51,   5.1400000000
2020,11,12,11,13,51,   5.1440000000
2020,11,12,11,13,51,   5.1440000000
2020,11,12,11,13,52,   5.1440000000
2020,11,12,11,13,52,   5.1440000000
2020,11,12,11,13,52,   5.1400000000
2020,11,12,11,13,52,   5.1400000000
2020,11,12,11,13,53,   5.1400000000
2020,11,12,11,13,53,   5.1440000000
2020,11,12,11,13,53,   5.1480000000
2020,11,12,11,13,53,   5.1480000000
2020,11,12,11,13,54,   5.1400000000
2020,11,12,11,13,54,   5.1440000000
2020,11,12,11,13,54,   5.1440000000
2020,11,12,11,13,54,   5.1360000000
2020,11,12,11,13,55,   5.1440000000
2020,11,12,11,13,55,   5.1520000000
2020,11,12,11,13,55,   5.1400000000
2020,11,12,11,13,56,   5.1560000000
2020,11,12,11,13,56,   5.1440000000
2020,11,12,11,13,56,   5.1440000000
2020,11,12,11,13,56,   5.1440000000
2020,11,12,11,13,57,   5.1400000000
2020,11,12,11,13,57,   5.1360000000
2020,11,12,11,13,57,   5.1440000000
2020,11,12,11,13,57,   5.1400000000
2020,11,12,11,13,58,   5.1400000000
2020,11,12,11,13,58,   5.1400000000
2020,11,12,11,13,58,   5.1480000000
2020,11,12,11,13,58,   5.1440000000
2020,11,12,11,13,59,   5.1400000000
2020,11,12,11,13,59,   5.1480000000
2020,11,12,11,13,59,   5.1360000000
2020,11,12,11,13,59,   5.1400000000
2020,11,12,11,14,0,   5.1400000000
2020,11,12,11,14,0,   5.1360000000
2020,11,12,11,14,0,   5.1440000000
2020,11,12,11,14,0,   5.1400000000
2020,11,12,11,14,1,   5.1400000000
2020,11,12,11,14,1,   5.1400000000
2020,11,12,11,14,1,   5.1240000000
2020,11,12,11,14,2,   5.1440000000
2020,11,12,11,14,2,   5.1440000000
2020,11,12,11,14,2,   5.1400000000
2020,11,12,11,14,2,   5.1520000000
2020,11,12,11,14,3,   5.1440000000
2020,11,12,11,14,3,   5.1400000000
2020,11,12,11,14,3,   5.1360000000
2020,11,12,11,14,3,   5.1400000000
2020,11,12,11,14,4,   5.1360000000
2020,11,12,11,14,4,   5.1400000000
2020,11,12,11,14,4,   5.1440000000
2020,11,12,11,14,4,   5.1520000000
2020,11,12,11,14,5,   5.1400000000
2020,11,12,11,14,5,   5.1440000000
2020,11,12,11,14,5,   5.1400000000
2020,11,12,11,14,6,   5.1440000000
2020,11,12,11,14,6,   5.1400000000
2020,11,12,11,14,6,   5.1400000000
2020,11,12,11,14,6,   5.1480000000
2020,11,12,11,14,7,   5.1400000000
2020,11,12,11,14,7,   5.1280000000
2020,11,12,11,14,7,   5.1440000000
2020,11,12,11,14,7,   5.1400000000
2020,11,12,11,14,8,   5.1440000000
2020,11,12,11,14,8,   5.1400000000
2020,11,12,11,14,8,   5.1440000000
2020,11,12,11,14,8,   5.1440000000
2020,11,12,11,14,9,   5.1400000000
2020,11,12,11,14,9,   5.1440000000
2020,11,12,11,14,9,   5.1360000000
2020,11,12,11,14,9,   5.1400000000
2020,11,12,11,14,10,   5.1360000000
2020,11,12,11,14,10,   5.1440000000
2020,11,12,11,14,10,   5.1440000000
2020,11,12,11,14,10,   5.1440000000
2020,11,12,11,14,11,   5.1440000000
2020,11,12,11,14,11,   5.1360000000
2020,11,12,11,14,11,   5.1440000000
2020,11,12,11,14,12,   5.1440000000
2020,11,12,11,14,12,   5.1440000000
2020,11,12,11,14,12,   5.1400000000
2020,11,12,11,14,12,   5.1400000000
2020,11,12,11,14,13,   5.1400000000
2020,11,12,11,14,13,   5.1360000000
2020,11,12,11,14,13,   5.1440000000
2020,11,12,11,14,13,   5.1400000000
2020,11,12,11,14,14,   5.1400000000
2020,11,12,11,14,14,   5.1360000000
2020,11,12,11,14,14,   5.1400000000
2020,11,12,11,14,14,   5.1440000000
2020,11,12,11,14,15,   5.1400000000
2020,11,12,11,14,15,   5.1360000000
2020,11,12,11,14,15,   5.1440000000
2020,11,12,11,14,15,   5.1400000000
2020,11,12,11,14,16,   5.1400000000
2020,11,12,11,14,16,   5.1480000000
2020,11,12,11,14,16,   5.1400000000
2020,11,12,11,14,17,   5.1440000000
2020,11,12,11,14,17,   5.1400000000
2020,11,12,11,14,17,   5.1400000000
2020,11,12,11,14,17,   5.1480000000
2020,11,12,11,14,18,   5.1400000000
2020,11,12,11,14,18,   5.1400000000
2020,11,12,11,14,18,   5.1360000000
2020,11,12,11,14,18,   5.1400000000
2020,11,12,11,14,19,   5.1440000000
2020,11,12,11,14,19,   5.1400000000
2020,11,12,11,14,19,   5.1400000000
2020,11,12,11,14,19,   5.1400000000
2020,11,12,11,14,20,   5.1440000000
2020,11,12,11,14,20,   5.1400000000
2020,11,12,11,14,20,   5.1400000000
2020,11,12,11,14,20,   5.1400000000
2020,11,12,11,14,21,   5.1440000000
2020,11,12,11,14,21,   5.1360000000
2020,11,12,11,14,21,   5.1360000000
2020,11,12,11,14,21,   5.1400000000
2020,11,12,11,14,22,   5.1400000000
2020,11,12,11,14,22,   5.1480000000
2020,11,12,11,14,22,   5.1360000000
2020,11,12,11,14,23,   5.1440000000
2020,11,12,11,14,23,   5.1400000000
2020,11,12,11,14,23,   5.1480000000
2020,11,12,11,14,23,   5.1440000000
2020,11,12,11,14,24,   5.1400000000
2020,11,12,11,14,24,   5.1400000000
2020,11,12,11,14,24,   5.1440000000
2020,11,12,11,14,24,   5.1400000000
2020,11,12,11,14,25,   5.1400000000
2020,11,12,11,14,25,   5.1360000000
2020,11,12,11,14,25,   5.1480000000
2020,11,12,11,14,25,   5.1440000000
2020,11,12,11,14,26,   5.1520000000
2020,11,12,11,14,26,   5.1360000000
2020,11,12,11,14,26,   5.1400000000
2020,11,12,11,14,26,   5.1400000000
2020,11,12,11,14,27,   5.1360000000
2020,11,12,11,14,27,   5.1520000000
2020,11,12,11,14,27,   5.1400000000
2020,11,12,11,14,28,   5.1360000000
2020,11,12,11,14,28,   5.1400000000
2020,11,12,11,14,28,   5.1360000000
2020,11,12,11,14,28,   5.1120000000
2020,11,12,11,14,29,   5.1400000000
2020,11,12,11,14,29,   5.1480000000
2020,11,12,11,14,29,   5.1360000000
2020,11,12,11,14,29,   5.1400000000
2020,11,12,11,14,30,   5.1480000000
2020,11,12,11,14,30,   5.1400000000
2020,11,12,11,14,30,   5.1480000000
2020,11,12,11,14,30,   5.1360000000
2020,11,12,11,14,31,   5.1320000000
2020,11,12,11,14,31,   5.1400000000
2020,11,12,11,14,31,   5.1360000000
2020,11,12,11,14,31,   5.1360000000
2020,11,12,11,14,32,   5.1400000000
2020,11,12,11,14,32,   5.1400000000
2020,11,12,11,14,32,   5.1480000000
2020,11,12,11,14,33,   5.1440000000
2020,11,12,11,14,33,   5.1440000000
2020,11,12,11,14,33,   5.1440000000
2020,11,12,11,14,33,   5.1400000000
2020,11,12,11,14,34,   5.1480000000
2020,11,12,11,14,34,   5.1360000000
2020,11,12,11,14,34,   5.1400000000
2020,11,12,11,14,34,   5.1400000000
2020,11,12,11,14,35,   5.1400000000
2020,11,12,11,14,35,   5.1400000000
2020,11,12,11,14,35,   5.1360000000
2020,11,12,11,14,35,   5.1400000000
2020,11,12,11,14,36,   5.1360000000
2020,11,12,11,14,36,   5.1400000000
2020,11,12,11,14,36,   5.1400000000
2020,11,12,11,14,36,   5.1480000000
2020,11,12,11,14,37,   5.1400000000
2020,11,12,11,14,37,   5.1520000000
2020,11,12,11,14,37,   5.1400000000
2020,11,12,11,14,37,   5.1400000000
2020,11,12,11,14,38,   5.1360000000
2020,11,12,11,14,38,   5.1360000000
2020,11,12,11,14,38,   5.1440000000
2020,11,12,11,14,39,   5.1440000000
2020,11,12,11,14,39,   5.1400000000
2020,11,12,11,14,39,   5.1400000000
2020,11,12,11,14,39,   5.1480000000
2020,11,12,11,14,40,   5.1400000000
2020,11,12,11,14,40,   5.1360000000
2020,11,12,11,14,40,   5.1400000000
2020,11,12,11,14,40,   5.1400000000
2020,11,12,11,14,41,   5.1360000000
2020,11,12,11,14,41,   5.1480000000
2020,11,12,11,14,41,   5.1440000000
2020,11,12,11,14,41,   5.1360000000
2020,11,12,11,14,42,   5.1400000000
2020,11,12,11,14,42,   5.1400000000
2020,11,12,11,14,42,   5.1400000000
2020,11,12,11,14,42,   5.1440000000
2020,11,12,11,14,43,   5.1400000000
2020,11,12,11,14,43,   5.1440000000
2020,11,12,11,14,43,   5.1440000000
2020,11,12,11,14,44,   5.1400000000
2020,11,12,11,14,44,   5.1400000000
2020,11,12,11,14,44,   5.1400000000
2020,11,12,11,14,44,   5.1400000000
2020,11,12,11,14,45,   5.1400000000
2020,11,12,11,14,45,   5.1520000000
2020,11,12,11,14,45,   5.1440000000
2020,11,12,11,14,45,   5.1400000000
2020,11,12,11,14,46,   5.1440000000
2020,11,12,11,14,46,   5.1400000000
2020,11,12,11,14,46,   5.1480000000
2020,11,12,11,14,46,   5.1400000000
2020,11,12,11,14,47,   5.1400000000
2020,11,12,11,14,47,   5.1440000000
2020,11,12,11,14,47,   5.1400000000
2020,11,12,11,14,47,   5.1400000000
2020,11,12,11,14,48,   5.1360000000
2020,11,12,11,14,48,   5.1440000000
2020,11,12,11,14,48,   5.1400000000
2020,11,12,11,14,49,   5.1400000000
2020,11,12,11,14,49,   5.1360000000
2020,11,12,11,14,49,   5.1440000000
2020,11,12,11,14,49,   5.1440000000
2020,11,12,11,14,50,   5.1520000000
2020,11,12,11,14,50,   5.1480000000
2020,11,12,11,14,50,   5.1400000000
2020,11,12,11,14,50,   5.1400000000
2020,11,12,11,14,51,   5.1400000000
2020,11,12,11,14,51,   5.1400000000
2020,11,12,11,14,51,   5.1440000000
2020,11,12,11,14,51,   5.1400000000
2020,11,12,11,14,52,   5.1400000000
2020,11,12,11,14,52,   5.1400000000
2020,11,12,11,14,52,   5.1400000000
2020,11,12,11,14,53,   5.1400000000
2020,11,12,11,14,53,   5.1440000000
2020,11,12,11,14,53,   5.1400000000
2020,11,12,11,14,53,   5.1400000000
2020,11,12,11,14,54,   5.1440000000
2020,11,12,11,14,54,   5.1400000000
2020,11,12,11,14,54,   5.1400000000
2020,11,12,11,14,54,   5.1440000000
2020,11,12,11,14,55,   5.1440000000
2020,11,12,11,14,55,   5.1440000000
2020,11,12,11,14,55,   5.1400000000
2020,11,12,11,14,55,   5.1400000000
2020,11,12,11,14,56,   5.1440000000
2020,11,12,11,14,56,   5.1360000000
2020,11,12,11,14,56,   5.1400000000
2020,11,12,11,14,56,   5.1360000000
2020,11,12,11,14,57,   5.1400000000
2020,11,12,11,14,57,   5.1440000000
2020,11,12,11,14,57,   5.1400000000
2020,11,12,11,14,57,   5.1520000000
2020,11,12,11,14,58,   5.1360000000
2020,11,12,11,14,58,   5.1360000000
2020,11,12,11,14,58,   5.1360000000
2020,11,12,11,14,59,   5.1200000000
2020,11,12,11,14,59,   5.1440000000
2020,11,12,11,14,59,   5.1400000000
2020,11,12,11,14,59,   5.1360000000
2020,11,12,11,15,0,   5.1400000000
2020,11,12,11,15,0,   5.1440000000
2020,11,12,11,15,0,   5.1520000000
2020,11,12,11,15,0,   5.1440000000
2020,11,12,11,15,1,   5.1480000000
2020,11,12,11,15,1,   5.1440000000
2020,11,12,11,15,1,   5.1400000000
2020,11,12,11,15,1,   5.1360000000
2020,11,12,11,15,2,   5.1360000000
2020,11,12,11,15,2,   5.1400000000
2020,11,12,11,15,2,   5.1400000000
2020,11,12,11,15,2,   5.1400000000
2020,11,12,11,15,3,   5.1360000000
2020,11,12,11,15,3,   5.1440000000
2020,11,12,11,15,3,   5.1520000000
2020,11,12,11,15,4,   5.1240000000
2020,11,12,11,15,4,   5.1440000000
2020,11,12,11,15,4,   5.1400000000
2020,11,12,11,15,4,   5.1360000000
2020,11,12,11,15,5,   5.1520000000
2020,11,12,11,15,5,   5.1400000000
2020,11,12,11,15,5,   5.1400000000
2020,11,12,11,15,5,   5.1400000000
2020,11,12,11,15,6,   5.1400000000
2020,11,12,11,15,6,   5.1480000000
2020,11,12,11,15,6,   5.1440000000
2020,11,12,11,15,6,   5.1440000000
2020,11,12,11,15,7,   5.1440000000
2020,11,12,11,15,7,   5.1480000000
2020,11,12,11,15,7,   5.1400000000
2020,11,12,11,15,7,   5.1360000000
2020,11,12,11,15,8,   5.1440000000
2020,11,12,11,15,8,   5.1480000000
2020,11,12,11,15,8,   5.1400000000
2020,11,12,11,15,9,   5.1360000000
2020,11,12,11,15,9,   5.1440000000
2020,11,12,11,15,9,   5.1400000000
2020,11,12,11,15,9,   5.1400000000
2020,11,12,11,15,10,   5.1440000000
2020,11,12,11,15,10,   5.1360000000
2020,11,12,11,15,10,   5.1520000000
2020,11,12,11,15,10,   5.1440000000
2020,11,12,11,15,11,   5.1400000000
2020,11,12,11,15,11,   5.1400000000
2020,11,12,11,15,11,   5.1400000000
2020,11,12,11,15,11,   5.1440000000
2020,11,12,11,15,12,   5.1360000000
2020,11,12,11,15,12,   5.1440000000
2020,11,12,11,15,12,   5.1360000000
2020,11,12,11,15,12,   5.1400000000
2020,11,12,11,15,13,   5.1400000000
2020,11,12,11,15,13,   5.1520000000
2020,11,12,11,15,13,   5.1360000000
2020,11,12,11,15,13,   5.1480000000
2020,11,12,11,15,14,   5.1360000000
2020,11,12,11,15,14,   5.1440000000
2020,11,12,11,15,14,   5.1440000000
2020,11,12,11,15,15,   5.1440000000
2020,11,12,11,15,15,   5.1400000000
2020,11,12,11,15,15,   5.1400000000
2020,11,12,11,15,15,   5.1400000000
2020,11,12,11,15,16,   5.1400000000
2020,11,12,11,15,16,   5.1400000000
2020,11,12,11,15,16,   5.1400000000
2020,11,12,11,15,16,   5.1320000000
2020,11,12,11,15,17,   5.1440000000
2020,11,12,11,15,17,   5.1400000000
2020,11,12,11,15,17,   5.1480000000
2020,11,12,11,15,17,   5.1360000000
2020,11,12,11,15,18,   5.1400000000
2020,11,12,11,15,18,   5.1520000000
2020,11,12,11,15,18,   5.1440000000
2020,11,12,11,15,18,   5.1440000000
2020,11,12,11,15,19,   5.1400000000
2020,11,12,11,15,19,   5.1440000000
2020,11,12,11,15,19,   5.1360000000
2020,11,12,11,15,20,   5.1480000000
2020,11,12,11,15,20,   5.1360000000
2020,11,12,11,15,20,   5.1400000000
2020,11,12,11,15,20,   5.1360000000
2020,11,12,11,15,21,   5.1400000000
2020,11,12,11,15,21,   5.1400000000
2020,11,12,11,15,21,   5.1440000000
2020,11,12,11,15,21,   5.1400000000
2020,11,12,11,15,22,   5.1400000000
2020,11,12,11,15,22,   5.1360000000
2020,11,12,11,15,22,   5.1360000000
2020,11,12,11,15,22,   5.1440000000
2020,11,12,11,15,23,   5.1400000000
2020,11,12,11,15,23,   5.1400000000
2020,11,12,11,15,23,   5.1400000000
2020,11,12,11,15,23,   5.1400000000
2020,11,12,11,15,24,   5.1400000000
2020,11,12,11,15,24,   5.1400000000
2020,11,12,11,15,24,   5.1360000000
2020,11,12,11,15,25,   5.1400000000
2020,11,12,11,15,25,   5.1400000000
2020,11,12,11,15,25,   5.1440000000
2020,11,12,11,15,25,   5.1400000000
2020,11,12,11,15,26,   5.1400000000
2020,11,12,11,15,26,   5.1440000000
2020,11,12,11,15,26,   5.1400000000
2020,11,12,11,15,26,   5.1360000000
2020,11,12,11,15,27,   5.1400000000
2020,11,12,11,15,27,   5.1400000000
2020,11,12,11,15,27,   5.1400000000
2020,11,12,11,15,27,   5.1360000000
2020,11,12,11,15,28,   5.1440000000
2020,11,12,11,15,28,   5.1400000000
2020,11,12,11,15,28,   5.1360000000
2020,11,12,11,15,28,   5.1400000000
2020,11,12,11,15,29,   5.1360000000
2020,11,12,11,15,29,   5.1400000000
2020,11,12,11,15,29,   5.1480000000
2020,11,12,11,15,29,   5.1400000000
2020,11,12,11,15,30,   5.1440000000
2020,11,12,11,15,30,   5.1440000000
2020,11,12,11,15,30,   5.1440000000
2020,11,12,11,15,31,   5.1400000000
2020,11,12,11,15,31,   5.1400000000
2020,11,12,11,15,31,   5.1400000000
2020,11,12,11,15,31,   5.1400000000
2020,11,12,11,15,32,   5.1360000000
2020,11,12,11,15,32,   5.1400000000
2020,11,12,11,15,32,   5.1440000000
2020,11,12,11,15,32,   5.1360000000
2020,11,12,11,15,33,   5.1400000000
2020,11,12,11,15,33,   5.1400000000
2020,11,12,11,15,33,   5.1400000000
2020,11,12,11,15,33,   5.1360000000
2020,11,12,11,15,34,   5.1440000000
2020,11,12,11,15,34,   5.1360000000
2020,11,12,11,15,34,   5.1440000000
2020,11,12,11,15,34,   5.1360000000
2020,11,12,11,15,35,   5.1320000000
2020,11,12,11,15,35,   5.1440000000
2020,11,12,11,15,35,   5.1400000000
2020,11,12,11,15,35,   5.1400000000
2020,11,12,11,15,36,   5.1360000000
2020,11,12,11,15,36,   5.1400000000
2020,11,12,11,15,36,   5.1400000000
2020,11,12,11,15,37,   5.1360000000
2020,11,12,11,15,37,   5.1400000000
2020,11,12,11,15,37,   5.1400000000
2020,11,12,11,15,37,   5.1360000000
2020,11,12,11,15,38,   5.1400000000
2020,11,12,11,15,38,   5.1400000000
2020,11,12,11,15,38,   5.1360000000
2020,11,12,11,15,38,   5.1360000000
2020,11,12,11,15,39,   5.1400000000
2020,11,12,11,15,39,   5.1360000000
2020,11,12,11,15,39,   5.1360000000
2020,11,12,11,15,39,   5.1360000000
2020,11,12,11,15,40,   5.1400000000
2020,11,12,11,15,40,   5.1360000000
2020,11,12,11,15,40,   5.1360000000
2020,11,12,11,15,41,   5.1400000000
2020,11,12,11,15,41,   5.1440000000
2020,11,12,11,15,41,   5.1360000000
2020,11,12,11,15,41,   5.1400000000
2020,11,12,11,15,42,   5.1480000000
2020,11,12,11,15,42,   5.1400000000
2020,11,12,11,15,42,   5.1440000000
2020,11,12,11,15,42,   5.1360000000
2020,11,12,11,15,43,   5.1440000000
2020,11,12,11,15,43,   5.1360000000
2020,11,12,11,15,43,   5.1400000000
2020,11,12,11,15,43,   5.1400000000
2020,11,12,11,15,44,   5.1440000000
2020,11,12,11,15,44,   5.1400000000
2020,11,12,11,15,44,   5.1520000000
2020,11,12,11,15,45,   5.1360000000
2020,11,12,11,15,45,   5.1520000000
2020,11,12,11,15,45,   5.1400000000
2020,11,12,11,15,45,   5.1400000000
2020,11,12,11,15,46,   5.1360000000
2020,11,12,11,15,46,   5.1440000000
2020,11,12,11,15,46,   5.1520000000
2020,11,12,11,15,46,   5.1360000000
2020,11,12,11,15,47,   5.1440000000
2020,11,12,11,15,47,   5.1440000000
2020,11,12,11,15,47,   5.1400000000
2020,11,12,11,15,47,   5.1440000000
2020,11,12,11,15,48,   5.1400000000
2020,11,12,11,15,48,   5.1360000000
2020,11,12,11,15,48,   5.1360000000
2020,11,12,11,15,48,   5.1400000000
2020,11,12,11,15,49,   5.1400000000
2020,11,12,11,15,49,   5.1400000000
2020,11,12,11,15,49,   5.1440000000
2020,11,12,11,15,50,   5.1400000000
2020,11,12,11,15,50,   5.1360000000
2020,11,12,11,15,50,   5.1400000000
2020,11,12,11,15,50,   5.1400000000
2020,11,12,11,15,51,   5.1400000000
2020,11,12,11,15,51,   5.1400000000
2020,11,12,11,15,51,   5.1400000000
2020,11,12,11,15,51,   5.1400000000
2020,11,12,11,15,52,   5.1440000000
2020,11,12,11,15,52,   5.1400000000
2020,11,12,11,15,52,   5.1400000000
2020,11,12,11,15,52,   5.1360000000
2020,11,12,11,15,53,   5.1440000000
2020,11,12,11,15,53,   5.1360000000
2020,11,12,11,15,53,   5.1400000000
2020,11,12,11,15,53,   5.1360000000
2020,11,12,11,15,54,   5.1400000000
2020,11,12,11,15,54,   5.1480000000
2020,11,12,11,15,54,   5.1360000000
2020,11,12,11,15,55,   5.1360000000
2020,11,12,11,15,55,   5.1400000000
2020,11,12,11,15,55,   5.1520000000
2020,11,12,11,15,55,   5.1400000000
2020,11,12,11,15,56,   5.1480000000
2020,11,12,11,15,56,   5.1360000000
2020,11,12,11,15,56,   5.1440000000
2020,11,12,11,15,56,   5.1440000000
2020,11,12,11,15,57,   5.1560000000
2020,11,12,11,15,57,   5.1360000000
2020,11,12,11,15,57,   5.1400000000
2020,11,12,11,15,57,   5.1400000000
2020,11,12,11,15,58,   5.1400000000
2020,11,12,11,15,58,   5.1400000000
2020,11,12,11,15,58,   5.1440000000
2020,11,12,11,15,58,   5.1440000000
2020,11,12,11,15,59,   5.1400000000
2020,11,12,11,15,59,   5.1400000000
2020,11,12,11,15,59,   5.1400000000
2020,11,12,11,15,59,   5.1440000000
2020,11,12,11,16,0,   5.1400000000
2020,11,12,11,16,0,   5.1400000000
2020,11,12,11,16,0,   5.1400000000
2020,11,12,11,16,1,   5.1520000000
2020,11,12,11,16,1,   5.1360000000
2020,11,12,11,16,1,   5.1400000000
2020,11,12,11,16,1,   5.1360000000
2020,11,12,11,16,2,   5.1400000000
2020,11,12,11,16,2,   5.1400000000
2020,11,12,11,16,2,   5.1400000000
2020,11,12,11,16,2,   5.1480000000
2020,11,12,11,16,3,   5.1400000000
2020,11,12,11,16,3,   5.1440000000
2020,11,12,11,16,3,   5.1400000000
2020,11,12,11,16,3,   5.1320000000
2020,11,12,11,16,4,   5.1400000000
2020,11,12,11,16,4,   5.1520000000
2020,11,12,11,16,4,   5.1400000000
2020,11,12,11,16,4,   5.1440000000
2020,11,12,11,16,5,   5.1400000000
2020,11,12,11,16,5,   5.1360000000
2020,11,12,11,16,5,   5.1440000000
2020,11,12,11,16,6,   5.1400000000
2020,11,12,11,16,6,   5.1400000000
2020,11,12,11,16,6,   5.1400000000
2020,11,12,11,16,6,   5.1400000000
2020,11,12,11,16,7,   5.1400000000
2020,11,12,11,16,7,   5.1360000000
2020,11,12,11,16,7,   5.1360000000
2020,11,12,11,16,7,   5.1400000000
2020,11,12,11,16,8,   5.1360000000
2020,11,12,11,16,8,   5.1360000000
2020,11,12,11,16,8,   5.1360000000
2020,11,12,11,16,8,   5.1360000000
2020,11,12,11,16,9,   5.1320000000
2020,11,12,11,16,9,   5.1360000000
2020,11,12,11,16,9,   5.1400000000
2020,11,12,11,16,10,   5.1440000000
2020,11,12,11,16,10,   5.1480000000
2020,11,12,11,16,10,   5.1360000000
2020,11,12,11,16,10,   5.1400000000
2020,11,12,11,16,11,   5.1480000000
2020,11,12,11,16,11,   5.1400000000
2020,11,12,11,16,11,   5.1400000000
2020,11,12,11,16,11,   5.1400000000
2020,11,12,11,16,12,   5.1480000000
2020,11,12,11,16,12,   5.1360000000
2020,11,12,11,16,12,   5.1400000000
2020,11,12,11,16,12,   5.1400000000
2020,11,12,11,16,13,   5.1400000000
2020,11,12,11,16,13,   5.1400000000
2020,11,12,11,16,13,   5.1400000000
2020,11,12,11,16,13,   5.1400000000
2020,11,12,11,16,14,   5.1360000000
2020,11,12,11,16,14,   5.1440000000
2020,11,12,11,16,14,   5.1360000000
2020,11,12,11,16,15,   5.1360000000
2020,11,12,11,16,15,   5.1400000000
2020,11,12,11,16,15,   5.1440000000
2020,11,12,11,16,15,   5.1400000000
2020,11,12,11,16,16,   5.1400000000
2020,11,12,11,16,16,   5.1320000000
2020,11,12,11,16,16,   5.1360000000
2020,11,12,11,16,16,   5.1360000000
2020,11,12,11,16,17,   5.1520000000
2020,11,12,11,16,17,   5.1440000000
2020,11,12,11,16,17,   5.1400000000
2020,11,12,11,16,17,   5.1480000000
2020,11,12,11,16,18,   5.1400000000
2020,11,12,11,16,18,   5.1400000000
2020,11,12,11,16,18,   5.1400000000
2020,11,12,11,16,19,   5.1360000000
2020,11,12,11,16,19,   5.1400000000
2020,11,12,11,16,19,   5.1400000000
2020,11,12,11,16,19,   5.1360000000
2020,11,12,11,16,20,   5.1400000000
2020,11,12,11,16,20,   5.1360000000
2020,11,12,11,16,20,   5.1440000000
2020,11,12,11,16,20,   5.1400000000
2020,11,12,11,16,21,   5.1440000000
2020,11,12,11,16,21,   5.1400000000
2020,11,12,11,16,21,   5.1520000000
2020,11,12,11,16,21,   5.1400000000
2020,11,12,11,16,22,   5.1440000000
2020,11,12,11,16,22,   5.1400000000
2020,11,12,11,16,22,   5.1400000000
2020,11,12,11,16,22,   5.1400000000
2020,11,12,11,16,23,   5.1400000000
2020,11,12,11,16,23,   5.1360000000
2020,11,12,11,16,23,   5.1360000000
2020,11,12,11,16,24,   5.1440000000
2020,11,12,11,16,24,   5.1360000000
2020,11,12,11,16,24,   5.1440000000
2020,11,12,11,16,24,   5.1360000000
2020,11,12,11,16,25,   5.1400000000
2020,11,12,11,16,25,   5.1400000000
2020,11,12,11,16,25,   5.1400000000
2020,11,12,11,16,25,   5.1400000000
2020,11,12,11,16,26,   5.1400000000
2020,11,12,11,16,26,   5.1400000000
2020,11,12,11,16,26,   5.1400000000
2020,11,12,11,16,26,   5.1080000000
2020,11,12,11,16,27,   5.1400000000
2020,11,12,11,16,27,   5.1400000000
2020,11,12,11,16,27,   5.1400000000
2020,11,12,11,16,28,   5.1440000000
2020,11,12,11,16,28,   5.1480000000
2020,11,12,11,16,28,   5.1360000000
2020,11,12,11,16,28,   5.1400000000
2020,11,12,11,16,29,   5.1360000000
2020,11,12,11,16,29,   5.1400000000
2020,11,12,11,16,29,   5.1400000000
2020,11,12,11,16,29,   5.1400000000
2020,11,12,11,16,30,   5.1360000000
2020,11,12,11,16,30,   5.1480000000
2020,11,12,11,16,30,   5.1440000000
2020,11,12,11,16,30,   5.1400000000
2020,11,12,11,16,31,   5.1440000000
2020,11,12,11,16,31,   5.1400000000
2020,11,12,11,16,31,   5.1400000000
2020,11,12,11,16,32,   5.1360000000
2020,11,12,11,16,32,   5.1360000000
2020,11,12,11,16,32,   5.1520000000
2020,11,12,11,16,32,   5.1360000000
2020,11,12,11,16,33,   5.1400000000
2020,11,12,11,16,33,   5.1400000000
2020,11,12,11,16,33,   5.1360000000
2020,11,12,11,16,33,   5.1400000000
2020,11,12,11,16,34,   5.1400000000
2020,11,12,11,16,34,   5.1400000000
2020,11,12,11,16,34,   5.1400000000
2020,11,12,11,16,34,   5.1400000000
2020,11,12,11,16,35,   5.1400000000
2020,11,12,11,16,35,   5.1400000000
2020,11,12,11,16,35,   5.1440000000
2020,11,12,11,16,36,   5.1360000000
2020,11,12,11,16,36,   5.1400000000
2020,11,12,11,16,36,   5.1360000000
2020,11,12,11,16,36,   5.1400000000
2020,11,12,11,16,37,   5.1400000000
2020,11,12,11,16,37,   5.1360000000
2020,11,12,11,16,37,   5.1400000000
2020,11,12,11,16,37,   5.1360000000
2020,11,12,11,16,38,   5.1480000000
2020,11,12,11,16,38,   5.1440000000
2020,11,12,11,16,38,   5.1400000000
2020,11,12,11,16,38,   5.1440000000
2020,11,12,11,16,39,   5.1360000000
2020,11,12,11,16,39,   5.1400000000
2020,11,12,11,16,39,   5.1400000000
2020,11,12,11,16,39,   5.1400000000
2020,11,12,11,16,40,   5.1360000000
2020,11,12,11,16,40,   5.1360000000
2020,11,12,11,16,40,   5.1360000000
2020,11,12,11,16,41,   5.1360000000
2020,11,12,11,16,41,   5.1400000000
2020,11,12,11,16,41,   5.1400000000
2020,11,12,11,16,41,   5.1400000000
2020,11,12,11,16,42,   5.1480000000
2020,11,12,11,16,42,   5.1400000000
2020,11,12,11,16,42,   5.1400000000
2020,11,12,11,16,42,   5.1360000000
2020,11,12,11,16,43,   5.1400000000
2020,11,12,11,16,43,   5.1360000000
2020,11,12,11,16,43,   5.1400000000
2020,11,12,11,16,43,   5.1360000000
2020,11,12,11,16,44,   5.1400000000
2020,11,12,11,16,44,   5.1400000000
2020,11,12,11,16,44,   5.1360000000
2020,11,12,11,16,44,   5.1440000000
2020,11,12,11,16,45,   5.1400000000
2020,11,12,11,16,45,   5.1400000000
2020,11,12,11,16,45,   5.1480000000
2020,11,12,11,16,45,   5.1440000000
2020,11,12,11,16,46,   5.1400000000
2020,11,12,11,16,46,   5.1520000000
2020,11,12,11,16,46,   5.1400000000
2020,11,12,11,16,47,   5.1320000000
2020,11,12,11,16,47,   5.1360000000
2020,11,12,11,16,47,   5.1400000000
2020,11,12,11,16,47,   5.1440000000
2020,11,12,11,16,48,   5.1400000000
2020,11,12,11,16,48,   5.1360000000
2020,11,12,11,16,48,   5.1360000000
2020,11,12,11,16,48,   5.1480000000
2020,11,12,11,16,49,   5.1400000000
2020,11,12,11,16,49,   5.1440000000
2020,11,12,11,16,49,   5.1400000000
2020,11,12,11,16,49,   5.1440000000
2020,11,12,11,16,50,   5.1400000000
2020,11,12,11,16,50,   5.1440000000
2020,11,12,11,16,50,   5.1400000000
2020,11,12,11,16,50,   5.1480000000
2020,11,12,11,16,51,   5.1440000000
2020,11,12,11,16,51,   5.1400000000
2020,11,12,11,16,51,   5.1440000000
2020,11,12,11,16,52,   5.1400000000
2020,11,12,11,16,52,   5.1440000000
2020,11,12,11,16,52,   5.1440000000
2020,11,12,11,16,52,   5.1400000000
2020,11,12,11,16,53,   5.1400000000
2020,11,12,11,16,53,   5.1400000000
2020,11,12,11,16,53,   5.1360000000
2020,11,12,11,16,53,   5.1400000000
2020,11,12,11,16,54,   5.1400000000
2020,11,12,11,16,54,   5.1400000000
2020,11,12,11,16,54,   5.1400000000
2020,11,12,11,16,54,   5.1400000000
2020,11,12,11,16,55,   5.1400000000
2020,11,12,11,16,55,   5.1400000000
2020,11,12,11,16,55,   5.1480000000
2020,11,12,11,16,55,   5.1400000000
2020,11,12,11,16,56,   5.1440000000
2020,11,12,11,16,56,   5.1400000000
2020,11,12,11,16,56,   5.1520000000
2020,11,12,11,16,56,   5.1400000000
2020,11,12,11,16,57,   5.1400000000
2020,11,12,11,16,57,   5.1400000000
2020,11,12,11,16,57,   5.1400000000
2020,11,12,11,16,58,   5.1440000000
2020,11,12,11,16,58,   5.1400000000
2020,11,12,11,16,58,   5.1360000000
2020,11,12,11,16,58,   5.1480000000
2020,11,12,11,16,59,   5.1400000000
2020,11,12,11,16,59,   5.1360000000
2020,11,12,11,16,59,   5.1440000000
2020,11,12,11,16,59,   5.1360000000
2020,11,12,11,17,0,   5.1480000000
2020,11,12,11,17,0,   5.1440000000
2020,11,12,11,17,0,   5.1400000000
2020,11,12,11,17,0,   5.1440000000
2020,11,12,11,17,1,   5.1440000000
2020,11,12,11,17,1,   5.1400000000
2020,11,12,11,17,1,   5.1400000000
2020,11,12,11,17,1,   5.1480000000
2020,11,12,11,17,2,   5.1400000000
2020,11,12,11,17,2,   5.1440000000
2020,11,12,11,17,2,   5.1440000000
2020,11,12,11,17,2,   5.1440000000
2020,11,12,11,17,3,   5.1400000000
2020,11,12,11,17,3,   5.1400000000
2020,11,12,11,17,3,   5.1320000000
2020,11,12,11,17,4,   5.1480000000
2020,11,12,11,17,4,   5.1360000000
2020,11,12,11,17,4,   5.1400000000
2020,11,12,11,17,4,   5.1360000000
2020,11,12,11,17,5,   5.1440000000
2020,11,12,11,17,5,   5.1400000000
2020,11,12,11,17,5,   5.1400000000
2020,11,12,11,17,5,   5.1360000000
2020,11,12,11,17,6,   5.1440000000
2020,11,12,11,17,6,   5.1360000000
2020,11,12,11,17,6,   5.1400000000
2020,11,12,11,17,6,   5.1400000000
2020,11,12,11,17,7,   5.1360000000
2020,11,12,11,17,7,   5.1360000000
2020,11,12,11,17,7,   5.1320000000
2020,11,12,11,17,7,   5.1440000000
2020,11,12,11,17,8,   5.1360000000
2020,11,12,11,17,8,   5.1360000000
2020,11,12,11,17,8,   5.1440000000
2020,11,12,11,17,9,   5.1440000000
2020,11,12,11,17,9,   5.1360000000
2020,11,12,11,17,9,   5.1360000000
2020,11,12,11,17,9,   5.1400000000
2020,11,12,11,17,10,   5.1320000000
2020,11,12,11,17,10,   5.1400000000
2020,11,12,11,17,10,   5.1360000000
2020,11,12,11,17,10,   5.1320000000
2020,11,12,11,17,11,   5.1400000000
2020,11,12,11,17,11,   5.1520000000
2020,11,12,11,17,11,   5.1400000000
2020,11,12,11,17,11,   5.1400000000
2020,11,12,11,17,12,   5.1320000000
2020,11,12,11,17,12,   5.1360000000
2020,11,12,11,17,12,   5.1440000000
2020,11,12,11,17,12,   5.1480000000
2020,11,12,11,17,13,   5.1360000000
2020,11,12,11,17,13,   5.1360000000
2020,11,12,11,17,13,   5.1360000000
2020,11,12,11,17,14,   5.1400000000
2020,11,12,11,17,14,   5.1360000000
2020,11,12,11,17,14,   5.1360000000
2020,11,12,11,17,14,   5.1360000000
2020,11,12,11,17,15,   5.1280000000
2020,11,12,11,17,15,   5.1400000000
2020,11,12,11,17,15,   5.1320000000
2020,11,12,11,17,15,   5.1360000000
2020,11,12,11,17,16,   5.1400000000
2020,11,12,11,17,16,   5.1400000000
2020,11,12,11,17,16,   5.1400000000
2020,11,12,11,17,16,   5.1400000000
2020,11,12,11,17,17,   5.1480000000
2020,11,12,11,17,17,   5.1400000000
2020,11,12,11,17,17,   5.1360000000
2020,11,12,11,17,18,   5.1360000000
2020,11,12,11,17,18,   5.1360000000
2020,11,12,11,17,18,   5.1360000000
2020,11,12,11,17,18,   5.1360000000
2020,11,12,11,17,19,   5.1320000000
2020,11,12,11,17,19,   5.1400000000
2020,11,12,11,17,19,   5.1360000000
2020,11,12,11,17,19,   5.1360000000
2020,11,12,11,17,20,   5.1080000000
2020,11,12,11,17,20,   5.1360000000
2020,11,12,11,17,20,   5.1400000000
2020,11,12,11,17,20,   5.1440000000
2020,11,12,11,17,21,   5.1360000000
2020,11,12,11,17,21,   5.1400000000
2020,11,12,11,17,21,   5.1360000000
2020,11,12,11,17,21,   5.1480000000
2020,11,12,11,17,22,   5.1520000000
2020,11,12,11,17,22,   5.1520000000
2020,11,12,11,17,22,   5.1400000000
2020,11,12,11,17,23,   5.1400000000
2020,11,12,11,17,23,   5.1360000000
2020,11,12,11,17,23,   5.1360000000
2020,11,12,11,17,23,   5.1480000000
2020,11,12,11,17,24,   5.1480000000
2020,11,12,11,17,24,   5.1360000000
2020,11,12,11,17,24,   5.1400000000
2020,11,12,11,17,24,   5.1480000000
2020,11,12,11,17,25,   5.1400000000
2020,11,12,11,17,25,   5.1400000000
2020,11,12,11,17,25,   5.1440000000
2020,11,12,11,17,25,   5.1360000000
2020,11,12,11,17,26,   5.1360000000
2020,11,12,11,17,26,   5.1400000000
2020,11,12,11,17,26,   5.1360000000
2020,11,12,11,17,26,   5.1400000000
2020,11,12,11,17,27,   5.1400000000
2020,11,12,11,17,27,   5.1400000000
2020,11,12,11,17,27,   5.1520000000
2020,11,12,11,17,27,   5.1400000000
2020,11,12,11,17,28,   5.1360000000
2020,11,12,11,17,28,   5.1400000000
2020,11,12,11,17,28,   5.1400000000
2020,11,12,11,17,29,   5.1400000000
2020,11,12,11,17,29,   5.1400000000
2020,11,12,11,17,29,   5.1440000000
2020,11,12,11,17,29,   5.1360000000
2020,11,12,11,17,30,   5.1400000000
2020,11,12,11,17,30,   5.1320000000
2020,11,12,11,17,30,   5.1360000000
2020,11,12,11,17,30,   5.1360000000
2020,11,12,11,17,31,   5.1360000000
2020,11,12,11,17,31,   5.1400000000
2020,11,12,11,17,31,   5.1440000000
2020,11,12,11,17,31,   5.1360000000
2020,11,12,11,17,32,   5.1360000000
2020,11,12,11,17,32,   5.1440000000
2020,11,12,11,17,32,   5.1360000000
2020,11,12,11,17,32,   5.1360000000
2020,11,12,11,17,33,   5.1400000000
2020,11,12,11,17,33,   5.1360000000
2020,11,12,11,17,33,   5.1360000000
2020,11,12,11,17,34,   5.1360000000
2020,11,12,11,17,34,   5.1360000000
2020,11,12,11,17,34,   5.1400000000
2020,11,12,11,17,34,   5.1360000000
2020,11,12,11,17,35,   5.1480000000
2020,11,12,11,17,35,   5.1400000000
2020,11,12,11,17,35,   5.1480000000
2020,11,12,11,17,35,   5.1360000000
2020,11,12,11,17,36,   5.1440000000
2020,11,12,11,17,36,   5.1320000000
2020,11,12,11,17,36,   5.1320000000
2020,11,12,11,17,36,   5.1440000000
2020,11,12,11,17,37,   5.1360000000
2020,11,12,11,17,37,   5.1360000000
2020,11,12,11,17,37,   5.1360000000
2020,11,12,11,17,37,   5.1360000000
2020,11,12,11,17,38,   5.1400000000
2020,11,12,11,17,38,   5.1480000000
2020,11,12,11,17,38,   5.1440000000
2020,11,12,11,17,39,   5.1400000000
2020,11,12,11,17,39,   5.1360000000
2020,11,12,11,17,39,   5.1360000000
2020,11,12,11,17,39,   5.1360000000
2020,11,12,11,17,40,   5.1360000000
2020,11,12,11,17,40,   5.1360000000
2020,11,12,11,17,40,   5.1360000000
2020,11,12,11,17,40,   5.1360000000
2020,11,12,11,17,41,   5.1360000000
2020,11,12,11,17,41,   5.1400000000
2020,11,12,11,17,41,   5.1480000000
2020,11,12,11,17,41,   5.1400000000
2020,11,12,11,17,42,   5.1360000000
2020,11,12,11,17,42,   5.1400000000
2020,11,12,11,17,42,   5.1440000000
2020,11,12,11,17,42,   5.1400000000
2020,11,12,11,17,43,   5.1520000000
2020,11,12,11,17,43,   5.1400000000
2020,11,12,11,17,43,   5.1360000000
2020,11,12,11,17,43,   5.1520000000
2020,11,12,11,17,44,   5.1360000000
2020,11,12,11,17,44,   5.1440000000
2020,11,12,11,17,44,   5.1400000000
2020,11,12,11,17,45,   5.1360000000
2020,11,12,11,17,45,   5.1360000000
2020,11,12,11,17,45,   5.1400000000
2020,11,12,11,17,45,   5.1360000000
2020,11,12,11,17,46,   5.1400000000
2020,11,12,11,17,46,   5.1400000000
2020,11,12,11,17,46,   5.1360000000
2020,11,12,11,17,46,   5.1360000000
2020,11,12,11,17,47,   5.1360000000
2020,11,12,11,17,47,   5.1360000000
2020,11,12,11,17,47,   5.1400000000
2020,11,12,11,17,47,   5.1400000000
2020,11,12,11,17,48,   5.1480000000
2020,11,12,11,17,48,   5.1400000000
2020,11,12,11,17,48,   5.1400000000
2020,11,12,11,17,48,   5.1400000000
2020,11,12,11,17,49,   5.1400000000
2020,11,12,11,17,49,   5.1400000000
2020,11,12,11,17,49,   5.1360000000
2020,11,12,11,17,49,   5.1360000000
2020,11,12,11,17,50,   5.1360000000
2020,11,12,11,17,50,   5.1440000000
2020,11,12,11,17,50,   5.1360000000
2020,11,12,11,17,51,   5.1360000000
2020,11,12,11,17,51,   5.1400000000
2020,11,12,11,17,51,   5.1480000000
2020,11,12,11,17,51,   5.1400000000
2020,11,12,11,17,52,   5.1400000000
2020,11,12,11,17,52,   5.1360000000
2020,11,12,11,17,52,   5.1400000000
2020,11,12,11,17,52,   5.1400000000
2020,11,12,11,17,53,   5.1400000000
2020,11,12,11,17,53,   5.1480000000
2020,11,12,11,17,53,   5.1360000000
2020,11,12,11,17,53,   5.1400000000
2020,11,12,11,17,54,   5.1440000000
2020,11,12,11,17,54,   5.1360000000
2020,11,12,11,17,54,   5.1360000000
2020,11,12,11,17,54,   5.1400000000
2020,11,12,11,17,55,   5.1400000000
2020,11,12,11,17,55,   5.1440000000
2020,11,12,11,17,55,   5.1480000000
2020,11,12,11,17,56,   5.1400000000
2020,11,12,11,17,56,   5.1440000000
2020,11,12,11,17,56,   5.1400000000
2020,11,12,11,17,56,   5.1360000000
2020,11,12,11,17,57,   5.1280000000
2020,11,12,11,17,57,   5.1400000000
2020,11,12,11,17,57,   5.1360000000
2020,11,12,11,17,57,   5.1400000000
2020,11,12,11,17,58,   5.1480000000
2020,11,12,11,17,58,   5.1520000000
2020,11,12,11,17,58,   5.1360000000
2020,11,12,11,17,58,   5.1360000000
2020,11,12,11,17,59,   5.1360000000
2020,11,12,11,17,59,   5.1360000000
2020,11,12,11,17,59,   5.1360000000
2020,11,12,11,17,59,   5.1360000000
2020,11,12,11,18,0,   5.1320000000
2020,11,12,11,18,0,   5.1400000000
2020,11,12,11,18,0,   5.1360000000
2020,11,12,11,18,1,   5.1360000000
2020,11,12,11,18,1,   5.1360000000
2020,11,12,11,18,1,   5.1360000000
2020,11,12,11,18,1,   5.1360000000
2020,11,12,11,18,2,   5.1400000000
2020,11,12,11,18,2,   5.1320000000
2020,11,12,11,18,2,   5.1400000000
2020,11,12,11,18,2,   5.1360000000
2020,11,12,11,18,3,   5.1320000000
2020,11,12,11,18,3,   5.1480000000
2020,11,12,11,18,3,   5.1360000000
2020,11,12,11,18,3,   5.1320000000
2020,11,12,11,18,4,   5.1360000000
2020,11,12,11,18,4,   5.1360000000
2020,11,12,11,18,4,   5.1440000000
2020,11,12,11,18,4,   5.1360000000
2020,11,12,11,18,5,   5.1400000000
2020,11,12,11,18,5,   5.1280000000
2020,11,12,11,18,5,   5.1360000000
2020,11,12,11,18,6,   5.1360000000
2020,11,12,11,18,6,   5.1400000000
2020,11,12,11,18,6,   5.1400000000
2020,11,12,11,18,6,   5.1360000000
2020,11,12,11,18,7,   5.1120000000
2020,11,12,11,18,7,   5.1360000000
2020,11,12,11,18,7,   5.1400000000
2020,11,12,11,18,7,   5.1360000000
2020,11,12,11,18,8,   5.1480000000
2020,11,12,11,18,8,   5.1360000000
2020,11,12,11,18,8,   5.1360000000
2020,11,12,11,18,8,   5.1400000000
2020,11,12,11,18,9,   5.1480000000
2020,11,12,11,18,9,   5.1360000000
2020,11,12,11,18,9,   5.1400000000
2020,11,12,11,18,9,   5.1320000000
2020,11,12,11,18,10,   5.1400000000
2020,11,12,11,18,10,   5.1400000000
2020,11,12,11,18,10,   5.1400000000
2020,11,12,11,18,10,   5.1400000000
2020,11,12,11,18,11,   5.1360000000
2020,11,12,11,18,11,   5.1480000000
2020,11,12,11,18,11,   5.1400000000
2020,11,12,11,18,12,   5.1400000000
2020,11,12,11,18,12,   5.1360000000
2020,11,12,11,18,12,   5.1400000000
2020,11,12,11,18,12,   5.1360000000
2020,11,12,11,18,13,   5.1400000000
2020,11,12,11,18,13,   5.1480000000
2020,11,12,11,18,13,   5.1400000000
2020,11,12,11,18,13,   5.1400000000
2020,11,12,11,18,14,   5.1400000000
2020,11,12,11,18,14,   5.1320000000
2020,11,12,11,18,14,   5.1360000000
2020,11,12,11,18,14,   5.1360000000
2020,11,12,11,18,15,   5.1480000000
2020,11,12,11,18,15,   5.1360000000
2020,11,12,11,18,15,   5.1480000000
2020,11,12,11,18,15,   5.1360000000
2020,11,12,11,18,16,   5.1440000000
2020,11,12,11,18,16,   5.1360000000
2020,11,12,11,18,16,   5.1360000000
2020,11,12,11,18,16,   5.1360000000
2020,11,12,11,18,17,   5.1480000000
2020,11,12,11,18,17,   5.1400000000
2020,11,12,11,18,17,   5.1360000000
2020,11,12,11,18,18,   5.1400000000
2020,11,12,11,18,18,   5.1360000000
2020,11,12,11,18,18,   5.1360000000
2020,11,12,11,18,18,   5.1400000000
2020,11,12,11,18,19,   5.1360000000
2020,11,12,11,18,19,   5.1320000000
2020,11,12,11,18,19,   5.1440000000
2020,11,12,11,18,19,   5.1320000000
2020,11,12,11,18,20,   5.1480000000
2020,11,12,11,18,20,   5.1440000000
2020,11,12,11,18,20,   5.1160000000
2020,11,12,11,18,20,   5.1400000000
2020,11,12,11,18,21,   5.1360000000
2020,11,12,11,18,21,   5.1360000000
2020,11,12,11,18,21,   5.1480000000
2020,11,12,11,18,21,   5.1360000000
2020,11,12,11,18,22,   5.1360000000
2020,11,12,11,18,22,   5.1360000000
2020,11,12,11,18,22,   5.1400000000
2020,11,12,11,18,22,   5.1520000000
2020,11,12,11,18,23,   5.1400000000
2020,11,12,11,18,23,   5.1360000000
2020,11,12,11,18,23,   5.1360000000
2020,11,12,11,18,24,   5.1360000000
2020,11,12,11,18,24,   5.1520000000
2020,11,12,11,18,24,   5.1480000000
2020,11,12,11,18,24,   5.1400000000
2020,11,12,11,18,25,   5.1360000000
2020,11,12,11,18,25,   5.1360000000
2020,11,12,11,18,25,   5.1480000000
2020,11,12,11,18,25,   5.1400000000
2020,11,12,11,18,26,   5.1440000000
2020,11,12,11,18,26,   5.1320000000
2020,11,12,11,18,26,   5.1360000000
2020,11,12,11,18,26,   5.1320000000
2020,11,12,11,18,27,   5.1400000000
2020,11,12,11,18,27,   5.1400000000
2020,11,12,11,18,27,   5.1360000000
2020,11,12,11,18,27,   5.1360000000
2020,11,12,11,18,28,   5.1360000000
2020,11,12,11,18,28,   5.1360000000
2020,11,12,11,18,28,   5.1360000000
2020,11,12,11,18,28,   5.1400000000
2020,11,12,11,18,29,   5.1360000000
2020,11,12,11,18,29,   5.1360000000
2020,11,12,11,18,29,   5.1440000000
2020,11,12,11,18,30,   5.1320000000
2020,11,12,11,18,30,   5.1360000000
2020,11,12,11,18,30,   5.1400000000
2020,11,12,11,18,30,   5.1360000000
2020,11,12,11,18,31,   5.1360000000
2020,11,12,11,18,31,   5.1360000000
2020,11,12,11,18,31,   5.1400000000
2020,11,12,11,18,31,   5.1360000000
2020,11,12,11,18,32,   5.1400000000
2020,11,12,11,18,32,   5.1440000000
2020,11,12,11,18,32,   5.1400000000
2020,11,12,11,18,32,   5.1400000000
2020,11,12,11,18,33,   5.1360000000
2020,11,12,11,18,33,   5.1480000000
2020,11,12,11,18,33,   5.1400000000
2020,11,12,11,18,33,   5.1360000000
2020,11,12,11,18,34,   5.1400000000
2020,11,12,11,18,34,   5.1400000000
2020,11,12,11,18,34,   5.1360000000
2020,11,12,11,18,34,   5.1400000000
2020,11,12,11,18,35,   5.1520000000
2020,11,12,11,18,35,   5.1520000000
2020,11,12,11,18,35,   5.1440000000
2020,11,12,11,18,36,   5.1280000000
2020,11,12,11,18,36,   5.1480000000
2020,11,12,11,18,36,   5.1400000000
2020,11,12,11,18,36,   5.1480000000
2020,11,12,11,18,37,   5.1360000000
2020,11,12,11,18,37,   5.1400000000
2020,11,12,11,18,37,   5.1360000000
2020,11,12,11,18,37,   5.1400000000
2020,11,12,11,18,38,   5.1360000000
2020,11,12,11,18,38,   5.1360000000
2020,11,12,11,18,38,   5.1400000000
2020,11,12,11,18,38,   5.1480000000
2020,11,12,11,18,39,   5.1360000000
2020,11,12,11,18,39,   5.1320000000
2020,11,12,11,18,39,   5.1360000000
2020,11,12,11,18,39,   5.1400000000
2020,11,12,11,18,40,   5.1440000000
2020,11,12,11,18,40,   5.1320000000
2020,11,12,11,18,40,   5.1400000000
2020,11,12,11,18,41,   5.1440000000
2020,11,12,11,18,41,   5.1360000000
2020,11,12,11,18,41,   5.1360000000
2020,11,12,11,18,41,   5.1520000000
2020,11,12,11,18,42,   5.1360000000
2020,11,12,11,18,42,   5.1480000000
2020,11,12,11,18,42,   5.1400000000
2020,11,12,11,18,42,   5.1480000000
2020,11,12,11,18,43,   5.1440000000
2020,11,12,11,18,43,   5.1440000000
2020,11,12,11,18,43,   5.1400000000
2020,11,12,11,18,43,   5.1400000000
2020,11,12,11,18,44,   5.1320000000
2020,11,12,11,18,44,   5.1360000000
2020,11,12,11,18,44,   5.1360000000
2020,11,12,11,18,44,   5.1360000000
2020,11,12,11,18,45,   5.1400000000
2020,11,12,11,18,45,   5.1360000000
2020,11,12,11,18,45,   5.1400000000
2020,11,12,11,18,45,   5.1360000000
2020,11,12,11,18,46,   5.1360000000
2020,11,12,11,18,46,   5.1400000000
2020,11,12,11,18,46,   5.1360000000
2020,11,12,11,18,47,   5.1440000000
2020,11,12,11,18,47,   5.1400000000
2020,11,12,11,18,47,   5.1360000000
2020,11,12,11,18,47,   5.1400000000
2020,11,12,11,18,48,   5.1320000000
2020,11,12,11,18,48,   5.1400000000
2020,11,12,11,18,48,   5.1400000000
2020,11,12,11,18,48,   5.1400000000
2020,11,12,11,18,49,   5.1360000000
2020,11,12,11,18,49,   5.1400000000
2020,11,12,11,18,49,   5.1360000000
2020,11,12,11,18,49,   5.1320000000
2020,11,12,11,18,50,   5.1400000000
2020,11,12,11,18,50,   5.1360000000
2020,11,12,11,18,50,   5.1400000000
2020,11,12,11,18,50,   5.1480000000
2020,11,12,11,18,51,   5.1360000000
2020,11,12,11,18,51,   5.1440000000
2020,11,12,11,18,51,   5.1400000000
2020,11,12,11,18,51,   5.1400000000
2020,11,12,11,18,52,   5.1360000000
2020,11,12,11,18,52,   5.1360000000
2020,11,12,11,18,52,   5.1360000000
2020,11,12,11,18,53,   5.1360000000
2020,11,12,11,18,53,   5.1360000000
2020,11,12,11,18,53,   5.1360000000
2020,11,12,11,18,53,   5.1440000000
2020,11,12,11,18,54,   5.1400000000
2020,11,12,11,18,54,   5.1360000000
2020,11,12,11,18,54,   5.1360000000
2020,11,12,11,18,54,   5.1400000000
2020,11,12,11,18,55,   5.1360000000
2020,11,12,11,18,55,   5.1360000000
2020,11,12,11,18,55,   5.1360000000
2020,11,12,11,18,55,   5.1360000000
2020,11,12,11,18,56,   5.1400000000
2020,11,12,11,18,56,   5.1320000000
2020,11,12,11,18,56,   5.1360000000
2020,11,12,11,18,56,   5.1360000000
2020,11,12,11,18,57,   5.1320000000
2020,11,12,11,18,57,   5.1360000000
2020,11,12,11,18,57,   5.1400000000
2020,11,12,11,18,57,   5.1400000000
2020,11,12,11,18,58,   5.1400000000
2020,11,12,11,18,58,   5.1360000000
2020,11,12,11,18,58,   5.1400000000
2020,11,12,11,18,59,   5.1360000000
2020,11,12,11,18,59,   5.1400000000
2020,11,12,11,18,59,   5.1400000000
2020,11,12,11,18,59,   5.1400000000
2020,11,12,11,19,0,   5.1360000000
2020,11,12,11,19,0,   5.1360000000
2020,11,12,11,19,0,   5.1400000000
2020,11,12,11,19,0,   5.1480000000
2020,11,12,11,19,1,   5.1360000000
2020,11,12,11,19,1,   5.1360000000
2020,11,12,11,19,1,   5.1360000000
2020,11,12,11,19,1,   5.1360000000
2020,11,12,11,19,2,   5.1360000000
2020,11,12,11,19,2,   5.1400000000
2020,11,12,11,19,2,   5.1360000000
2020,11,12,11,19,2,   5.1440000000
2020,11,12,11,19,3,   5.1360000000
2020,11,12,11,19,3,   5.1320000000
2020,11,12,11,19,3,   5.1360000000
2020,11,12,11,19,4,   5.1400000000
2020,11,12,11,19,4,   5.1480000000
2020,11,12,11,19,4,   5.1360000000
2020,11,12,11,19,4,   5.1360000000
2020,11,12,11,19,5,   5.1360000000
2020,11,12,11,19,5,   5.1400000000
2020,11,12,11,19,5,   5.1360000000
2020,11,12,11,19,5,   5.1360000000
2020,11,12,11,19,6,   5.1360000000
2020,11,12,11,19,6,   5.1400000000
2020,11,12,11,19,6,   5.1400000000
2020,11,12,11,19,6,   5.1400000000
2020,11,12,11,19,7,   5.1360000000
2020,11,12,11,19,7,   5.1320000000
2020,11,12,11,19,7,   5.1320000000
2020,11,12,11,19,7,   5.1320000000
2020,11,12,11,19,8,   5.1360000000
2020,11,12,11,19,8,   5.1320000000
2020,11,12,11,19,8,   5.1360000000
2020,11,12,11,19,9,   5.1360000000
2020,11,12,11,19,9,   5.1360000000
2020,11,12,11,19,9,   5.1320000000
2020,11,12,11,19,9,   5.1240000000
2020,11,12,11,19,10,   5.1320000000
2020,11,12,11,19,10,   5.1320000000
2020,11,12,11,19,10,   5.1360000000
2020,11,12,11,19,10,   5.1320000000
2020,11,12,11,19,11,   5.1400000000
2020,11,12,11,19,11,   5.1320000000
2020,11,12,11,19,11,   5.1360000000
2020,11,12,11,19,11,   5.1400000000
2020,11,12,11,19,12,   5.1360000000
2020,11,12,11,19,12,   5.1400000000
2020,11,12,11,19,12,   5.1360000000
2020,11,12,11,19,12,   5.1440000000
2020,11,12,11,19,13,   5.1400000000
2020,11,12,11,19,13,   5.1400000000
2020,11,12,11,19,13,   5.1480000000
2020,11,12,11,19,14,   5.1320000000
2020,11,12,11,19,14,   5.1320000000
2020,11,12,11,19,14,   5.1400000000
2020,11,12,11,19,14,   5.1480000000
2020,11,12,11,19,15,   5.1360000000
2020,11,12,11,19,15,   5.1360000000
2020,11,12,11,19,15,   5.1360000000
2020,11,12,11,19,15,   5.1360000000
2020,11,12,11,19,16,   5.1480000000
2020,11,12,11,19,16,   5.1320000000
2020,11,12,11,19,16,   5.1360000000
2020,11,12,11,19,16,   5.1440000000
2020,11,12,11,19,17,   5.1360000000
2020,11,12,11,19,17,   5.1400000000
2020,11,12,11,19,17,   5.1400000000
2020,11,12,11,19,17,   5.1360000000
2020,11,12,11,19,18,   5.1360000000
2020,11,12,11,19,18,   5.1320000000
2020,11,12,11,19,18,   5.1360000000
2020,11,12,11,19,18,   5.1320000000
2020,11,12,11,19,19,   5.1360000000
2020,11,12,11,19,19,   5.1360000000
2020,11,12,11,19,19,   5.1320000000
2020,11,12,11,19,20,   5.1400000000
2020,11,12,11,19,20,   5.1360000000
2020,11,12,11,19,20,   5.1400000000
2020,11,12,11,19,20,   5.1480000000
2020,11,12,11,19,21,   5.1400000000
2020,11,12,11,19,21,   5.1440000000
2020,11,12,11,19,21,   5.1400000000
2020,11,12,11,19,21,   5.1400000000
2020,11,12,11,19,22,   5.1440000000
2020,11,12,11,19,22,   5.1360000000
2020,11,12,11,19,22,   5.1360000000
2020,11,12,11,19,22,   5.1360000000
2020,11,12,11,19,23,   5.1400000000
2020,11,12,11,19,23,   5.1360000000
2020,11,12,11,19,23,   5.1440000000
2020,11,12,11,19,23,   5.1400000000
2020,11,12,11,19,24,   5.1360000000
2020,11,12,11,19,24,   5.1320000000
2020,11,12,11,19,24,   5.1360000000
2020,11,12,11,19,24,   5.1400000000
2020,11,12,11,19,25,   5.1400000000
2020,11,12,11,19,25,   5.1360000000
2020,11,12,11,19,25,   5.1360000000
2020,11,12,11,19,25,   5.1360000000
2020,11,12,11,19,26,   5.1360000000
2020,11,12,11,19,26,   5.1480000000
2020,11,12,11,19,26,   5.1360000000
2020,11,12,11,19,27,   5.1480000000
2020,11,12,11,19,27,   5.1400000000
2020,11,12,11,19,27,   5.1360000000
2020,11,12,11,19,27,   5.1360000000
2020,11,12,11,19,28,   5.1360000000
2020,11,12,11,19,28,   5.1360000000
2020,11,12,11,19,28,   5.1480000000
2020,11,12,11,19,28,   5.1360000000
2020,11,12,11,19,29,   5.1360000000
2020,11,12,11,19,29,   5.1360000000
2020,11,12,11,19,29,   5.1360000000
2020,11,12,11,19,29,   5.1360000000
2020,11,12,11,19,30,   5.1400000000
2020,11,12,11,19,30,   5.1360000000
2020,11,12,11,19,30,   5.1360000000
2020,11,12,11,19,30,   5.1360000000
2020,11,12,11,19,31,   5.1360000000
2020,11,12,11,19,31,   5.1360000000
2020,11,12,11,19,31,   5.1400000000
2020,11,12,11,19,31,   5.1400000000
2020,11,12,11,19,32,   5.1320000000
2020,11,12,11,19,32,   5.1360000000
2020,11,12,11,19,32,   5.1360000000
2020,11,12,11,19,33,   5.1360000000
2020,11,12,11,19,33,   5.1480000000
2020,11,12,11,19,33,   5.1400000000
2020,11,12,11,19,33,   5.1400000000
2020,11,12,11,19,34,   5.1360000000
2020,11,12,11,19,34,   5.1520000000
2020,11,12,11,19,34,   5.1320000000
2020,11,12,11,19,34,   5.1360000000
2020,11,12,11,19,35,   5.1480000000
2020,11,12,11,19,35,   5.1400000000
2020,11,12,11,19,35,   5.1360000000
2020,11,12,11,19,35,   5.1440000000
2020,11,12,11,19,36,   5.1400000000
2020,11,12,11,19,36,   5.1400000000
2020,11,12,11,19,36,   5.1360000000
2020,11,12,11,19,36,   5.1360000000
2020,11,12,11,19,37,   5.1480000000
2020,11,12,11,19,37,   5.1360000000
2020,11,12,11,19,37,   5.1360000000
2020,11,12,11,19,37,   5.1360000000
2020,11,12,11,19,38,   5.1400000000
2020,11,12,11,19,38,   5.1360000000
2020,11,12,11,19,38,   5.1360000000
2020,11,12,11,19,39,   5.1480000000
2020,11,12,11,19,39,   5.1360000000
2020,11,12,11,19,39,   5.1520000000
2020,11,12,11,19,39,   5.1360000000
2020,11,12,11,19,40,   5.1360000000
2020,11,12,11,19,40,   5.1400000000
2020,11,12,11,19,40,   5.1400000000
2020,11,12,11,19,40,   5.1320000000
2020,11,12,11,19,41,   5.1400000000
2020,11,12,11,19,41,   5.1320000000
2020,11,12,11,19,41,   5.1360000000
2020,11,12,11,19,41,   5.1400000000
2020,11,12,11,19,42,   5.1280000000
2020,11,12,11,19,42,   5.1320000000
2020,11,12,11,19,42,   5.1400000000
2020,11,12,11,19,42,   5.1320000000
2020,11,12,11,19,43,   5.1320000000
2020,11,12,11,19,43,   5.1360000000
2020,11,12,11,19,43,   5.1480000000
2020,11,12,11,19,44,   5.1360000000
2020,11,12,11,19,44,   5.1320000000
2020,11,12,11,19,44,   5.1400000000
2020,11,12,11,19,44,   5.1360000000
2020,11,12,11,19,45,   5.1360000000
2020,11,12,11,19,45,   5.1320000000
2020,11,12,11,19,45,   5.1360000000
2020,11,12,11,19,45,   5.1440000000
2020,11,12,11,19,46,   5.1400000000
2020,11,12,11,19,46,   5.1360000000
2020,11,12,11,19,46,   5.1440000000
2020,11,12,11,19,46,   5.1320000000
2020,11,12,11,19,47,   5.1320000000
2020,11,12,11,19,47,   5.1360000000
2020,11,12,11,19,47,   5.1400000000
2020,11,12,11,19,47,   5.1480000000
2020,11,12,11,19,48,   5.1400000000
2020,11,12,11,19,48,   5.1360000000
2020,11,12,11,19,48,   5.1360000000
2020,11,12,11,19,48,   5.1400000000
2020,11,12,11,19,49,   5.1400000000
2020,11,12,11,19,49,   5.1360000000
2020,11,12,11,19,49,   5.1400000000
2020,11,12,11,19,50,   5.1400000000
2020,11,12,11,19,50,   5.1440000000
2020,11,12,11,19,50,   5.1360000000
2020,11,12,11,19,50,   5.1400000000
2020,11,12,11,19,51,   5.1360000000
2020,11,12,11,19,51,   5.1320000000
2020,11,12,11,19,51,   5.1400000000
2020,11,12,11,19,51,   5.1320000000
2020,11,12,11,19,52,   5.1360000000
2020,11,12,11,19,52,   5.1360000000
2020,11,12,11,19,52,   5.1320000000
2020,11,12,11,19,52,   5.1360000000
2020,11,12,11,19,53,   5.1360000000
2020,11,12,11,19,53,   5.1400000000
2020,11,12,11,19,53,   5.1360000000
2020,11,12,11,19,53,   5.1480000000
2020,11,12,11,19,54,   5.1360000000
2020,11,12,11,19,54,   5.1360000000
2020,11,12,11,19,54,   5.1400000000
2020,11,12,11,19,54,   5.1360000000
2020,11,12,11,19,55,   5.1440000000
2020,11,12,11,19,55,   5.1360000000
2020,11,12,11,19,55,   5.1400000000
2020,11,12,11,19,56,   5.1400000000
2020,11,12,11,19,56,   5.1440000000
2020,11,12,11,19,56,   5.1320000000
2020,11,12,11,19,56,   5.1360000000
2020,11,12,11,19,57,   5.1360000000
2020,11,12,11,19,57,   5.1360000000
2020,11,12,11,19,57,   5.1360000000
2020,11,12,11,19,57,   5.1360000000
2020,11,12,11,19,58,   5.1360000000
2020,11,12,11,19,58,   5.1360000000
2020,11,12,11,19,58,   5.1360000000
2020,11,12,11,19,58,   5.1400000000
2020,11,12,11,19,59,   5.1360000000
2020,11,12,11,19,59,   5.1360000000
2020,11,12,11,19,59,   5.1520000000
2020,11,12,11,19,59,   5.1360000000
2020,11,12,11,20,0,   5.1320000000
2020,11,12,11,20,0,   5.1360000000
2020,11,12,11,20,0,   5.1400000000
2020,11,12,11,20,1,   5.1360000000
2020,11,12,11,20,1,   5.1480000000
2020,11,12,11,20,1,   5.1400000000
2020,11,12,11,20,1,   5.1360000000
2020,11,12,11,20,2,   5.1320000000
2020,11,12,11,20,2,   5.1320000000
2020,11,12,11,20,2,   5.1400000000
2020,11,12,11,20,2,   5.1320000000
2020,11,12,11,20,3,   5.1440000000
2020,11,12,11,20,3,   5.1440000000
2020,11,12,11,20,3,   5.1360000000
2020,11,12,11,20,3,   5.1400000000
2020,11,12,11,20,4,   5.1360000000
2020,11,12,11,20,4,   5.1480000000
2020,11,12,11,20,4,   5.1360000000
2020,11,12,11,20,4,   5.1320000000
2020,11,12,11,20,5,   5.1400000000
2020,11,12,11,20,5,   5.1480000000
2020,11,12,11,20,5,   5.1320000000
2020,11,12,11,20,6,   5.1320000000
2020,11,12,11,20,6,   5.1320000000
2020,11,12,11,20,6,   5.1320000000
2020,11,12,11,20,6,   5.1400000000
2020,11,12,11,20,7,   5.1360000000
2020,11,12,11,20,7,   5.1360000000
2020,11,12,11,20,7,   5.1360000000
2020,11,12,11,20,7,   5.1280000000
2020,11,12,11,20,8,   5.1360000000
2020,11,12,11,20,8,   5.1480000000
2020,11,12,11,20,8,   5.1360000000
2020,11,12,11,20,8,   5.1320000000
2020,11,12,11,20,9,   5.1480000000
2020,11,12,11,20,9,   5.1360000000
2020,11,12,11,20,9,   5.1360000000
2020,11,12,11,20,9,   5.1360000000
2020,11,12,11,20,10,   5.1280000000
2020,11,12,11,20,10,   5.1360000000
2020,11,12,11,20,10,   5.1400000000
2020,11,12,11,20,10,   5.1400000000
2020,11,12,11,20,11,   5.1320000000
2020,11,12,11,20,11,   5.1400000000
2020,11,12,11,20,11,   5.1360000000
2020,11,12,11,20,12,   5.1360000000
2020,11,12,11,20,12,   5.1360000000
2020,11,12,11,20,12,   5.1400000000
2020,11,12,11,20,12,   5.1400000000
2020,11,12,11,20,13,   5.1360000000
2020,11,12,11,20,13,   5.1400000000
2020,11,12,11,20,13,   5.1400000000
2020,11,12,11,20,13,   5.1360000000
2020,11,12,11,20,14,   5.1360000000
2020,11,12,11,20,14,   5.1320000000
2020,11,12,11,20,14,   5.1360000000
2020,11,12,11,20,14,   5.1320000000
2020,11,12,11,20,15,   5.1400000000
2020,11,12,11,20,15,   5.1520000000
2020,11,12,11,20,15,   5.1360000000
2020,11,12,11,20,15,   5.1400000000
2020,11,12,11,20,16,   5.1320000000
2020,11,12,11,20,16,   5.1360000000
2020,11,12,11,20,16,   5.1480000000
2020,11,12,11,20,16,   5.1480000000
2020,11,12,11,20,17,   5.1320000000
2020,11,12,11,20,17,   5.1480000000
2020,11,12,11,20,17,   5.1360000000
2020,11,12,11,20,18,   5.1280000000
2020,11,12,11,20,18,   5.1320000000
2020,11,12,11,20,18,   5.1360000000
2020,11,12,11,20,18,   5.1480000000
2020,11,12,11,20,19,   5.1360000000
2020,11,12,11,20,19,   5.1360000000
2020,11,12,11,20,19,   5.1320000000
2020,11,12,11,20,19,   5.1360000000
2020,11,12,11,20,20,   5.1360000000
2020,11,12,11,20,20,   5.1320000000
2020,11,12,11,20,20,   5.1320000000
2020,11,12,11,20,20,   5.1360000000
2020,11,12,11,20,21,   5.1320000000
2020,11,12,11,20,21,   5.1360000000
2020,11,12,11,20,21,   5.1360000000
2020,11,12,11,20,21,   5.1360000000
2020,11,12,11,20,22,   5.1400000000
2020,11,12,11,20,22,   5.1360000000
2020,11,12,11,20,22,   5.1320000000
2020,11,12,11,20,23,   5.1320000000
2020,11,12,11,20,23,   5.1360000000
2020,11,12,11,20,23,   5.1360000000
2020,11,12,11,20,23,   5.1320000000
2020,11,12,11,20,24,   5.1400000000
2020,11,12,11,20,24,   5.1360000000
2020,11,12,11,20,24,   5.1400000000
2020,11,12,11,20,24,   5.1400000000
2020,11,12,11,20,25,   5.1400000000
2020,11,12,11,20,25,   5.1360000000
2020,11,12,11,20,25,   5.1400000000
2020,11,12,11,20,25,   5.1360000000
2020,11,12,11,20,26,   5.1360000000
2020,11,12,11,20,26,   5.1360000000
2020,11,12,11,20,26,   5.1360000000
2020,11,12,11,20,26,   5.1360000000
2020,11,12,11,20,27,   5.1400000000
2020,11,12,11,20,27,   5.1360000000
2020,11,12,11,20,27,   5.1440000000
2020,11,12,11,20,28,   5.1360000000
2020,11,12,11,20,28,   5.1400000000
2020,11,12,11,20,28,   5.1400000000
2020,11,12,11,20,28,   5.1400000000
2020,11,12,11,20,29,   5.1400000000
2020,11,12,11,20,29,   5.1360000000
2020,11,12,11,20,29,   5.1400000000
2020,11,12,11,20,29,   5.1360000000
2020,11,12,11,20,30,   5.1440000000
2020,11,12,11,20,30,   5.1360000000
2020,11,12,11,20,30,   5.1360000000
2020,11,12,11,20,30,   5.1360000000
2020,11,12,11,20,31,   5.1400000000
2020,11,12,11,20,31,   5.1360000000
2020,11,12,11,20,31,   5.1160000000
2020,11,12,11,20,31,   5.1360000000
2020,11,12,11,20,32,   5.1320000000
2020,11,12,11,20,32,   5.1360000000
2020,11,12,11,20,32,   5.1320000000
2020,11,12,11,20,32,   5.1320000000
2020,11,12,11,20,33,   5.1360000000
2020,11,12,11,20,33,   5.1360000000
2020,11,12,11,20,33,   5.1360000000
2020,11,12,11,20,34,   5.1360000000
2020,11,12,11,20,34,   5.1440000000
2020,11,12,11,20,34,   5.1320000000
2020,11,12,11,20,34,   5.1360000000
2020,11,12,11,20,35,   5.1440000000
2020,11,12,11,20,35,   5.1360000000
2020,11,12,11,20,35,   5.1360000000
2020,11,12,11,20,35,   5.1320000000
2020,11,12,11,20,36,   5.1320000000
2020,11,12,11,20,36,   5.1440000000
2020,11,12,11,20,36,   5.1400000000
2020,11,12,11,20,36,   5.1400000000
2020,11,12,11,20,37,   5.1320000000
2020,11,12,11,20,37,   5.1400000000
2020,11,12,11,20,37,   5.1360000000
2020,11,12,11,20,37,   5.1360000000
2020,11,12,11,20,38,   5.1360000000
2020,11,12,11,20,38,   5.1240000000
2020,11,12,11,20,38,   5.1320000000
2020,11,12,11,20,39,   5.1360000000
2020,11,12,11,20,39,   5.1400000000
2020,11,12,11,20,39,   5.1360000000
2020,11,12,11,20,39,   5.1360000000
2020,11,12,11,20,40,   5.1360000000
2020,11,12,11,20,40,   5.1320000000
2020,11,12,11,20,40,   5.1440000000
2020,11,12,11,20,40,   5.1360000000
2020,11,12,11,20,41,   5.1360000000
2020,11,12,11,20,41,   5.1320000000
2020,11,12,11,20,41,   5.1360000000
2020,11,12,11,20,41,   5.1360000000
2020,11,12,11,20,42,   5.1400000000
2020,11,12,11,20,42,   5.1360000000
2020,11,12,11,20,42,   5.1320000000
2020,11,12,11,20,42,   5.1360000000
2020,11,12,11,20,43,   5.1360000000
2020,11,12,11,20,43,   5.1360000000
2020,11,12,11,20,43,   5.1400000000
2020,11,12,11,20,44,   5.1360000000
2020,11,12,11,20,44,   5.1360000000
2020,11,12,11,20,44,   5.1320000000
2020,11,12,11,20,44,   5.1360000000
2020,11,12,11,20,45,   5.1360000000
2020,11,12,11,20,45,   5.1320000000
2020,11,12,11,20,45,   5.1360000000
2020,11,12,11,20,45,   5.1320000000
2020,11,12,11,20,46,   5.1360000000
2020,11,12,11,20,46,   5.1440000000
2020,11,12,11,20,46,   5.1400000000
2020,11,12,11,20,46,   5.1360000000
2020,11,12,11,20,47,   5.1360000000
2020,11,12,11,20,47,   5.1440000000
2020,11,12,11,20,47,   5.1480000000
2020,11,12,11,20,47,   5.1360000000
2020,11,12,11,20,48,   5.1400000000
2020,11,12,11,20,48,   5.1480000000
2020,11,12,11,20,48,   5.1320000000
2020,11,12,11,20,49,   5.1440000000
2020,11,12,11,20,49,   5.1360000000
2020,11,12,11,20,49,   5.1480000000
2020,11,12,11,20,49,   5.1360000000
2020,11,12,11,20,50,   5.1360000000
2020,11,12,11,20,50,   5.1360000000
2020,11,12,11,20,50,   5.1440000000
2020,11,12,11,20,50,   5.1360000000
2020,11,12,11,20,51,   5.1320000000
2020,11,12,11,20,51,   5.1400000000
2020,11,12,11,20,51,   5.1360000000
2020,11,12,11,20,51,   5.1360000000
2020,11,12,11,20,52,   5.1360000000
2020,11,12,11,20,52,   5.1360000000
2020,11,12,11,20,52,   5.1320000000
2020,11,12,11,20,52,   5.1440000000
2020,11,12,11,20,53,   5.1320000000
2020,11,12,11,20,53,   5.1360000000
2020,11,12,11,20,53,   5.1360000000
2020,11,12,11,20,54,   5.1400000000
2020,11,12,11,20,54,   5.1320000000
2020,11,12,11,20,54,   5.1400000000
2020,11,12,11,20,54,   5.1360000000
2020,11,12,11,20,55,   5.1480000000
2020,11,12,11,20,55,   5.1400000000
2020,11,12,11,20,55,   5.1480000000
2020,11,12,11,20,55,   5.1320000000
2020,11,12,11,20,56,   5.1320000000
2020,11,12,11,20,56,   5.1360000000
2020,11,12,11,20,56,   5.1360000000
2020,11,12,11,20,56,   5.1440000000
2020,11,12,11,20,57,   5.1320000000
2020,11,12,11,20,57,   5.1320000000
2020,11,12,11,20,57,   5.1360000000
2020,11,12,11,20,57,   5.1320000000
2020,11,12,11,20,58,   5.1360000000
2020,11,12,11,20,58,   5.1320000000
2020,11,12,11,20,58,   5.1320000000
2020,11,12,11,20,58,   5.1360000000
2020,11,12,11,20,59,   5.1320000000
