2020,9,21,13,36,0,  87.7419000000
2020,9,21,13,36,0, -50.0000000000
2020,9,21,13,36,0, 120.9677000000
2020,9,21,13,36,1, -50.0000000000
2020,9,21,13,36,1,  51.2903000000
2020,9,21,13,36,1,  17.4194000000
2020,9,21,13,36,1, -23.5484000000
2020,9,21,13,36,2, 107.4194000000
2020,9,21,13,36,2, -50.0000000000
2020,9,21,13,36,2, 135.1613000000
2020,9,21,13,36,3, 132.5806000000
2020,9,21,13,36,3,  50.9677000000
2020,9,21,13,36,3, -26.7742000000
2020,9,21,13,36,3, -50.0000000000
2020,9,21,13,36,4,  73.5484000000
2020,9,21,13,36,4, 114.8387000000
2020,9,21,13,36,4, -41.6129000000
2020,9,21,13,36,4, -35.1613000000
2020,9,21,13,36,5, 110.3226000000
2020,9,21,13,36,5, -26.1290000000
2020,9,21,13,36,5, 110.0000000000
2020,9,21,13,36,5, -48.0645000000
2020,9,21,13,36,6,  74.5161000000
2020,9,21,13,36,6, 126.4516000000
2020,9,21,13,36,6, -50.0000000000
2020,9,21,13,36,6, 122.9032000000
2020,9,21,13,36,7, -21.6129000000
2020,9,21,13,36,7, -34.5161000000
2020,9,21,13,36,7,  49.0323000000
2020,9,21,13,36,7, -33.5484000000
2020,9,21,13,36,8, 115.4839000000
2020,9,21,13,36,8, -50.0000000000
2020,9,21,13,36,8,  45.8065000000
2020,9,21,13,36,8, -19.6774000000
2020,9,21,13,36,9, -50.0000000000
2020,9,21,13,36,9, 125.4839000000
2020,9,21,13,36,9, 115.4839000000
2020,9,21,13,36,10, -50.0000000000
2020,9,21,13,36,10,  -8.7097000000
2020,9,21,13,36,10, -50.0000000000
2020,9,21,13,36,10, -21.2903000000
2020,9,21,13,36,11,  18.0645000000
2020,9,21,13,36,11, -32.2581000000
2020,9,21,13,36,11, 124.8387000000
2020,9,21,13,36,11, -50.0000000000
2020,9,21,13,36,12, -46.4516000000
2020,9,21,13,36,12, 120.6452000000
2020,9,21,13,36,12, -50.0000000000
2020,9,21,13,36,12, 121.9355000000
2020,9,21,13,36,13, -50.0000000000
2020,9,21,13,36,13, -19.6774000000
2020,9,21,13,36,13,  84.1935000000
2020,9,21,13,36,13, -50.0000000000
2020,9,21,13,36,14, 122.5806000000
2020,9,21,13,36,14, -50.0000000000
2020,9,21,13,36,14, -50.0000000000
2020,9,21,13,36,14, 138.3871000000
2020,9,21,13,36,15,  44.1935000000
2020,9,21,13,36,15,  85.8065000000
2020,9,21,13,36,15, -50.0000000000
2020,9,21,13,36,16, 120.9677000000
2020,9,21,13,36,16, -46.7742000000
2020,9,21,13,36,16, 114.5161000000
2020,9,21,13,36,16,  26.1290000000
2020,9,21,13,36,17,  85.8065000000
2020,9,21,13,36,17, 133.2258000000
2020,9,21,13,36,17,  12.5806000000
2020,9,21,13,36,17, -50.0000000000
2020,9,21,13,36,18,  70.9677000000
2020,9,21,13,36,18, -48.0645000000
2020,9,21,13,36,18,  92.2581000000
2020,9,21,13,36,18, -50.0000000000
2020,9,21,13,36,19, -37.4194000000
2020,9,21,13,36,19, 128.0645000000
2020,9,21,13,36,19, -30.0000000000
2020,9,21,13,36,19,  93.8710000000
2020,9,21,13,36,20, -50.0000000000
2020,9,21,13,36,20,  93.5484000000
2020,9,21,13,36,20,  -9.3548000000
2020,9,21,13,36,21,  -3.5484000000
2020,9,21,13,36,21, 112.2581000000
2020,9,21,13,36,21, -50.0000000000
2020,9,21,13,36,21,  71.9355000000
2020,9,21,13,36,22, -50.0000000000
2020,9,21,13,36,22,  -7.7419000000
2020,9,21,13,36,22,  89.0323000000
2020,9,21,13,36,22, -50.0000000000
2020,9,21,13,36,23, -24.1935000000
2020,9,21,13,36,23, -23.8710000000
2020,9,21,13,36,23, -50.0000000000
2020,9,21,13,36,23, 134.8387000000
2020,9,21,13,36,24, -50.0000000000
2020,9,21,13,36,24,  67.4194000000
2020,9,21,13,36,24, -43.8710000000
2020,9,21,13,36,24, 121.2903000000
2020,9,21,13,36,25, -50.0000000000
2020,9,21,13,36,25,  87.0968000000
2020,9,21,13,36,25, -50.0000000000
2020,9,21,13,36,26, 110.6452000000
2020,9,21,13,36,26,  91.2903000000
2020,9,21,13,36,26, -50.0000000000
2020,9,21,13,36,26, 127.7419000000
2020,9,21,13,36,27, -50.0000000000
2020,9,21,13,36,27,  22.5806000000
2020,9,21,13,36,27, -50.0000000000
2020,9,21,13,36,27, 135.4839000000
2020,9,21,13,36,28, -50.0000000000
2020,9,21,13,36,28,  26.1290000000
2020,9,21,13,36,28,  37.0968000000
2020,9,21,13,36,28,  -5.8065000000
2020,9,21,13,36,29, 130.6452000000
2020,9,21,13,36,29,  65.1613000000
2020,9,21,13,36,29, -31.9355000000
2020,9,21,13,36,29,  83.5484000000
2020,9,21,13,36,30, -36.7742000000
2020,9,21,13,36,30, 107.7419000000
2020,9,21,13,36,30, -50.0000000000
2020,9,21,13,36,30, 136.1290000000
2020,9,21,13,36,31, -46.4516000000
2020,9,21,13,36,31, -50.0000000000
2020,9,21,13,36,31, -50.0000000000
2020,9,21,13,36,31,  -7.4194000000
2020,9,21,13,36,32,  57.0968000000
2020,9,21,13,36,32,  34.1935000000
2020,9,21,13,36,32,  75.1613000000
2020,9,21,13,36,33, -32.9032000000
2020,9,21,13,36,33, -45.4839000000
2020,9,21,13,36,33,  79.3548000000
2020,9,21,13,36,33, 240.3226000000
2020,9,21,13,36,34, -50.0000000000
2020,9,21,13,36,34, 123.2258000000
2020,9,21,13,36,34, -50.0000000000
2020,9,21,13,36,34, 122.5806000000
2020,9,21,13,36,35, -50.0000000000
2020,9,21,13,36,35,  11.2903000000
2020,9,21,13,36,35, -28.3871000000
2020,9,21,13,36,35,  69.6774000000
2020,9,21,13,36,36, -50.0000000000
2020,9,21,13,36,36, -50.0000000000
2020,9,21,13,36,36,  16.4516000000
2020,9,21,13,36,36, -50.0000000000
2020,9,21,13,36,37, 128.0645000000
2020,9,21,13,36,37, -50.0000000000
2020,9,21,13,36,37, 114.8387000000
2020,9,21,13,36,37, -50.0000000000
2020,9,21,13,36,38, 118.7097000000
2020,9,21,13,36,38, -50.0000000000
2020,9,21,13,36,38, 111.9355000000
2020,9,21,13,36,39, -19.6774000000
2020,9,21,13,36,39, -50.0000000000
2020,9,21,13,36,39,  66.4516000000
2020,9,21,13,36,39, 134.8387000000
2020,9,21,13,36,40, -43.5484000000
2020,9,21,13,36,40, 117.7419000000
2020,9,21,13,36,40, 100.9677000000
2020,9,21,13,36,40, -50.0000000000
2020,9,21,13,36,41, 132.5806000000
2020,9,21,13,36,41, -50.0000000000
2020,9,21,13,36,41,  69.3548000000
2020,9,21,13,36,41, -41.9355000000
2020,9,21,13,36,42,  86.7742000000
2020,9,21,13,36,42,   7.7419000000
2020,9,21,13,36,42, -50.0000000000
2020,9,21,13,36,42,  62.9032000000
2020,9,21,13,36,43, -23.8710000000
2020,9,21,13,36,43, -20.6452000000
2020,9,21,13,36,43, 107.4194000000
2020,9,21,13,36,44, -40.6452000000
2020,9,21,13,36,44,  60.3226000000
2020,9,21,13,36,44, 134.1935000000
2020,9,21,13,36,44, -50.0000000000
2020,9,21,13,36,45,  99.0323000000
2020,9,21,13,36,45, -12.2581000000
2020,9,21,13,36,45, -34.8387000000
2020,9,21,13,36,45, 125.4839000000
2020,9,21,13,36,46, 121.2903000000
2020,9,21,13,36,46, -50.0000000000
2020,9,21,13,36,46,  78.0645000000
2020,9,21,13,36,46, -50.0000000000
2020,9,21,13,36,47, 127.7419000000
2020,9,21,13,36,47,  20.0000000000
2020,9,21,13,36,47, -26.7742000000
2020,9,21,13,36,47, -27.7419000000
2020,9,21,13,36,48, 110.3226000000
2020,9,21,13,36,48, -50.0000000000
2020,9,21,13,36,48, -50.0000000000
2020,9,21,13,36,48, 129.0323000000
2020,9,21,13,36,49, -50.0000000000
2020,9,21,13,36,49,  94.1935000000
2020,9,21,13,36,49, -50.0000000000
2020,9,21,13,36,50, -15.1613000000
2020,9,21,13,36,50,  99.0323000000
2020,9,21,13,36,50, -50.0000000000
2020,9,21,13,36,50, 114.1935000000
2020,9,21,13,36,51, -30.3226000000
2020,9,21,13,36,51,  20.6452000000
2020,9,21,13,36,51, -50.0000000000
2020,9,21,13,36,51,  81.9355000000
2020,9,21,13,36,52, -33.2258000000
2020,9,21,13,36,52, -50.0000000000
2020,9,21,13,36,52, 123.2258000000
2020,9,21,13,36,52, -50.0000000000
2020,9,21,13,36,53, 100.9677000000
2020,9,21,13,36,53,  76.1290000000
2020,9,21,13,36,53, -40.9677000000
2020,9,21,13,36,53, 119.0323000000
2020,9,21,13,36,54, -50.0000000000
2020,9,21,13,36,54, -50.0000000000
2020,9,21,13,36,54,  40.6452000000
2020,9,21,13,36,55,  67.7419000000
2020,9,21,13,36,55, 118.7097000000
2020,9,21,13,36,55, -50.0000000000
2020,9,21,13,36,55, 115.4839000000
2020,9,21,13,36,56, 104.5161000000
2020,9,21,13,36,56, -50.0000000000
2020,9,21,13,36,56,  -7.0968000000
2020,9,21,13,36,56, 127.4194000000
2020,9,21,13,36,57, -50.0000000000
2020,9,21,13,36,57,  -8.0645000000
2020,9,21,13,36,57,  81.9355000000
2020,9,21,13,36,57, 108.3871000000
2020,9,21,13,36,58, -50.0000000000
2020,9,21,13,36,58, 122.2581000000
2020,9,21,13,36,58, -46.7742000000
2020,9,21,13,36,58,  71.2903000000
2020,9,21,13,36,59,  37.0968000000
2020,9,21,13,36,59, -31.9355000000
2020,9,21,13,36,59, 114.8387000000
2020,9,21,13,36,59, -50.0000000000
2020,9,21,13,37,0,  74.5161000000
2020,9,21,13,37,0,  29.0323000000
2020,9,21,13,37,0, -50.0000000000
2020,9,21,13,37,1, 122.5806000000
2020,9,21,13,37,1,  94.8387000000
2020,9,21,13,37,1, 124.5161000000
2020,9,21,13,37,1, -23.5484000000
2020,9,21,13,37,2, 105.4839000000
2020,9,21,13,37,2, 105.1613000000
2020,9,21,13,37,2, -50.0000000000
2020,9,21,13,37,2, 130.3226000000
2020,9,21,13,37,3, -36.1290000000
2020,9,21,13,37,3, 116.4516000000
2020,9,21,13,37,3,  -9.0323000000
2020,9,21,13,37,3,   7.4194000000
2020,9,21,13,37,4,  92.9032000000
2020,9,21,13,37,4, -18.3871000000
2020,9,21,13,37,4,  12.9032000000
2020,9,21,13,37,5, 118.3871000000
2020,9,21,13,37,5, -50.0000000000
2020,9,21,13,37,5, 125.1613000000
2020,9,21,13,37,5, -50.0000000000
2020,9,21,13,37,6, 137.7419000000
2020,9,21,13,37,6, 112.9032000000
2020,9,21,13,37,6, -50.0000000000
2020,9,21,13,37,6, 129.6774000000
2020,9,21,13,37,7, 125.8065000000
2020,9,21,13,37,7, -50.0000000000
2020,9,21,13,37,7, -14.8387000000
2020,9,21,13,37,7,  -6.1290000000
2020,9,21,13,37,8,  74.8387000000
2020,9,21,13,37,8, -44.8387000000
2020,9,21,13,37,8, -50.0000000000
2020,9,21,13,37,9, -50.0000000000
2020,9,21,13,37,9, -46.7742000000
2020,9,21,13,37,9, 124.1935000000
2020,9,21,13,37,9,  10.6452000000
2020,9,21,13,37,10, 124.8387000000
2020,9,21,13,37,10, -41.9355000000
2020,9,21,13,37,10, -40.9677000000
2020,9,21,13,37,10,  93.5484000000
2020,9,21,13,37,11,  70.9677000000
2020,9,21,13,37,11,  90.6452000000
2020,9,21,13,37,11,  -6.1290000000
2020,9,21,13,37,11,  93.5484000000
2020,9,21,13,37,12, 101.6129000000
2020,9,21,13,37,12,  10.9677000000
2020,9,21,13,37,12, 221.2903000000
2020,9,21,13,37,13, -50.0000000000
2020,9,21,13,37,13,  95.8065000000
2020,9,21,13,37,13, -50.0000000000
2020,9,21,13,37,13, 102.2581000000
2020,9,21,13,37,14, -50.0000000000
2020,9,21,13,37,14, 136.4516000000
2020,9,21,13,37,14, -50.0000000000
2020,9,21,13,37,14, 122.9032000000
2020,9,21,13,37,15, -50.0000000000
2020,9,21,13,37,15, 131.2903000000
2020,9,21,13,37,15, -50.0000000000
2020,9,21,13,37,15, 125.4839000000
2020,9,21,13,37,16,  46.1290000000
2020,9,21,13,37,16,  84.1935000000
2020,9,21,13,37,16, 118.3871000000
2020,9,21,13,37,16,  74.8387000000
2020,9,21,13,37,17, -47.4194000000
2020,9,21,13,37,17,  98.3871000000
2020,9,21,13,37,17,  -6.7742000000
2020,9,21,13,37,17, -50.0000000000
2020,9,21,13,37,18, 124.8387000000
2020,9,21,13,37,18, -45.1613000000
2020,9,21,13,37,18, -50.0000000000
2020,9,21,13,37,19, -15.8065000000
2020,9,21,13,37,19,  98.3871000000
2020,9,21,13,37,19, -50.0000000000
2020,9,21,13,37,19,  91.2903000000
2020,9,21,13,37,20, -16.4516000000
2020,9,21,13,37,20, -50.0000000000
2020,9,21,13,37,20, -50.0000000000
2020,9,21,13,37,20,  96.4516000000
2020,9,21,13,37,21, -50.0000000000
2020,9,21,13,37,21, 131.9355000000
2020,9,21,13,37,21,  63.8710000000
2020,9,21,13,37,21,  79.0323000000
2020,9,21,13,37,22, -29.3548000000
2020,9,21,13,37,22,  83.8710000000
2020,9,21,13,37,22, -50.0000000000
2020,9,21,13,37,22, 107.7419000000
2020,9,21,13,37,23, 131.6129000000
2020,9,21,13,37,23,  18.7097000000
2020,9,21,13,37,23, 131.9355000000
2020,9,21,13,37,24, -48.7097000000
2020,9,21,13,37,24, -14.5161000000
2020,9,21,13,37,24,  94.8387000000
2020,9,21,13,37,24, -50.0000000000
2020,9,21,13,37,25, -50.0000000000
2020,9,21,13,37,25,  10.3226000000
2020,9,21,13,37,25,  -3.8710000000
2020,9,21,13,37,25, -50.0000000000
2020,9,21,13,37,26, 105.8065000000
2020,9,21,13,37,26, -50.0000000000
2020,9,21,13,37,26,  82.5806000000
2020,9,21,13,37,26, -50.0000000000
2020,9,21,13,37,27, -50.0000000000
2020,9,21,13,37,27, 125.8065000000
2020,9,21,13,37,27, -50.0000000000
2020,9,21,13,37,27,  72.5806000000
2020,9,21,13,37,28, -50.0000000000
2020,9,21,13,37,28, -50.0000000000
2020,9,21,13,37,28,  86.4516000000
2020,9,21,13,37,29,  71.2903000000
2020,9,21,13,37,29, 125.8065000000
2020,9,21,13,37,29, -39.0323000000
2020,9,21,13,37,29, -20.0000000000
2020,9,21,13,37,30, -50.0000000000
2020,9,21,13,37,30, 120.9677000000
2020,9,21,13,37,30, -44.1935000000
2020,9,21,13,37,30,  76.1290000000
2020,9,21,13,37,31, 106.1290000000
2020,9,21,13,37,31, -50.0000000000
2020,9,21,13,37,31, 123.8710000000
2020,9,21,13,37,31, 123.2258000000
2020,9,21,13,37,32, -50.0000000000
2020,9,21,13,37,32, 123.5484000000
2020,9,21,13,37,32, 116.1290000000
2020,9,21,13,37,32, -50.0000000000
2020,9,21,13,37,33, 116.7742000000
2020,9,21,13,37,33, 114.1935000000
2020,9,21,13,37,33,  71.2903000000
2020,9,21,13,37,33, -48.3871000000
2020,9,21,13,37,34,  93.8710000000
2020,9,21,13,37,34,  91.2903000000
2020,9,21,13,37,34, -50.0000000000
2020,9,21,13,37,35, 125.1613000000
2020,9,21,13,37,35, 150.0000000000
2020,9,21,13,37,35, -50.0000000000
2020,9,21,13,37,35, 125.1613000000
2020,9,21,13,37,36, -50.0000000000
2020,9,21,13,37,36, -30.6452000000
2020,9,21,13,37,36, 108.0645000000
2020,9,21,13,37,36, -50.0000000000
2020,9,21,13,37,37, 125.8065000000
2020,9,21,13,37,37, -28.3871000000
2020,9,21,13,37,37,  86.7742000000
2020,9,21,13,37,37,   9.6774000000
2020,9,21,13,37,38, -50.0000000000
2020,9,21,13,37,38, 122.9032000000
2020,9,21,13,37,38, -50.0000000000
2020,9,21,13,37,38,  34.5161000000
2020,9,21,13,37,39, -44.8387000000
2020,9,21,13,37,39,  74.1935000000
2020,9,21,13,37,39, -47.7419000000
2020,9,21,13,37,40,  98.0645000000
2020,9,21,13,37,40, 104.5161000000
2020,9,21,13,37,40, -50.0000000000
2020,9,21,13,37,40, 133.2258000000
2020,9,21,13,37,41, -50.0000000000
2020,9,21,13,37,41, 124.1935000000
2020,9,21,13,37,41, -50.0000000000
2020,9,21,13,37,41, -50.0000000000
2020,9,21,13,37,42,  -3.2258000000
2020,9,21,13,37,42,  90.0000000000
2020,9,21,13,37,42, -50.0000000000
2020,9,21,13,37,42, 108.0645000000
2020,9,21,13,37,43, -50.0000000000
2020,9,21,13,37,43, -50.0000000000
2020,9,21,13,37,43, 133.5484000000
2020,9,21,13,37,43, -32.9032000000
2020,9,21,13,37,44, 108.7097000000
2020,9,21,13,37,44, -31.9355000000
2020,9,21,13,37,44,  95.8065000000
2020,9,21,13,37,44, 132.5806000000
2020,9,21,13,37,45,  17.4194000000
2020,9,21,13,37,45, -31.6129000000
2020,9,21,13,37,45, 114.5161000000
2020,9,21,13,37,46, -50.0000000000
2020,9,21,13,37,46, 131.9355000000
2020,9,21,13,37,46,  97.7419000000
2020,9,21,13,37,46, 117.4194000000
2020,9,21,13,37,47, -42.2581000000
2020,9,21,13,37,47, -50.0000000000
2020,9,21,13,37,47, 112.5806000000
2020,9,21,13,37,47, -17.7419000000
2020,9,21,13,37,48, -50.0000000000
2020,9,21,13,37,48,  96.7742000000
2020,9,21,13,37,48,  72.2581000000
2020,9,21,13,37,48, 136.4516000000
2020,9,21,13,37,49,  27.7419000000
2020,9,21,13,37,49, 131.6129000000
2020,9,21,13,37,49, -50.0000000000
2020,9,21,13,37,49, -50.0000000000
2020,9,21,13,37,50, 133.5484000000
2020,9,21,13,37,50,  40.9677000000
2020,9,21,13,37,50, -40.6452000000
2020,9,21,13,37,50, 118.0645000000
2020,9,21,13,37,51, -44.1935000000
2020,9,21,13,37,51,  88.0645000000
2020,9,21,13,37,51, -33.2258000000
2020,9,21,13,37,52, -48.7097000000
2020,9,21,13,37,52, 133.5484000000
2020,9,21,13,37,52, -50.0000000000
2020,9,21,13,37,52, -45.4839000000
2020,9,21,13,37,53, 132.5806000000
2020,9,21,13,37,53, -50.0000000000
2020,9,21,13,37,53, -50.0000000000
2020,9,21,13,37,53, -11.6129000000
2020,9,21,13,37,54, 117.7419000000
2020,9,21,13,37,54, -45.8065000000
2020,9,21,13,37,54, 110.3226000000
2020,9,21,13,37,54, 126.4516000000
2020,9,21,13,37,55, -50.0000000000
2020,9,21,13,37,55, 120.3226000000
2020,9,21,13,37,55, -50.0000000000
2020,9,21,13,37,55, 109.3548000000
2020,9,21,13,37,56, -22.2581000000
2020,9,21,13,37,56,  58.3871000000
2020,9,21,13,37,56, 105.1613000000
2020,9,21,13,37,56, -50.0000000000
2020,9,21,13,37,57, 100.9677000000
2020,9,21,13,37,57,  91.2903000000
2020,9,21,13,37,57, -50.0000000000
2020,9,21,13,37,58, 124.8387000000
2020,9,21,13,37,58, -50.0000000000
2020,9,21,13,37,58, -50.0000000000
2020,9,21,13,37,58, -44.5161000000
2020,9,21,13,37,59, 120.3226000000
2020,9,21,13,37,59, -25.8065000000
2020,9,21,13,37,59, 124.1935000000
2020,9,21,13,37,59, -48.7097000000
2020,9,21,13,38,0, 121.6129000000
2020,9,21,13,38,0, -44.5161000000
2020,9,21,13,38,0, -43.2258000000
2020,9,21,13,38,0, 120.3226000000
2020,9,21,13,38,1, -50.0000000000
2020,9,21,13,38,1, 123.2258000000
2020,9,21,13,38,1, 122.2581000000
2020,9,21,13,38,1, -50.0000000000
2020,9,21,13,38,2,  25.1613000000
2020,9,21,13,38,2, 123.2258000000
2020,9,21,13,38,2, -44.8387000000
2020,9,21,13,38,3, 115.1613000000
2020,9,21,13,38,3, -50.0000000000
2020,9,21,13,38,3,  -1.2903000000
2020,9,21,13,38,3, -33.2258000000
2020,9,21,13,38,4,  22.2581000000
2020,9,21,13,38,4, 102.5806000000
2020,9,21,13,38,4,  66.7742000000
2020,9,21,13,38,4, -45.1613000000
2020,9,21,13,38,5, -48.7097000000
2020,9,21,13,38,5, 121.9355000000
2020,9,21,13,38,5, 121.2903000000
2020,9,21,13,38,5,  91.2903000000
2020,9,21,13,38,6,  76.1290000000
2020,9,21,13,38,6, -13.2258000000
2020,9,21,13,38,6, -50.0000000000
2020,9,21,13,38,6, 125.4839000000
2020,9,21,13,38,7, -50.0000000000
2020,9,21,13,38,7,  89.6774000000
2020,9,21,13,38,7, 124.1935000000
2020,9,21,13,38,8, -50.0000000000
2020,9,21,13,38,8, 105.8065000000
2020,9,21,13,38,8, 110.0000000000
2020,9,21,13,38,8, -50.0000000000
2020,9,21,13,38,9, 130.0000000000
2020,9,21,13,38,9, 118.0645000000
2020,9,21,13,38,9, -50.0000000000
2020,9,21,13,38,9, 122.5806000000
2020,9,21,13,38,10, -50.0000000000
2020,9,21,13,38,10,  69.3548000000
2020,9,21,13,38,10, -41.6129000000
2020,9,21,13,38,10,  84.8387000000
2020,9,21,13,38,11,  82.9032000000
2020,9,21,13,38,11, -50.0000000000
2020,9,21,13,38,11,  94.8387000000
2020,9,21,13,38,11, -36.1290000000
2020,9,21,13,38,12,  71.9355000000
2020,9,21,13,38,12, 134.5161000000
2020,9,21,13,38,12, 133.8710000000
2020,9,21,13,38,13,  48.0645000000
2020,9,21,13,38,13, -28.7097000000
2020,9,21,13,38,13, -50.0000000000
2020,9,21,13,38,13, -50.0000000000
2020,9,21,13,38,14, 129.0323000000
2020,9,21,13,38,14, -50.0000000000
2020,9,21,13,38,14,  80.0000000000
2020,9,21,13,38,14, -46.1290000000
2020,9,21,13,38,15,  67.7419000000
2020,9,21,13,38,15,  -0.9677000000
2020,9,21,13,38,15,  91.2903000000
2020,9,21,13,38,15, -50.0000000000
2020,9,21,13,38,16, 114.8387000000
2020,9,21,13,38,16, -50.0000000000
2020,9,21,13,38,16,  84.5161000000
2020,9,21,13,38,16, -50.0000000000
2020,9,21,13,38,17,  87.4194000000
2020,9,21,13,38,17, -49.3548000000
2020,9,21,13,38,17, 124.8387000000
2020,9,21,13,38,18, -50.0000000000
2020,9,21,13,38,18,  76.1290000000
2020,9,21,13,38,18, -17.0968000000
2020,9,21,13,38,18, -50.0000000000
2020,9,21,13,38,19, 120.9677000000
2020,9,21,13,38,19, -50.0000000000
2020,9,21,13,38,19, -17.7419000000
2020,9,21,13,38,19, -17.4194000000
2020,9,21,13,38,20, -50.0000000000
2020,9,21,13,38,20, 126.1290000000
2020,9,21,13,38,20,  42.9032000000
2020,9,21,13,38,20,  88.7097000000
2020,9,21,13,38,21, -16.7742000000
2020,9,21,13,38,21,   4.1935000000
2020,9,21,13,38,21, 132.5806000000
2020,9,21,13,38,21, 125.1613000000
2020,9,21,13,38,22, -50.0000000000
2020,9,21,13,38,22, 124.8387000000
2020,9,21,13,38,22, 120.9677000000
2020,9,21,13,38,23,  -9.3548000000
2020,9,21,13,38,23,  78.0645000000
2020,9,21,13,38,23, -41.2903000000
2020,9,21,13,38,23,  80.3226000000
2020,9,21,13,38,24, -31.9355000000
2020,9,21,13,38,24,  58.3871000000
2020,9,21,13,38,24, 100.0000000000
2020,9,21,13,38,24,  79.3548000000
2020,9,21,13,38,25, -48.7097000000
2020,9,21,13,38,25, -50.0000000000
2020,9,21,13,38,25, 124.8387000000
2020,9,21,13,38,25,  65.8065000000
2020,9,21,13,38,26, 122.5806000000
2020,9,21,13,38,26, -50.0000000000
2020,9,21,13,38,26, 133.2258000000
2020,9,21,13,38,26, -50.0000000000
2020,9,21,13,38,27, 130.3226000000
2020,9,21,13,38,27, -50.0000000000
2020,9,21,13,38,27,  91.2903000000
2020,9,21,13,38,28, -41.9355000000
2020,9,21,13,38,28, -46.7742000000
2020,9,21,13,38,28, -50.0000000000
2020,9,21,13,38,28, -50.0000000000
2020,9,21,13,38,29,  15.8065000000
2020,9,21,13,38,29, -24.5161000000
2020,9,21,13,38,29, -22.5806000000
2020,9,21,13,38,29,   5.1613000000
2020,9,21,13,38,30,  92.2581000000
2020,9,21,13,38,30, 124.8387000000
2020,9,21,13,38,30, -50.0000000000
2020,9,21,13,38,30, -14.1935000000
2020,9,21,13,38,31,  84.1935000000
2020,9,21,13,38,31,  69.3548000000
2020,9,21,13,38,31,  41.6129000000
2020,9,21,13,38,31,  90.0000000000
2020,9,21,13,38,32, -50.0000000000
2020,9,21,13,38,32, -46.4516000000
2020,9,21,13,38,32, 122.2581000000
2020,9,21,13,38,32, -50.0000000000
2020,9,21,13,38,33, -50.0000000000
2020,9,21,13,38,33, 135.8065000000
2020,9,21,13,38,33,  50.9677000000
2020,9,21,13,38,34,  80.0000000000
2020,9,21,13,38,34, -50.0000000000
2020,9,21,13,38,34, 122.5806000000
2020,9,21,13,38,34, -50.0000000000
2020,9,21,13,38,35, 124.1935000000
2020,9,21,13,38,35,   5.4839000000
2020,9,21,13,38,35, -50.0000000000
2020,9,21,13,38,35, 104.1935000000
2020,9,21,13,38,36,  72.9032000000
2020,9,21,13,38,36,  75.8065000000
2020,9,21,13,38,36, 118.7097000000
2020,9,21,13,38,36, -41.2903000000
2020,9,21,13,38,37, 123.2258000000
2020,9,21,13,38,37, -50.0000000000
2020,9,21,13,38,37,  75.4839000000
2020,9,21,13,38,38, 118.7097000000
2020,9,21,13,38,38, -50.0000000000
2020,9,21,13,38,38, -12.5806000000
2020,9,21,13,38,38, 126.4516000000
2020,9,21,13,38,39, -50.0000000000
2020,9,21,13,38,39, -14.1935000000
2020,9,21,13,38,39,  17.7419000000
2020,9,21,13,38,39, -20.0000000000
2020,9,21,13,38,40, 123.8710000000
2020,9,21,13,38,40, -50.0000000000
2020,9,21,13,38,40, -50.0000000000
2020,9,21,13,38,40,  -2.5806000000
2020,9,21,13,38,41,  90.9677000000
2020,9,21,13,38,41,  56.4516000000
2020,9,21,13,38,41, -50.0000000000
2020,9,21,13,38,41, 120.9677000000
2020,9,21,13,38,42, -50.0000000000
2020,9,21,13,38,42,  95.4839000000
2020,9,21,13,38,42, -50.0000000000
2020,9,21,13,38,43, 104.5161000000
2020,9,21,13,38,43, -50.0000000000
2020,9,21,13,38,43, -50.0000000000
2020,9,21,13,38,43,  92.9032000000
2020,9,21,13,38,44,  75.8065000000
2020,9,21,13,38,44, 117.7419000000
2020,9,21,13,38,44,  -3.5484000000
2020,9,21,13,38,44, -50.0000000000
2020,9,21,13,38,45, 108.7097000000
2020,9,21,13,38,45, 125.4839000000
2020,9,21,13,38,45, -50.0000000000
2020,9,21,13,38,45, -50.0000000000
2020,9,21,13,38,46,  67.0968000000
2020,9,21,13,38,46, -14.1935000000
2020,9,21,13,38,46, -50.0000000000
2020,9,21,13,38,47,  73.5484000000
2020,9,21,13,38,47,  40.6452000000
2020,9,21,13,38,47,  84.1935000000
2020,9,21,13,38,47, -36.4516000000
2020,9,21,13,38,48,  70.0000000000
2020,9,21,13,38,48, 130.3226000000
2020,9,21,13,38,48, -50.0000000000
2020,9,21,13,38,48, 122.2581000000
2020,9,21,13,38,49, -50.0000000000
2020,9,21,13,38,49, -43.8710000000
2020,9,21,13,38,49, 118.7097000000
2020,9,21,13,38,49, 125.1613000000
2020,9,21,13,38,50, 116.1290000000
2020,9,21,13,38,50, -10.0000000000
2020,9,21,13,38,50, 101.2903000000
2020,9,21,13,38,51, 101.9355000000
2020,9,21,13,38,51, 123.8710000000
2020,9,21,13,38,51,  87.0968000000
2020,9,21,13,38,51, 106.7742000000
2020,9,21,13,38,52, -50.0000000000
2020,9,21,13,38,52, 103.8710000000
2020,9,21,13,38,52, -10.3226000000
2020,9,21,13,38,52, -50.0000000000
2020,9,21,13,38,53, 133.8710000000
2020,9,21,13,38,53, 124.1935000000
2020,9,21,13,38,53, -50.0000000000
2020,9,21,13,38,53, -10.9677000000
2020,9,21,13,38,54, -50.0000000000
2020,9,21,13,38,54, 124.5161000000
2020,9,21,13,38,54, -50.0000000000
2020,9,21,13,38,54, -48.0645000000
2020,9,21,13,38,55, -50.0000000000
2020,9,21,13,38,55, 126.7742000000
2020,9,21,13,38,55, 123.8710000000
2020,9,21,13,38,55, -38.3871000000
2020,9,21,13,38,56, -16.1290000000
2020,9,21,13,38,56,  78.3871000000
2020,9,21,13,38,56, -50.0000000000
2020,9,21,13,38,57,  -5.8065000000
2020,9,21,13,38,57,  96.1290000000
2020,9,21,13,38,57, 118.0645000000
2020,9,21,13,38,57, -50.0000000000
2020,9,21,13,38,58, 122.9032000000
2020,9,21,13,38,58, -50.0000000000
2020,9,21,13,38,58, -50.0000000000
2020,9,21,13,38,58, 101.6129000000
2020,9,21,13,38,59, -50.0000000000
2020,9,21,13,38,59, 131.2903000000
2020,9,21,13,38,59, 130.3226000000
2020,9,21,13,38,59,  33.8710000000
2020,9,21,13,39,0, -29.0323000000
2020,9,21,13,39,0, 120.9677000000
2020,9,21,13,39,0, -50.0000000000
2020,9,21,13,39,0, 124.1935000000
2020,9,21,13,39,1, 124.1935000000
2020,9,21,13,39,1, -48.0645000000
2020,9,21,13,39,1,  80.9677000000
2020,9,21,13,39,1, -43.5484000000
2020,9,21,13,39,2, 120.6452000000
2020,9,21,13,39,2, 110.6452000000
2020,9,21,13,39,2, -50.0000000000
2020,9,21,13,39,3, 121.2903000000
2020,9,21,13,39,3, -40.0000000000
2020,9,21,13,39,3, 124.1935000000
2020,9,21,13,39,3, -50.0000000000
2020,9,21,13,39,4, 130.3226000000
2020,9,21,13,39,4, -50.0000000000
2020,9,21,13,39,4, 111.6129000000
2020,9,21,13,39,4, 123.2258000000
2020,9,21,13,39,5, -50.0000000000
2020,9,21,13,39,5,  40.0000000000
2020,9,21,13,39,5, -47.7419000000
2020,9,21,13,39,5, -14.5161000000
2020,9,21,13,39,6, -22.5806000000
2020,9,21,13,39,6, 107.7419000000
2020,9,21,13,39,6,  73.8710000000
2020,9,21,13,39,6, -46.1290000000
2020,9,21,13,39,7, 122.9032000000
2020,9,21,13,39,7, -40.6452000000
2020,9,21,13,39,7, 103.2258000000
2020,9,21,13,39,7, 100.9677000000
2020,9,21,13,39,8, -50.0000000000
2020,9,21,13,39,8, 132.2581000000
2020,9,21,13,39,8, -50.0000000000
2020,9,21,13,39,9, 107.4194000000
2020,9,21,13,39,9, -33.5484000000
2020,9,21,13,39,9, -24.1935000000
2020,9,21,13,39,9, 108.7097000000
2020,9,21,13,39,10, 137.7419000000
2020,9,21,13,39,10,  31.9355000000
2020,9,21,13,39,10, -50.0000000000
2020,9,21,13,39,10, -50.0000000000
2020,9,21,13,39,11, 125.8065000000
2020,9,21,13,39,11, -50.0000000000
2020,9,21,13,39,11, -50.0000000000
2020,9,21,13,39,11, 106.7742000000
2020,9,21,13,39,12, -47.0968000000
2020,9,21,13,39,12, -50.0000000000
2020,9,21,13,39,12, 132.5806000000
2020,9,21,13,39,12, -50.0000000000
2020,9,21,13,39,13,  76.4516000000
2020,9,21,13,39,13, -45.8065000000
2020,9,21,13,39,13,  62.5806000000
2020,9,21,13,39,13,  -9.0323000000
2020,9,21,13,39,14, -50.0000000000
2020,9,21,13,39,14, 123.8710000000
2020,9,21,13,39,14, -50.0000000000
2020,9,21,13,39,15, -50.0000000000
2020,9,21,13,39,15, 132.2581000000
2020,9,21,13,39,15,  36.7742000000
2020,9,21,13,39,15,  88.0645000000
2020,9,21,13,39,16,  85.4839000000
2020,9,21,13,39,16, -50.0000000000
2020,9,21,13,39,16, 127.0968000000
2020,9,21,13,39,16,  58.7097000000
2020,9,21,13,39,17, -34.1935000000
2020,9,21,13,39,17,  62.9032000000
2020,9,21,13,39,17, -17.0968000000
2020,9,21,13,39,17, -50.0000000000
2020,9,21,13,39,18, 105.4839000000
2020,9,21,13,39,18, 142.9032000000
2020,9,21,13,39,18,   9.0323000000
2020,9,21,13,39,19, 129.6774000000
2020,9,21,13,39,19, -50.0000000000
2020,9,21,13,39,19, 111.6129000000
2020,9,21,13,39,19, 127.4194000000
2020,9,21,13,39,20,  77.7419000000
2020,9,21,13,39,20, -31.9355000000
2020,9,21,13,39,20, -18.7097000000
2020,9,21,13,39,20, 123.5484000000
2020,9,21,13,39,21, -16.4516000000
2020,9,21,13,39,21, 133.5484000000
2020,9,21,13,39,21, -33.5484000000
2020,9,21,13,39,21, 113.2258000000
2020,9,21,13,39,22, 101.2903000000
2020,9,21,13,39,22, -50.0000000000
2020,9,21,13,39,22, 131.6129000000
2020,9,21,13,39,22, -21.9355000000
2020,9,21,13,39,23,  96.7742000000
2020,9,21,13,39,23, -50.0000000000
2020,9,21,13,39,23, -50.0000000000
2020,9,21,13,39,24, 125.8065000000
2020,9,21,13,39,24, -50.0000000000
2020,9,21,13,39,24, 124.1935000000
2020,9,21,13,39,24, -50.0000000000
2020,9,21,13,39,25,  -6.1290000000
2020,9,21,13,39,25, -50.0000000000
2020,9,21,13,39,25, 124.8387000000
2020,9,21,13,39,25,  82.5806000000
2020,9,21,13,39,26,  65.1613000000
2020,9,21,13,39,26,  43.8710000000
2020,9,21,13,39,26,  -4.1935000000
2020,9,21,13,39,26,  90.3226000000
2020,9,21,13,39,27, -50.0000000000
2020,9,21,13,39,27, -50.0000000000
2020,9,21,13,39,27, -10.6452000000
2020,9,21,13,39,27, -45.4839000000
2020,9,21,13,39,28, 121.6129000000
2020,9,21,13,39,28, 126.1290000000
2020,9,21,13,39,28, -50.0000000000
2020,9,21,13,39,28,  -5.4839000000
2020,9,21,13,39,29, -50.0000000000
2020,9,21,13,39,29, 117.4194000000
2020,9,21,13,39,29, -50.0000000000
2020,9,21,13,39,30, -50.0000000000
2020,9,21,13,39,30, 142.5806000000
2020,9,21,13,39,30,  24.1935000000
2020,9,21,13,39,30, 135.1613000000
2020,9,21,13,39,31, -50.0000000000
2020,9,21,13,39,31, 107.4194000000
2020,9,21,13,39,31,  41.2903000000
2020,9,21,13,39,31, -50.0000000000
2020,9,21,13,39,32,  78.7097000000
2020,9,21,13,39,32, -50.0000000000
2020,9,21,13,39,32, 124.1935000000
2020,9,21,13,39,32, -50.0000000000
2020,9,21,13,39,33,  41.6129000000
2020,9,21,13,39,33, -50.0000000000
2020,9,21,13,39,33, -24.1935000000
2020,9,21,13,39,33,  72.5806000000
2020,9,21,13,39,34, 115.8065000000
2020,9,21,13,39,34, -50.0000000000
2020,9,21,13,39,34, 122.9032000000
2020,9,21,13,39,34, 132.5806000000
2020,9,21,13,39,35,  59.6774000000
2020,9,21,13,39,35, 100.6452000000
2020,9,21,13,39,35, -50.0000000000
2020,9,21,13,39,35, 101.6129000000
2020,9,21,13,39,36, -42.9032000000
2020,9,21,13,39,36,  85.4839000000
2020,9,21,13,39,36,  27.7419000000
2020,9,21,13,39,37, -50.0000000000
2020,9,21,13,39,37, -50.0000000000
2020,9,21,13,39,37, -50.0000000000
2020,9,21,13,39,37, 125.4839000000
2020,9,21,13,39,38, -50.0000000000
2020,9,21,13,39,38,  88.0645000000
2020,9,21,13,39,38, 132.5806000000
2020,9,21,13,39,38, -50.0000000000
2020,9,21,13,39,39, -50.0000000000
2020,9,21,13,39,39,  75.1613000000
2020,9,21,13,39,39, -24.8387000000
2020,9,21,13,39,39, -50.0000000000
2020,9,21,13,39,40, 130.9677000000
2020,9,21,13,39,40, -41.2903000000
2020,9,21,13,39,40,  56.7742000000
2020,9,21,13,39,40, -16.7742000000
2020,9,21,13,39,41, -42.5806000000
2020,9,21,13,39,41, 120.6452000000
2020,9,21,13,39,41, 104.1935000000
2020,9,21,13,39,42, 158.7097000000
2020,9,21,13,39,42, -50.0000000000
2020,9,21,13,39,42, -50.0000000000
2020,9,21,13,39,42, 107.7419000000
2020,9,21,13,39,43, -50.0000000000
2020,9,21,13,39,43,  99.0323000000
2020,9,21,13,39,43, -50.0000000000
2020,9,21,13,39,43,  83.2258000000
2020,9,21,13,39,44, -41.6129000000
2020,9,21,13,39,44,  85.8065000000
2020,9,21,13,39,44, 228.7097000000
2020,9,21,13,39,44, -50.0000000000
2020,9,21,13,39,45, -50.0000000000
2020,9,21,13,39,45, -50.0000000000
2020,9,21,13,39,45, 147.0968000000
2020,9,21,13,39,45,  62.9032000000
2020,9,21,13,39,46, 123.8710000000
2020,9,21,13,39,46, -50.0000000000
2020,9,21,13,39,46, 108.3871000000
2020,9,21,13,39,47, 132.9032000000
2020,9,21,13,39,47, -13.8710000000
2020,9,21,13,39,47, -23.2258000000
2020,9,21,13,39,47,  94.8387000000
2020,9,21,13,39,48, -26.4516000000
2020,9,21,13,39,48,  83.5484000000
2020,9,21,13,39,48, -50.0000000000
2020,9,21,13,39,48, 118.7097000000
2020,9,21,13,39,49, -50.0000000000
2020,9,21,13,39,49,  -0.9677000000
2020,9,21,13,39,49,  76.7742000000
2020,9,21,13,39,49,  12.2581000000
2020,9,21,13,39,50, -26.7742000000
2020,9,21,13,39,50, 108.0645000000
2020,9,21,13,39,50, -40.6452000000
2020,9,21,13,39,50, -20.3226000000
2020,9,21,13,39,51, 101.9355000000
2020,9,21,13,39,51, -50.0000000000
2020,9,21,13,39,51, 117.4194000000
2020,9,21,13,39,51, 131.2903000000
2020,9,21,13,39,52,  32.2581000000
2020,9,21,13,39,52, 111.6129000000
2020,9,21,13,39,52, -50.0000000000
2020,9,21,13,39,53,  97.7419000000
2020,9,21,13,39,53, -35.1613000000
2020,9,21,13,39,53,  60.6452000000
2020,9,21,13,39,53, -13.5484000000
2020,9,21,13,39,54,  97.4194000000
2020,9,21,13,39,54, -50.0000000000
2020,9,21,13,39,54,  70.3226000000
2020,9,21,13,39,54, -40.0000000000
2020,9,21,13,39,55, -20.0000000000
2020,9,21,13,39,55, 103.5484000000
2020,9,21,13,39,55, -50.0000000000
2020,9,21,13,39,55, 123.2258000000
2020,9,21,13,39,56, -48.3871000000
2020,9,21,13,39,56, -48.7097000000
2020,9,21,13,39,56, 121.2903000000
2020,9,21,13,39,56, -50.0000000000
2020,9,21,13,39,57, 121.2903000000
2020,9,21,13,39,57, 125.1613000000
2020,9,21,13,39,57, -40.6452000000
2020,9,21,13,39,57,  35.1613000000
2020,9,21,13,39,58, -50.0000000000
2020,9,21,13,39,58, 120.9677000000
2020,9,21,13,39,58, 120.6452000000
2020,9,21,13,39,59, -50.0000000000
2020,9,21,13,39,59, 120.0000000000
2020,9,21,13,39,59, -40.9677000000
2020,9,21,13,39,59, -50.0000000000
2020,9,21,13,40,0,  74.1935000000
2020,9,21,13,40,0, -45.4839000000
2020,9,21,13,40,0, -43.5484000000
2020,9,21,13,40,0, 119.6774000000
2020,9,21,13,40,1, -50.0000000000
2020,9,21,13,40,1, -16.7742000000
2020,9,21,13,40,1, -13.5484000000
2020,9,21,13,40,1,  94.8387000000
2020,9,21,13,40,2, 133.2258000000
2020,9,21,13,40,2,  40.0000000000
2020,9,21,13,40,2, -30.6452000000
2020,9,21,13,40,2,  68.0645000000
2020,9,21,13,40,3, -37.0968000000
2020,9,21,13,40,3, -22.9032000000
2020,9,21,13,40,3, 125.1613000000
2020,9,21,13,40,4, -50.0000000000
2020,9,21,13,40,4, -50.0000000000
2020,9,21,13,40,4, -47.4194000000
2020,9,21,13,40,4, -12.5806000000
2020,9,21,13,40,5, -50.0000000000
2020,9,21,13,40,5, 132.2581000000
2020,9,21,13,40,5, -50.0000000000
2020,9,21,13,40,5, -44.1935000000
2020,9,21,13,40,6, 119.0323000000
2020,9,21,13,40,6, -50.0000000000
2020,9,21,13,40,6, -50.0000000000
2020,9,21,13,40,6, 125.4839000000
2020,9,21,13,40,7, -45.1613000000
2020,9,21,13,40,7, 123.5484000000
2020,9,21,13,40,7, -50.0000000000
2020,9,21,13,40,7, 114.8387000000
2020,9,21,13,40,8, -44.8387000000
2020,9,21,13,40,8, 132.5806000000
2020,9,21,13,40,8, -50.0000000000
2020,9,21,13,40,9,  -2.9032000000
2020,9,21,13,40,9, -15.8065000000
2020,9,21,13,40,9, 123.5484000000
2020,9,21,13,40,9, -50.0000000000
2020,9,21,13,40,10, -13.8710000000
2020,9,21,13,40,10,  79.0323000000
2020,9,21,13,40,10,  94.1935000000
2020,9,21,13,40,10, -50.0000000000
2020,9,21,13,40,11, -50.0000000000
2020,9,21,13,40,11, 125.4839000000
2020,9,21,13,40,11,  -1.2903000000
2020,9,21,13,40,11, 125.8065000000
2020,9,21,13,40,12,   4.5161000000
2020,9,21,13,40,12,  91.6129000000
2020,9,21,13,40,12, -50.0000000000
2020,9,21,13,40,12,  79.3548000000
2020,9,21,13,40,13,  -1.9355000000
2020,9,21,13,40,13, -50.0000000000
2020,9,21,13,40,13, 111.6129000000
2020,9,21,13,40,14, -50.0000000000
2020,9,21,13,40,14, 119.6774000000
2020,9,21,13,40,14, -45.1613000000
2020,9,21,13,40,14,  77.7419000000
2020,9,21,13,40,15, 126.1290000000
2020,9,21,13,40,15, -50.0000000000
2020,9,21,13,40,15, -32.5806000000
2020,9,21,13,40,15,  95.1613000000
2020,9,21,13,40,16, 124.8387000000
2020,9,21,13,40,16, -24.8387000000
2020,9,21,13,40,16, 131.9355000000
2020,9,21,13,40,16,  -5.4839000000
2020,9,21,13,40,17,  99.0323000000
2020,9,21,13,40,17, -28.3871000000
2020,9,21,13,40,17, -16.1290000000
2020,9,21,13,40,17, 104.1935000000
2020,9,21,13,40,18, -50.0000000000
2020,9,21,13,40,18, -50.0000000000
2020,9,21,13,40,18, 130.6452000000
2020,9,21,13,40,18,  17.7419000000
2020,9,21,13,40,19, 105.1613000000
2020,9,21,13,40,19, -50.0000000000
2020,9,21,13,40,19,  78.0645000000
2020,9,21,13,40,20, -48.7097000000
2020,9,21,13,40,20,  83.5484000000
2020,9,21,13,40,20,   1.2903000000
2020,9,21,13,40,20, -50.0000000000
2020,9,21,13,40,21,  -0.6452000000
2020,9,21,13,40,21, 135.1613000000
2020,9,21,13,40,21, 134.1935000000
2020,9,21,13,40,21,  53.5484000000
2020,9,21,13,40,22, -36.1290000000
2020,9,21,13,40,22, 100.9677000000
2020,9,21,13,40,22,  -7.4194000000
2020,9,21,13,40,22,  -2.5806000000
2020,9,21,13,40,23,  90.9677000000
2020,9,21,13,40,23, -50.0000000000
2020,9,21,13,40,23, 100.3226000000
2020,9,21,13,40,23, 107.7419000000
2020,9,21,13,40,24, -50.0000000000
2020,9,21,13,40,24, 136.1290000000
2020,9,21,13,40,24, 112.2581000000
2020,9,21,13,40,24,  92.5806000000
2020,9,21,13,40,25, -50.0000000000
2020,9,21,13,40,25, 131.2903000000
2020,9,21,13,40,25, 133.5484000000
2020,9,21,13,40,26,  30.9677000000
2020,9,21,13,40,26, -30.3226000000
2020,9,21,13,40,26, -21.9355000000
2020,9,21,13,40,26, 117.7419000000
2020,9,21,13,40,27, -50.0000000000
2020,9,21,13,40,27,  42.5806000000
2020,9,21,13,40,27,  55.4839000000
2020,9,21,13,40,27, 132.2581000000
2020,9,21,13,40,28, -50.0000000000
2020,9,21,13,40,28, 109.0323000000
2020,9,21,13,40,28, -32.9032000000
2020,9,21,13,40,28,  60.9677000000
2020,9,21,13,40,29, 133.8710000000
2020,9,21,13,40,29, -50.0000000000
2020,9,21,13,40,29, 124.5161000000
2020,9,21,13,40,29, -50.0000000000
2020,9,21,13,40,30, 102.2581000000
2020,9,21,13,40,30, -50.0000000000
2020,9,21,13,40,30, 105.1613000000
2020,9,21,13,40,30, -50.0000000000
2020,9,21,13,40,31, 134.5161000000
2020,9,21,13,40,31, -50.0000000000
2020,9,21,13,40,31, 114.5161000000
2020,9,21,13,40,32, -40.9677000000
2020,9,21,13,40,32,  76.1290000000
2020,9,21,13,40,32,  99.3548000000
2020,9,21,13,40,32, -50.0000000000
2020,9,21,13,40,33, 131.6129000000
2020,9,21,13,40,33, -50.0000000000
2020,9,21,13,40,33, 125.1613000000
2020,9,21,13,40,33, -40.0000000000
2020,9,21,13,40,34,  66.1290000000
2020,9,21,13,40,34, -50.0000000000
2020,9,21,13,40,34, -21.2903000000
2020,9,21,13,40,34, -23.8710000000
2020,9,21,13,40,35, -50.0000000000
2020,9,21,13,40,35, 131.6129000000
2020,9,21,13,40,35, -25.1613000000
2020,9,21,13,40,35, 105.1613000000
2020,9,21,13,40,36,  83.8710000000
2020,9,21,13,40,36,  86.7742000000
2020,9,21,13,40,36,  72.2581000000
2020,9,21,13,40,37, -42.5806000000
2020,9,21,13,40,37, -50.0000000000
2020,9,21,13,40,37, -11.2903000000
2020,9,21,13,40,37,  99.0323000000
2020,9,21,13,40,38, 126.1290000000
2020,9,21,13,40,38, -50.0000000000
2020,9,21,13,40,38, 123.2258000000
2020,9,21,13,40,38, -50.0000000000
2020,9,21,13,40,39, -50.0000000000
2020,9,21,13,40,39, 122.9032000000
2020,9,21,13,40,39, -50.0000000000
2020,9,21,13,40,39,  96.7742000000
2020,9,21,13,40,40, -42.9032000000
2020,9,21,13,40,40, 120.9677000000
2020,9,21,13,40,40, -50.0000000000
2020,9,21,13,40,40,  80.9677000000
2020,9,21,13,40,41,  68.0645000000
2020,9,21,13,40,41,  92.9032000000
2020,9,21,13,40,41,  73.8710000000
2020,9,21,13,40,41, 131.9355000000
2020,9,21,13,40,42, 132.2581000000
2020,9,21,13,40,42, -25.4839000000
2020,9,21,13,40,42, 106.7742000000
2020,9,21,13,40,43, -22.9032000000
2020,9,21,13,40,43, -50.0000000000
2020,9,21,13,40,43,   7.4194000000
2020,9,21,13,40,43, 123.5484000000
2020,9,21,13,40,44, -50.0000000000
2020,9,21,13,40,44, 134.8387000000
2020,9,21,13,40,44, -50.0000000000
2020,9,21,13,40,44, -26.1290000000
2020,9,21,13,40,45, 106.1290000000
2020,9,21,13,40,45, -50.0000000000
2020,9,21,13,40,45, -50.0000000000
2020,9,21,13,40,45, 133.8710000000
2020,9,21,13,40,46,  18.0645000000
2020,9,21,13,40,46,  -1.2903000000
2020,9,21,13,40,46, -25.1613000000
2020,9,21,13,40,46, 103.2258000000
2020,9,21,13,40,47, -22.9032000000
2020,9,21,13,40,47, -27.4194000000
2020,9,21,13,40,47, 124.1935000000
2020,9,21,13,40,48, 106.1290000000
2020,9,21,13,40,48, -50.0000000000
2020,9,21,13,40,48, 131.6129000000
2020,9,21,13,40,48, -50.0000000000
2020,9,21,13,40,49, -50.0000000000
2020,9,21,13,40,49, 132.5806000000
2020,9,21,13,40,49, -50.0000000000
2020,9,21,13,40,49, 122.9032000000
2020,9,21,13,40,50, -50.0000000000
2020,9,21,13,40,50,  93.5484000000
2020,9,21,13,40,50,  21.6129000000
2020,9,21,13,40,50, -50.0000000000
2020,9,21,13,40,51,  66.1290000000
2020,9,21,13,40,51, -37.4194000000
2020,9,21,13,40,51,  87.0968000000
2020,9,21,13,40,51, -10.9677000000
2020,9,21,13,40,52,  98.3871000000
2020,9,21,13,40,52, -50.0000000000
2020,9,21,13,40,52, 120.0000000000
2020,9,21,13,40,52, 118.3871000000
2020,9,21,13,40,53, -50.0000000000
2020,9,21,13,40,53, 137.0968000000
2020,9,21,13,40,53, -50.0000000000
2020,9,21,13,40,54, 104.8387000000
2020,9,21,13,40,54, -41.9355000000
2020,9,21,13,40,54,  79.3548000000
2020,9,21,13,40,54, -50.0000000000
2020,9,21,13,40,55, 124.5161000000
2020,9,21,13,40,55, -50.0000000000
2020,9,21,13,40,55,  66.1290000000
2020,9,21,13,40,55, -30.6452000000
2020,9,21,13,40,56, 114.5161000000
2020,9,21,13,40,56,  11.6129000000
2020,9,21,13,40,56,  87.7419000000
2020,9,21,13,40,56, -50.0000000000
2020,9,21,13,40,57, 128.0645000000
2020,9,21,13,40,57, 126.4516000000
2020,9,21,13,40,57, -50.0000000000
2020,9,21,13,40,57,  91.6129000000
2020,9,21,13,40,58, -50.0000000000
2020,9,21,13,40,58,  93.2258000000
2020,9,21,13,40,58, -50.0000000000
2020,9,21,13,40,58, 121.2903000000
2020,9,21,13,40,59, -39.0323000000
2020,9,21,13,40,59,  74.1935000000
2020,9,21,13,40,59,  92.5806000000
2020,9,21,13,40,59, -14.5161000000
2020,9,21,13,41,0, 102.9032000000
2020,9,21,13,41,0, -41.6129000000
2020,9,21,13,41,0,  69.6774000000
2020,9,21,13,41,1, 102.5806000000
2020,9,21,13,41,1, -50.0000000000
2020,9,21,13,41,1, -12.2581000000
2020,9,21,13,41,1, 101.9355000000
2020,9,21,13,41,2, 121.2903000000
2020,9,21,13,41,2, -30.6452000000
2020,9,21,13,41,2,  48.7097000000
2020,9,21,13,41,2, -27.4194000000
2020,9,21,13,41,3, 110.9677000000
2020,9,21,13,41,3, 122.9032000000
2020,9,21,13,41,3, -50.0000000000
2020,9,21,13,41,4, 112.9032000000
2020,9,21,13,41,4, -30.6452000000
2020,9,21,13,41,4,  38.0645000000
2020,9,21,13,41,4, 130.6452000000
2020,9,21,13,41,5, 122.2581000000
2020,9,21,13,41,5, 133.2258000000
2020,9,21,13,41,5, -18.0645000000
2020,9,21,13,41,5, -50.0000000000
2020,9,21,13,41,6,  54.8387000000
2020,9,21,13,41,6,  50.6452000000
2020,9,21,13,41,6, 123.8710000000
2020,9,21,13,41,6, -50.0000000000
2020,9,21,13,41,7,  68.7097000000
2020,9,21,13,41,7, -30.6452000000
2020,9,21,13,41,7,  21.2903000000
2020,9,21,13,41,7, -50.0000000000
2020,9,21,13,41,8,  17.4194000000
2020,9,21,13,41,8, -50.0000000000
2020,9,21,13,41,8, 123.8710000000
2020,9,21,13,41,8, -15.8065000000
2020,9,21,13,41,9, 102.2581000000
2020,9,21,13,41,9, 127.0968000000
2020,9,21,13,41,9, -50.0000000000
2020,9,21,13,41,10, -50.0000000000
2020,9,21,13,41,10, 128.7097000000
2020,9,21,13,41,10,  18.3871000000
2020,9,21,13,41,10, 119.6774000000
2020,9,21,13,41,11, 131.2903000000
2020,9,21,13,41,11, -50.0000000000
2020,9,21,13,41,11,  -9.3548000000
2020,9,21,13,41,11, -50.0000000000
2020,9,21,13,41,12, 130.9677000000
2020,9,21,13,41,12, -50.0000000000
2020,9,21,13,41,12,  95.8065000000
2020,9,21,13,41,12, -20.9677000000
2020,9,21,13,41,13,  27.7419000000
2020,9,21,13,41,13, 120.3226000000
2020,9,21,13,41,13, -13.2258000000
2020,9,21,13,41,13,  90.9677000000
2020,9,21,13,41,14,  98.7097000000
2020,9,21,13,41,14, 131.9355000000
2020,9,21,13,41,14, -43.2258000000
2020,9,21,13,41,15, 101.9355000000
2020,9,21,13,41,15,  -7.0968000000
2020,9,21,13,41,15, -10.6452000000
2020,9,21,13,41,15, -30.6452000000
2020,9,21,13,41,16,  80.3226000000
2020,9,21,13,41,16,  69.3548000000
2020,9,21,13,41,16, -40.6452000000
2020,9,21,13,41,16, 132.2581000000
2020,9,21,13,41,17, -12.5806000000
2020,9,21,13,41,17, -50.0000000000
2020,9,21,13,41,17,  66.4516000000
2020,9,21,13,41,17,  84.5161000000
2020,9,21,13,41,18,  64.5161000000
2020,9,21,13,41,18, -31.6129000000
2020,9,21,13,41,18, 115.1613000000
2020,9,21,13,41,18,  96.7742000000
2020,9,21,13,41,19,  72.2581000000
2020,9,21,13,41,19, 120.6452000000
2020,9,21,13,41,19, -50.0000000000
2020,9,21,13,41,19,  72.5806000000
2020,9,21,13,41,20, -39.3548000000
2020,9,21,13,41,20, 101.9355000000
2020,9,21,13,41,20,  98.3871000000
2020,9,21,13,41,21, 181.6129000000
2020,9,21,13,41,21, -33.5484000000
2020,9,21,13,41,21, 115.4839000000
2020,9,21,13,41,21, -50.0000000000
2020,9,21,13,41,22, -45.8065000000
2020,9,21,13,41,22, 118.0645000000
2020,9,21,13,41,22, -50.0000000000
2020,9,21,13,41,22, -50.0000000000
2020,9,21,13,41,23, 119.0323000000
2020,9,21,13,41,23,  69.0323000000
2020,9,21,13,41,23, 129.6774000000
2020,9,21,13,41,23,  19.0323000000
2020,9,21,13,41,24, 129.3548000000
2020,9,21,13,41,24, -50.0000000000
2020,9,21,13,41,24, -43.2258000000
2020,9,21,13,41,24, 120.9677000000
2020,9,21,13,41,25, -50.0000000000
2020,9,21,13,41,25, 126.7742000000
2020,9,21,13,41,25, 126.7742000000
2020,9,21,13,41,26, -19.3548000000
2020,9,21,13,41,26,  74.8387000000
2020,9,21,13,41,26, -50.0000000000
2020,9,21,13,41,26,  -6.4516000000
2020,9,21,13,41,27,  98.0645000000
2020,9,21,13,41,27, -50.0000000000
2020,9,21,13,41,27,  81.9355000000
2020,9,21,13,41,27, -49.6774000000
2020,9,21,13,41,28,  97.0968000000
2020,9,21,13,41,28,  -9.3548000000
2020,9,21,13,41,28, -50.0000000000
2020,9,21,13,41,28, 132.9032000000
2020,9,21,13,41,29, -50.0000000000
2020,9,21,13,41,29, -50.0000000000
2020,9,21,13,41,29,  20.6452000000
2020,9,21,13,41,29, -46.7742000000
2020,9,21,13,41,30, 124.5161000000
2020,9,21,13,41,30, -50.0000000000
2020,9,21,13,41,30, -50.0000000000
2020,9,21,13,41,31,  23.8710000000
2020,9,21,13,41,31, -50.0000000000
2020,9,21,13,41,31, 129.3548000000
2020,9,21,13,41,31, 126.1290000000
2020,9,21,13,41,32, -50.0000000000
2020,9,21,13,41,32, -47.4194000000
2020,9,21,13,41,32,  -2.5806000000
2020,9,21,13,41,32,  95.8065000000
2020,9,21,13,41,33, -12.9032000000
2020,9,21,13,41,33, -41.6129000000
2020,9,21,13,41,33, 123.5484000000
2020,9,21,13,41,33, 124.8387000000
2020,9,21,13,41,34, -50.0000000000
2020,9,21,13,41,34,  -5.1613000000
2020,9,21,13,41,34, -50.0000000000
2020,9,21,13,41,34, 125.1613000000
2020,9,21,13,41,35, -50.0000000000
2020,9,21,13,41,35,  91.2903000000
2020,9,21,13,41,35,   2.2581000000
2020,9,21,13,41,35, -50.0000000000
2020,9,21,13,41,36, 123.8710000000
2020,9,21,13,41,36, -50.0000000000
2020,9,21,13,41,36, -50.0000000000
2020,9,21,13,41,37, -20.9677000000
2020,9,21,13,41,37, 103.8710000000
2020,9,21,13,41,37,  51.2903000000
2020,9,21,13,41,37,  83.2258000000
2020,9,21,13,41,38, 110.3226000000
2020,9,21,13,41,38, -50.0000000000
2020,9,21,13,41,38,  70.3226000000
2020,9,21,13,41,38,  82.2581000000
2020,9,21,13,41,39, 110.3226000000
2020,9,21,13,41,39, -50.0000000000
2020,9,21,13,41,39, 122.9032000000
2020,9,21,13,41,39, -49.0323000000
2020,9,21,13,41,40, -50.0000000000
2020,9,21,13,41,40,  92.2581000000
2020,9,21,13,41,40, 111.9355000000
2020,9,21,13,41,41, -50.0000000000
2020,9,21,13,41,41, -48.7097000000
2020,9,21,13,41,41, 129.3548000000
2020,9,21,13,41,41, -50.0000000000
2020,9,21,13,41,42, -32.5806000000
2020,9,21,13,41,42, 102.5806000000
2020,9,21,13,41,42, -50.0000000000
2020,9,21,13,41,42, 122.9032000000
2020,9,21,13,41,43, 126.4516000000
2020,9,21,13,41,43, -50.0000000000
2020,9,21,13,41,43, 125.4839000000
2020,9,21,13,41,43, -21.2903000000
2020,9,21,13,41,44, 108.7097000000
2020,9,21,13,41,44,  95.8065000000
2020,9,21,13,41,44,  76.7742000000
2020,9,21,13,41,44, -50.0000000000
2020,9,21,13,41,45, 131.9355000000
2020,9,21,13,41,45,  49.0323000000
2020,9,21,13,41,45, 122.5806000000
2020,9,21,13,41,45, -50.0000000000
2020,9,21,13,41,46,  78.3871000000
2020,9,21,13,41,46, -44.1935000000
2020,9,21,13,41,46,  68.3871000000
2020,9,21,13,41,47, 120.0000000000
2020,9,21,13,41,47, 124.8387000000
2020,9,21,13,41,47, -50.0000000000
2020,9,21,13,41,47,  42.5806000000
2020,9,21,13,41,48, -50.0000000000
2020,9,21,13,41,48, 115.4839000000
2020,9,21,13,41,48, -12.2581000000
2020,9,21,13,41,48, -50.0000000000
2020,9,21,13,41,49, 131.2903000000
2020,9,21,13,41,49, -50.0000000000
2020,9,21,13,41,49,  33.8710000000
2020,9,21,13,41,49, -30.6452000000
2020,9,21,13,41,50,  74.5161000000
2020,9,21,13,41,50,  -2.5806000000
2020,9,21,13,41,50,  96.4516000000
2020,9,21,13,41,50, -47.7419000000
2020,9,21,13,41,51, -40.6452000000
2020,9,21,13,41,51, 112.9032000000
2020,9,21,13,41,51, -50.0000000000
2020,9,21,13,41,51, 122.9032000000
2020,9,21,13,41,52,  -8.3871000000
2020,9,21,13,41,52, -41.2903000000
2020,9,21,13,41,52, 120.0000000000
2020,9,21,13,41,53, -50.0000000000
2020,9,21,13,41,53, 124.1935000000
2020,9,21,13,41,53, 146.1290000000
2020,9,21,13,41,53, -50.0000000000
2020,9,21,13,41,54, 125.1613000000
2020,9,21,13,41,54, 134.1935000000
2020,9,21,13,41,54, -50.0000000000
2020,9,21,13,41,54, 121.6129000000
2020,9,21,13,41,55, -47.7419000000
2020,9,21,13,41,55, -50.0000000000
2020,9,21,13,41,55, 131.6129000000
2020,9,21,13,41,55, -50.0000000000
2020,9,21,13,41,56, -50.0000000000
2020,9,21,13,41,56, 130.3226000000
2020,9,21,13,41,56,  51.9355000000
2020,9,21,13,41,56, -39.6774000000
2020,9,21,13,41,57, 116.7742000000
2020,9,21,13,41,57,  94.5161000000
2020,9,21,13,41,57, -50.0000000000
2020,9,21,13,41,58, 128.7097000000
2020,9,21,13,41,58, -50.0000000000
2020,9,21,13,41,58, 124.1935000000
2020,9,21,13,41,58, -44.5161000000
2020,9,21,13,41,59, 100.9677000000
2020,9,21,13,41,59, -50.0000000000
2020,9,21,13,41,59, 124.1935000000
2020,9,21,13,41,59, -50.0000000000
2020,9,21,13,42,0, -15.1613000000
2020,9,21,13,42,0,  90.3226000000
2020,9,21,13,42,0,  24.1935000000
2020,9,21,13,42,0,   6.4516000000
2020,9,21,13,42,1,  94.8387000000
2020,9,21,13,42,1, -50.0000000000
2020,9,21,13,42,1, -37.4194000000
2020,9,21,13,42,1,  29.3548000000
2020,9,21,13,42,2, -50.0000000000
2020,9,21,13,42,2, -50.0000000000
2020,9,21,13,42,2,  -4.5161000000
2020,9,21,13,42,2,  94.8387000000
2020,9,21,13,42,3,  84.8387000000
2020,9,21,13,42,3,  76.4516000000
2020,9,21,13,42,3, -47.0968000000
2020,9,21,13,42,4,  -5.1613000000
2020,9,21,13,42,4, -20.9677000000
2020,9,21,13,42,4, 124.8387000000
2020,9,21,13,42,4, -50.0000000000
2020,9,21,13,42,5,  10.9677000000
2020,9,21,13,42,5,  -8.0645000000
2020,9,21,13,42,5, 131.6129000000
2020,9,21,13,42,5, -29.6774000000
2020,9,21,13,42,6, 223.8710000000
2020,9,21,13,42,6, -50.0000000000
2020,9,21,13,42,6,  15.1613000000
2020,9,21,13,42,6, -50.0000000000
2020,9,21,13,42,7, 124.1935000000
2020,9,21,13,42,7,  -9.6774000000
2020,9,21,13,42,7, -38.3871000000
2020,9,21,13,42,8, 113.5484000000
2020,9,21,13,42,8, -50.0000000000
2020,9,21,13,42,8, 123.8710000000
2020,9,21,13,42,8, 224.5161000000
2020,9,21,13,42,9, -41.2903000000
2020,9,21,13,42,9, -11.6129000000
2020,9,21,13,42,9, -19.6774000000
2020,9,21,13,42,9,  99.0323000000
2020,9,21,13,42,10,  -1.2903000000
2020,9,21,13,42,10, -27.0968000000
2020,9,21,13,42,10, 106.1290000000
2020,9,21,13,42,10,  61.2903000000
2020,9,21,13,42,11,  83.8710000000
2020,9,21,13,42,11, -17.7419000000
2020,9,21,13,42,11, -29.6774000000
2020,9,21,13,42,11, -50.0000000000
2020,9,21,13,42,12, -50.0000000000
2020,9,21,13,42,12,  -0.3226000000
2020,9,21,13,42,12, -50.0000000000
2020,9,21,13,42,13, 124.1935000000
2020,9,21,13,42,13, -50.0000000000
2020,9,21,13,42,13,   2.5806000000
2020,9,21,13,42,13, -27.4194000000
2020,9,21,13,42,14, 128.3871000000
2020,9,21,13,42,14, -31.9355000000
2020,9,21,13,42,14, -50.0000000000
2020,9,21,13,42,14, 130.6452000000
2020,9,21,13,42,15,  82.2581000000
2020,9,21,13,42,15, -14.5161000000
2020,9,21,13,42,15, -22.2581000000
2020,9,21,13,42,15, 130.9677000000
2020,9,21,13,42,16, 124.1935000000
2020,9,21,13,42,16, -39.6774000000
2020,9,21,13,42,16, -50.0000000000
2020,9,21,13,42,17, -50.0000000000
2020,9,21,13,42,17, -33.5484000000
2020,9,21,13,42,17, -45.1613000000
2020,9,21,13,42,17, 122.2581000000
2020,9,21,13,42,18,  22.9032000000
2020,9,21,13,42,18, -50.0000000000
2020,9,21,13,42,18, -12.5806000000
2020,9,21,13,42,18,  67.7419000000
2020,9,21,13,42,19, -50.0000000000
2020,9,21,13,42,19, 115.1613000000
2020,9,21,13,42,19, -29.6774000000
2020,9,21,13,42,19,  68.0645000000
2020,9,21,13,42,20, 124.5161000000
2020,9,21,13,42,20, -50.0000000000
2020,9,21,13,42,20, -50.0000000000
2020,9,21,13,42,20, 125.8065000000
2020,9,21,13,42,21, -50.0000000000
2020,9,21,13,42,21, 125.8065000000
2020,9,21,13,42,21, -50.0000000000
2020,9,21,13,42,22, 112.9032000000
2020,9,21,13,42,22, -50.0000000000
2020,9,21,13,42,22,  99.0323000000
2020,9,21,13,42,22, -50.0000000000
2020,9,21,13,42,23, 121.9355000000
2020,9,21,13,42,23,  63.5484000000
2020,9,21,13,42,23,  97.4194000000
2020,9,21,13,42,23, -50.0000000000
2020,9,21,13,42,24, 124.1935000000
2020,9,21,13,42,24, -20.9677000000
2020,9,21,13,42,24, -50.0000000000
2020,9,21,13,42,24, 123.8710000000
2020,9,21,13,42,25,  25.4839000000
2020,9,21,13,42,25,  87.0968000000
2020,9,21,13,42,25, -28.3871000000
2020,9,21,13,42,25, -50.0000000000
2020,9,21,13,42,26,  94.8387000000
2020,9,21,13,42,26,  48.7097000000
2020,9,21,13,42,26, -34.5161000000
2020,9,21,13,42,27, 115.4839000000
2020,9,21,13,42,27, -50.0000000000
2020,9,21,13,42,27, -50.0000000000
2020,9,21,13,42,27, -17.0968000000
2020,9,21,13,42,28, 122.9032000000
2020,9,21,13,42,28, -12.2581000000
2020,9,21,13,42,28, -25.4839000000
2020,9,21,13,42,28, 117.7419000000
2020,9,21,13,42,29, -50.0000000000
2020,9,21,13,42,29, 124.8387000000
2020,9,21,13,42,29, -50.0000000000
2020,9,21,13,42,29,  21.6129000000
2020,9,21,13,42,30, -29.0323000000
2020,9,21,13,42,30,  43.5484000000
2020,9,21,13,42,30,  78.3871000000
2020,9,21,13,42,30, -33.8710000000
2020,9,21,13,42,31, -22.2581000000
2020,9,21,13,42,31, 106.4516000000
2020,9,21,13,42,31, -45.4839000000
2020,9,21,13,42,32, -50.0000000000
2020,9,21,13,42,32, -19.0323000000
2020,9,21,13,42,32, 104.1935000000
2020,9,21,13,42,32, -50.0000000000
2020,9,21,13,42,33, 131.6129000000
2020,9,21,13,42,33, -50.0000000000
2020,9,21,13,42,33, -50.0000000000
2020,9,21,13,42,33,  -2.2581000000
2020,9,21,13,42,34,  94.5161000000
2020,9,21,13,42,34, -17.7419000000
2020,9,21,13,42,34, -28.7097000000
2020,9,21,13,42,34, 113.5484000000
2020,9,21,13,42,35, -50.0000000000
2020,9,21,13,42,35,  93.5484000000
2020,9,21,13,42,35,  85.1613000000
2020,9,21,13,42,35,  71.6129000000
2020,9,21,13,42,36,  76.1290000000
2020,9,21,13,42,36, -49.0323000000
2020,9,21,13,42,36, 121.9355000000
2020,9,21,13,42,36, 113.8710000000
2020,9,21,13,42,37, -50.0000000000
2020,9,21,13,42,37,  69.0323000000
2020,9,21,13,42,37,  86.7742000000
2020,9,21,13,42,38, -50.0000000000
2020,9,21,13,42,38,  79.3548000000
2020,9,21,13,42,38,  -7.0968000000
2020,9,21,13,42,38, 127.7419000000
2020,9,21,13,42,39,  62.2581000000
2020,9,21,13,42,39, 132.2581000000
2020,9,21,13,42,39, -50.0000000000
2020,9,21,13,42,39,  89.6774000000
2020,9,21,13,42,40, -50.0000000000
2020,9,21,13,42,40,  -1.9355000000
2020,9,21,13,42,40, -26.1290000000
2020,9,21,13,42,40,  11.2903000000
2020,9,21,13,42,41, 131.9355000000
2020,9,21,13,42,41, -50.0000000000
2020,9,21,13,42,41, -20.9677000000
2020,9,21,13,42,41,  60.9677000000
2020,9,21,13,42,42, -50.0000000000
2020,9,21,13,42,42,  69.6774000000
2020,9,21,13,42,42, -42.5806000000
2020,9,21,13,42,42,  15.1613000000
2020,9,21,13,42,43, -22.9032000000
2020,9,21,13,42,43, 102.5806000000
2020,9,21,13,42,43, -50.0000000000
2020,9,21,13,42,44, 133.5484000000
2020,9,21,13,42,44, -50.0000000000
2020,9,21,13,42,44,   0.0000000000
2020,9,21,13,42,44,  71.9355000000
2020,9,21,13,42,45,  10.3226000000
2020,9,21,13,42,45,   0.9677000000
2020,9,21,13,42,45,  91.6129000000
2020,9,21,13,42,45,  67.0968000000
2020,9,21,13,42,46, -34.1935000000
2020,9,21,13,42,46, 111.6129000000
2020,9,21,13,42,46, -50.0000000000
2020,9,21,13,42,46, 100.9677000000
2020,9,21,13,42,47, -50.0000000000
2020,9,21,13,42,47, 120.6452000000
2020,9,21,13,42,47, -50.0000000000
2020,9,21,13,42,47,  20.6452000000
2020,9,21,13,42,48, -50.0000000000
2020,9,21,13,42,48, 123.5484000000
2020,9,21,13,42,48, -48.0645000000
2020,9,21,13,42,48, -50.0000000000
2020,9,21,13,42,49, 127.4194000000
2020,9,21,13,42,49,  15.4839000000
2020,9,21,13,42,49,  21.2903000000
2020,9,21,13,42,50, -24.1935000000
2020,9,21,13,42,50, 106.4516000000
2020,9,21,13,42,50, 130.6452000000
2020,9,21,13,42,50, 122.2581000000
2020,9,21,13,42,51, -50.0000000000
2020,9,21,13,42,51,  -9.3548000000
2020,9,21,13,42,51,  73.2258000000
2020,9,21,13,42,51, 132.9032000000
2020,9,21,13,42,52, -11.6129000000
2020,9,21,13,42,52, -18.7097000000
2020,9,21,13,42,52,  76.1290000000
2020,9,21,13,42,52,  83.8710000000
2020,9,21,13,42,53, -50.0000000000
2020,9,21,13,42,53, 120.0000000000
2020,9,21,13,42,53, 134.5161000000
2020,9,21,13,42,53,  68.3871000000
2020,9,21,13,42,54,  68.3871000000
2020,9,21,13,42,54, -50.0000000000
2020,9,21,13,42,54, -50.0000000000
2020,9,21,13,42,55, 128.0645000000
2020,9,21,13,42,55, -50.0000000000
2020,9,21,13,42,55, 131.2903000000
2020,9,21,13,42,55, -50.0000000000
2020,9,21,13,42,56, -10.6452000000
2020,9,21,13,42,56,  77.4194000000
2020,9,21,13,42,56, 120.0000000000
2020,9,21,13,42,56, -50.0000000000
2020,9,21,13,42,57, 125.8065000000
2020,9,21,13,42,57, -47.7419000000
2020,9,21,13,42,57, -44.1935000000
2020,9,21,13,42,57, 120.9677000000
2020,9,21,13,42,58, -50.0000000000
2020,9,21,13,42,58,  93.8710000000
2020,9,21,13,42,58, -50.0000000000
2020,9,21,13,42,58,  76.7742000000
2020,9,21,13,42,59, -50.0000000000
2020,9,21,13,42,59,  88.7097000000
2020,9,21,13,42,59, -15.4839000000
2020,9,21,13,42,59, 115.1613000000
2020,9,21,13,43,0, -50.0000000000
2020,9,21,13,43,0, 117.4194000000
2020,9,21,13,43,0, -50.0000000000
2020,9,21,13,43,1,  97.4194000000
2020,9,21,13,43,1, 120.3226000000
2020,9,21,13,43,1, -50.0000000000
2020,9,21,13,43,1, 124.5161000000
2020,9,21,13,43,2, 115.1613000000
2020,9,21,13,43,2, 115.4839000000
2020,9,21,13,43,2, 106.4516000000
2020,9,21,13,43,2, -50.0000000000
2020,9,21,13,43,3, -50.0000000000
2020,9,21,13,43,3, 133.8710000000
2020,9,21,13,43,3, -20.9677000000
2020,9,21,13,43,3, 129.0323000000
2020,9,21,13,43,4, -31.6129000000
2020,9,21,13,43,4, -15.4839000000
2020,9,21,13,43,4, -50.0000000000
2020,9,21,13,43,4, 122.9032000000
2020,9,21,13,43,5,  70.9677000000
2020,9,21,13,43,5, -50.0000000000
2020,9,21,13,43,5, 130.0000000000
2020,9,21,13,43,6, 118.3871000000
2020,9,21,13,43,6, -50.0000000000
2020,9,21,13,43,6, 130.9677000000
2020,9,21,13,43,6, 125.4839000000
2020,9,21,13,43,7, -50.0000000000
2020,9,21,13,43,7, 141.9355000000
2020,9,21,13,43,7, 131.6129000000
2020,9,21,13,43,7,  60.9677000000
2020,9,21,13,43,8,  80.6452000000
2020,9,21,13,43,8, -43.8710000000
2020,9,21,13,43,8, 119.6774000000
2020,9,21,13,43,8,   8.0645000000
2020,9,21,13,43,9,  90.6452000000
2020,9,21,13,43,9, 132.2581000000
2020,9,21,13,43,9, -22.2581000000
2020,9,21,13,43,9, -50.0000000000
2020,9,21,13,43,10,  61.6129000000
2020,9,21,13,43,10, 114.8387000000
2020,9,21,13,43,10, -50.0000000000
2020,9,21,13,43,11,  88.7097000000
2020,9,21,13,43,11, -50.0000000000
2020,9,21,13,43,11, 126.4516000000
2020,9,21,13,43,11, -50.0000000000
2020,9,21,13,43,12, -50.0000000000
2020,9,21,13,43,12, -50.0000000000
2020,9,21,13,43,12, -16.1290000000
2020,9,21,13,43,12,  -5.4839000000
2020,9,21,13,43,13, 125.1613000000
2020,9,21,13,43,13, -50.0000000000
2020,9,21,13,43,13, 111.2903000000
2020,9,21,13,43,13, 124.1935000000
2020,9,21,13,43,14, -50.0000000000
2020,9,21,13,43,14, 127.4194000000
2020,9,21,13,43,14, -15.8065000000
2020,9,21,13,43,14, 102.9032000000
2020,9,21,13,43,15, 100.0000000000
2020,9,21,13,43,15, -50.0000000000
2020,9,21,13,43,15, 125.1613000000
2020,9,21,13,43,15, -50.0000000000
2020,9,21,13,43,16,  99.3548000000
2020,9,21,13,43,16,  57.7419000000
2020,9,21,13,43,16, -20.0000000000
2020,9,21,13,43,17, 130.6452000000
2020,9,21,13,43,17, 226.7742000000
2020,9,21,13,43,17, 121.6129000000
2020,9,21,13,43,17,  85.4839000000
2020,9,21,13,43,18, -50.0000000000
2020,9,21,13,43,18, 124.8387000000
2020,9,21,13,43,18, -50.0000000000
2020,9,21,13,43,18, 104.8387000000
2020,9,21,13,43,19, 104.5161000000
2020,9,21,13,43,19, -50.0000000000
2020,9,21,13,43,19, 131.6129000000
2020,9,21,13,43,19, 117.4194000000
2020,9,21,13,43,20,  66.7742000000
2020,9,21,13,43,20, -39.0323000000
2020,9,21,13,43,20, 133.8710000000
2020,9,21,13,43,20, -37.7419000000
2020,9,21,13,43,21, 116.4516000000
2020,9,21,13,43,21,  77.7419000000
2020,9,21,13,43,21, -50.0000000000
2020,9,21,13,43,22,  15.1613000000
2020,9,21,13,43,22,  92.5806000000
2020,9,21,13,43,22, -25.1613000000
2020,9,21,13,43,22,  68.0645000000
2020,9,21,13,43,23,   1.2903000000
2020,9,21,13,43,23,  91.2903000000
2020,9,21,13,43,23, -10.6452000000
2020,9,21,13,43,23,  15.1613000000
2020,9,21,13,43,24,  93.8710000000
2020,9,21,13,43,24, -50.0000000000
2020,9,21,13,43,24,  89.0323000000
2020,9,21,13,43,24, -31.6129000000
2020,9,21,13,43,25,  79.3548000000
2020,9,21,13,43,25,  74.5161000000
2020,9,21,13,43,25,   9.3548000000
2020,9,21,13,43,25, -20.6452000000
2020,9,21,13,43,26, -50.0000000000
2020,9,21,13,43,26,  12.5806000000
2020,9,21,13,43,26,  87.4194000000
2020,9,21,13,43,26,  89.6774000000
2020,9,21,13,43,27, 126.7742000000
2020,9,21,13,43,27, -39.6774000000
2020,9,21,13,43,27,  77.0968000000
2020,9,21,13,43,28, 126.1290000000
2020,9,21,13,43,28, -50.0000000000
2020,9,21,13,43,28, -50.0000000000
2020,9,21,13,43,28, 128.7097000000
2020,9,21,13,43,29,  -4.1935000000
2020,9,21,13,43,29, -19.6774000000
2020,9,21,13,43,29, 104.5161000000
2020,9,21,13,43,29, -48.7097000000
2020,9,21,13,43,30,  -2.9032000000
2020,9,21,13,43,30, -50.0000000000
2020,9,21,13,43,30, 121.9355000000
2020,9,21,13,43,30, -32.5806000000
2020,9,21,13,43,31, 124.5161000000
2020,9,21,13,43,31, -50.0000000000
2020,9,21,13,43,31, -50.0000000000
2020,9,21,13,43,31, -16.1290000000
2020,9,21,13,43,32, -50.0000000000
2020,9,21,13,43,32,   9.3548000000
2020,9,21,13,43,32, -50.0000000000
2020,9,21,13,43,33, 122.5806000000
2020,9,21,13,43,33, 106.4516000000
2020,9,21,13,43,33, -50.0000000000
2020,9,21,13,43,33, 131.2903000000
2020,9,21,13,43,34, -50.0000000000
2020,9,21,13,43,34, -50.0000000000
2020,9,21,13,43,34,  80.0000000000
2020,9,21,13,43,34, 109.0323000000
2020,9,21,13,43,35,  91.2903000000
2020,9,21,13,43,35, -50.0000000000
2020,9,21,13,43,35,  96.7742000000
2020,9,21,13,43,35,  81.9355000000
2020,9,21,13,43,36, -46.1290000000
2020,9,21,13,43,36, 121.6129000000
2020,9,21,13,43,36, -50.0000000000
2020,9,21,13,43,36,  57.0968000000
2020,9,21,13,43,37, 103.5484000000
2020,9,21,13,43,37, -50.0000000000
2020,9,21,13,43,37, -50.0000000000
2020,9,21,13,43,37, -41.2903000000
2020,9,21,13,43,38, 119.6774000000
2020,9,21,13,43,38, -50.0000000000
2020,9,21,13,43,38, 115.1613000000
2020,9,21,13,43,39, -50.0000000000
2020,9,21,13,43,39,  98.0645000000
2020,9,21,13,43,39,  96.4516000000
2020,9,21,13,43,39, -43.8710000000
2020,9,21,13,43,40, 121.9355000000
2020,9,21,13,43,40, -50.0000000000
2020,9,21,13,43,40, 104.8387000000
2020,9,21,13,43,40, -50.0000000000
2020,9,21,13,43,41, -50.0000000000
2020,9,21,13,43,41,  90.6452000000
2020,9,21,13,43,41, -50.0000000000
2020,9,21,13,43,41, 124.5161000000
2020,9,21,13,43,42, 103.5484000000
2020,9,21,13,43,42, -50.0000000000
2020,9,21,13,43,42, 132.5806000000
2020,9,21,13,43,42, -50.0000000000
2020,9,21,13,43,43, 125.8065000000
2020,9,21,13,43,43, 123.5484000000
2020,9,21,13,43,43, -50.0000000000
2020,9,21,13,43,43,  -8.3871000000
2020,9,21,13,43,44, 131.2903000000
2020,9,21,13,43,44,  46.7742000000
2020,9,21,13,43,44, -27.0968000000
2020,9,21,13,43,45, -50.0000000000
2020,9,21,13,43,45, -50.0000000000
2020,9,21,13,43,45, 123.2258000000
2020,9,21,13,43,45, -50.0000000000
2020,9,21,13,43,46, -46.7742000000
2020,9,21,13,43,46,  76.1290000000
2020,9,21,13,43,46, -39.0323000000
2020,9,21,13,43,46, 118.0645000000
2020,9,21,13,43,47, 116.4516000000
2020,9,21,13,43,47, -50.0000000000
2020,9,21,13,43,47, 100.0000000000
2020,9,21,13,43,47, -50.0000000000
2020,9,21,13,43,48,  27.0968000000
2020,9,21,13,43,48,  67.4194000000
2020,9,21,13,43,48, -18.7097000000
2020,9,21,13,43,48, -17.7419000000
2020,9,21,13,43,49, 102.5806000000
2020,9,21,13,43,49, -32.2581000000
2020,9,21,13,43,49,  -5.4839000000
2020,9,21,13,43,50,  73.5484000000
2020,9,21,13,43,50, -50.0000000000
2020,9,21,13,43,50,  -3.2258000000
2020,9,21,13,43,50,  92.2581000000
2020,9,21,13,43,51, 124.1935000000
2020,9,21,13,43,51, -50.0000000000
2020,9,21,13,43,51, 133.8710000000
2020,9,21,13,43,51, 121.6129000000
2020,9,21,13,43,52, -50.0000000000
2020,9,21,13,43,52, -50.0000000000
2020,9,21,13,43,52, 124.8387000000
2020,9,21,13,43,52, -50.0000000000
2020,9,21,13,43,53, 104.8387000000
2020,9,21,13,43,53,  78.0645000000
2020,9,21,13,43,53,  66.7742000000
2020,9,21,13,43,54,  78.3871000000
2020,9,21,13,43,54, -49.0323000000
2020,9,21,13,43,54, -36.1290000000
2020,9,21,13,43,54, -50.0000000000
2020,9,21,13,43,55, -18.3871000000
2020,9,21,13,43,55,  53.8710000000
2020,9,21,13,43,55, 112.9032000000
2020,9,21,13,43,55, -50.0000000000
2020,9,21,13,43,56, 124.1935000000
2020,9,21,13,43,56, -50.0000000000
2020,9,21,13,43,56,  44.8387000000
2020,9,21,13,43,56, 131.9355000000
2020,9,21,13,43,57,  65.4839000000
2020,9,21,13,43,57, -39.3548000000
2020,9,21,13,43,57,  85.4839000000
2020,9,21,13,43,58,  62.2581000000
2020,9,21,13,43,58, -34.5161000000
2020,9,21,13,43,58, 115.1613000000
2020,9,21,13,43,58, -32.9032000000
2020,9,21,13,43,59, -34.1935000000
2020,9,21,13,43,59, 117.0968000000
2020,9,21,13,43,59, -43.8710000000
2020,9,21,13,43,59,  74.1935000000
2020,9,21,13,44,0,  79.3548000000
2020,9,21,13,44,0, -50.0000000000
2020,9,21,13,44,0, -50.0000000000
2020,9,21,13,44,0,  37.0968000000
2020,9,21,13,44,1, -50.0000000000
2020,9,21,13,44,1, -28.3871000000
2020,9,21,13,44,1, -14.1935000000
2020,9,21,13,44,1, 100.6452000000
2020,9,21,13,44,2, -50.0000000000
2020,9,21,13,44,2, 126.4516000000
2020,9,21,13,44,2, -10.0000000000
2020,9,21,13,44,3, -17.7419000000
2020,9,21,13,44,3, 115.8065000000
2020,9,21,13,44,3, -41.2903000000
2020,9,21,13,44,3, 107.0968000000
2020,9,21,13,44,4,  22.9032000000
2020,9,21,13,44,4,  68.3871000000
2020,9,21,13,44,4, -42.9032000000
2020,9,21,13,44,4,  83.8710000000
2020,9,21,13,44,5,   6.1290000000
2020,9,21,13,44,5,   3.5484000000
2020,9,21,13,44,5, 124.8387000000
2020,9,21,13,44,5, -40.9677000000
2020,9,21,13,44,6, 115.4839000000
2020,9,21,13,44,6, -50.0000000000
2020,9,21,13,44,6, 123.5484000000
2020,9,21,13,44,6, -50.0000000000
2020,9,21,13,44,7, 124.1935000000
2020,9,21,13,44,7, 124.1935000000
2020,9,21,13,44,7, -50.0000000000
2020,9,21,13,44,7,   3.8710000000
2020,9,21,13,44,8, 102.9032000000
2020,9,21,13,44,8,  68.7097000000
2020,9,21,13,44,8, -40.0000000000
2020,9,21,13,44,8, -48.7097000000
2020,9,21,13,44,9, 120.6452000000
2020,9,21,13,44,9, -50.0000000000
2020,9,21,13,44,9, 124.1935000000
2020,9,21,13,44,10, -50.0000000000
2020,9,21,13,44,10, 134.5161000000
2020,9,21,13,44,10,  61.6129000000
2020,9,21,13,44,10, 228.3871000000
2020,9,21,13,44,11, 118.3871000000
2020,9,21,13,44,11, -50.0000000000
2020,9,21,13,44,11, 123.5484000000
2020,9,21,13,44,11, -50.0000000000
2020,9,21,13,44,12, -18.3871000000
2020,9,21,13,44,12, 110.3226000000
2020,9,21,13,44,12, -50.0000000000
2020,9,21,13,44,12, 123.2258000000
2020,9,21,13,44,13,  32.2581000000
2020,9,21,13,44,13, -50.0000000000
2020,9,21,13,44,13, -12.2581000000
2020,9,21,13,44,13, -50.0000000000
2020,9,21,13,44,14, 125.4839000000
2020,9,21,13,44,14,  79.0323000000
2020,9,21,13,44,14, -50.0000000000
2020,9,21,13,44,14, 130.6452000000
2020,9,21,13,44,15, -50.0000000000
2020,9,21,13,44,15, -21.2903000000
2020,9,21,13,44,15, 112.2581000000
2020,9,21,13,44,15,  -0.9677000000
2020,9,21,13,44,16,  94.5161000000
2020,9,21,13,44,16, -50.0000000000
2020,9,21,13,44,16, 120.9677000000
2020,9,21,13,44,17, -50.0000000000
2020,9,21,13,44,17,   0.9677000000
2020,9,21,13,44,17,  98.3871000000
2020,9,21,13,44,17, -20.3226000000
2020,9,21,13,44,18,  92.5806000000
2020,9,21,13,44,18, -50.0000000000
2020,9,21,13,44,18,  97.0968000000
2020,9,21,13,44,18, -50.0000000000
2020,9,21,13,44,19, -50.0000000000
2020,9,21,13,44,19, -50.0000000000
2020,9,21,13,44,19,  98.7097000000
2020,9,21,13,44,19, -50.0000000000
2020,9,21,13,44,20, -30.3226000000
2020,9,21,13,44,20,  65.1613000000
2020,9,21,13,44,20,  -9.6774000000
2020,9,21,13,44,20, 105.8065000000
2020,9,21,13,44,21, -50.0000000000
2020,9,21,13,44,21, 114.1935000000
2020,9,21,13,44,21, -50.0000000000
2020,9,21,13,44,21, 125.8065000000
2020,9,21,13,44,22,  54.1935000000
2020,9,21,13,44,22, -15.8065000000
2020,9,21,13,44,22, 105.8065000000
2020,9,21,13,44,22, -50.0000000000
2020,9,21,13,44,23, 111.6129000000
2020,9,21,13,44,23, -50.0000000000
2020,9,21,13,44,23, 121.6129000000
2020,9,21,13,44,23,  83.8710000000
2020,9,21,13,44,24, 117.4194000000
2020,9,21,13,44,24, -50.0000000000
2020,9,21,13,44,24, -50.0000000000
2020,9,21,13,44,25, 131.6129000000
2020,9,21,13,44,25,  74.1935000000
2020,9,21,13,44,25, -50.0000000000
2020,9,21,13,44,25, 125.4839000000
2020,9,21,13,44,26,  24.5161000000
2020,9,21,13,44,26, -39.0323000000
2020,9,21,13,44,26, 122.2581000000
2020,9,21,13,44,26, -50.0000000000
2020,9,21,13,44,27, -17.4194000000
2020,9,21,13,44,27, 106.4516000000
2020,9,21,13,44,27, -50.0000000000
2020,9,21,13,44,27, 131.6129000000
2020,9,21,13,44,28,  70.0000000000
2020,9,21,13,44,28, -50.0000000000
2020,9,21,13,44,28, 113.5484000000
2020,9,21,13,44,28, -50.0000000000
2020,9,21,13,44,29, 138.3871000000
2020,9,21,13,44,29,   8.7097000000
2020,9,21,13,44,29, 115.8065000000
2020,9,21,13,44,29,  80.9677000000
2020,9,21,13,44,30, -50.0000000000
2020,9,21,13,44,30,  71.2903000000
2020,9,21,13,44,30, -40.6452000000
2020,9,21,13,44,30, 121.6129000000
2020,9,21,13,44,31, -50.0000000000
2020,9,21,13,44,31, -50.0000000000
2020,9,21,13,44,31, -12.2581000000
2020,9,21,13,44,31, 108.3871000000
2020,9,21,13,44,32, -46.4516000000
2020,9,21,13,44,32, 123.5484000000
2020,9,21,13,44,32, -17.4194000000
2020,9,21,13,44,33,  79.6774000000
2020,9,21,13,44,33,  86.4516000000
2020,9,21,13,44,33, 130.9677000000
2020,9,21,13,44,33,  67.0968000000
2020,9,21,13,44,34, -47.7419000000
2020,9,21,13,44,34, -24.8387000000
2020,9,21,13,44,34,  36.1290000000
2020,9,21,13,44,34, -23.2258000000
2020,9,21,13,44,35,  97.4194000000
2020,9,21,13,44,35, -43.8710000000
2020,9,21,13,44,35,  98.7097000000
2020,9,21,13,44,35, -23.5484000000
2020,9,21,13,44,36,  42.9032000000
2020,9,21,13,44,36,  92.5806000000
2020,9,21,13,44,36, -50.0000000000
2020,9,21,13,44,36, 122.5806000000
2020,9,21,13,44,37, -50.0000000000
2020,9,21,13,44,37, -25.4839000000
2020,9,21,13,44,37,  92.9032000000
2020,9,21,13,44,37, -50.0000000000
2020,9,21,13,44,38,  85.1613000000
2020,9,21,13,44,38, -50.0000000000
2020,9,21,13,44,38, 129.3548000000
2020,9,21,13,44,39,  54.8387000000
2020,9,21,13,44,39,  69.6774000000
2020,9,21,13,44,39, -50.0000000000
2020,9,21,13,44,39, 124.5161000000
2020,9,21,13,44,40,  21.2903000000
2020,9,21,13,44,40, -38.3871000000
2020,9,21,13,44,40,  60.3226000000
2020,9,21,13,44,40, -39.6774000000
2020,9,21,13,44,41, 117.4194000000
2020,9,21,13,44,41,  81.9355000000
2020,9,21,13,44,41, -49.6774000000
2020,9,21,13,44,41, 124.5161000000
2020,9,21,13,44,42, -50.0000000000
2020,9,21,13,44,42, 122.2581000000
2020,9,21,13,44,42, -42.9032000000
2020,9,21,13,44,42, -30.6452000000
2020,9,21,13,44,43, -26.1290000000
2020,9,21,13,44,43,  96.7742000000
2020,9,21,13,44,43, -50.0000000000
2020,9,21,13,44,43, -50.0000000000
2020,9,21,13,44,44, -28.0645000000
2020,9,21,13,44,44, -50.0000000000
2020,9,21,13,44,44,  -8.7097000000
2020,9,21,13,44,44, 102.5806000000
2020,9,21,13,44,45, -45.4839000000
2020,9,21,13,44,45, 122.9032000000
2020,9,21,13,44,45, -50.0000000000
2020,9,21,13,44,45, -26.7742000000
2020,9,21,13,44,46,  63.5484000000
2020,9,21,13,44,46, -50.0000000000
2020,9,21,13,44,46, -10.9677000000
2020,9,21,13,44,47, 106.1290000000
2020,9,21,13,44,47, -50.0000000000
2020,9,21,13,44,47,   8.0645000000
2020,9,21,13,44,47, 124.1935000000
2020,9,21,13,44,48, 111.6129000000
2020,9,21,13,44,48, 130.3226000000
2020,9,21,13,44,48,  62.5806000000
2020,9,21,13,44,48, 107.7419000000
2020,9,21,13,44,49, -50.0000000000
2020,9,21,13,44,49,  47.4194000000
2020,9,21,13,44,49,  27.7419000000
2020,9,21,13,44,49,  95.1613000000
2020,9,21,13,44,50, -50.0000000000
2020,9,21,13,44,50, 122.9032000000
2020,9,21,13,44,50, -16.7742000000
2020,9,21,13,44,50, -35.4839000000
2020,9,21,13,44,51,  85.8065000000
2020,9,21,13,44,51, -50.0000000000
2020,9,21,13,44,51, 131.6129000000
2020,9,21,13,44,51, -50.0000000000
2020,9,21,13,44,52,  -3.8710000000
2020,9,21,13,44,52, 100.6452000000
2020,9,21,13,44,52, 123.2258000000
2020,9,21,13,44,53, -50.0000000000
2020,9,21,13,44,53,  88.0645000000
2020,9,21,13,44,53, 216.4516000000
2020,9,21,13,44,53, 108.7097000000
2020,9,21,13,44,54, -50.0000000000
2020,9,21,13,44,54,  94.1935000000
2020,9,21,13,44,54,  63.8710000000
2020,9,21,13,44,54, -36.1290000000
2020,9,21,13,44,55, -50.0000000000
2020,9,21,13,44,55, 132.9032000000
2020,9,21,13,44,55, 124.5161000000
2020,9,21,13,44,55,  -7.7419000000
2020,9,21,13,44,56, -33.8710000000
2020,9,21,13,44,56, 117.7419000000
2020,9,21,13,44,56, -50.0000000000
