2020,11,12,12,48,0,   5.0880000000
2020,11,12,12,48,1,   5.0400000000
2020,11,12,12,48,1,   5.0360000000
2020,11,12,12,48,1,   5.0400000000
2020,11,12,12,48,1,   5.0320000000
2020,11,12,12,48,2,   5.0360000000
2020,11,12,12,48,2,   5.0360000000
2020,11,12,12,48,2,   5.0360000000
2020,11,12,12,48,2,   5.0360000000
2020,11,12,12,48,3,   5.0360000000
2020,11,12,12,48,3,   5.0360000000
2020,11,12,12,48,3,   5.0360000000
2020,11,12,12,48,3,   5.0760000000
2020,11,12,12,48,4,   5.0960000000
2020,11,12,12,48,4,   5.0800000000
2020,11,12,12,48,4,   5.0760000000
2020,11,12,12,48,5,   5.0400000000
2020,11,12,12,48,5,   5.0400000000
2020,11,12,12,48,5,   5.0360000000
2020,11,12,12,48,5,   5.0400000000
2020,11,12,12,48,6,   5.0400000000
2020,11,12,12,48,6,   5.0360000000
2020,11,12,12,48,6,   5.0360000000
2020,11,12,12,48,6,   5.0400000000
2020,11,12,12,48,7,   5.0360000000
2020,11,12,12,48,7,   5.0360000000
2020,11,12,12,48,7,   5.0320000000
2020,11,12,12,48,8,   5.0360000000
2020,11,12,12,48,8,   5.0360000000
2020,11,12,12,48,8,   5.0360000000
2020,11,12,12,48,8,   5.0440000000
2020,11,12,12,48,9,   4.8560000000
2020,11,12,12,48,9,   5.0360000000
2020,11,12,12,48,9,   5.0320000000
2020,11,12,12,48,9,   5.0360000000
2020,11,12,12,48,10,   5.036000000022020,11,12,12,48,10,   5.028000000022020,11,12,12,48,10,   5.036000000022020,11,12,12,48,10,   5.036000000022020,11,12,12,48,11,   5.032000000022020,11,12,12,48,11,   5.036000000022020,11,12,12,48,11,   5.040000000022020,11,12,12,48,11,   5.032000000022020,11,12,12,48,12,   5.032000000022020,11,12,12,48,12,   5.032000000022020,11,12,12,48,12,   5.032000000022020,11,12,12,48,12,   5.036000000022020,11,12,12,48,13,   5.036000000022020,11,12,12,48,13,   5.032000000022020,11,12,12,48,13,   5.036000000022020,11,12,12,48,14,   5.036000000022020,11,12,12,48,14,   5.032000000022020,11,12,12,48,14,   5.036000000022020,11,12,12,48,14,   5.032000000022020,11,12,12,48,15,   5.036000000022020,11,12,12,48,15,   5.032000000022020,11,12,12,48,15,   5.032000000022020,11,12,12,48,15,   5.036000000022020,11,12,12,48,16,   5.032000000022020,11,12,12,48,16,   5.032000000022020,11,12,12,48,16,   5.036000000022020,11,12,12,48,16,   5.032000000022020,11,12,12,48,17,   5.032000000022020,11,12,12,48,17,   5.032000000022020,11,12,12,48,17,   5.032000000022020,11,12,12,48,17,   5.032000000022020,11,12,12,48,18,   5.032000000022020,11,12,12,48,18,   5.040000000022020,11,12,12,48,18,   5.032000000022020,11,12,12,48,19,   5.036000000022020,11,12,12,48,19,   5.032000000022020,11,12,12,48,19,   5.032000000022020,11,12,12,48,19,   5.032000000022020,11,12,12,48,20,   5.032000000022020,11,12,12,48,20,   5.028000000022020,11,12,12,48,20,   5.032000000022020,11,12,12,48,20,   5.036000000022020,11,12,12,48,21,   5.028000000022020,11,12,12,48,21,   5.028000000022020,11,12,12,48,21,   5.028000000022020,11,12,12,48,21,   5.032000000022020,11,12,12,48,22,   5.032000000022020,11,12,12,48,22,   5.028000000022020,11,12,12,48,22,   5.032000000022020,11,12,12,48,23,   5.036000000022020,11,12,12,48,23,   5.032000000022020,11,12,12,48,23,   5.032000000022020,11,12,12,48,23,   5.032000000022020,11,12,12,48,24,   5.032000000022020,11,12,12,48,24,   5.032000000022020,11,12,12,48,24,   5.028000000022020,11,12,12,48,24,   5.028000000022020,11,12,12,48,25,   5.032000000022020,11,12,12,48,25,   5.032000000022020,11,12,12,48,25,   5.032000000022020,11,12,12,48,25,   5.036000000022020,11,12,12,48,26,   5.028000000022020,11,12,12,48,26,   5.028000000022020,11,12,12,48,26,   5.032000000022020,11,12,12,48,26,   5.032000000022020,11,12,12,48,27,   5.032000000022020,11,12,12,48,27,   5.036000000022020,11,12,12,48,27,   5.024000000022020,11,12,12,48,28,   5.028000000022020,11,12,12,48,28,   5.028000000022020,11,12,12,48,28,   5.028000000022020,11,12,12,48,28,   5.032000000022020,11,12,12,48,29,   5.032000000022020,11,12,12,48,29,   5.032000000022020,11,12,12,48,29,   5.032000000022020,11,12,12,48,29,   5.028000000022020,11,12,12,48,30,   5.028000000022020,11,12,12,48,30,   5.032000000022020,11,12,12,48,30,   5.032000000022020,11,12,12,48,30,   5.028000000022020,11,12,12,48,31,   5.036000000022020,11,12,12,48,31,   5.032000000022020,11,12,12,48,31,   5.032000000022020,11,12,12,48,31,   5.028000000022020,11,12,12,48,32,   5.028000000022020,11,12,12,48,32,   5.028000000022020,11,12,12,48,32,   5.028000000022020,11,12,12,48,32,   5.036000000022020,11,12,12,48,33,   5.032000000022020,11,12,12,48,33,   5.032000000022020,11,12,12,48,33,   5.032000000022020,11,12,12,48,34,   5.032000000022020,11,12,12,48,34,   5.032000000022020,11,12,12,48,34,   5.032000000022020,11,12,12,48,34,   5.032000000022020,11,12,12,48,35,   5.032000000022020,11,12,12,48,35,   5.032000000022020,11,12,12,48,35,   5.032000000022020,11,12,12,48,35,   5.024000000022020,11,12,12,48,36,   5.032000000022020,11,12,12,48,36,   5.028000000022020,11,12,12,48,36,   5.032000000022020,11,12,12,48,36,   5.032000000022020,11,12,12,48,37,   5.036000000022020,11,12,12,48,37,   5.028000000022020,11,12,12,48,37,   5.032000000022020,11,12,12,48,37,   5.036000000022020,11,12,12,48,38,   5.032000000022020,11,12,12,48,38,   5.032000000022020,11,12,12,48,38,   5.028000000022020,11,12,12,48,39,   5.028000000022020,11,12,12,48,39,   5.028000000022020,11,12,12,48,39,   5.032000000022020,11,12,12,48,39,   5.032000000022020,11,12,12,48,40,   5.028000000022020,11,12,12,48,40,   5.032000000022020,11,12,12,48,40,   5.032000000022020,11,12,12,48,40,   5.032000000022020,11,12,12,48,41,   5.032000000022020,11,12,12,48,41,   5.032000000022020,11,12,12,48,41,   5.032000000022020,11,12,12,48,41,   5.036000000022020,11,12,12,48,42,   5.032000000022020,11,12,12,48,42,   5.032000000022020,11,12,12,48,42,   5.028000000022020,11,12,12,48,42,   5.032000000022020,11,12,12,48,43,   5.036000000022020,11,12,12,48,43,   5.032000000022020,11,12,12,48,43,   5.032000000022020,11,12,12,48,43,   5.032000000022020,11,12,12,48,44,   5.024000000022020,11,12,12,48,44,   5.044000000022020,11,12,12,48,44,   5.044000000022020,11,12,12,48,45,   5.032000000022020,11,12,12,48,45,   5.032000000022020,11,12,12,48,45,   5.032000000022020,11,12,12,48,45,   5.028000000022020,11,12,12,48,46,   5.032000000022020,11,12,12,48,46,   5.032000000022020,11,12,12,48,46,   5.032000000022020,11,12,12,48,46,   5.032000000022020,11,12,12,48,47,   5.032000000022020,11,12,12,48,47,   5.032000000022020,11,12,12,48,47,   5.032000000022020,11,12,12,48,47,   5.032000000022020,11,12,12,48,48,   5.032000000022020,11,12,12,48,48,   5.032000000022020,11,12,12,48,48,   5.028000000022020,11,12,12,48,48,   5.032000000022020,11,12,12,48,49,   5.028000000022020,11,12,12,48,49,   5.028000000022020,11,12,12,48,49,   5.036000000022020,11,12,12,48,49,   5.032000000022020,11,12,12,48,50,   5.040000000022020,11,12,12,48,50,   5.032000000022020,11,12,12,48,50,   5.032000000022020,11,12,12,48,51,   5.036000000022020,11,12,12,48,51,   5.032000000022020,11,12,12,48,51,   5.032000000022020,11,12,12,48,51,   5.036000000022020,11,12,12,48,52,   5.028000000022020,11,12,12,48,52,   5.032000000022020,11,12,12,48,52,   5.036000000022020,11,12,12,48,52,   5.032000000022020,11,12,12,48,53,   5.032000000022020,11,12,12,48,53,   5.032000000022020,11,12,12,48,53,   5.032000000022020,11,12,12,48,53,   5.032000000022020,11,12,12,48,54,   5.028000000022020,11,12,12,48,54,   5.032000000022020,11,12,12,48,54,   5.028000000022020,11,12,12,48,54,   5.032000000022020,11,12,12,48,55,   5.028000000022020,11,12,12,48,55,   5.032000000022020,11,12,12,48,55,   5.028000000022020,11,12,12,48,55,   5.036000000022020,11,12,12,48,56,   5.028000000022020,11,12,12,48,56,   5.028000000022020,11,12,12,48,56,   5.032000000022020,11,12,12,48,57,   5.028000000022020,11,12,12,48,57,   5.028000000022020,11,12,12,48,57,   5.032000000022020,11,12,12,48,57,   5.024000000022020,11,12,12,48,58,   5.032000000022020,11,12,12,48,58,   5.032000000022020,11,12,12,48,58,   5.028000000022020,11,12,12,48,58,   5.032000000022020,11,12,12,48,59,   5.032000000022020,11,12,12,48,59,   5.032000000022020,11,12,12,48,59,   5.032000000022020,11,12,12,48,59,   5.024000000022020,11,12,12,49,0,   5.028000000022020,11,12,12,49,0,   5.044000000022020,11,12,12,49,0,   5.028000000022020,11,12,12,49,0,   5.032000000022020,11,12,12,49,1,   5.032000000022020,11,12,12,49,1,   5.03200000002020,11,12,12,49,1,   5.0320000000
22020,11,12,12,49,2,   5.028000000022020,11,12,12,49,2,   5.032000000022020,11,12,12,49,2,   5.02800000002020,11,12,12,49,2,   5.0320000000
22020,11,12,12,49,3,   5.03200000002020,11,12,12,49,3,   5.0280000000
22020,11,12,12,49,3,   5.02800000002020,11,12,12,49,3,   5.0280000000
22020,11,12,12,49,4,   5.032000000022020,11,12,12,49,4,   5.032000000022020,11,12,12,49,4,   5.03200000002020,11,12,12,49,5,   5.0320000000
2020,11,12,12,49,5,   5.0320000000
22020,11,12,12,49,5,   5.024000000022020,11,12,12,49,5,   5.03200000002020,11,12,12,49,6,   5.0320000000
22020,11,12,12,49,6,   5.024000000022020,11,12,12,49,6,   5.024000000022020,11,12,12,49,6,   5.02800000002020,11,12,12,49,7,   5.0280000000
22020,11,12,12,49,7,   5.028000000022020,11,12,12,49,7,   5.032000000022020,11,12,12,49,7,   5.028000000022020,11,12,12,49,8,   5.032000000022020,11,12,12,49,8,   5.02800000002020,11,12,12,49,8,   5.0320000000
22020,11,12,12,49,9,   5.02400000002020,11,12,12,49,9,   5.0320000000
22020,11,12,12,49,9,   5.032000000022020,11,12,12,49,9,   5.028000000022020,11,12,12,49,10,   5.032000000022020,11,12,12,49,10,   5.02400000002020,11,12,12,49,10,   5.0240000000
2020,11,12,12,49,10,   5.0360000000
2020,11,12,12,49,11,   5.0360000000
2020,11,12,12,49,11,   5.0320000000
2020,11,12,12,49,11,   5.0320000000
2020,11,12,12,49,11,   5.0280000000
2020,11,12,12,49,12,   5.0320000000
2020,11,12,12,49,12,   5.0280000000
2020,11,12,12,49,12,   5.0320000000
2020,11,12,12,49,12,   5.0360000000
2020,11,12,12,49,13,   5.0240000000
2020,11,12,12,49,13,   5.0360000000
2020,11,12,12,49,13,   5.0320000000
2020,11,12,12,49,14,   5.0320000000
2020,11,12,12,49,14,   5.0320000000
2020,11,12,12,49,14,   5.0320000000
2020,11,12,12,49,14,   5.0240000000
2020,11,12,12,49,15,   5.0320000000
2020,11,12,12,49,15,   5.0360000000
2020,11,12,12,49,15,   5.0320000000
2020,11,12,12,49,15,   5.0320000000
2020,11,12,12,49,16,   5.0320000000
2020,11,12,12,49,16,   5.0320000000
2020,11,12,12,49,16,   5.0280000000
2020,11,12,12,49,16,   5.0360000000
2020,11,12,12,49,17,   5.0320000000
2020,11,12,12,49,17,   5.0320000000
2020,11,12,12,49,17,   5.0280000000
2020,11,12,12,49,17,   5.0320000000
2020,11,12,12,49,18,   5.0280000000
2020,11,12,12,49,18,   5.0320000000
2020,11,12,12,49,18,   5.0280000000
2020,11,12,12,49,19,   5.0360000000
2020,11,12,12,49,19,   5.0320000000
2020,11,12,12,49,19,   5.0320000000
2020,11,12,12,49,19,   5.0320000000
2020,11,12,12,49,20,   5.0320000000
2020,11,12,12,49,20,   5.0320000000
2020,11,12,12,49,20,   5.0320000000
2020,11,12,12,49,20,   5.0320000000
2020,11,12,12,49,21,   5.0320000000
2020,11,12,12,49,21,   5.0320000000
2020,11,12,12,49,21,   5.0320000000
2020,11,12,12,49,21,   5.0360000000
2020,11,12,12,49,22,   5.0320000000
2020,11,12,12,49,22,   5.0280000000
2020,11,12,12,49,22,   5.0320000000
2020,11,12,12,49,22,   5.0360000000
2020,11,12,12,49,23,   5.0240000000
2020,11,12,12,49,23,   5.0320000000
2020,11,12,12,49,23,   5.0360000000
2020,11,12,12,49,23,   5.0280000000
2020,11,12,12,49,24,   5.0320000000
2020,11,12,12,49,24,   5.0280000000
2020,11,12,12,49,24,   5.0360000000
2020,11,12,12,49,25,   5.0320000000
2020,11,12,12,49,25,   5.0280000000
2020,11,12,12,49,25,   5.0320000000
2020,11,12,12,49,25,   5.0280000000
2020,11,12,12,49,26,   5.0320000000
2020,11,12,12,49,26,   5.0280000000
2020,11,12,12,49,26,   5.0320000000
2020,11,12,12,49,26,   5.0320000000
2020,11,12,12,49,27,   5.0320000000
2020,11,12,12,49,27,   5.0280000000
2020,11,12,12,49,27,   5.0240000000
2020,11,12,12,49,27,   5.0280000000
2020,11,12,12,49,28,   5.0240000000
2020,11,12,12,49,28,   5.0320000000
2020,11,12,12,49,28,   5.0280000000
2020,11,12,12,49,28,   5.0320000000
2020,11,12,12,49,29,   5.0320000000
2020,11,12,12,49,29,   5.0280000000
2020,11,12,12,49,29,   5.0320000000
2020,11,12,12,49,29,   5.0360000000
2020,11,12,12,49,30,   5.0280000000
2020,11,12,12,49,30,   5.0280000000
2020,11,12,12,49,30,   5.0280000000
2020,11,12,12,49,30,   5.0280000000
2020,11,12,12,49,31,   5.0240000000
2020,11,12,12,49,31,   5.0280000000
2020,11,12,12,49,31,   5.0280000000
2020,11,12,12,49,32,   5.0280000000
2020,11,12,12,49,32,   5.0320000000
2020,11,12,12,49,32,   5.0320000000
2020,11,12,12,49,32,   5.0360000000
2020,11,12,12,49,33,   5.0320000000
2020,11,12,12,49,33,   5.0360000000
2020,11,12,12,49,33,   5.0320000000
2020,11,12,12,49,33,   5.0280000000
2020,11,12,12,49,34,   5.0240000000
22020,11,12,12,49,34,   5.028000000022020,11,12,12,49,34,   5.02800000002020,11,12,12,49,34,   5.0280000000
2020,11,12,12,49,35,   5.0280000000
2020,11,12,12,49,35,   5.0280000000
2020,11,12,12,49,35,   5.0240000000
2020,11,12,12,49,35,   5.0360000000
22020,11,12,12,49,36,   5.028000000022020,11,12,12,49,36,   5.028000000022020,11,12,12,49,36,   5.03200000002020,11,12,12,49,37,   5.0280000000
22020,11,12,12,49,37,   5.024000000022020,11,12,12,49,37,   5.02800000002020,11,12,12,49,37,   5.0280000000
2020,11,12,12,49,38,   5.0280000000
2020,11,12,12,49,38,   5.0280000000
22020,11,12,12,49,38,   5.02800000002020,11,12,12,49,38,   5.0240000000
2020,11,12,12,49,39,   5.0280000000
22020,11,12,12,49,39,   5.020000000022020,11,12,12,49,39,   5.024000000022020,11,12,12,49,39,   5.012000000022020,11,12,12,49,40,   5.024000000022020,11,12,12,49,40,   5.028000000022020,11,12,12,49,40,   5.02800000002020,11,12,12,49,41,   5.0280000000
22020,11,12,12,49,41,   5.032000000022020,11,12,12,49,41,   5.024000000022020,11,12,12,49,41,   5.032000000022020,11,12,12,49,42,   5.024000000022020,11,12,12,49,42,   5.028000000022020,11,12,12,49,42,   5.028000000022020,11,12,12,49,42,   5.028000000022020,11,12,12,49,43,   5.028000000022020,11,12,12,49,43,   5.032000000022020,11,12,12,49,43,   5.024000000022020,11,12,12,49,44,   5.032000000022020,11,12,12,49,44,   5.032000000022020,11,12,12,49,44,   5.032000000022020,11,12,12,49,44,   5.028000000022020,11,12,12,49,45,   5.024000000022020,11,12,12,49,45,   5.028000000022020,11,12,12,49,45,   5.028000000022020,11,12,12,49,45,   5.032000000022020,11,12,12,49,46,   5.032000000022020,11,12,12,49,46,   5.028000000022020,11,12,12,49,46,   5.024000000022020,11,12,12,49,46,   5.020000000022020,11,12,12,49,47,   5.032000000022020,11,12,12,49,47,   5.036000000022020,11,12,12,49,47,   5.032000000022020,11,12,12,49,47,   5.028000000022020,11,12,12,49,48,   5.028000000022020,11,12,12,49,48,   5.024000000022020,11,12,12,49,48,   5.028000000022020,11,12,12,49,49,   5.032000000022020,11,12,12,49,49,   5.028000000022020,11,12,12,49,49,   5.028000000022020,11,12,12,49,49,   5.028000000022020,11,12,12,49,50,   5.028000000022020,11,12,12,49,50,   5.028000000022020,11,12,12,49,50,   5.020000000022020,11,12,12,49,50,   5.032000000022020,11,12,12,49,51,   5.028000000022020,11,12,12,49,51,   5.036000000022020,11,12,12,49,51,   5.028000000022020,11,12,12,49,51,   5.028000000022020,11,12,12,49,52,   5.024000000022020,11,12,12,49,52,   5.028000000022020,11,12,12,49,52,   5.028000000022020,11,12,12,49,52,   5.024000000022020,11,12,12,49,53,   5.032000000022020,11,12,12,49,53,   5.024000000022020,11,12,12,49,53,   5.028000000022020,11,12,12,49,53,   5.032000000022020,11,12,12,49,54,   5.028000000022020,11,12,12,49,54,   5.028000000022020,11,12,12,49,54,   5.032000000022020,11,12,12,49,55,   5.032000000022020,11,12,12,49,55,   5.032000000022020,11,12,12,49,55,   5.028000000022020,11,12,12,49,55,   5.028000000022020,11,12,12,49,56,   5.028000000022020,11,12,12,49,56,   5.024000000022020,11,12,12,49,56,   5.024000000022020,11,12,12,49,56,   5.028000000022020,11,12,12,49,57,   5.028000000022020,11,12,12,49,57,   5.032000000022020,11,12,12,49,57,   5.028000000022020,11,12,12,49,57,   5.024000000022020,11,12,12,49,58,   5.036000000022020,11,12,12,49,58,   5.032000000022020,11,12,12,49,58,   5.032000000022020,11,12,12,49,58,   5.028000000022020,11,12,12,49,59,   5.024000000022020,11,12,12,49,59,   5.032000000022020,11,12,12,49,59,   5.028000000022020,11,12,12,49,59,   5.032000000022020,11,12,12,50,0,   5.040000000022020,11,12,12,50,0,   5.028000000022020,11,12,12,50,0,   5.020000000022020,11,12,12,50,1,   5.036000000022020,11,12,12,50,1,   5.028000000022020,11,12,12,50,1,   5.036000000022020,11,12,12,50,1,   5.036000000022020,11,12,12,50,2,   5.028000000022020,11,12,12,50,2,   5.032000000022020,11,12,12,50,2,   5.03200000002020,11,12,12,50,2,   5.0280000000
22020,11,12,12,50,3,   5.03200000002020,11,12,12,50,3,   5.0320000000
2020,11,12,12,50,3,   5.0320000000
22020,11,12,12,50,3,   5.03200000002020,11,12,12,50,4,   5.0280000000
22020,11,12,12,50,4,   5.02400000002020,11,12,12,50,4,   5.0280000000
2020,11,12,12,50,5,   5.0360000000
2020,11,12,12,50,5,   5.0280000000
22020,11,12,12,50,5,   5.03200000002020,11,12,12,50,5,   5.0320000000
2020,11,12,12,50,6,   5.0320000000
22020,11,12,12,50,6,   5.036000000022020,11,12,12,50,6,   5.03200000002020,11,12,12,50,6,   5.0240000000
22020,11,12,12,50,7,   5.02800000002020,11,12,12,50,7,   5.0280000000
2020,11,12,12,50,7,   5.0280000000
2020,11,12,12,50,7,   5.0320000000
2020,11,12,12,50,8,   5.0280000000
2020,11,12,12,50,8,   5.0320000000
22020,11,12,12,50,8,   4.97600000002020,11,12,12,50,8,   5.0360000000
2020,11,12,12,50,9,   5.0400000000
2020,11,12,12,50,9,   5.0440000000
2020,11,12,12,50,9,   5.0400000000
2020,11,12,12,50,10,   5.0360000000
22020,11,12,12,50,10,   5.036000000022020,11,12,12,50,10,   5.036000000022020,11,12,12,50,10,   5.03200000002020,11,12,12,50,11,   5.0360000000
2020,11,12,12,50,11,   5.0400000000
22020,11,12,12,50,11,   5.02400000002020,11,12,12,50,11,   5.0360000000
2020,11,12,12,50,12,   5.0360000000
2020,11,12,12,50,12,   5.0440000000
2020,11,12,12,50,12,   5.0360000000
22020,11,12,12,50,13,   5.03200000002020,11,12,12,50,13,   5.0320000000
2020,11,12,12,50,13,   5.0360000000
2020,11,12,12,50,13,   5.0400000000
2020,11,12,12,50,14,   5.0360000000
22020,11,12,12,50,14,   5.044000000022020,11,12,12,50,14,   5.020000000022020,11,12,12,50,14,   5.03600000002020,11,12,12,50,15,   5.0360000000
22020,11,12,12,50,15,   5.04000000002020,11,12,12,50,15,   5.0360000000
22020,11,12,12,50,15,   5.040000000022020,11,12,12,50,16,   5.032000000022020,11,12,12,50,16,   5.032000000022020,11,12,12,50,16,   5.04000000002020,11,12,12,50,16,   5.0360000000
2020,11,12,12,50,17,   5.0400000000
22020,11,12,12,50,17,   5.04000000002020,11,12,12,50,17,   5.0360000000
22020,11,12,12,50,18,   5.04000000002020,11,12,12,50,18,   5.0360000000
22020,11,12,12,50,18,   5.040000000022020,11,12,12,50,18,   5.03600000002020,11,12,12,50,19,   5.0400000000
2020,11,12,12,50,19,   5.0480000000
2020,11,12,12,50,19,   5.0400000000
22020,11,12,12,50,19,   5.04000000002020,11,12,12,50,20,   5.0400000000
2020,11,12,12,50,20,   5.0360000000
2020,11,12,12,50,20,   5.0400000000
2020,11,12,12,50,21,   5.0440000000
22020,11,12,12,50,21,   5.036000000022020,11,12,12,50,21,   5.04400000002020,11,12,12,50,21,   5.0360000000
22020,11,12,12,50,22,   5.036000000022020,11,12,12,50,22,   5.03600000002020,11,12,12,50,22,   5.0400000000
2020,11,12,12,50,22,   5.0320000000
2020,11,12,12,50,23,   5.0400000000
22020,11,12,12,50,23,   5.03600000002020,11,12,12,50,23,   5.0360000000
22020,11,12,12,50,23,   5.040000000022020,11,12,12,50,24,   5.036000000022020,11,12,12,50,24,   5.040000000022020,11,12,12,50,24,   5.03600000002020,11,12,12,50,25,   5.0320000000
22020,11,12,12,50,25,   5.044000000022020,11,12,12,50,25,   5.044000000022020,11,12,12,50,25,   5.040000000022020,11,12,12,50,26,   5.040000000022020,11,12,12,50,26,   5.036000000022020,11,12,12,50,26,   5.040000000022020,11,12,12,50,26,   5.044000000022020,11,12,12,50,27,   5.040000000022020,11,12,12,50,27,   5.040000000022020,11,12,12,50,27,   5.048000000022020,11,12,12,50,27,   5.044000000022020,11,12,12,50,28,   5.044000000022020,11,12,12,50,28,   5.044000000022020,11,12,12,50,28,   5.044000000022020,11,12,12,50,28,   5.048000000022020,11,12,12,50,29,   5.044000000022020,11,12,12,50,29,   5.048000000022020,11,12,12,50,29,   5.020000000022020,11,12,12,50,29,   5.052000000022020,11,12,12,50,30,   5.056000000022020,11,12,12,50,30,   5.048000000022020,11,12,12,50,30,   5.044000000022020,11,12,12,50,31,   5.052000000022020,11,12,12,50,31,   5.048000000022020,11,12,12,50,31,   5.048000000022020,11,12,12,50,31,   5.044000000022020,11,12,12,50,32,   5.052000000022020,11,12,12,50,32,   5.044000000022020,11,12,12,50,32,   5.052000000022020,11,12,12,50,32,   5.044000000022020,11,12,12,50,33,   5.044000000022020,11,12,12,50,33,   5.012000000022020,11,12,12,50,33,   5.036000000022020,11,12,12,50,33,   5.044000000022020,11,12,12,50,34,   5.040000000022020,11,12,12,50,34,   5.040000000022020,11,12,12,50,34,   5.044000000022020,11,12,12,50,34,   5.040000000022020,11,12,12,50,35,   5.040000000022020,11,12,12,50,35,   5.044000000022020,11,12,12,50,35,   5.036000000022020,11,12,12,50,36,   5.056000000022020,11,12,12,50,36,   5.052000000022020,11,12,12,50,36,   5.052000000022020,11,12,12,50,36,   5.04400000002020,11,12,12,50,37,   5.0400000000
2020,11,12,12,50,37,   5.0400000000
2020,11,12,12,50,37,   5.0480000000
2020,11,12,12,50,37,   5.0360000000
2020,11,12,12,50,38,   5.0480000000
2020,11,12,12,50,38,   5.0440000000
22020,11,12,12,50,38,   5.048000000022020,11,12,12,50,38,   5.044000000022020,11,12,12,50,39,   5.04400000002020,11,12,12,50,39,   5.0480000000
2020,11,12,12,50,39,   5.0480000000
2020,11,12,12,50,40,   5.0440000000
22020,11,12,12,50,40,   5.040000000022020,11,12,12,50,40,   5.048000000022020,11,12,12,50,40,   5.048000000022020,11,12,12,50,41,   5.04400000002020,11,12,12,50,41,   5.0400000000
22020,11,12,12,50,41,   5.04800000002020,11,12,12,50,41,   5.0600000000
2020,11,12,12,50,42,   5.0440000000
22020,11,12,12,50,42,   5.04000000002020,11,12,12,50,42,   5.0400000000
22020,11,12,12,50,43,   5.04000000002020,11,12,12,50,43,   5.0440000000
2020,11,12,12,50,43,   5.0520000000
2020,11,12,12,50,43,   5.0440000000
2020,11,12,12,50,44,   5.0520000000
2020,11,12,12,50,44,   5.0440000000
2020,11,12,12,50,44,   5.0480000000
2020,11,12,12,50,44,   5.0440000000
2020,11,12,12,50,45,   5.0440000000
2020,11,12,12,50,45,   5.0480000000
2020,11,12,12,50,45,   5.0440000000
2020,11,12,12,50,45,   5.0440000000
2020,11,12,12,50,46,   5.0440000000
2020,11,12,12,50,46,   5.0400000000
2020,11,12,12,50,46,   5.0400000000
2020,11,12,12,50,46,   5.0480000000
2020,11,12,12,50,47,   5.0400000000
2020,11,12,12,50,47,   5.0520000000
2020,11,12,12,50,47,   5.0480000000
2020,11,12,12,50,48,   5.0440000000
2020,11,12,12,50,48,   5.0400000000
2020,11,12,12,50,48,   5.0400000000
2020,11,12,12,50,48,   5.0440000000
2020,11,12,12,50,49,   5.0480000000
2020,11,12,12,50,49,   5.0520000000
2020,11,12,12,50,49,   5.0480000000
2020,11,12,12,50,49,   5.0400000000
2020,11,12,12,50,50,   5.0400000000
22020,11,12,12,50,50,   5.04400000002020,11,12,12,50,50,   5.0440000000
22020,11,12,12,50,50,   5.04400000002020,11,12,12,50,51,   5.0480000000
22020,11,12,12,50,51,   5.044000000022020,11,12,12,50,51,   5.04800000002020,11,12,12,50,51,   5.0440000000
22020,11,12,12,50,52,   5.04400000002020,11,12,12,50,52,   5.0440000000
22020,11,12,12,50,52,   5.04400000002020,11,12,12,50,53,   5.0400000000
22020,11,12,12,50,53,   5.04400000002020,11,12,12,50,53,   5.0440000000
2020,11,12,12,50,53,   5.0480000000
2020,11,12,12,50,54,   5.0480000000
2020,11,12,12,50,54,   5.0440000000
2020,11,12,12,50,54,   5.0160000000
2020,11,12,12,50,54,   5.0440000000
2020,11,12,12,50,55,   5.0480000000
2020,11,12,12,50,55,   5.0400000000
2020,11,12,12,50,55,   5.0480000000
2020,11,12,12,50,55,   5.0480000000
2020,11,12,12,50,56,   5.0480000000
2020,11,12,12,50,56,   5.0400000000
2020,11,12,12,50,56,   5.0480000000
2020,11,12,12,50,56,   5.0440000000
2020,11,12,12,50,57,   5.0440000000
2020,11,12,12,50,57,   5.0440000000
2020,11,12,12,50,57,   5.0440000000
2020,11,12,12,50,58,   5.0440000000
2020,11,12,12,50,58,   5.0440000000
2020,11,12,12,50,58,   5.0480000000
2020,11,12,12,50,58,   5.0480000000
2020,11,12,12,50,59,   5.0480000000
2020,11,12,12,50,59,   5.0480000000
2020,11,12,12,50,59,   5.0440000000
2020,11,12,12,50,59,   5.0480000000
2020,11,12,12,51,0,   5.0440000000
2020,11,12,12,51,0,   5.0440000000
2020,11,12,12,51,0,   5.0560000000
2020,11,12,12,51,0,   5.0480000000
2020,11,12,12,51,1,   5.0480000000
2020,11,12,12,51,1,   5.0440000000
2020,11,12,12,51,1,   5.0520000000
2020,11,12,12,51,1,   5.0480000000
2020,11,12,12,51,2,   5.0440000000
2020,11,12,12,51,2,   5.0480000000
2020,11,12,12,51,2,   5.0480000000
2020,11,12,12,51,3,   5.0440000000
2020,11,12,12,51,3,   5.0480000000
2020,11,12,12,51,3,   5.0280000000
2020,11,12,12,51,3,   5.0440000000
2020,11,12,12,51,4,   5.0480000000
2020,11,12,12,51,4,   5.0440000000
2020,11,12,12,51,4,   5.0360000000
2020,11,12,12,51,4,   5.0480000000
2020,11,12,12,51,5,   5.0440000000
2020,11,12,12,51,5,   5.0480000000
2020,11,12,12,51,5,   5.0480000000
2020,11,12,12,51,5,   5.0480000000
2020,11,12,12,51,6,   5.0520000000
2020,11,12,12,51,6,   5.0560000000
2020,11,12,12,51,6,   5.0480000000
2020,11,12,12,51,6,   5.0440000000
2020,11,12,12,51,7,   5.0400000000
2020,11,12,12,51,7,   5.0520000000
2020,11,12,12,51,7,   5.0520000000
2020,11,12,12,51,8,   5.0360000000
2020,11,12,12,51,8,   5.0480000000
2020,11,12,12,51,8,   5.0480000000
2020,11,12,12,51,8,   5.0480000000
2020,11,12,12,51,9,   5.0520000000
2020,11,12,12,51,9,   5.0560000000
2020,11,12,12,51,9,   5.0520000000
2020,11,12,12,51,9,   5.0440000000
2020,11,12,12,51,10,   5.0440000000
2020,11,12,12,51,10,   5.0400000000
2020,11,12,12,51,10,   5.0440000000
2020,11,12,12,51,10,   5.0520000000
2020,11,12,12,51,11,   5.0440000000
2020,11,12,12,51,11,   5.0520000000
2020,11,12,12,51,11,   5.0520000000
2020,11,12,12,51,11,   5.0480000000
2020,11,12,12,51,12,   5.0440000000
2020,11,12,12,51,12,   5.0400000000
2020,11,12,12,51,12,   5.0440000000
2020,11,12,12,51,12,   5.0520000000
2020,11,12,12,51,13,   5.0480000000
2020,11,12,12,51,13,   5.0440000000
2020,11,12,12,51,13,   5.0480000000
2020,11,12,12,51,14,   5.0440000000
2020,11,12,12,51,14,   5.0440000000
2020,11,12,12,51,14,   5.0480000000
2020,11,12,12,51,14,   5.0480000000
2020,11,12,12,51,15,   5.0480000000
2020,11,12,12,51,15,   5.0480000000
2020,11,12,12,51,15,   5.0480000000
2020,11,12,12,51,15,   5.0440000000
2020,11,12,12,51,16,   5.0400000000
2020,11,12,12,51,16,   5.0480000000
2020,11,12,12,51,16,   5.0440000000
2020,11,12,12,51,16,   5.0400000000
2020,11,12,12,51,17,   5.0440000000
2020,11,12,12,51,17,   5.0520000000
2020,11,12,12,51,17,   5.0440000000
2020,11,12,12,51,17,   5.0480000000
2020,11,12,12,51,18,   5.0480000000
2020,11,12,12,51,18,   5.0440000000
2020,11,12,12,51,18,   5.0360000000
2020,11,12,12,51,18,   5.0440000000
2020,11,12,12,51,19,   5.0440000000
2020,11,12,12,51,19,   5.0440000000
2020,11,12,12,51,19,   5.0440000000
2020,11,12,12,51,20,   5.0440000000
2020,11,12,12,51,20,   5.0440000000
2020,11,12,12,51,20,   5.0480000000
2020,11,12,12,51,20,   5.0440000000
2020,11,12,12,51,21,   5.0440000000
2020,11,12,12,51,21,   5.0440000000
2020,11,12,12,51,21,   5.0480000000
2020,11,12,12,51,21,   5.0440000000
2020,11,12,12,51,22,   5.0480000000
2020,11,12,12,51,22,   5.0440000000
2020,11,12,12,51,22,   5.0520000000
2020,11,12,12,51,22,   5.0440000000
2020,11,12,12,51,23,   5.0440000000
2020,11,12,12,51,23,   5.0400000000
2020,11,12,12,51,23,   5.0440000000
2020,11,12,12,51,23,   5.0440000000
2020,11,12,12,51,24,   5.0400000000
2020,11,12,12,51,24,   5.0440000000
2020,11,12,12,51,24,   5.0480000000
2020,11,12,12,51,25,   5.0440000000
2020,11,12,12,51,25,   5.0480000000
2020,11,12,12,51,25,   5.0400000000
2020,11,12,12,51,25,   5.0480000000
2020,11,12,12,51,26,   5.0480000000
2020,11,12,12,51,26,   5.0440000000
2020,11,12,12,51,26,   5.0480000000
2020,11,12,12,51,26,   5.0440000000
2020,11,12,12,51,27,   5.0400000000
2020,11,12,12,51,27,   5.0440000000
2020,11,12,12,51,27,   5.0440000000
2020,11,12,12,51,27,   5.0440000000
2020,11,12,12,51,28,   5.0440000000
2020,11,12,12,51,28,   5.0400000000
2020,11,12,12,51,28,   5.0440000000
2020,11,12,12,51,29,   5.0480000000
2020,11,12,12,51,29,   5.0440000000
2020,11,12,12,51,29,   5.0480000000
2020,11,12,12,51,29,   5.0440000000
2020,11,12,12,51,30,   5.0480000000
2020,11,12,12,51,30,   5.0400000000
2020,11,12,12,51,30,   5.0480000000
2020,11,12,12,51,30,   5.0520000000
2020,11,12,12,51,31,   5.0480000000
2020,11,12,12,51,31,   5.0480000000
2020,11,12,12,51,31,   5.0480000000
2020,11,12,12,51,31,   5.0560000000
2020,11,12,12,51,32,   5.0440000000
2020,11,12,12,51,32,   5.0480000000
2020,11,12,12,51,32,   5.0440000000
2020,11,12,12,51,32,   5.0480000000
2020,11,12,12,51,33,   5.0480000000
2020,11,12,12,51,33,   5.0440000000
2020,11,12,12,51,33,   5.0480000000
2020,11,12,12,51,34,   5.0480000000
2020,11,12,12,51,34,   5.0440000000
2020,11,12,12,51,34,   5.0480000000
2020,11,12,12,51,34,   5.0520000000
2020,11,12,12,51,35,   5.0480000000
2020,11,12,12,51,35,   5.0480000000
2020,11,12,12,51,35,   5.0480000000
2020,11,12,12,51,35,   5.0560000000
2020,11,12,12,51,36,   5.0440000000
2020,11,12,12,51,36,   5.0480000000
2020,11,12,12,51,36,   5.0600000000
2020,11,12,12,51,36,   5.0560000000
2020,11,12,12,51,37,   5.0440000000
2020,11,12,12,51,37,   5.0480000000
2020,11,12,12,51,37,   5.0480000000
2020,11,12,12,51,37,   5.0440000000
2020,11,12,12,51,38,   5.0600000000
2020,11,12,12,51,38,   5.0440000000
2020,11,12,12,51,38,   5.0520000000
2020,11,12,12,51,38,   5.0560000000
2020,11,12,12,51,39,   5.0480000000
2020,11,12,12,51,39,   5.0480000000
2020,11,12,12,51,39,   5.0440000000
2020,11,12,12,51,40,   5.0480000000
2020,11,12,12,51,40,   5.0480000000
2020,11,12,12,51,40,   5.0440000000
2020,11,12,12,51,40,   5.0520000000
2020,11,12,12,51,41,   5.0440000000
2020,11,12,12,51,41,   5.0520000000
2020,11,12,12,51,41,   5.0520000000
2020,11,12,12,51,41,   5.0480000000
2020,11,12,12,51,42,   5.0400000000
2020,11,12,12,51,42,   5.0480000000
2020,11,12,12,51,42,   5.0440000000
2020,11,12,12,51,42,   5.0520000000
2020,11,12,12,51,43,   5.0520000000
2020,11,12,12,51,43,   5.0440000000
2020,11,12,12,51,43,   5.0480000000
2020,11,12,12,51,43,   5.0480000000
2020,11,12,12,51,44,   5.0360000000
2020,11,12,12,51,44,   5.0440000000
2020,11,12,12,51,44,   5.0440000000
2020,11,12,12,51,45,   5.0440000000
2020,11,12,12,51,45,   5.0440000000
2020,11,12,12,51,45,   5.0480000000
2020,11,12,12,51,45,   5.0480000000
2020,11,12,12,51,46,   5.0400000000
2020,11,12,12,51,46,   5.0440000000
2020,11,12,12,51,46,   5.0400000000
2020,11,12,12,51,46,   5.0480000000
2020,11,12,12,51,47,   5.0480000000
2020,11,12,12,51,47,   5.0520000000
2020,11,12,12,51,47,   5.0440000000
2020,11,12,12,51,47,   5.0520000000
2020,11,12,12,51,48,   5.0520000000
2020,11,12,12,51,48,   5.0520000000
2020,11,12,12,51,48,   5.0440000000
2020,11,12,12,51,49,   5.0440000000
2020,11,12,12,51,49,   5.0480000000
2020,11,12,12,51,49,   5.0480000000
2020,11,12,12,51,49,   5.0520000000
2020,11,12,12,51,50,   5.0480000000
2020,11,12,12,51,50,   5.0360000000
2020,11,12,12,51,50,   5.0440000000
2020,11,12,12,51,50,   5.0440000000
2020,11,12,12,51,51,   5.0440000000
2020,11,12,12,51,51,   5.0440000000
2020,11,12,12,51,51,   5.0400000000
2020,11,12,12,51,52,   5.0400000000
2020,11,12,12,51,52,   5.0480000000
2020,11,12,12,51,52,   5.0480000000
2020,11,12,12,51,52,   5.0520000000
2020,11,12,12,51,53,   5.0480000000
2020,11,12,12,51,53,   5.0480000000
2020,11,12,12,51,53,   5.0520000000
2020,11,12,12,51,53,   5.0440000000
2020,11,12,12,51,54,   5.0440000000
2020,11,12,12,51,54,   5.0440000000
2020,11,12,12,51,54,   5.0400000000
2020,11,12,12,51,54,   5.0520000000
2020,11,12,12,51,55,   5.0480000000
2020,11,12,12,51,55,   5.0520000000
2020,11,12,12,51,55,   5.0520000000
2020,11,12,12,51,56,   5.0480000000
2020,11,12,12,51,56,   5.0480000000
2020,11,12,12,51,56,   5.0520000000
2020,11,12,12,51,56,   5.0400000000
2020,11,12,12,51,57,   5.0400000000
2020,11,12,12,51,57,   5.0480000000
2020,11,12,12,51,57,   5.0480000000
2020,11,12,12,51,57,   5.0480000000
2020,11,12,12,51,58,   5.0400000000
2020,11,12,12,51,58,   5.0480000000
2020,11,12,12,51,58,   5.0400000000
2020,11,12,12,51,58,   5.0440000000
2020,11,12,12,51,59,   5.0440000000
2020,11,12,12,51,59,   5.0440000000
2020,11,12,12,51,59,   5.0440000000
2020,11,12,12,51,59,   5.0440000000
2020,11,12,12,52,0,   5.0480000000
2020,11,12,12,52,0,   5.0480000000
2020,11,12,12,52,0,   5.0520000000
2020,11,12,12,52,1,   5.0520000000
2020,11,12,12,52,1,   5.0560000000
2020,11,12,12,52,1,   5.0480000000
2020,11,12,12,52,1,   5.0480000000
2020,11,12,12,52,2,   5.0480000000
2020,11,12,12,52,2,   5.0480000000
2020,11,12,12,52,2,   5.0440000000
2020,11,12,12,52,2,   5.0440000000
2020,11,12,12,52,3,   5.0480000000
2020,11,12,12,52,3,   5.0480000000
2020,11,12,12,52,3,   5.0440000000
2020,11,12,12,52,3,   5.0440000000
2020,11,12,12,52,4,   5.0440000000
2020,11,12,12,52,4,   5.0440000000
2020,11,12,12,52,4,   5.0440000000
2020,11,12,12,52,4,   5.0440000000
2020,11,12,12,52,5,   5.0520000000
2020,11,12,12,52,5,   5.0480000000
2020,11,12,12,52,5,   5.0480000000
2020,11,12,12,52,6,   5.0440000000
2020,11,12,12,52,6,   5.0440000000
2020,11,12,12,52,6,   5.0480000000
2020,11,12,12,52,6,   5.0440000000
2020,11,12,12,52,7,   5.0480000000
2020,11,12,12,52,7,   5.0480000000
2020,11,12,12,52,7,   5.0520000000
2020,11,12,12,52,7,   5.0440000000
2020,11,12,12,52,8,   5.0440000000
2020,11,12,12,52,8,   5.0440000000
2020,11,12,12,52,8,   5.0480000000
2020,11,12,12,52,8,   5.0400000000
2020,11,12,12,52,9,   5.0440000000
2020,11,12,12,52,9,   5.0400000000
2020,11,12,12,52,9,   5.0480000000
2020,11,12,12,52,9,   5.0480000000
2020,11,12,12,52,10,   5.0480000000
2020,11,12,12,52,10,   5.0440000000
2020,11,12,12,52,10,   5.0440000000
2020,11,12,12,52,11,   5.0440000000
2020,11,12,12,52,11,   5.0440000000
2020,11,12,12,52,11,   5.0520000000
2020,11,12,12,52,11,   5.0480000000
2020,11,12,12,52,12,   5.0440000000
2020,11,12,12,52,12,   5.0480000000
2020,11,12,12,52,12,   5.0440000000
2020,11,12,12,52,12,   5.0480000000
2020,11,12,12,52,13,   5.0520000000
2020,11,12,12,52,13,   5.0520000000
2020,11,12,12,52,13,   5.0400000000
2020,11,12,12,52,13,   5.0480000000
2020,11,12,12,52,14,   5.0440000000
2020,11,12,12,52,14,   5.0480000000
2020,11,12,12,52,14,   5.0440000000
2020,11,12,12,52,14,   5.0520000000
2020,11,12,12,52,15,   5.0400000000
2020,11,12,12,52,15,   5.0480000000
2020,11,12,12,52,15,   5.0400000000
2020,11,12,12,52,16,   5.0480000000
2020,11,12,12,52,16,   5.0440000000
2020,11,12,12,52,16,   5.0600000000
2020,11,12,12,52,16,   5.0480000000
2020,11,12,12,52,17,   5.0520000000
2020,11,12,12,52,17,   5.0480000000
2020,11,12,12,52,17,   5.0560000000
2020,11,12,12,52,17,   5.0520000000
2020,11,12,12,52,18,   5.0440000000
2020,11,12,12,52,18,   5.0520000000
2020,11,12,12,52,18,   5.0440000000
2020,11,12,12,52,18,   5.0480000000
2020,11,12,12,52,19,   5.0440000000
2020,11,12,12,52,19,   5.0480000000
2020,11,12,12,52,19,   5.0480000000
2020,11,12,12,52,19,   5.0440000000
2020,11,12,12,52,20,   5.0480000000
2020,11,12,12,52,20,   5.0440000000
2020,11,12,12,52,20,   5.0440000000
2020,11,12,12,52,20,   5.0480000000
2020,11,12,12,52,21,   5.0440000000
2020,11,12,12,52,21,   5.0520000000
2020,11,12,12,52,21,   5.0440000000
2020,11,12,12,52,22,   5.0440000000
2020,11,12,12,52,22,   5.0440000000
2020,11,12,12,52,22,   5.0440000000
2020,11,12,12,52,22,   5.0400000000
2020,11,12,12,52,23,   5.0480000000
2020,11,12,12,52,23,   5.0480000000
2020,11,12,12,52,23,   5.0520000000
2020,11,12,12,52,23,   5.0480000000
2020,11,12,12,52,24,   5.0520000000
2020,11,12,12,52,24,   5.0480000000
2020,11,12,12,52,24,   5.0480000000
2020,11,12,12,52,24,   5.0480000000
2020,11,12,12,52,25,   5.0480000000
2020,11,12,12,52,25,   5.0560000000
2020,11,12,12,52,25,   5.0520000000
2020,11,12,12,52,25,   5.0560000000
2020,11,12,12,52,26,   5.0480000000
2020,11,12,12,52,26,   5.0520000000
2020,11,12,12,52,26,   5.0480000000
2020,11,12,12,52,27,   5.0480000000
2020,11,12,12,52,27,   5.0520000000
2020,11,12,12,52,27,   5.0480000000
2020,11,12,12,52,27,   5.0440000000
2020,11,12,12,52,28,   5.0440000000
2020,11,12,12,52,28,   5.0480000000
2020,11,12,12,52,28,   5.0440000000
2020,11,12,12,52,28,   5.0480000000
2020,11,12,12,52,29,   5.0400000000
2020,11,12,12,52,29,   5.0440000000
2020,11,12,12,52,29,   5.0480000000
2020,11,12,12,52,29,   5.0480000000
2020,11,12,12,52,30,   5.0440000000
2020,11,12,12,52,30,   5.0480000000
2020,11,12,12,52,30,   5.0440000000
2020,11,12,12,52,30,   5.0480000000
2020,11,12,12,52,31,   5.0480000000
2020,11,12,12,52,31,   5.0440000000
2020,11,12,12,52,31,   5.0440000000
2020,11,12,12,52,31,   5.0560000000
2020,11,12,12,52,32,   5.0520000000
2020,11,12,12,52,32,   5.0480000000
2020,11,12,12,52,32,   5.0480000000
2020,11,12,12,52,32,   5.0560000000
2020,11,12,12,52,33,   5.0520000000
2020,11,12,12,52,33,   5.0440000000
2020,11,12,12,52,33,   5.0480000000
2020,11,12,12,52,34,   5.0480000000
2020,11,12,12,52,34,   5.0320000000
2020,11,12,12,52,34,   5.0440000000
2020,11,12,12,52,34,   5.0160000000
2020,11,12,12,52,35,   5.0480000000
2020,11,12,12,52,35,   5.0480000000
2020,11,12,12,52,35,   5.0560000000
2020,11,12,12,52,35,   5.0480000000
2020,11,12,12,52,36,   5.0440000000
2020,11,12,12,52,36,   5.0440000000
2020,11,12,12,52,36,   5.0480000000
2020,11,12,12,52,36,   5.0480000000
2020,11,12,12,52,37,   5.0560000000
2020,11,12,12,52,37,   5.0560000000
2020,11,12,12,52,37,   5.0440000000
2020,11,12,12,52,37,   5.0480000000
2020,11,12,12,52,38,   5.0440000000
2020,11,12,12,52,38,   5.0400000000
2020,11,12,12,52,38,   5.0400000000
2020,11,12,12,52,39,   5.0440000000
2020,11,12,12,52,39,   5.0520000000
2020,11,12,12,52,39,   5.0520000000
2020,11,12,12,52,39,   5.0440000000
2020,11,12,12,52,40,   5.0440000000
2020,11,12,12,52,40,   5.0440000000
2020,11,12,12,52,40,   5.0440000000
2020,11,12,12,52,40,   5.0480000000
2020,11,12,12,52,41,   5.0520000000
2020,11,12,12,52,41,   5.0480000000
2020,11,12,12,52,41,   5.0440000000
2020,11,12,12,52,41,   5.0480000000
2020,11,12,12,52,42,   5.0400000000
2020,11,12,12,52,42,   5.0440000000
2020,11,12,12,52,42,   5.0440000000
2020,11,12,12,52,43,   5.0560000000
2020,11,12,12,52,43,   5.0440000000
2020,11,12,12,52,43,   5.0440000000
2020,11,12,12,52,43,   5.0520000000
2020,11,12,12,52,44,   5.0480000000
2020,11,12,12,52,44,   5.0520000000
2020,11,12,12,52,44,   5.0440000000
2020,11,12,12,52,44,   5.0440000000
2020,11,12,12,52,45,   5.0520000000
2020,11,12,12,52,45,   5.0440000000
2020,11,12,12,52,45,   5.0480000000
2020,11,12,12,52,45,   5.0480000000
2020,11,12,12,52,46,   5.0440000000
2020,11,12,12,52,46,   5.0440000000
2020,11,12,12,52,46,   5.0480000000
2020,11,12,12,52,46,   5.0480000000
2020,11,12,12,52,47,   5.0480000000
2020,11,12,12,52,47,   5.0560000000
2020,11,12,12,52,47,   5.0560000000
2020,11,12,12,52,47,   5.0560000000
2020,11,12,12,52,48,   5.0440000000
2020,11,12,12,52,48,   5.0440000000
2020,11,12,12,52,48,   5.0440000000
2020,11,12,12,52,49,   5.0520000000
2020,11,12,12,52,49,   5.0520000000
2020,11,12,12,52,49,   5.0560000000
2020,11,12,12,52,49,   5.0440000000
2020,11,12,12,52,50,   5.0480000000
2020,11,12,12,52,50,   5.0400000000
2020,11,12,12,52,50,   5.0440000000
2020,11,12,12,52,50,   5.0440000000
2020,11,12,12,52,51,   5.0480000000
2020,11,12,12,52,51,   5.0440000000
2020,11,12,12,52,51,   5.0480000000
2020,11,12,12,52,51,   5.0480000000
2020,11,12,12,52,52,   5.0400000000
2020,11,12,12,52,52,   5.0400000000
2020,11,12,12,52,52,   5.0440000000
2020,11,12,12,52,52,   5.0400000000
2020,11,12,12,52,53,   5.0400000000
2020,11,12,12,52,53,   5.0440000000
2020,11,12,12,52,53,   5.0480000000
2020,11,12,12,52,54,   5.0480000000
2020,11,12,12,52,54,   5.0440000000
2020,11,12,12,52,54,   5.0520000000
2020,11,12,12,52,54,   5.0440000000
2020,11,12,12,52,55,   5.0480000000
2020,11,12,12,52,55,   5.0440000000
2020,11,12,12,52,55,   5.0440000000
2020,11,12,12,52,55,   5.0520000000
2020,11,12,12,52,56,   5.0480000000
2020,11,12,12,52,56,   5.0480000000
2020,11,12,12,52,56,   5.0440000000
2020,11,12,12,52,57,   5.0440000000
2020,11,12,12,52,57,   5.0440000000
2020,11,12,12,52,57,   5.0440000000
2020,11,12,12,52,57,   5.0440000000
2020,11,12,12,52,58,   5.0440000000
2020,11,12,12,52,58,   5.0440000000
2020,11,12,12,52,58,   5.0520000000
2020,11,12,12,52,58,   5.0440000000
2020,11,12,12,52,59,   5.0440000000
2020,11,12,12,52,59,   5.0520000000
2020,11,12,12,52,59,   5.0400000000
2020,11,12,12,52,59,   5.0440000000
2020,11,12,12,53,0,   5.0440000000
2020,11,12,12,53,0,   5.0480000000
2020,11,12,12,53,0,   5.0440000000
2020,11,12,12,53,1,   5.0480000000
2020,11,12,12,53,1,   5.0520000000
2020,11,12,12,53,1,   5.0480000000
2020,11,12,12,53,1,   5.0400000000
2020,11,12,12,53,2,   5.0440000000
2020,11,12,12,53,2,   5.0440000000
2020,11,12,12,53,2,   5.0440000000
2020,11,12,12,53,2,   5.0440000000
2020,11,12,12,53,3,   5.0440000000
2020,11,12,12,53,3,   5.0520000000
2020,11,12,12,53,3,   5.0480000000
2020,11,12,12,53,3,   5.0440000000
2020,11,12,12,53,4,   5.0440000000
2020,11,12,12,53,4,   5.0440000000
2020,11,12,12,53,4,   5.0440000000
2020,11,12,12,53,4,   5.0480000000
2020,11,12,12,53,5,   5.0400000000
2020,11,12,12,53,5,   5.0440000000
2020,11,12,12,53,5,   5.0440000000
2020,11,12,12,53,6,   5.0400000000
2020,11,12,12,53,6,   5.0400000000
2020,11,12,12,53,6,   5.0480000000
2020,11,12,12,53,6,   5.0440000000
2020,11,12,12,53,7,   5.0440000000
2020,11,12,12,53,7,   5.0400000000
2020,11,12,12,53,7,   5.0440000000
2020,11,12,12,53,7,   5.0440000000
2020,11,12,12,53,8,   5.0440000000
2020,11,12,12,53,8,   5.0400000000
2020,11,12,12,53,8,   5.0360000000
2020,11,12,12,53,8,   5.0440000000
2020,11,12,12,53,9,   5.0320000000
2020,11,12,12,53,9,   5.0400000000
2020,11,12,12,53,9,   5.0440000000
2020,11,12,12,53,10,   5.0440000000
2020,11,12,12,53,10,   5.0400000000
2020,11,12,12,53,10,   5.0560000000
2020,11,12,12,53,10,   5.0480000000
2020,11,12,12,53,11,   5.0440000000
2020,11,12,12,53,11,   5.0440000000
2020,11,12,12,53,11,   5.0480000000
2020,11,12,12,53,11,   5.0360000000
2020,11,12,12,53,12,   5.0440000000
2020,11,12,12,53,12,   5.0400000000
2020,11,12,12,53,12,   5.0440000000
2020,11,12,12,53,12,   5.0440000000
2020,11,12,12,53,13,   5.0520000000
2020,11,12,12,53,13,   5.0480000000
2020,11,12,12,53,13,   5.0440000000
2020,11,12,12,53,14,   5.0400000000
2020,11,12,12,53,14,   5.0440000000
2020,11,12,12,53,14,   5.0400000000
2020,11,12,12,53,14,   5.0400000000
2020,11,12,12,53,15,   5.0440000000
2020,11,12,12,53,15,   5.0440000000
2020,11,12,12,53,15,   5.0360000000
2020,11,12,12,53,15,   5.0480000000
2020,11,12,12,53,16,   5.0400000000
2020,11,12,12,53,16,   5.0440000000
2020,11,12,12,53,16,   5.0480000000
2020,11,12,12,53,16,   5.0440000000
2020,11,12,12,53,17,   5.0520000000
2020,11,12,12,53,17,   5.0480000000
2020,11,12,12,53,17,   5.0520000000
2020,11,12,12,53,17,   5.0480000000
2020,11,12,12,53,18,   5.0520000000
2020,11,12,12,53,18,   5.0440000000
2020,11,12,12,53,18,   5.0440000000
2020,11,12,12,53,19,   5.0520000000
2020,11,12,12,53,19,   5.0440000000
2020,11,12,12,53,19,   5.0440000000
2020,11,12,12,53,19,   5.0440000000
2020,11,12,12,53,20,   5.0400000000
2020,11,12,12,53,20,   5.0480000000
2020,11,12,12,53,20,   5.0480000000
2020,11,12,12,53,20,   5.0440000000
2020,11,12,12,53,21,   5.0440000000
2020,11,12,12,53,21,   5.0440000000
2020,11,12,12,53,21,   5.0440000000
2020,11,12,12,53,22,   5.0480000000
2020,11,12,12,53,22,   5.0440000000
2020,11,12,12,53,22,   5.0520000000
2020,11,12,12,53,22,   5.0400000000
2020,11,12,12,53,23,   5.0560000000
2020,11,12,12,53,23,   5.0440000000
2020,11,12,12,53,23,   5.0520000000
2020,11,12,12,53,23,   5.0480000000
2020,11,12,12,53,24,   5.0400000000
2020,11,12,12,53,24,   5.0480000000
2020,11,12,12,53,24,   5.0520000000
2020,11,12,12,53,24,   5.0360000000
2020,11,12,12,53,25,   5.0440000000
2020,11,12,12,53,25,   5.0480000000
2020,11,12,12,53,25,   5.0480000000
2020,11,12,12,53,25,   5.0520000000
2020,11,12,12,53,26,   5.0480000000
2020,11,12,12,53,26,   5.0440000000
2020,11,12,12,53,26,   5.0360000000
2020,11,12,12,53,26,   5.0400000000
2020,11,12,12,53,27,   5.0360000000
2020,11,12,12,53,27,   5.0520000000
2020,11,12,12,53,27,   5.0520000000
2020,11,12,12,53,28,   5.0520000000
2020,11,12,12,53,28,   5.0520000000
2020,11,12,12,53,28,   5.0480000000
2020,11,12,12,53,28,   5.0520000000
2020,11,12,12,53,29,   5.0560000000
2020,11,12,12,53,29,   5.0520000000
2020,11,12,12,53,29,   5.0480000000
2020,11,12,12,53,29,   5.0480000000
2020,11,12,12,53,30,   5.0440000000
2020,11,12,12,53,30,   5.0480000000
2020,11,12,12,53,30,   5.0520000000
2020,11,12,12,53,30,   5.0520000000
2020,11,12,12,53,31,   5.0480000000
2020,11,12,12,53,31,   5.0480000000
2020,11,12,12,53,31,   5.0520000000
2020,11,12,12,53,31,   5.0480000000
2020,11,12,12,53,32,   5.0520000000
2020,11,12,12,53,32,   5.0480000000
2020,11,12,12,53,32,   5.0400000000
2020,11,12,12,53,33,   5.0440000000
2020,11,12,12,53,33,   5.0520000000
2020,11,12,12,53,33,   5.0480000000
2020,11,12,12,53,33,   5.0480000000
2020,11,12,12,53,34,   5.0480000000
2020,11,12,12,53,34,   5.0520000000
2020,11,12,12,53,34,   5.0440000000
2020,11,12,12,53,34,   5.0520000000
2020,11,12,12,53,35,   5.0520000000
2020,11,12,12,53,35,   5.0520000000
2020,11,12,12,53,35,   5.0520000000
2020,11,12,12,53,35,   5.0440000000
2020,11,12,12,53,36,   5.0520000000
2020,11,12,12,53,36,   5.0480000000
2020,11,12,12,53,36,   5.0480000000
2020,11,12,12,53,36,   5.0440000000
2020,11,12,12,53,37,   5.0440000000
2020,11,12,12,53,37,   5.0520000000
2020,11,12,12,53,37,   5.0360000000
2020,11,12,12,53,38,   5.0440000000
2020,11,12,12,53,38,   5.0440000000
2020,11,12,12,53,38,   5.0400000000
2020,11,12,12,53,38,   5.0480000000
2020,11,12,12,53,39,   5.0520000000
2020,11,12,12,53,39,   5.0440000000
2020,11,12,12,53,39,   5.0520000000
2020,11,12,12,53,39,   5.0480000000
2020,11,12,12,53,40,   5.0520000000
2020,11,12,12,53,40,   5.0560000000
2020,11,12,12,53,40,   5.0400000000
2020,11,12,12,53,40,   5.0440000000
2020,11,12,12,53,41,   5.0480000000
2020,11,12,12,53,41,   5.0440000000
2020,11,12,12,53,41,   5.0520000000
2020,11,12,12,53,42,   5.0520000000
2020,11,12,12,53,42,   5.0520000000
2020,11,12,12,53,42,   5.0520000000
2020,11,12,12,53,42,   5.0480000000
2020,11,12,12,53,43,   5.0480000000
2020,11,12,12,53,43,   5.0520000000
2020,11,12,12,53,43,   5.0520000000
2020,11,12,12,53,43,   5.0440000000
2020,11,12,12,53,44,   5.0480000000
2020,11,12,12,53,44,   5.0440000000
2020,11,12,12,53,44,   5.0440000000
2020,11,12,12,53,44,   5.0480000000
2020,11,12,12,53,45,   5.0480000000
2020,11,12,12,53,45,   5.0480000000
2020,11,12,12,53,45,   5.0520000000
2020,11,12,12,53,45,   5.0520000000
2020,11,12,12,53,46,   5.0440000000
2020,11,12,12,53,46,   5.0560000000
2020,11,12,12,53,46,   5.0480000000
2020,11,12,12,53,46,   5.0520000000
2020,11,12,12,53,47,   5.0520000000
2020,11,12,12,53,47,   5.0520000000
2020,11,12,12,53,47,   5.0520000000
2020,11,12,12,53,48,   5.0520000000
2020,11,12,12,53,48,   5.0520000000
2020,11,12,12,53,48,   5.0520000000
2020,11,12,12,53,48,   5.0480000000
2020,11,12,12,53,49,   5.0520000000
2020,11,12,12,53,49,   5.0560000000
2020,11,12,12,53,49,   5.0480000000
2020,11,12,12,53,49,   5.0520000000
2020,11,12,12,53,50,   5.0480000000
2020,11,12,12,53,50,   5.0440000000
2020,11,12,12,53,50,   5.0440000000
2020,11,12,12,53,50,   5.0480000000
2020,11,12,12,53,51,   5.0480000000
2020,11,12,12,53,51,   5.0480000000
2020,11,12,12,53,51,   5.0480000000
2020,11,12,12,53,51,   5.0520000000
2020,11,12,12,53,52,   5.0480000000
2020,11,12,12,53,52,   5.0440000000
2020,11,12,12,53,52,   5.0560000000
2020,11,12,12,53,53,   5.0520000000
2020,11,12,12,53,53,   5.0480000000
2020,11,12,12,53,53,   5.0480000000
2020,11,12,12,53,53,   5.0560000000
2020,11,12,12,53,54,   5.0520000000
2020,11,12,12,53,54,   5.0480000000
2020,11,12,12,53,54,   5.0520000000
2020,11,12,12,53,54,   5.0520000000
2020,11,12,12,53,55,   5.0480000000
2020,11,12,12,53,55,   5.0480000000
2020,11,12,12,53,55,   5.0440000000
2020,11,12,12,53,55,   5.0480000000
2020,11,12,12,53,56,   5.0440000000
2020,11,12,12,53,56,   5.0480000000
2020,11,12,12,53,56,   5.0480000000
2020,11,12,12,53,56,   5.0440000000
2020,11,12,12,53,57,   5.0520000000
2020,11,12,12,53,57,   5.0520000000
2020,11,12,12,53,57,   5.0440000000
2020,11,12,12,53,57,   5.0440000000
2020,11,12,12,53,58,   5.0480000000
2020,11,12,12,53,58,   5.0480000000
2020,11,12,12,53,58,   5.0440000000
2020,11,12,12,53,59,   5.0440000000
2020,11,12,12,53,59,   5.0440000000
2020,11,12,12,53,59,   5.0440000000
2020,11,12,12,53,59,   5.0400000000
2020,11,12,12,54,0,   5.0520000000
2020,11,12,12,54,0,   5.0480000000
2020,11,12,12,54,0,   5.0520000000
2020,11,12,12,54,0,   5.0480000000
2020,11,12,12,54,1,   5.0480000000
2020,11,12,12,54,1,   5.0520000000
2020,11,12,12,54,1,   5.0520000000
2020,11,12,12,54,1,   5.0480000000
2020,11,12,12,54,2,   5.0440000000
2020,11,12,12,54,2,   5.0440000000
2020,11,12,12,54,2,   5.0480000000
2020,11,12,12,54,3,   5.0480000000
2020,11,12,12,54,3,   5.0440000000
2020,11,12,12,54,3,   5.0480000000
2020,11,12,12,54,3,   5.0440000000
2020,11,12,12,54,4,   5.0440000000
2020,11,12,12,54,4,   5.0440000000
2020,11,12,12,54,4,   5.0440000000
2020,11,12,12,54,4,   5.0440000000
2020,11,12,12,54,5,   5.0520000000
2020,11,12,12,54,5,   5.0520000000
2020,11,12,12,54,5,   5.0560000000
2020,11,12,12,54,5,   5.0440000000
2020,11,12,12,54,6,   5.0440000000
2020,11,12,12,54,6,   5.0440000000
2020,11,12,12,54,6,   5.0360000000
2020,11,12,12,54,6,   5.0480000000
2020,11,12,12,54,7,   5.0480000000
2020,11,12,12,54,7,   5.0520000000
2020,11,12,12,54,7,   5.0520000000
2020,11,12,12,54,8,   5.0360000000
2020,11,12,12,54,8,   5.0480000000
2020,11,12,12,54,8,   5.0480000000
2020,11,12,12,54,8,   5.0440000000
2020,11,12,12,54,9,   5.0480000000
2020,11,12,12,54,9,   5.0360000000
2020,11,12,12,54,9,   5.0440000000
2020,11,12,12,54,9,   5.0480000000
2020,11,12,12,54,10,   5.0440000000
2020,11,12,12,54,10,   5.0440000000
2020,11,12,12,54,10,   5.0440000000
2020,11,12,12,54,10,   5.0440000000
2020,11,12,12,54,11,   5.0440000000
2020,11,12,12,54,11,   5.0400000000
2020,11,12,12,54,11,   5.0440000000
2020,11,12,12,54,11,   5.0480000000
2020,11,12,12,54,12,   5.0480000000
2020,11,12,12,54,12,   5.0480000000
2020,11,12,12,54,12,   5.0440000000
2020,11,12,12,54,13,   5.0440000000
2020,11,12,12,54,13,   5.0480000000
2020,11,12,12,54,13,   5.0480000000
2020,11,12,12,54,13,   5.0480000000
2020,11,12,12,54,14,   5.0480000000
2020,11,12,12,54,14,   5.0440000000
2020,11,12,12,54,14,   5.0440000000
2020,11,12,12,54,14,   5.0400000000
2020,11,12,12,54,15,   5.0440000000
2020,11,12,12,54,15,   5.0400000000
2020,11,12,12,54,15,   5.0400000000
2020,11,12,12,54,15,   5.0440000000
2020,11,12,12,54,16,   5.0440000000
2020,11,12,12,54,16,   5.0440000000
2020,11,12,12,54,16,   5.0440000000
2020,11,12,12,54,16,   5.0440000000
2020,11,12,12,54,17,   5.0440000000
2020,11,12,12,54,17,   5.0480000000
2020,11,12,12,54,17,   5.0480000000
2020,11,12,12,54,18,   5.0400000000
2020,11,12,12,54,18,   5.0400000000
2020,11,12,12,54,18,   5.0400000000
2020,11,12,12,54,18,   5.0440000000
2020,11,12,12,54,19,   5.0520000000
2020,11,12,12,54,19,   5.0480000000
2020,11,12,12,54,19,   5.0480000000
2020,11,12,12,54,19,   5.0520000000
2020,11,12,12,54,20,   5.0600000000
2020,11,12,12,54,20,   5.0440000000
2020,11,12,12,54,20,   5.0440000000
2020,11,12,12,54,20,   5.0360000000
2020,11,12,12,54,21,   5.0440000000
2020,11,12,12,54,21,   5.0480000000
2020,11,12,12,54,21,   5.0480000000
2020,11,12,12,54,21,   5.0480000000
2020,11,12,12,54,22,   5.0480000000
2020,11,12,12,54,22,   5.0520000000
2020,11,12,12,54,22,   5.0480000000
2020,11,12,12,54,23,   5.0520000000
2020,11,12,12,54,23,   5.0480000000
2020,11,12,12,54,23,   5.0440000000
2020,11,12,12,54,23,   5.0440000000
2020,11,12,12,54,24,   5.0440000000
2020,11,12,12,54,24,   5.0520000000
2020,11,12,12,54,24,   5.0440000000
2020,11,12,12,54,24,   5.0440000000
2020,11,12,12,54,25,   5.0520000000
2020,11,12,12,54,25,   5.0480000000
2020,11,12,12,54,25,   5.0440000000
2020,11,12,12,54,25,   5.0480000000
2020,11,12,12,54,26,   5.0440000000
2020,11,12,12,54,26,   5.0440000000
2020,11,12,12,54,26,   5.0440000000
2020,11,12,12,54,26,   5.0400000000
2020,11,12,12,54,27,   5.0440000000
2020,11,12,12,54,27,   4.9120000000
2020,11,12,12,54,27,   5.0480000000
2020,11,12,12,54,28,   5.0440000000
2020,11,12,12,54,28,   5.0440000000
2020,11,12,12,54,28,   5.0440000000
2020,11,12,12,54,28,   5.0480000000
2020,11,12,12,54,29,   5.0440000000
2020,11,12,12,54,29,   5.0440000000
2020,11,12,12,54,29,   5.0400000000
2020,11,12,12,54,29,   5.0480000000
2020,11,12,12,54,30,   5.0440000000
2020,11,12,12,54,30,   5.0400000000
2020,11,12,12,54,30,   5.0400000000
2020,11,12,12,54,30,   5.0440000000
2020,11,12,12,54,31,   5.0440000000
2020,11,12,12,54,31,   5.0440000000
2020,11,12,12,54,31,   5.0480000000
2020,11,12,12,54,31,   5.0520000000
2020,11,12,12,54,32,   5.0480000000
2020,11,12,12,54,32,   5.0480000000
2020,11,12,12,54,32,   5.0440000000
2020,11,12,12,54,33,   5.0480000000
2020,11,12,12,54,33,   5.0520000000
2020,11,12,12,54,33,   5.0520000000
2020,11,12,12,54,33,   5.0440000000
2020,11,12,12,54,34,   5.0440000000
2020,11,12,12,54,34,   5.0480000000
2020,11,12,12,54,34,   5.0400000000
2020,11,12,12,54,34,   5.0440000000
2020,11,12,12,54,35,   5.0440000000
2020,11,12,12,54,35,   5.0480000000
2020,11,12,12,54,35,   5.0400000000
2020,11,12,12,54,35,   5.0480000000
2020,11,12,12,54,36,   5.0480000000
2020,11,12,12,54,36,   5.0400000000
2020,11,12,12,54,36,   5.0440000000
2020,11,12,12,54,36,   5.0400000000
2020,11,12,12,54,37,   5.0440000000
2020,11,12,12,54,37,   5.0440000000
2020,11,12,12,54,37,   5.0440000000
2020,11,12,12,54,37,   5.0400000000
2020,11,12,12,54,38,   5.0480000000
2020,11,12,12,54,38,   5.0440000000
2020,11,12,12,54,38,   5.0400000000
2020,11,12,12,54,39,   5.0400000000
2020,11,12,12,54,39,   5.0440000000
2020,11,12,12,54,39,   5.0400000000
2020,11,12,12,54,39,   5.0440000000
2020,11,12,12,54,40,   5.0520000000
2020,11,12,12,54,40,   5.0440000000
2020,11,12,12,54,40,   5.0400000000
2020,11,12,12,54,40,   5.0440000000
2020,11,12,12,54,41,   5.0480000000
2020,11,12,12,54,41,   5.0360000000
2020,11,12,12,54,41,   5.0400000000
2020,11,12,12,54,41,   5.0400000000
2020,11,12,12,54,42,   5.0400000000
2020,11,12,12,54,42,   5.0400000000
2020,11,12,12,54,42,   5.0440000000
2020,11,12,12,54,42,   5.0400000000
2020,11,12,12,54,43,   5.0480000000
2020,11,12,12,54,43,   5.0440000000
2020,11,12,12,54,43,   5.0440000000
2020,11,12,12,54,44,   5.0480000000
2020,11,12,12,54,44,   5.0440000000
2020,11,12,12,54,44,   5.0440000000
2020,11,12,12,54,44,   5.0400000000
2020,11,12,12,54,45,   5.0400000000
2020,11,12,12,54,45,   5.0360000000
2020,11,12,12,54,45,   5.0440000000
2020,11,12,12,54,45,   5.0440000000
2020,11,12,12,54,46,   5.0440000000
2020,11,12,12,54,46,   5.0480000000
2020,11,12,12,54,46,   5.0400000000
2020,11,12,12,54,46,   5.0400000000
2020,11,12,12,54,47,   5.0440000000
2020,11,12,12,54,47,   5.0440000000
2020,11,12,12,54,47,   5.0440000000
2020,11,12,12,54,47,   5.0520000000
2020,11,12,12,54,48,   5.0440000000
2020,11,12,12,54,48,   5.0440000000
2020,11,12,12,54,48,   5.0400000000
2020,11,12,12,54,49,   5.0520000000
2020,11,12,12,54,49,   5.0400000000
2020,11,12,12,54,49,   5.0400000000
2020,11,12,12,54,49,   5.0440000000
2020,11,12,12,54,50,   5.0400000000
2020,11,12,12,54,50,   5.0440000000
2020,11,12,12,54,50,   5.0480000000
2020,11,12,12,54,50,   5.0440000000
2020,11,12,12,54,51,   5.0440000000
2020,11,12,12,54,51,   5.0440000000
2020,11,12,12,54,51,   5.0440000000
2020,11,12,12,54,51,   5.0440000000
2020,11,12,12,54,52,   5.0440000000
2020,11,12,12,54,52,   5.0440000000
2020,11,12,12,54,52,   5.0400000000
2020,11,12,12,54,52,   5.0600000000
2020,11,12,12,54,53,   5.0480000000
2020,11,12,12,54,53,   5.0480000000
2020,11,12,12,54,53,   5.0480000000
2020,11,12,12,54,54,   5.0560000000
2020,11,12,12,54,54,   5.0520000000
2020,11,12,12,54,54,   5.0480000000
2020,11,12,12,54,54,   5.0480000000
2020,11,12,12,54,55,   5.0400000000
2020,11,12,12,54,55,   5.0480000000
2020,11,12,12,54,55,   5.0560000000
2020,11,12,12,54,55,   5.0440000000
2020,11,12,12,54,56,   5.0480000000
2020,11,12,12,54,56,   5.0480000000
2020,11,12,12,54,56,   5.0440000000
2020,11,12,12,54,56,   5.0440000000
2020,11,12,12,54,57,   5.0440000000
2020,11,12,12,54,57,   5.0400000000
2020,11,12,12,54,57,   5.0400000000
2020,11,12,12,54,58,   5.0360000000
2020,11,12,12,54,58,   5.0400000000
2020,11,12,12,54,58,   5.0440000000
2020,11,12,12,54,58,   5.0480000000
2020,11,12,12,54,59,   5.0440000000
2020,11,12,12,54,59,   5.0440000000
2020,11,12,12,54,59,   5.0400000000
2020,11,12,12,54,59,   5.0440000000
2020,11,12,12,55,0,   5.0440000000
2020,11,12,12,55,0,   5.0040000000
2020,11,12,12,55,0,   5.0440000000
2020,11,12,12,55,0,   5.0440000000
2020,11,12,12,55,1,   5.0440000000
2020,11,12,12,55,1,   5.0440000000
2020,11,12,12,55,1,   5.0400000000
2020,11,12,12,55,2,   5.0400000000
2020,11,12,12,55,2,   5.0400000000
2020,11,12,12,55,2,   5.0440000000
2020,11,12,12,55,2,   5.0400000000
2020,11,12,12,55,3,   5.0440000000
2020,11,12,12,55,3,   5.0440000000
2020,11,12,12,55,3,   5.0480000000
2020,11,12,12,55,4,   5.0440000000
2020,11,12,12,55,4,   5.0440000000
2020,11,12,12,55,4,   5.0400000000
2020,11,12,12,55,4,   5.0360000000
2020,11,12,12,55,5,   5.0440000000
2020,11,12,12,55,5,   5.0440000000
2020,11,12,12,55,5,   5.0440000000
2020,11,12,12,55,5,   5.0520000000
2020,11,12,12,55,6,   5.0440000000
2020,11,12,12,55,6,   5.0400000000
2020,11,12,12,55,6,   5.0400000000
2020,11,12,12,55,6,   5.0400000000
2020,11,12,12,55,7,   5.0440000000
2020,11,12,12,55,7,   5.0440000000
2020,11,12,12,55,7,   5.0400000000
2020,11,12,12,55,8,   5.0440000000
2020,11,12,12,55,8,   5.0440000000
2020,11,12,12,55,8,   5.0400000000
2020,11,12,12,55,8,   5.0400000000
2020,11,12,12,55,9,   5.0440000000
2020,11,12,12,55,9,   5.0360000000
2020,11,12,12,55,9,   5.0400000000
2020,11,12,12,55,9,   5.0440000000
2020,11,12,12,55,10,   5.0480000000
2020,11,12,12,55,10,   5.0440000000
2020,11,12,12,55,10,   5.0560000000
2020,11,12,12,55,11,   5.0440000000
2020,11,12,12,55,11,   5.0480000000
2020,11,12,12,55,11,   5.0520000000
2020,11,12,12,55,11,   5.0480000000
2020,11,12,12,55,12,   5.0480000000
2020,11,12,12,55,12,   5.0480000000
2020,11,12,12,55,12,   5.0480000000
2020,11,12,12,55,12,   5.0480000000
2020,11,12,12,55,13,   5.0520000000
2020,11,12,12,55,13,   5.0520000000
2020,11,12,12,55,13,   5.0480000000
2020,11,12,12,55,13,   5.0440000000
2020,11,12,12,55,14,   5.0440000000
2020,11,12,12,55,14,   5.0440000000
2020,11,12,12,55,14,   5.0400000000
2020,11,12,12,55,14,   5.0440000000
2020,11,12,12,55,15,   5.0440000000
2020,11,12,12,55,15,   5.0440000000
2020,11,12,12,55,15,   5.0400000000
2020,11,12,12,55,16,   5.0440000000
2020,11,12,12,55,16,   5.0440000000
2020,11,12,12,55,16,   5.0480000000
2020,11,12,12,55,16,   5.0520000000
2020,11,12,12,55,17,   5.0440000000
2020,11,12,12,55,17,   5.0480000000
2020,11,12,12,55,17,   5.0400000000
2020,11,12,12,55,17,   5.0440000000
2020,11,12,12,55,18,   5.0480000000
2020,11,12,12,55,18,   5.0480000000
2020,11,12,12,55,18,   5.0400000000
2020,11,12,12,55,18,   5.0400000000
2020,11,12,12,55,19,   5.0440000000
2020,11,12,12,55,19,   5.0480000000
2020,11,12,12,55,19,   5.0480000000
2020,11,12,12,55,19,   5.0440000000
2020,11,12,12,55,20,   5.0480000000
2020,11,12,12,55,20,   5.0440000000
2020,11,12,12,55,20,   5.0440000000
2020,11,12,12,55,21,   5.0480000000
2020,11,12,12,55,21,   5.0400000000
2020,11,12,12,55,21,   5.0400000000
2020,11,12,12,55,21,   5.0440000000
2020,11,12,12,55,22,   5.0400000000
2020,11,12,12,55,22,   5.0360000000
2020,11,12,12,55,22,   5.0400000000
2020,11,12,12,55,22,   5.0440000000
2020,11,12,12,55,23,   5.0400000000
2020,11,12,12,55,23,   5.0440000000
2020,11,12,12,55,23,   5.0440000000
2020,11,12,12,55,23,   5.0480000000
2020,11,12,12,55,24,   5.0440000000
2020,11,12,12,55,24,   5.0480000000
2020,11,12,12,55,24,   5.0520000000
2020,11,12,12,55,25,   5.0440000000
2020,11,12,12,55,25,   5.0440000000
2020,11,12,12,55,25,   5.0400000000
2020,11,12,12,55,25,   5.0440000000
2020,11,12,12,55,26,   5.0440000000
2020,11,12,12,55,26,   5.0400000000
2020,11,12,12,55,26,   5.0480000000
2020,11,12,12,55,26,   5.0440000000
2020,11,12,12,55,27,   5.0480000000
2020,11,12,12,55,27,   5.0480000000
2020,11,12,12,55,27,   5.0440000000
2020,11,12,12,55,27,   5.0440000000
2020,11,12,12,55,28,   5.0480000000
2020,11,12,12,55,28,   5.0440000000
2020,11,12,12,55,28,   5.0480000000
2020,11,12,12,55,29,   5.0480000000
2020,11,12,12,55,29,   5.0480000000
2020,11,12,12,55,29,   5.0440000000
2020,11,12,12,55,29,   5.0440000000
2020,11,12,12,55,30,   5.0440000000
2020,11,12,12,55,30,   5.0440000000
2020,11,12,12,55,30,   5.0440000000
2020,11,12,12,55,30,   5.0480000000
2020,11,12,12,55,31,   5.0520000000
2020,11,12,12,55,31,   5.0440000000
2020,11,12,12,55,31,   5.0440000000
2020,11,12,12,55,31,   5.0440000000
2020,11,12,12,55,32,   5.0400000000
2020,11,12,12,55,32,   5.0400000000
2020,11,12,12,55,32,   5.0440000000
2020,11,12,12,55,32,   5.0440000000
2020,11,12,12,55,33,   5.0440000000
2020,11,12,12,55,33,   5.0440000000
2020,11,12,12,55,33,   5.0480000000
2020,11,12,12,55,34,   5.0440000000
2020,11,12,12,55,34,   5.0400000000
2020,11,12,12,55,34,   5.0560000000
2020,11,12,12,55,34,   5.0440000000
2020,11,12,12,55,35,   5.0440000000
2020,11,12,12,55,35,   5.0440000000
2020,11,12,12,55,35,   5.0440000000
2020,11,12,12,55,35,   5.0440000000
2020,11,12,12,55,36,   5.0400000000
2020,11,12,12,55,36,   5.0480000000
2020,11,12,12,55,36,   5.0440000000
2020,11,12,12,55,37,   5.0400000000
2020,11,12,12,55,37,   5.0440000000
2020,11,12,12,55,37,   5.0480000000
2020,11,12,12,55,37,   5.0440000000
2020,11,12,12,55,38,   5.0400000000
2020,11,12,12,55,38,   5.0440000000
2020,11,12,12,55,38,   5.0400000000
2020,11,12,12,55,38,   5.0440000000
2020,11,12,12,55,39,   5.0440000000
2020,11,12,12,55,39,   5.0440000000
2020,11,12,12,55,39,   5.0520000000
2020,11,12,12,55,39,   5.0440000000
2020,11,12,12,55,40,   5.0440000000
2020,11,12,12,55,40,   5.0440000000
2020,11,12,12,55,40,   5.0360000000
2020,11,12,12,55,41,   5.0520000000
2020,11,12,12,55,41,   5.0480000000
2020,11,12,12,55,41,   5.0480000000
2020,11,12,12,55,41,   5.0440000000
2020,11,12,12,55,42,   5.0440000000
2020,11,12,12,55,42,   5.0400000000
2020,11,12,12,55,42,   5.0440000000
2020,11,12,12,55,42,   5.0400000000
2020,11,12,12,55,43,   5.0440000000
2020,11,12,12,55,43,   5.0440000000
2020,11,12,12,55,43,   5.0440000000
2020,11,12,12,55,43,   5.0440000000
2020,11,12,12,55,44,   5.0560000000
2020,11,12,12,55,44,   5.0440000000
2020,11,12,12,55,44,   5.0400000000
2020,11,12,12,55,45,   5.0440000000
2020,11,12,12,55,45,   5.0480000000
2020,11,12,12,55,45,   5.0440000000
2020,11,12,12,55,45,   5.0400000000
2020,11,12,12,55,46,   5.0400000000
2020,11,12,12,55,46,   5.0400000000
2020,11,12,12,55,46,   5.0400000000
2020,11,12,12,55,46,   5.0440000000
2020,11,12,12,55,47,   5.0400000000
2020,11,12,12,55,47,   5.0440000000
2020,11,12,12,55,47,   5.0480000000
2020,11,12,12,55,47,   5.0440000000
2020,11,12,12,55,48,   5.0440000000
2020,11,12,12,55,48,   5.0440000000
2020,11,12,12,55,48,   5.0440000000
2020,11,12,12,55,49,   5.0400000000
2020,11,12,12,55,49,   5.0400000000
2020,11,12,12,55,49,   5.0440000000
2020,11,12,12,55,49,   5.0440000000
2020,11,12,12,55,50,   5.0440000000
2020,11,12,12,55,50,   5.0440000000
2020,11,12,12,55,50,   5.0440000000
2020,11,12,12,55,50,   5.0480000000
2020,11,12,12,55,51,   5.0400000000
2020,11,12,12,55,51,   5.0480000000
2020,11,12,12,55,51,   5.0480000000
2020,11,12,12,55,52,   5.0400000000
2020,11,12,12,55,52,   5.0400000000
2020,11,12,12,55,52,   5.0440000000
2020,11,12,12,55,52,   5.0440000000
2020,11,12,12,55,53,   5.0440000000
2020,11,12,12,55,53,   5.0440000000
2020,11,12,12,55,53,   5.0440000000
2020,11,12,12,55,53,   5.0440000000
2020,11,12,12,55,54,   5.0400000000
2020,11,12,12,55,54,   5.0440000000
2020,11,12,12,55,54,   5.0440000000
2020,11,12,12,55,54,   5.0400000000
2020,11,12,12,55,55,   5.0440000000
2020,11,12,12,55,55,   5.0440000000
2020,11,12,12,55,55,   5.0440000000
2020,11,12,12,55,55,   5.0480000000
2020,11,12,12,55,56,   5.0400000000
2020,11,12,12,55,56,   5.0440000000
2020,11,12,12,55,56,   5.0280000000
2020,11,12,12,55,57,   5.0440000000
2020,11,12,12,55,57,   5.0520000000
2020,11,12,12,55,57,   5.0440000000
2020,11,12,12,55,57,   5.0480000000
2020,11,12,12,55,58,   5.0440000000
2020,11,12,12,55,58,   5.0440000000
2020,11,12,12,55,58,   5.0400000000
2020,11,12,12,55,58,   5.0440000000
2020,11,12,12,55,59,   5.0440000000
2020,11,12,12,55,59,   5.0440000000
2020,11,12,12,55,59,   5.0440000000
2020,11,12,12,56,0,   5.0440000000
2020,11,12,12,56,0,   5.0360000000
2020,11,12,12,56,0,   5.0360000000
2020,11,12,12,56,0,   5.0440000000
2020,11,12,12,56,1,   5.0400000000
2020,11,12,12,56,1,   5.0440000000
2020,11,12,12,56,1,   5.0480000000
2020,11,12,12,56,1,   5.0480000000
2020,11,12,12,56,2,   5.0360000000
2020,11,12,12,56,2,   5.0400000000
2020,11,12,12,56,2,   5.0400000000
2020,11,12,12,56,2,   5.0400000000
2020,11,12,12,56,3,   5.0400000000
2020,11,12,12,56,3,   5.0400000000
2020,11,12,12,56,3,   5.0400000000
2020,11,12,12,56,4,   5.0400000000
2020,11,12,12,56,4,   5.0400000000
2020,11,12,12,56,4,   5.0360000000
2020,11,12,12,56,4,   5.0400000000
2020,11,12,12,56,5,   5.0360000000
2020,11,12,12,56,5,   5.0400000000
2020,11,12,12,56,5,   5.0440000000
2020,11,12,12,56,5,   5.0440000000
2020,11,12,12,56,6,   5.0240000000
2020,11,12,12,56,6,   5.0200000000
2020,11,12,12,56,6,   5.0440000000
2020,11,12,12,56,6,   5.0440000000
2020,11,12,12,56,7,   5.0440000000
2020,11,12,12,56,7,   5.0440000000
2020,11,12,12,56,7,   5.0440000000
2020,11,12,12,56,8,   5.0440000000
2020,11,12,12,56,8,   5.0400000000
2020,11,12,12,56,8,   5.0400000000
2020,11,12,12,56,8,   5.0480000000
2020,11,12,12,56,9,   5.0360000000
2020,11,12,12,56,9,   5.0440000000
2020,11,12,12,56,9,   5.0440000000
2020,11,12,12,56,9,   5.0440000000
2020,11,12,12,56,10,   5.0320000000
2020,11,12,12,56,10,   5.0520000000
2020,11,12,12,56,10,   5.0480000000
2020,11,12,12,56,10,   5.0480000000
2020,11,12,12,56,11,   5.0440000000
2020,11,12,12,56,11,   5.0480000000
2020,11,12,12,56,11,   5.0480000000
2020,11,12,12,56,11,   5.0440000000
2020,11,12,12,56,12,   5.0480000000
2020,11,12,12,56,12,   5.0360000000
2020,11,12,12,56,12,   5.0400000000
2020,11,12,12,56,13,   5.0440000000
2020,11,12,12,56,13,   5.0440000000
2020,11,12,12,56,13,   5.0440000000
2020,11,12,12,56,13,   5.0480000000
2020,11,12,12,56,14,   5.0440000000
2020,11,12,12,56,14,   5.0440000000
2020,11,12,12,56,14,   5.0400000000
2020,11,12,12,56,14,   5.0440000000
2020,11,12,12,56,15,   5.0440000000
2020,11,12,12,56,15,   5.0480000000
2020,11,12,12,56,15,   5.0440000000
2020,11,12,12,56,16,   5.0480000000
2020,11,12,12,56,16,   5.0360000000
2020,11,12,12,56,16,   5.0440000000
2020,11,12,12,56,16,   5.0520000000
2020,11,12,12,56,17,   5.0440000000
2020,11,12,12,56,17,   5.0440000000
2020,11,12,12,56,17,   5.0480000000
2020,11,12,12,56,17,   5.0440000000
2020,11,12,12,56,18,   5.0480000000
2020,11,12,12,56,18,   5.0480000000
2020,11,12,12,56,18,   5.0440000000
2020,11,12,12,56,18,   5.0480000000
2020,11,12,12,56,19,   5.0480000000
2020,11,12,12,56,19,   5.0520000000
2020,11,12,12,56,19,   5.0440000000
2020,11,12,12,56,19,   5.0480000000
2020,11,12,12,56,20,   5.0440000000
2020,11,12,12,56,20,   5.0400000000
2020,11,12,12,56,20,   5.0440000000
2020,11,12,12,56,21,   5.0440000000
2020,11,12,12,56,21,   5.0440000000
2020,11,12,12,56,21,   5.0440000000
2020,11,12,12,56,21,   5.0440000000
2020,11,12,12,56,22,   5.0400000000
2020,11,12,12,56,22,   5.0440000000
2020,11,12,12,56,22,   5.0440000000
2020,11,12,12,56,22,   5.0440000000
2020,11,12,12,56,23,   5.0480000000
2020,11,12,12,56,23,   5.0440000000
2020,11,12,12,56,23,   5.0480000000
2020,11,12,12,56,23,   5.0440000000
2020,11,12,12,56,24,   5.0480000000
2020,11,12,12,56,24,   5.0440000000
2020,11,12,12,56,24,   5.0480000000
2020,11,12,12,56,24,   5.0440000000
2020,11,12,12,56,25,   5.0480000000
2020,11,12,12,56,25,   5.0440000000
2020,11,12,12,56,25,   5.0480000000
2020,11,12,12,56,26,   5.0400000000
2020,11,12,12,56,26,   5.0440000000
2020,11,12,12,56,26,   5.0440000000
2020,11,12,12,56,26,   5.0360000000
2020,11,12,12,56,27,   5.0400000000
2020,11,12,12,56,27,   5.0440000000
2020,11,12,12,56,27,   5.0440000000
2020,11,12,12,56,27,   5.0480000000
2020,11,12,12,56,28,   5.0400000000
2020,11,12,12,56,28,   5.0400000000
2020,11,12,12,56,28,   5.0360000000
2020,11,12,12,56,28,   5.0360000000
2020,11,12,12,56,29,   5.0440000000
2020,11,12,12,56,29,   5.0440000000
2020,11,12,12,56,29,   5.0360000000
2020,11,12,12,56,30,   5.0440000000
2020,11,12,12,56,30,   5.0360000000
2020,11,12,12,56,30,   5.0360000000
2020,11,12,12,56,30,   5.0400000000
2020,11,12,12,56,31,   5.0400000000
2020,11,12,12,56,31,   5.0440000000
2020,11,12,12,56,31,   5.0440000000
2020,11,12,12,56,31,   5.0440000000
2020,11,12,12,56,32,   5.0440000000
2020,11,12,12,56,32,   5.0400000000
2020,11,12,12,56,32,   5.0360000000
2020,11,12,12,56,32,   5.0360000000
2020,11,12,12,56,33,   5.0440000000
2020,11,12,12,56,33,   5.0440000000
2020,11,12,12,56,33,   5.0400000000
2020,11,12,12,56,33,   5.0400000000
2020,11,12,12,56,34,   5.0400000000
2020,11,12,12,56,34,   5.0400000000
2020,11,12,12,56,34,   5.0400000000
2020,11,12,12,56,35,   5.0440000000
2020,11,12,12,56,35,   5.0440000000
2020,11,12,12,56,35,   5.0400000000
2020,11,12,12,56,35,   5.0400000000
2020,11,12,12,56,36,   5.0360000000
2020,11,12,12,56,36,   5.0440000000
2020,11,12,12,56,36,   5.0440000000
2020,11,12,12,56,36,   5.0440000000
2020,11,12,12,56,37,   5.0400000000
2020,11,12,12,56,37,   5.0440000000
2020,11,12,12,56,37,   5.0440000000
2020,11,12,12,56,37,   5.0440000000
2020,11,12,12,56,38,   5.0440000000
2020,11,12,12,56,38,   5.0280000000
2020,11,12,12,56,38,   5.0440000000
2020,11,12,12,56,38,   5.0440000000
2020,11,12,12,56,39,   5.0400000000
2020,11,12,12,56,39,   5.0440000000
2020,11,12,12,56,39,   5.0440000000
2020,11,12,12,56,39,   5.0440000000
2020,11,12,12,56,40,   5.0400000000
2020,11,12,12,56,40,   5.0440000000
2020,11,12,12,56,40,   5.0360000000
2020,11,12,12,56,40,   5.0440000000
2020,11,12,12,56,41,   5.0440000000
2020,11,12,12,56,41,   5.0440000000
2020,11,12,12,56,41,   5.0440000000
2020,11,12,12,56,41,   5.0440000000
2020,11,12,12,56,42,   5.0440000000
2020,11,12,12,56,42,   5.0400000000
2020,11,12,12,56,42,   5.0440000000
2020,11,12,12,56,43,   5.0400000000
2020,11,12,12,56,43,   5.0400000000
2020,11,12,12,56,43,   5.0440000000
2020,11,12,12,56,43,   5.0440000000
2020,11,12,12,56,44,   5.0400000000
2020,11,12,12,56,44,   5.0400000000
2020,11,12,12,56,44,   5.0480000000
2020,11,12,12,56,44,   5.0400000000
2020,11,12,12,56,45,   5.0440000000
2020,11,12,12,56,45,   5.0400000000
2020,11,12,12,56,45,   5.0400000000
2020,11,12,12,56,45,   5.0400000000
2020,11,12,12,56,46,   5.0400000000
2020,11,12,12,56,46,   5.0400000000
2020,11,12,12,56,46,   5.0360000000
2020,11,12,12,56,46,   5.0400000000
2020,11,12,12,56,47,   5.0440000000
2020,11,12,12,56,47,   5.0400000000
2020,11,12,12,56,47,   5.0440000000
2020,11,12,12,56,47,   5.0440000000
2020,11,12,12,56,48,   5.0440000000
2020,11,12,12,56,48,   5.0360000000
2020,11,12,12,56,48,   5.0360000000
2020,11,12,12,56,48,   5.0400000000
2020,11,12,12,56,49,   5.0440000000
2020,11,12,12,56,49,   5.0360000000
2020,11,12,12,56,49,   5.0440000000
2020,11,12,12,56,49,   5.0400000000
2020,11,12,12,56,50,   5.0440000000
2020,11,12,12,56,50,   5.0480000000
2020,11,12,12,56,50,   5.0360000000
2020,11,12,12,56,51,   5.0440000000
2020,11,12,12,56,51,   5.0400000000
2020,11,12,12,56,51,   5.0440000000
2020,11,12,12,56,51,   5.0440000000
2020,11,12,12,56,52,   5.0440000000
2020,11,12,12,56,52,   5.0480000000
2020,11,12,12,56,52,   5.0440000000
2020,11,12,12,56,52,   5.0400000000
2020,11,12,12,56,53,   5.0520000000
2020,11,12,12,56,53,   5.0440000000
2020,11,12,12,56,53,   5.0400000000
2020,11,12,12,56,53,   5.0400000000
2020,11,12,12,56,54,   5.0400000000
2020,11,12,12,56,54,   5.0440000000
2020,11,12,12,56,54,   5.0440000000
2020,11,12,12,56,54,   5.0480000000
2020,11,12,12,56,55,   5.0400000000
2020,11,12,12,56,55,   5.0400000000
2020,11,12,12,56,55,   5.0480000000
2020,11,12,12,56,55,   5.0440000000
2020,11,12,12,56,56,   5.0440000000
2020,11,12,12,56,56,   5.0440000000
2020,11,12,12,56,56,   5.0400000000
2020,11,12,12,56,56,   5.0360000000
2020,11,12,12,56,57,   5.0440000000
2020,11,12,12,56,57,   5.0360000000
2020,11,12,12,56,57,   5.0400000000
2020,11,12,12,56,58,   5.0400000000
2020,11,12,12,56,58,   5.0440000000
2020,11,12,12,56,58,   5.0440000000
2020,11,12,12,56,58,   5.0400000000
2020,11,12,12,56,59,   5.0400000000
2020,11,12,12,56,59,   5.0360000000
2020,11,12,12,56,59,   5.0400000000
2020,11,12,12,56,59,   5.0360000000
2020,11,12,12,57,0,   5.0360000000
2020,11,12,12,57,0,   5.0400000000
2020,11,12,12,57,0,   5.0440000000
2020,11,12,12,57,0,   5.0400000000
0
