2020,11,12,11,24,0,   5.1640000000
2020,11,12,11,24,1,   5.1320000000
2020,11,12,11,24,1,   5.1360000000
2020,11,12,11,24,1,   5.1440000000
2020,11,12,11,24,1,   5.1680000000
2020,11,12,11,24,2,   5.1360000000
2020,11,12,11,24,2,   5.1360000000
2020,11,12,11,24,2,   5.1400000000
2020,11,12,11,24,2,   5.1520000000
2020,11,12,11,24,3,   5.1440000000
2020,11,12,11,24,3,   5.1600000000
2020,11,12,11,24,3,   5.1640000000
2020,11,12,11,24,4,   5.1760000000
2020,11,12,11,24,4,   5.1400000000
2020,11,12,11,24,4,   5.1360000000
2020,11,12,11,24,4,   5.1360000000
2020,11,12,11,24,5,   5.1360000000
2020,11,12,11,24,5,   5.1400000000
2020,11,12,11,24,5,   5.1360000000
2020,11,12,11,24,5,   5.1800000000
2020,11,12,11,24,6,   5.1640000000
2020,11,12,11,24,6,   5.1680000000
2020,11,12,11,24,6,   5.1600000000
2020,11,12,11,24,6,   5.1600000000
2020,11,12,11,24,7,   5.1680000000
2020,11,12,11,24,7,   5.1600000000
2020,11,12,11,24,7,   5.1880000000
2020,11,12,11,24,7,   5.1560000000
2020,11,12,11,24,8,   5.1600000000
2020,11,12,11,24,8,   5.1720000000
2020,11,12,11,24,8,   5.1680000000
2020,11,12,11,24,8,   5.1760000000
2020,11,12,11,24,9,   5.0760000000
2020,11,12,11,24,9,   5.1760000000
2020,11,12,11,24,9,   5.1440000000
2020,11,12,11,24,10,   5.1360000000
2020,11,12,11,24,10,   5.1360000000
2020,11,12,11,24,10,   5.1360000000
2020,11,12,11,24,10,   5.1400000000
2020,11,12,11,24,11,   5.1320000000
2020,11,12,11,24,11,   5.1720000000
2020,11,12,11,24,11,   5.1440000000
2020,11,12,11,24,11,   5.1480000000
2020,11,12,11,24,12,   5.1360000000
2020,11,12,11,24,12,   5.1760000000
2020,11,12,11,24,12,   5.1720000000
2020,11,12,11,24,12,   5.1760000000
2020,11,12,11,24,13,   5.1600000000
2020,11,12,11,24,13,   5.1600000000
2020,11,12,11,24,13,   5.1760000000
2020,11,12,11,24,13,   5.1560000000
2020,11,12,11,24,14,   5.1560000000
2020,11,12,11,24,14,   5.1720000000
2020,11,12,11,24,14,   5.1640000000
2020,11,12,11,24,15,   5.1680000000
2020,11,12,11,24,15,   5.1280000000
2020,11,12,11,24,15,   5.1400000000
2020,11,12,11,24,15,   5.1320000000
2020,11,12,11,24,16,   5.1680000000
2020,11,12,11,24,16,   5.1920000000
2020,11,12,11,24,16,   5.1560000000
2020,11,12,11,24,16,   5.1840000000
2020,11,12,11,24,17,   5.1760000000
2020,11,12,11,24,17,   5.1440000000
2020,11,12,11,24,17,   5.1440000000
2020,11,12,11,24,17,   5.1400000000
2020,11,12,11,24,18,   5.1640000000
2020,11,12,11,24,18,   5.1840000000
2020,11,12,11,24,18,   5.1640000000
2020,11,12,11,24,18,   5.1560000000
2020,11,12,11,24,19,   5.1720000000
2020,11,12,11,24,19,   5.1800000000
2020,11,12,11,24,19,   5.1600000000
2020,11,12,11,24,19,   5.1720000000
2020,11,12,11,24,20,   5.1760000000
2020,11,12,11,24,20,   5.1840000000
2020,11,12,11,24,20,   5.1360000000
2020,11,12,11,24,21,   5.1360000000
2020,11,12,11,24,21,   5.1400000000
2020,11,12,11,24,21,   5.1480000000
2020,11,12,11,24,21,   5.1360000000
2020,11,12,11,24,22,   5.1400000000
2020,11,12,11,24,22,   5.1800000000
2020,11,12,11,24,22,   5.1800000000
2020,11,12,11,24,22,   5.1760000000
2020,11,12,11,24,23,   5.1800000000
2020,11,12,11,24,23,   5.1800000000
2020,11,12,11,24,23,   5.1600000000
2020,11,12,11,24,23,   5.1800000000
2020,11,12,11,24,24,   5.1800000000
2020,11,12,11,24,24,   5.1640000000
2020,11,12,11,24,24,   5.1760000000
2020,11,12,11,24,24,   5.1600000000
2020,11,12,11,24,25,   5.1600000000
2020,11,12,11,24,25,   5.1880000000
2020,11,12,11,24,25,   5.0680000000
2020,11,12,11,24,26,   5.1760000000
2020,11,12,11,24,26,   5.1400000000
2020,11,12,11,24,26,   5.1320000000
2020,11,12,11,24,26,   5.1400000000
2020,11,12,11,24,27,   5.1360000000
2020,11,12,11,24,27,   5.1320000000
2020,11,12,11,24,27,   5.1560000000
2020,11,12,11,24,27,   5.1720000000
2020,11,12,11,24,28,   5.1720000000
2020,11,12,11,24,28,   5.1720000000
2020,11,12,11,24,28,   5.1640000000
2020,11,12,11,24,28,   5.1680000000
2020,11,12,11,24,29,   5.1800000000
2020,11,12,11,24,29,   5.1600000000
2020,11,12,11,24,29,   5.1600000000
2020,11,12,11,24,29,   5.1680000000
2020,11,12,11,24,30,   5.1640000000
2020,11,12,11,24,30,   5.1760000000
2020,11,12,11,24,30,   5.1640000000
2020,11,12,11,24,30,   5.1680000000
2020,11,12,11,24,31,   5.1680000000
2020,11,12,11,24,31,   5.1680000000
2020,11,12,11,24,31,   5.1600000000
2020,11,12,11,24,32,   5.1840000000
2020,11,12,11,24,32,   5.1360000000
2020,11,12,11,24,32,   5.1440000000
2020,11,12,11,24,32,   5.1400000000
2020,11,12,11,24,33,   5.1360000000
2020,11,12,11,24,33,   5.1400000000
2020,11,12,11,24,33,   5.1360000000
2020,11,12,11,24,33,   5.1760000000
2020,11,12,11,24,34,   5.1760000000
2020,11,12,11,24,34,   5.1600000000
2020,11,12,11,24,34,   5.1600000000
2020,11,12,11,24,34,   5.1680000000
2020,11,12,11,24,35,   5.1680000000
2020,11,12,11,24,35,   5.1640000000
2020,11,12,11,24,35,   5.1560000000
2020,11,12,11,24,35,   5.1600000000
2020,11,12,11,24,36,   5.1800000000
2020,11,12,11,24,36,   5.1560000000
2020,11,12,11,24,36,   5.1680000000
2020,11,12,11,24,37,   5.1600000000
2020,11,12,11,24,37,   5.1600000000
2020,11,12,11,24,37,   5.1360000000
2020,11,12,11,24,37,   5.1360000000
2020,11,12,11,24,38,   5.1360000000
2020,11,12,11,24,38,   5.1320000000
2020,11,12,11,24,38,   5.1360000000
2020,11,12,11,24,38,   5.1400000000
2020,11,12,11,24,39,   5.1880000000
2020,11,12,11,24,39,   5.1600000000
2020,11,12,11,24,39,   5.1600000000
2020,11,12,11,24,39,   5.1760000000
2020,11,12,11,24,40,   5.1880000000
2020,11,12,11,24,40,   5.1720000000
2020,11,12,11,24,40,   5.1600000000
2020,11,12,11,24,40,   5.1960000000
2020,11,12,11,24,41,   5.1560000000
2020,11,12,11,24,41,   5.1560000000
2020,11,12,11,24,41,   5.1720000000
2020,11,12,11,24,41,   5.1560000000
2020,11,12,11,24,42,   5.1800000000
2020,11,12,11,24,42,   5.1360000000
2020,11,12,11,24,42,   5.1320000000
2020,11,12,11,24,43,   5.1400000000
2020,11,12,11,24,43,   5.1320000000
2020,11,12,11,24,43,   5.1400000000
2020,11,12,11,24,43,   5.1520000000
2020,11,12,11,24,44,   5.1320000000
2020,11,12,11,24,44,   5.1360000000
2020,11,12,11,24,44,   5.1760000000
2020,11,12,11,24,44,   5.1800000000
2020,11,12,11,24,45,   5.1600000000
2020,11,12,11,24,45,   5.1680000000
2020,11,12,11,24,45,   5.1800000000
2020,11,12,11,24,45,   5.1600000000
2020,11,12,11,24,46,   5.1640000000
2020,11,12,11,24,46,   5.1640000000
2020,11,12,11,24,46,   5.1640000000
2020,11,12,11,24,46,   5.1680000000
2020,11,12,11,24,47,   5.1600000000
2020,11,12,11,24,47,   5.1760000000
2020,11,12,11,24,47,   5.1680000000
2020,11,12,11,24,48,   5.1760000000
2020,11,12,11,24,48,   5.1760000000
2020,11,12,11,24,48,   5.1600000000
2020,11,12,11,24,48,   5.1640000000
2020,11,12,11,24,49,   5.1320000000
2020,11,12,11,24,49,   5.1480000000
2020,11,12,11,24,49,   5.1480000000
2020,11,12,11,24,49,   5.1400000000
2020,11,12,11,24,50,   5.1360000000
2020,11,12,11,24,50,   5.1360000000
2020,11,12,11,24,50,   5.1720000000
2020,11,12,11,24,50,   5.1760000000
2020,11,12,11,24,51,   5.1680000000
2020,11,12,11,24,51,   5.1800000000
2020,11,12,11,24,51,   5.1560000000
2020,11,12,11,24,51,   5.1600000000
2020,11,12,11,24,52,   5.1800000000
2020,11,12,11,24,52,   5.1680000000
2020,11,12,11,24,52,   5.1680000000
2020,11,12,11,24,52,   5.1360000000
2020,11,12,11,24,53,   5.1360000000
2020,11,12,11,24,53,   5.1760000000
2020,11,12,11,24,53,   5.1840000000
2020,11,12,11,24,54,   5.1760000000
2020,11,12,11,24,54,   5.1760000000
2020,11,12,11,24,54,   5.1440000000
2020,11,12,11,24,54,   5.1360000000
2020,11,12,11,24,55,   5.1360000000
2020,11,12,11,24,55,   5.1360000000
2020,11,12,11,24,55,   5.1400000000
2020,11,12,11,24,55,   5.1440000000
2020,11,12,11,24,56,   5.1560000000
2020,11,12,11,24,56,   5.1600000000
2020,11,12,11,24,56,   5.1760000000
2020,11,12,11,24,56,   5.1600000000
2020,11,12,11,24,57,   5.1640000000
2020,11,12,11,24,57,   5.1800000000
2020,11,12,11,24,57,   5.1720000000
2020,11,12,11,24,57,   5.1640000000
2020,11,12,11,24,58,   5.1760000000
2020,11,12,11,24,58,   5.1720000000
2020,11,12,11,24,58,   5.1640000000
2020,11,12,11,24,58,   5.1760000000
2020,11,12,11,24,59,   5.1800000000
2020,11,12,11,24,59,   5.1320000000
2020,11,12,11,24,59,   5.1400000000
2020,11,12,11,25,0,   5.1480000000
2020,11,12,11,25,0,   5.1400000000
2020,11,12,11,25,0,   5.1360000000
2020,11,12,11,25,0,   5.1720000000
2020,11,12,11,25,1,   5.1680000000
2020,11,12,11,25,1,   5.1360000000
2020,11,12,11,25,1,   5.1360000000
2020,11,12,11,25,1,   5.1400000000
2020,11,12,11,25,2,   5.1400000000
2020,11,12,11,25,2,   5.1360000000
2020,11,12,11,25,2,   5.1640000000
2020,11,12,11,25,2,   5.1400000000
2020,11,12,11,25,3,   5.1360000000
2020,11,12,11,25,3,   5.1360000000
2020,11,12,11,25,3,   5.1360000000
2020,11,12,11,25,3,   5.1360000000
2020,11,12,11,25,4,   5.1560000000
2020,11,12,11,25,4,   5.1680000000
2020,11,12,11,25,4,   5.1600000000
2020,11,12,11,25,5,   5.1680000000
2020,11,12,11,25,5,   5.1640000000
2020,11,12,11,25,5,   5.1400000000
2020,11,12,11,25,5,   5.1360000000
2020,11,12,11,25,6,   5.1400000000
2020,11,12,11,25,6,   5.1280000000
2020,11,12,11,25,6,   5.1400000000
2020,11,12,11,25,6,   5.1400000000
2020,11,12,11,25,7,   5.1360000000
2020,11,12,11,25,7,   5.1360000000
2020,11,12,11,25,7,   5.1360000000
2020,11,12,11,25,7,   5.1920000000
2020,11,12,11,25,8,   5.1800000000
2020,11,12,11,25,8,   5.1760000000
2020,11,12,11,25,8,   5.1600000000
2020,11,12,11,25,8,   5.1680000000
2020,11,12,11,25,9,   5.1800000000
2020,11,12,11,25,9,   5.1720000000
2020,11,12,11,25,9,   5.1840000000
2020,11,12,11,25,9,   5.1680000000
2020,11,12,11,25,10,   5.1680000000
2020,11,12,11,25,10,   5.1760000000
2020,11,12,11,25,10,   5.1560000000
2020,11,12,11,25,11,   5.1800000000
2020,11,12,11,25,11,   5.1600000000
2020,11,12,11,25,11,   5.1400000000
2020,11,12,11,25,11,   5.1400000000
2020,11,12,11,25,12,   5.1400000000
2020,11,12,11,25,12,   5.1360000000
2020,11,12,11,25,12,   5.1400000000
2020,11,12,11,25,12,   5.1360000000
2020,11,12,11,25,13,   5.1640000000
2020,11,12,11,25,13,   5.1400000000
2020,11,12,11,25,13,   5.1320000000
2020,11,12,11,25,13,   5.1320000000
2020,11,12,11,25,14,   5.1800000000
2020,11,12,11,25,14,   5.1800000000
2020,11,12,11,25,14,   5.1800000000
2020,11,12,11,25,14,   5.1600000000
2020,11,12,11,25,15,   5.1640000000
2020,11,12,11,25,15,   5.1640000000
2020,11,12,11,25,15,   5.1640000000
2020,11,12,11,25,16,   5.1640000000
2020,11,12,11,25,16,   5.1840000000
2020,11,12,11,25,16,   5.1800000000
2020,11,12,11,25,16,   5.1560000000
2020,11,12,11,25,17,   5.1440000000
2020,11,12,11,25,17,   5.1360000000
2020,11,12,11,25,17,   5.1360000000
2020,11,12,11,25,17,   5.1360000000
2020,11,12,11,25,18,   5.1360000000
2020,11,12,11,25,18,   5.1360000000
2020,11,12,11,25,18,   5.1680000000
2020,11,12,11,25,18,   5.1680000000
2020,11,12,11,25,19,   5.1560000000
2020,11,12,11,25,19,   5.1680000000
2020,11,12,11,25,19,   5.1880000000
2020,11,12,11,25,19,   5.1640000000
2020,11,12,11,25,20,   5.1600000000
2020,11,12,11,25,20,   5.1680000000
2020,11,12,11,25,20,   5.1800000000
2020,11,12,11,25,20,   5.1560000000
2020,11,12,11,25,21,   5.1920000000
2020,11,12,11,25,21,   5.1560000000
2020,11,12,11,25,21,   5.1720000000
2020,11,12,11,25,22,   5.1560000000
2020,11,12,11,25,22,   5.1800000000
2020,11,12,11,25,22,   5.1400000000
2020,11,12,11,25,22,   5.1320000000
2020,11,12,11,25,23,   5.1360000000
2020,11,12,11,25,23,   5.1360000000
2020,11,12,11,25,23,   5.1360000000
2020,11,12,11,25,23,   5.1360000000
2020,11,12,11,25,24,   5.1680000000
2020,11,12,11,25,24,   5.1600000000
2020,11,12,11,25,24,   5.1680000000
2020,11,12,11,25,24,   5.1640000000
2020,11,12,11,25,25,   5.1880000000
2020,11,12,11,25,25,   5.1760000000
2020,11,12,11,25,25,   5.1760000000
2020,11,12,11,25,25,   5.1800000000
2020,11,12,11,25,26,   5.1640000000
2020,11,12,11,25,26,   5.1880000000
2020,11,12,11,25,26,   5.1800000000
2020,11,12,11,25,26,   5.1560000000
2020,11,12,11,25,27,   5.1560000000
2020,11,12,11,25,27,   5.1920000000
2020,11,12,11,25,27,   5.1640000000
2020,11,12,11,25,28,   5.1360000000
2020,11,12,11,25,28,   5.1360000000
2020,11,12,11,25,28,   5.1280000000
2020,11,12,11,25,28,   5.1320000000
2020,11,12,11,25,29,   5.1360000000
2020,11,12,11,25,29,   5.1400000000
2020,11,12,11,25,29,   5.1880000000
2020,11,12,11,25,29,   5.1600000000
2020,11,12,11,25,30,   5.1640000000
2020,11,12,11,25,30,   5.1760000000
2020,11,12,11,25,30,   5.1600000000
2020,11,12,11,25,30,   5.1600000000
2020,11,12,11,25,31,   5.1680000000
2020,11,12,11,25,31,   5.1600000000
2020,11,12,11,25,31,   5.1640000000
2020,11,12,11,25,31,   5.1640000000
2020,11,12,11,25,32,   5.1760000000
2020,11,12,11,25,32,   5.1680000000
2020,11,12,11,25,32,   5.1400000000
2020,11,12,11,25,33,   5.1360000000
2020,11,12,11,25,33,   5.1360000000
2020,11,12,11,25,33,   5.1400000000
2020,11,12,11,25,33,   5.1360000000
2020,11,12,11,25,34,   5.1320000000
2020,11,12,11,25,34,   5.1320000000
2020,11,12,11,25,34,   5.1360000000
2020,11,12,11,25,34,   5.1680000000
2020,11,12,11,25,35,   5.1720000000
2020,11,12,11,25,35,   5.1560000000
2020,11,12,11,25,35,   5.1600000000
2020,11,12,11,25,35,   5.1600000000
2020,11,12,11,25,36,   5.1840000000
2020,11,12,11,25,36,   5.1720000000
2020,11,12,11,25,36,   5.1560000000
2020,11,12,11,25,36,   5.1720000000
2020,11,12,11,25,37,   5.1600000000
2020,11,12,11,25,37,   5.1720000000
2020,11,12,11,25,37,   5.1560000000
2020,11,12,11,25,38,   5.1720000000
2020,11,12,11,25,38,   5.1600000000
2020,11,12,11,25,38,   5.1600000000
2020,11,12,11,25,38,   5.1640000000
2020,11,12,11,25,39,   5.1360000000
2020,11,12,11,25,39,   5.1360000000
2020,11,12,11,25,39,   5.1280000000
2020,11,12,11,25,39,   5.1440000000
2020,11,12,11,25,40,   5.1360000000
2020,11,12,11,25,40,   5.1440000000
2020,11,12,11,25,40,   5.1600000000
2020,11,12,11,25,40,   5.1800000000
2020,11,12,11,25,41,   5.1760000000
2020,11,12,11,25,41,   5.1680000000
2020,11,12,11,25,41,   5.1800000000
2020,11,12,11,25,41,   5.1760000000
2020,11,12,11,25,42,   5.1680000000
2020,11,12,11,25,42,   5.1680000000
2020,11,12,11,25,42,   5.1600000000
2020,11,12,11,25,42,   5.1640000000
2020,11,12,11,25,43,   5.1600000000
2020,11,12,11,25,43,   5.1680000000
2020,11,12,11,25,43,   5.1640000000
2020,11,12,11,25,44,   5.1360000000
2020,11,12,11,25,44,   5.1320000000
2020,11,12,11,25,44,   5.1320000000
2020,11,12,11,25,44,   5.1360000000
2020,11,12,11,25,45,   5.1440000000
2020,11,12,11,25,45,   5.1360000000
2020,11,12,11,25,45,   5.1600000000
2020,11,12,11,25,45,   5.1800000000
2020,11,12,11,25,46,   5.1720000000
2020,11,12,11,25,46,   5.1760000000
2020,11,12,11,25,46,   5.1560000000
2020,11,12,11,25,46,   5.1720000000
2020,11,12,11,25,47,   5.1600000000
2020,11,12,11,25,47,   5.1760000000
2020,11,12,11,25,47,   5.1560000000
2020,11,12,11,25,47,   5.1640000000
2020,11,12,11,25,48,   5.1560000000
2020,11,12,11,25,48,   5.1800000000
2020,11,12,11,25,48,   5.1760000000
2020,11,12,11,25,48,   5.1680000000
2020,11,12,11,25,49,   5.1680000000
2020,11,12,11,25,49,   5.1560000000
2020,11,12,11,25,49,   5.1640000000
2020,11,12,11,25,50,   5.1480000000
2020,11,12,11,25,50,   5.1360000000
2020,11,12,11,25,50,   5.1360000000
2020,11,12,11,25,50,   5.1360000000
2020,11,12,11,25,51,   5.1400000000
2020,11,12,11,25,51,   5.1400000000
2020,11,12,11,25,51,   5.1760000000
2020,11,12,11,25,51,   5.1560000000
2020,11,12,11,25,52,   5.1600000000
2020,11,12,11,25,52,   5.1560000000
2020,11,12,11,25,52,   5.1720000000
2020,11,12,11,25,52,   5.1760000000
2020,11,12,11,25,53,   5.1720000000
2020,11,12,11,25,53,   5.1800000000
2020,11,12,11,25,53,   5.1720000000
2020,11,12,11,25,53,   5.1560000000
2020,11,12,11,25,54,   5.1800000000
2020,11,12,11,25,54,   5.1320000000
2020,11,12,11,25,54,   5.1360000000
2020,11,12,11,25,55,   5.1880000000
2020,11,12,11,25,55,   5.1840000000
2020,11,12,11,25,55,   5.1360000000
2020,11,12,11,25,55,   5.1360000000
2020,11,12,11,25,56,   5.1360000000
2020,11,12,11,25,56,   5.1360000000
2020,11,12,11,25,56,   5.1320000000
2020,11,12,11,25,56,   5.1480000000
2020,11,12,11,25,57,   5.1560000000
2020,11,12,11,25,57,   5.1640000000
2020,11,12,11,25,57,   5.1600000000
2020,11,12,11,25,57,   5.1800000000
2020,11,12,11,25,58,   5.1600000000
2020,11,12,11,25,58,   5.1720000000
2020,11,12,11,25,58,   5.1560000000
2020,11,12,11,25,58,   5.1560000000
2020,11,12,11,25,59,   5.1720000000
2020,11,12,11,25,59,   5.1800000000
2020,11,12,11,25,59,   5.1560000000
2020,11,12,11,26,0,   5.1640000000
2020,11,12,11,26,0,   5.1560000000
2020,11,12,11,26,0,   5.1640000000
2020,11,12,11,26,0,   5.1560000000
2020,11,12,11,26,1,   5.1400000000
2020,11,12,11,26,1,   5.1360000000
2020,11,12,11,26,1,   5.1440000000
2020,11,12,11,26,1,   5.1400000000
2020,11,12,11,26,2,   5.1400000000
2020,11,12,11,26,2,   5.1400000000
2020,11,12,11,26,2,   5.1480000000
2020,11,12,11,26,2,   5.1400000000
2020,11,12,11,26,3,   5.1680000000
2020,11,12,11,26,3,   5.1560000000
2020,11,12,11,26,3,   5.1760000000
2020,11,12,11,26,3,   5.1640000000
2020,11,12,11,26,4,   5.1800000000
2020,11,12,11,26,4,   5.1600000000
2020,11,12,11,26,4,   5.1480000000
2020,11,12,11,26,4,   5.1360000000
2020,11,12,11,26,5,   5.1400000000
2020,11,12,11,26,5,   5.1560000000
2020,11,12,11,26,5,   5.1800000000
2020,11,12,11,26,6,   5.1360000000
2020,11,12,11,26,6,   5.1360000000
2020,11,12,11,26,6,   5.1400000000
2020,11,12,11,26,6,   5.1360000000
2020,11,12,11,26,7,   5.1360000000
2020,11,12,11,26,7,   5.1400000000
2020,11,12,11,26,7,   5.1360000000
2020,11,12,11,26,7,   5.1360000000
2020,11,12,11,26,8,   5.1640000000
2020,11,12,11,26,8,   5.1800000000
2020,11,12,11,26,8,   5.1720000000
2020,11,12,11,26,8,   5.1760000000
2020,11,12,11,26,9,   5.1560000000
2020,11,12,11,26,9,   5.1760000000
2020,11,12,11,26,9,   5.1840000000
2020,11,12,11,26,9,   5.1560000000
2020,11,12,11,26,10,   5.1360000000
2020,11,12,11,26,10,   5.1320000000
2020,11,12,11,26,10,   5.1280000000
2020,11,12,11,26,11,   5.1680000000
2020,11,12,11,26,11,   5.1800000000
2020,11,12,11,26,11,   5.1720000000
2020,11,12,11,26,11,   5.1800000000
2020,11,12,11,26,12,   5.1760000000
2020,11,12,11,26,12,   5.1640000000
2020,11,12,11,26,12,   5.1400000000
2020,11,12,11,26,12,   5.1360000000
2020,11,12,11,26,13,   5.1360000000
2020,11,12,11,26,13,   5.1400000000
2020,11,12,11,26,13,   5.1320000000
2020,11,12,11,26,13,   5.1680000000
2020,11,12,11,26,14,   5.1320000000
2020,11,12,11,26,14,   5.1360000000
2020,11,12,11,26,14,   5.1480000000
2020,11,12,11,26,14,   5.1320000000
2020,11,12,11,26,15,   5.1320000000
2020,11,12,11,26,15,   5.1440000000
2020,11,12,11,26,15,   5.1320000000
2020,11,12,11,26,16,   5.1360000000
2020,11,12,11,26,16,   5.1360000000
2020,11,12,11,26,16,   5.1360000000
2020,11,12,11,26,16,   5.1360000000
2020,11,12,11,26,17,   5.1440000000
2020,11,12,11,26,17,   5.1360000000
2020,11,12,11,26,17,   5.1400000000
2020,11,12,11,26,17,   5.1400000000
2020,11,12,11,26,18,   5.1360000000
2020,11,12,11,26,18,   5.1360000000
2020,11,12,11,26,18,   5.1360000000
2020,11,12,11,26,19,   5.1320000000
2020,11,12,11,26,19,   5.1400000000
2020,11,12,11,26,19,   5.1360000000
2020,11,12,11,26,19,   5.1400000000
2020,11,12,11,26,20,   5.1320000000
2020,11,12,11,26,20,   5.1360000000
2020,11,12,11,26,20,   5.1640000000
2020,11,12,11,26,20,   5.1840000000
2020,11,12,11,26,21,   5.1800000000
2020,11,12,11,26,21,   5.1640000000
2020,11,12,11,26,21,   5.1640000000
2020,11,12,11,26,21,   5.1840000000
2020,11,12,11,26,22,   5.1560000000
2020,11,12,11,26,22,   5.1560000000
2020,11,12,11,26,22,   5.1640000000
2020,11,12,11,26,22,   5.1840000000
2020,11,12,11,26,23,   5.1640000000
2020,11,12,11,26,23,   5.1800000000
2020,11,12,11,26,23,   5.1800000000
2020,11,12,11,26,24,   5.1800000000
2020,11,12,11,26,24,   5.1360000000
2020,11,12,11,26,24,   5.1400000000
2020,11,12,11,26,24,   5.1360000000
2020,11,12,11,26,25,   5.1320000000
2020,11,12,11,26,25,   5.1360000000
2020,11,12,11,26,25,   5.1360000000
2020,11,12,11,26,25,   5.1400000000
2020,11,12,11,26,26,   5.1360000000
2020,11,12,11,26,26,   5.1360000000
2020,11,12,11,26,26,   5.1360000000
2020,11,12,11,26,26,   5.1400000000
2020,11,12,11,26,27,   5.1760000000
2020,11,12,11,26,27,   5.1600000000
2020,11,12,11,26,27,   5.1560000000
2020,11,12,11,26,27,   5.1760000000
2020,11,12,11,26,28,   5.1520000000
2020,11,12,11,26,28,   5.1800000000
2020,11,12,11,26,28,   5.1640000000
2020,11,12,11,26,29,   5.1800000000
2020,11,12,11,26,29,   5.1720000000
2020,11,12,11,26,29,   5.1800000000
2020,11,12,11,26,29,   5.1360000000
2020,11,12,11,26,30,   5.1440000000
2020,11,12,11,26,30,   5.1400000000
2020,11,12,11,26,30,   5.1360000000
2020,11,12,11,26,30,   5.1360000000
2020,11,12,11,26,31,   5.1440000000
2020,11,12,11,26,31,   5.1680000000
2020,11,12,11,26,31,   5.1680000000
2020,11,12,11,26,31,   5.1600000000
2020,11,12,11,26,32,   5.1560000000
2020,11,12,11,26,32,   5.1880000000
2020,11,12,11,26,32,   5.1800000000
2020,11,12,11,26,32,   5.1560000000
2020,11,12,11,26,33,   5.1360000000
2020,11,12,11,26,33,   5.1360000000
2020,11,12,11,26,33,   5.1720000000
2020,11,12,11,26,34,   5.1360000000
2020,11,12,11,26,34,   5.1360000000
2020,11,12,11,26,34,   5.1360000000
2020,11,12,11,26,34,   5.1440000000
2020,11,12,11,26,35,   5.1320000000
2020,11,12,11,26,35,   5.1360000000
2020,11,12,11,26,35,   5.1320000000
2020,11,12,11,26,35,   5.1320000000
2020,11,12,11,26,36,   5.1320000000
2020,11,12,11,26,36,   5.1360000000
2020,11,12,11,26,36,   5.1320000000
2020,11,12,11,26,36,   5.1520000000
2020,11,12,11,26,37,   5.1400000000
2020,11,12,11,26,37,   5.1360000000
2020,11,12,11,26,37,   5.1320000000
2020,11,12,11,26,37,   5.1640000000
2020,11,12,11,26,38,   5.1640000000
2020,11,12,11,26,38,   5.1640000000
2020,11,12,11,26,38,   5.1680000000
2020,11,12,11,26,39,   5.1800000000
2020,11,12,11,26,39,   5.1560000000
2020,11,12,11,26,39,   5.1360000000
2020,11,12,11,26,39,   5.1400000000
2020,11,12,11,26,40,   5.1280000000
2020,11,12,11,26,40,   5.1400000000
2020,11,12,11,26,40,   5.1320000000
2020,11,12,11,26,40,   5.1680000000
2020,11,12,11,26,41,   5.1400000000
2020,11,12,11,26,41,   5.1440000000
2020,11,12,11,26,41,   5.1320000000
2020,11,12,11,26,41,   5.1480000000
2020,11,12,11,26,42,   5.1360000000
2020,11,12,11,26,42,   5.1640000000
2020,11,12,11,26,42,   5.1640000000
2020,11,12,11,26,43,   5.1760000000
2020,11,12,11,26,43,   5.1560000000
2020,11,12,11,26,43,   5.1520000000
2020,11,12,11,26,43,   5.1640000000
2020,11,12,11,26,44,   5.1600000000
2020,11,12,11,26,44,   5.1720000000
2020,11,12,11,26,44,   5.1600000000
2020,11,12,11,26,44,   5.1600000000
2020,11,12,11,26,45,   5.1360000000
