1262.910602,0.459422,-1.122234,10.064212,0.000000,0.000000,0.000000,0.101562,0.093750,0.234375,2.597608,-6.356053,44.970182
1263.178048,0.459422,-1.122234,10.064212,0.000000,0.000000,0.000000,0.101562,0.093750,0.234375,2.597608,-6.356053,44.970182
1263.445748,0.459422,-1.122234,10.064212,0.000000,0.000000,0.000000,0.101562,0.093750,0.234375,2.597608,-6.356053,44.970182
1263.728843,0.459422,-1.122234,10.064212,0.000000,0.000000,0.000000,0.101562,0.093750,0.234375,2.597608,-6.356053,44.970182
1263.999999,0.459422,-1.122234,10.064212,0.000000,0.000000,0.000000,0.101562,0.093750,0.234375,2.597608,-6.356053,44.970182
1264.264821,0.459422,-1.122234,10.064212,0.000000,0.000000,0.000000,0.101562,0.093750,0.234375,2.597608,-6.356053,44.970182
1264.539393,0.459422,-1.122234,10.064212,0.000000,0.000000,0.000000,0.101562,0.093750,0.234375,2.597608,-6.356053,44.970182
1264.820156,0.459422,-1.122234,10.064212,0.000000,0.000000,0.000000,0.101562,0.093750,0.234375,2.597608,-6.356053,44.970182
1265.102859,0.459422,-1.122234,10.064212,0.000000,0.000000,0.000000,0.101562,0.093750,0.234375,2.597608,-6.356053,44.970182
1265.367969,0.459422,-1.122234,10.064212,0.000000,0.000000,0.000000,0.101562,0.093750,0.234375,2.597608,-6.356053,44.970182
1265.643427,0.459422,-1.122234,10.064212,0.000000,0.000000,0.000000,0.101562,0.093750,0.234375,2.597608,-6.356053,44.970182
1265.911233,0.459422,-1.122234,10.064212,0.000000,0.000000,0.000000,0.101562,0.093750,0.234375,2.597608,-6.356053,44.970182
1266.178513,0.459422,-1.122234,10.064212,0.000000,0.000000,0.000000,0.101562,0.093750,0.234375,2.597608,-6.356053,44.970182
1266.445922,0.459422,-1.122234,10.064212,0.000000,0.000000,0.000000,0.101562,0.093750,0.234375,2.597608,-6.356053,44.970182
1266.723357,0.459422,-1.122234,10.064212,0.000000,0.000000,0.000000,0.101562,0.093750,0.234375,2.597608,-6.356053,44.970182
1266.995378,0.459422,-1.122234,10.064212,0.000000,0.000000,0.000000,0.101562,0.093750,0.234375,2.597608,-6.356053,44.970182
1267.268365,0.459422,-1.122234,10.064212,0.000000,0.000000,0.000000,0.101562,0.093750,0.234375,2.597608,-6.356053,44.970182
1267.533029,0.459422,-1.122234,10.064212,0.000000,0.000000,0.000000,0.101562,0.093750,0.234375,2.597608,-6.356053,44.970182
1267.797870,0.459422,-1.122234,10.064212,0.000000,0.000000,0.000000,0.101562,0.093750,0.234375,2.597608,-6.356053,44.970182
1268.062576,0.459422,-1.122234,10.064212,0.000000,0.000000,0.000000,0.101562,0.093750,0.234375,2.597608,-6.356053,44.970182
1268.327448,0.459422,-1.122234,10.064212,0.000000,0.000000,0.000000,0.101562,0.093750,0.234375,2.597608,-6.356053,44.970182
1268.594795,0.459422,-1.122234,10.064212,0.000000,0.000000,0.000000,0.101562,0.093750,0.234375,2.597608,-6.356053,44.970182
1268.861761,0.459422,-1.122234,10.064212,0.000000,0.000000,0.000000,0.101562,0.093750,0.234375,2.597608,-6.356053,44.970182
1269.129157,0.459422,-1.122234,10.064212,0.000000,0.000000,0.000000,0.101562,0.093750,0.234375,2.597608,-6.356053,44.970182
1269.396432,0.459422,-1.122234,10.064212,0.000000,0.000000,0.000000,0.101562,0.093750,0.234375,2.597608,-6.356053,44.970182
1269.663364,0.459422,-1.122234,10.064212,0.000000,0.000000,0.000000,0.101562,0.093750,0.234375,2.597608,-6.356053,44.970182
1269.930756,0.459422,-1.122234,10.064212,0.000000,0.000000,0.000000,0.101562,0.093750,0.234375,2.597608,-6.356053,44.970182
1270.198565,0.459422,-1.122234,10.064212,0.000000,0.000000,0.000000,0.101562,0.093750,0.234375,2.597608,-6.356053,44.970182
1270.465979,0.459422,-1.122234,10.064212,0.000000,0.000000,0.000000,0.101562,0.093750,0.234375,2.597608,-6.356053,44.970182
1270.733395,0.459422,-1.122234,10.064212,0.000000,0.000000,0.000000,0.101562,0.093750,0.234375,2.597608,-6.356053,44.970182
1271.000629,0.459422,-1.122234,10.064212,0.000000,0.000000,0.000000,0.101562,0.093750,0.234375,2.597608,-6.356053,44.970182
1271.268000,0.459422,-1.122234,10.064212,0.000000,0.000000,0.000000,0.101562,0.093750,0.234375,2.597608,-6.356053,44.970182
1271.535281,0.459422,-1.122234,10.064212,0.000000,0.000000,0.000000,0.101562,0.093750,0.234375,2.597608,-6.356053,44.970182
1271.802235,0.459422,-1.122234,10.064212,0.000000,0.000000,0.000000,0.101562,0.093750,0.234375,2.597608,-6.356053,44.970182
1272.078092,0.459422,-1.122234,10.064212,0.000000,0.000000,0.000000,0.101562,0.093750,0.234375,2.597608,-6.356053,44.970182
1272.368686,0.459422,-1.122234,10.064212,0.000000,0.000000,0.000000,0.101562,0.093750,0.234375,2.597608,-6.356053,44.970182
1272.642075,0.459422,-1.122234,10.064212,0.000000,0.000000,0.000000,0.101562,0.093750,0.234375,2.597608,-6.356053,44.970182
1272.907046,0.459422,-1.122234,10.064212,0.000000,0.000000,0.000000,0.101562,0.093750,0.234375,2.597608,-6.356053,44.970182
1273.171728,0.459422,-1.122234,10.064212,0.000000,0.000000,0.000000,0.101562,0.093750,0.234375,2.597608,-6.356053,44.970182
1273.436492,0.459422,-1.122234,10.064212,0.000000,0.000000,0.000000,0.101562,0.093750,0.234375,2.597608,-6.356053,44.970182
1273.701451,0.459422,-1.122234,10.064212,0.000000,0.000000,0.000000,0.101562,0.093750,0.234375,2.597608,-6.356053,44.970182
1273.968531,0.459422,-1.122234,10.064212,0.000000,0.000000,0.000000,0.101562,0.093750,0.234375,2.597608,-6.356053,44.970182
1274.247379,0.459422,-1.122234,10.064212,0.000000,0.000000,0.000000,0.101562,0.093750,0.234375,2.597608,-6.356053,44.970182
1274.512115,0.459422,-1.122234,10.064212,0.000000,0.000000,0.000000,0.101562,0.093750,0.234375,2.597608,-6.356053,44.970182
1274.777271,0.459422,-1.122234,10.064212,0.000000,0.000000,0.000000,0.101562,0.093750,0.234375,2.597608,-6.356053,44.970182
1275.044757,0.459422,-1.122234,10.064212,0.000000,0.000000,0.000000,0.101562,0.093750,0.234375,2.597608,-6.356053,44.970182
1275.319687,0.459422,-1.122234,10.064212,0.000000,0.000000,0.000000,0.101562,0.093750,0.234375,2.597608,-6.356053,44.970182
1275.597666,0.459422,-1.122234,10.064212,0.000000,0.000000,0.000000,0.101562,0.093750,0.234375,2.597608,-6.356053,44.970182
1275.865263,0.459422,-1.122234,10.064212,0.000000,0.000000,0.000000,0.101562,0.093750,0.234375,2.597608,-6.356053,44.970182
1276.132453,0.459422,-1.122234,10.064212,0.000000,0.000000,0.000000,0.101562,0.093750,0.234375,2.597608,-6.356053,44.970182
1276.406425,0.459422,-1.122234,10.064212,0.000000,0.000000,0.000000,0.101562,0.093750,0.234375,2.597608,-6.356053,44.970182
1276.673725,0.459422,-1.122234,10.064212,0.000000,0.000000,0.000000,0.101562,0.093750,0.234375,2.597608,-6.356053,44.970182
1276.940756,0.459422,-1.122234,10.064212,0.000000,0.000000,0.000000,0.101562,0.093750,0.234375,2.597608,-6.356053,44.970182
1277.212342,0.459422,-1.122234,10.064212,0.000000,0.000000,0.000000,0.101562,0.093750,0.234375,2.597608,-6.356053,44.970182
1277.479499,0.459422,-1.122234,10.064212,0.000000,0.000000,0.000000,0.101562,0.093750,0.234375,2.597608,-6.356053,44.970182
1277.746491,0.459422,-1.122234,10.064212,0.000000,0.000000,0.000000,0.101562,0.093750,0.234375,2.597608,-6.356053,44.970182
1278.027664,0.459422,-1.122234,10.064212,0.000000,0.000000,0.000000,0.101562,0.093750,0.234375,2.597608,-6.356053,44.970182
1278.292346,0.459422,-1.122234,10.064212,0.000000,0.000000,0.000000,0.101562,0.093750,0.234375,2.597608,-6.356053,44.970182
1278.557507,0.459422,-1.122234,10.064212,0.000000,0.000000,0.000000,0.101562,0.093750,0.234375,2.597608,-6.356053,44.970182
1278.824786,0.459422,-1.122234,10.064212,0.000000,0.000000,0.000000,0.101562,0.093750,0.234375,2.597608,-6.356053,44.970182
1279.092087,0.459422,-1.122234,10.064212,0.000000,0.000000,0.000000,0.101562,0.093750,0.234375,2.597608,-6.356053,44.970182
1279.359199,0.459422,-1.122234,10.064212,0.000000,0.000000,0.000000,0.101562,0.093750,0.234375,2.597608,-6.356053,44.970182
1279.626209,0.459422,-1.122234,10.064212,0.000000,0.000000,0.000000,0.101562,0.093750,0.234375,2.597608,-6.356053,44.970182
1279.906067,0.459422,-1.122234,10.064212,0.000000,0.000000,0.000000,0.101562,0.093750,0.234375,2.597608,-6.356053,44.970182
1280.171245,0.459422,-1.122234,10.064212,0.000000,0.000000,0.000000,0.101562,0.093750,0.234375,2.597608,-6.356053,44.970182
1280.436106,0.459422,-1.122234,10.064212,0.000000,0.000000,0.000000,0.101562,0.093750,0.234375,2.597608,-6.356053,44.970182
1280.702319,0.459422,-1.122234,10.064212,0.000000,0.000000,0.000000,0.101562,0.093750,0.234375,2.597608,-6.356053,44.970182
1280.969870,0.459422,-1.122234,10.064212,0.000000,0.000000,0.000000,0.101562,0.093750,0.234375,2.597608,-6.356053,44.970182
1281.237508,0.459422,-1.122234,10.064212,0.000000,0.000000,0.000000,0.101562,0.093750,0.234375,2.597608,-6.356053,44.970182
1281.511154,0.459422,-1.122234,10.064212,0.000000,0.000000,0.000000,0.101562,0.093750,0.234375,2.597608,-6.356053,44.970182
1281.778301,0.459422,-1.122234,10.064212,0.000000,0.000000,0.000000,0.101562,0.093750,0.234375,2.597608,-6.356053,44.970182
1282.045712,0.459422,-1.122234,10.064212,0.000000,0.000000,0.000000,0.101562,0.093750,0.234375,2.597608,-6.356053,44.970182
1282.312971,0.459422,-1.122234,10.064212,0.000000,0.000000,0.000000,0.101562,0.093750,0.234375,2.597608,-6.356053,44.970182
1282.580668,0.459422,-1.122234,10.064212,0.000000,0.000000,0.000000,0.101562,0.093750,0.234375,2.597608,-6.356053,44.970182
1282.847998,0.459422,-1.122234,10.064212,0.000000,0.000000,0.000000,0.101562,0.093750,0.234375,2.597608,-6.356053,44.970182
1283.115389,0.459422,-1.122234,10.064212,0.000000,0.000000,0.000000,0.101562,0.093750,0.234375,2.597608,-6.356053,44.970182
1283.412827,0.459422,-1.122234,10.064212,0.000000,0.000000,0.000000,0.101562,0.093750,0.234375,2.597608,-6.356053,44.970182
1283.683287,0.459422,-1.122234,10.064212,0.000000,0.000000,0.000000,0.101562,0.093750,0.234375,2.597608,-6.356053,44.970182
1283.947861,0.459422,-1.122234,10.064212,0.000000,0.000000,0.000000,0.101562,0.093750,0.234375,2.597608,-6.356053,44.970182
1284.212437,0.459422,-1.122234,10.064212,0.000000,0.000000,0.000000,0.101562,0.093750,0.234375,2.597608,-6.356053,44.970182
1284.477539,0.459422,-1.122234,10.064212,0.000000,0.000000,0.000000,0.101562,0.093750,0.234375,2.597608,-6.356053,44.970182
1284.747301,0.459422,-1.122234,10.064212,0.000000,0.000000,0.000000,0.101562,0.093750,0.234375,2.597608,-6.356053,44.970182
1285.028815,0.459422,-1.122234,10.064212,0.000000,0.000000,0.000000,0.101562,0.093750,0.234375,2.597608,-6.356053,44.970182
1285.307840,0.459422,-1.122234,10.064212,0.000000,0.000000,0.000000,0.101562,0.093750,0.234375,2.597608,-6.356053,44.970182
1285.577433,0.459422,-1.122234,10.064212,0.000000,0.000000,0.000000,0.101562,0.093750,0.234375,2.597608,-6.356053,44.970182
1285.845166,0.459422,-1.122234,10.064212,0.000000,0.000000,0.000000,0.101562,0.093750,0.234375,2.597608,-6.356053,44.970182
1286.112464,0.459422,-1.122234,10.064212,0.000000,0.000000,0.000000,0.101562,0.093750,0.234375,2.597608,-6.356053,44.970182
1286.380077,0.459422,-1.122234,10.064212,0.000000,0.000000,0.000000,0.101562,0.093750,0.234375,2.597608,-6.356053,44.970182
1286.647440,0.459422,-1.122234,10.064212,0.000000,0.000000,0.000000,0.101562,0.093750,0.234375,2.597608,-6.356053,44.970182
1286.914804,0.459422,-1.122234,10.064212,0.000000,0.000000,0.000000,0.101562,0.093750,0.234375,2.597608,-6.356053,44.970182
1287.182194,0.459422,-1.122234,10.064212,0.000000,0.000000,0.000000,0.101562,0.093750,0.234375,2.597608,-6.356053,44.970182
1287.449771,0.459422,-1.122234,10.064212,0.000000,0.000000,0.000000,0.101562,0.093750,0.234375,2.597608,-6.356053,44.970182
1287.720805,0.459422,-1.122234,10.064212,0.000000,0.000000,0.000000,0.101562,0.093750,0.234375,2.597608,-6.356053,44.970182
1287.988643,0.459422,-1.122234,10.064212,0.000000,0.000000,0.000000,0.101562,0.093750,0.234375,2.597608,-6.356053,44.970182
1288.255753,0.459422,-1.122234,10.064212,0.000000,0.000000,0.000000,0.101562,0.093750,0.234375,2.597608,-6.356053,44.970182
1288.522978,0.459422,-1.122234,10.064212,0.000000,0.000000,0.000000,0.101562,0.093750,0.234375,2.597608,-6.356053,44.970182
1288.801134,0.459422,-1.122234,10.064212,0.000000,0.000000,0.000000,0.101562,0.093750,0.234375,2.597608,-6.356053,44.970182
1289.073382,0.459422,-1.122234,10.064212,0.000000,0.000000,0.000000,0.101562,0.093750,0.234375,2.597608,-6.356053,44.970182
1289.345094,0.459422,-1.122234,10.064212,0.000000,0.000000,0.000000,0.101562,0.093750,0.234375,2.597608,-6.356053,44.970182
1289.627484,0.459422,-1.122234,10.064212,0.000000,0.000000,0.000000,0.101562,0.093750,0.234375,2.597608,-6.356053,44.970182
1289.892208,0.459422,-1.122234,10.064212,0.000000,0.000000,0.000000,0.101562,0.093750,0.234375,2.597608,-6.356053,44.970182
1290.158283,0.459422,-1.122234,10.064212,0.000000,0.000000,0.000000,0.101562,0.093750,0.234375,2.597608,-6.356053,44.970182
1290.425626,0.459422,-1.122234,10.064212,0.000000,0.000000,0.000000,0.101562,0.093750,0.234375,2.597608,-6.356053,44.970182
1290.692862,0.459422,-1.122234,10.064212,0.000000,0.000000,0.000000,0.101562,0.093750,0.234375,2.597608,-6.356053,44.970182
1290.959988,0.459422,-1.122234,10.064212,0.000000,0.000000,0.000000,0.101562,0.093750,0.234375,2.597608,-6.356053,44.970182
1291.227392,0.459422,-1.122234,10.064212,0.000000,0.000000,0.000000,0.101562,0.093750,0.234375,2.597608,-6.356053,44.970182
1291.500586,0.459422,-1.122234,10.064212,0.000000,0.000000,0.000000,0.101562,0.093750,0.234375,2.597608,-6.356053,44.970182
1291.775929,0.459422,-1.122234,10.064212,0.000000,0.000000,0.000000,0.101562,0.093750,0.234375,2.597608,-6.356053,44.970182
1292.043220,0.459422,-1.122234,10.064212,0.000000,0.000000,0.000000,0.101562,0.093750,0.234375,2.597608,-6.356053,44.970182
1292.310659,0.459422,-1.122234,10.064212,0.000000,0.000000,0.000000,0.101562,0.093750,0.234375,2.597608,-6.356053,44.970182
1292.577857,0.459422,-1.122234,10.064212,0.000000,0.000000,0.000000,0.101562,0.093750,0.234375,2.597608,-6.356053,44.970182
1292.845339,0.459422,-1.122234,10.064212,0.000000,0.000000,0.000000,0.101562,0.093750,0.234375,2.597608,-6.356053,44.970182
1293.112610,0.459422,-1.122234,10.064212,0.000000,0.000000,0.000000,0.101562,0.093750,0.234375,2.597608,-6.356053,44.970182
1293.380093,0.459422,-1.122234,10.064212,0.000000,0.000000,0.000000,0.101562,0.093750,0.234375,2.597608,-6.356053,44.970182
1293.647451,0.459422,-1.122234,10.064212,0.000000,0.000000,0.000000,0.101562,0.093750,0.234375,2.597608,-6.356053,44.970182
1293.915067,0.459422,-1.122234,10.064212,0.000000,0.000000,0.000000,0.101562,0.093750,0.234375,2.597608,-6.356053,44.970182
1294.188957,0.459422,-1.122234,10.064212,0.000000,0.000000,0.000000,0.101562,0.093750,0.234375,2.597608,-6.356053,44.970182
1294.466130,0.459422,-1.122234,10.064212,0.000000,0.000000,0.000000,0.101562,0.093750,0.234375,2.597608,-6.356053,44.970182
1294.737746,0.459422,-1.122234,10.064212,0.000000,0.000000,0.000000,0.101562,0.093750,0.234375,2.597608,-6.356053,44.970182
1295.017619,0.459422,-1.122234,10.064212,0.000000,0.000000,0.000000,0.101562,0.093750,0.234375,2.597608,-6.356053,44.970182
1295.304975,0.459422,-1.122234,10.064212,0.000000,0.000000,0.000000,0.101562,0.093750,0.234375,2.597608,-6.356053,44.970182
1295.569875,0.459422,-1.122234,10.064212,0.000000,0.000000,0.000000,0.101562,0.093750,0.234375,2.597608,-6.356053,44.970182
1295.834887,0.459422,-1.122234,10.064212,0.000000,0.000000,0.000000,0.101562,0.093750,0.234375,2.597608,-6.356053,44.970182
1296.102326,0.459422,-1.122234,10.064212,0.000000,0.000000,0.000000,0.101562,0.093750,0.234375,2.597608,-6.356053,44.970182
1296.369334,0.459422,-1.122234,10.064212,0.000000,0.000000,0.000000,0.101562,0.093750,0.234375,2.597608,-6.356053,44.970182
1296.644990,0.459422,-1.122234,10.064212,0.000000,0.000000,0.000000,0.101562,0.093750,0.234375,2.597608,-6.356053,44.970182
1296.912414,0.459422,-1.122234,10.064212,0.000000,0.000000,0.000000,0.101562,0.093750,0.234375,2.597608,-6.356053,44.970182
1297.185619,0.459422,-1.122234,10.064212,0.000000,0.000000,0.000000,0.101562,0.093750,0.234375,2.597608,-6.356053,44.970182
1297.459494,0.459422,-1.122234,10.064212,0.000000,0.000000,0.000000,0.101562,0.093750,0.234375,2.597608,-6.356053,44.970182
1297.729129,0.459422,-1.122234,10.064212,0.000000,0.000000,0.000000,0.101562,0.093750,0.234375,2.597608,-6.356053,44.970182
1297.996461,0.459422,-1.122234,10.064212,0.000000,0.000000,0.000000,0.101562,0.093750,0.234375,2.597608,-6.356053,44.970182
1298.267725,0.459422,-1.122234,10.064212,0.000000,0.000000,0.000000,0.101562,0.093750,0.234375,2.597608,-6.356053,44.970182
1298.535079,0.459422,-1.122234,10.064212,0.000000,0.000000,0.000000,0.101562,0.093750,0.234375,2.597608,-6.356053,44.970182
1298.802721,0.459422,-1.122234,10.064212,0.000000,0.000000,0.000000,0.101562,0.093750,0.234375,2.597608,-6.356053,44.970182
1299.070018,0.459422,-1.122234,10.064212,0.000000,0.000000,0.000000,0.101562,0.093750,0.234375,2.597608,-6.356053,44.970182
1299.337872,0.459422,-1.122234,10.064212,0.000000,0.000000,0.000000,0.101562,0.093750,0.234375,2.597608,-6.356053,44.970182
1299.605676,0.459422,-1.122234,10.064212,0.000000,0.000000,0.000000,0.101562,0.093750,0.234375,2.597608,-6.356053,44.970182
1299.872937,0.459422,-1.122234,10.064212,0.000000,0.000000,0.000000,0.101562,0.093750,0.234375,2.597608,-6.356053,44.970182
1300.137778,0.459422,-1.122234,10.064212,0.000000,0.000000,0.000000,0.101562,0.093750,0.234375,2.597608,-6.356053,44.970182
1300.402718,0.459422,-1.122234,10.064212,0.000000,0.000000,0.000000,0.101562,0.093750,0.234375,2.597608,-6.356053,44.970182
1300.671755,0.459422,-1.122234,10.064212,0.000000,0.000000,0.000000,0.101562,0.093750,0.234375,2.597608,-6.356053,44.970182
1300.947855,0.459422,-1.122234,10.064212,0.000000,0.000000,0.000000,0.101562,0.093750,0.234375,2.597608,-6.356053,44.970182
1301.212502,0.459422,-1.122234,10.064212,0.000000,0.000000,0.000000,0.101562,0.093750,0.234375,2.597608,-6.356053,44.970182
1301.477526,0.459422,-1.122234,10.064212,0.000000,0.000000,0.000000,0.101562,0.093750,0.234375,2.597608,-6.356053,44.970182
1301.750971,0.459422,-1.122234,10.064212,0.000000,0.000000,0.000000,0.101562,0.093750,0.234375,2.597608,-6.356053,44.970182
1302.018152,0.459422,-1.122234,10.064212,0.000000,0.000000,0.000000,0.101562,0.093750,0.234375,2.597608,-6.356053,44.970182
1302.294218,0.459422,-1.122234,10.064212,0.000000,0.000000,0.000000,0.101562,0.093750,0.234375,2.597608,-6.356053,44.970182
1302.571136,0.459422,-1.122234,10.064212,0.000000,0.000000,0.000000,0.101562,0.093750,0.234375,2.597608,-6.356053,44.970182
1302.838654,0.459422,-1.122234,10.064212,0.000000,0.000000,0.000000,0.101562,0.093750,0.234375,2.597608,-6.356053,44.970182
1303.105816,0.459422,-1.122234,10.064212,0.000000,0.000000,0.000000,0.101562,0.093750,0.234375,2.597608,-6.356053,44.970182
1303.372939,0.459422,-1.122234,10.064212,0.000000,0.000000,0.000000,0.101562,0.093750,0.234375,2.597608,-6.356053,44.970182
1303.640457,0.459422,-1.122234,10.064212,0.000000,0.000000,0.000000,0.101562,0.093750,0.234375,2.597608,-6.356053,44.970182
1303.907899,0.459422,-1.122234,10.064212,0.000000,0.000000,0.000000,0.101562,0.093750,0.234375,2.597608,-6.356053,44.970182
1304.183390,0.459422,-1.122234,10.064212,0.000000,0.000000,0.000000,0.101562,0.093750,0.234375,2.597608,-6.356053,44.970182
1304.453789,0.459422,-1.122234,10.064212,0.000000,0.000000,0.000000,0.101562,0.093750,0.234375,2.597608,-6.356053,44.970182
1304.721073,0.459422,-1.122234,10.064212,0.000000,0.000000,0.000000,0.101562,0.093750,0.234375,2.597608,-6.356053,44.970182
1304.998169,0.459422,-1.122234,10.064212,0.000000,0.000000,0.000000,0.101562,0.093750,0.234375,2.597608,-6.356053,44.970182
1305.270503,0.459422,-1.122234,10.064212,0.000000,0.000000,0.000000,0.101562,0.093750,0.234375,2.597608,-6.356053,44.970182
1305.535462,0.459422,-1.122234,10.064212,0.000000,0.000000,0.000000,0.101562,0.093750,0.234375,2.597608,-6.356053,44.970182
1305.800240,0.459422,-1.122234,10.064212,0.000000,0.000000,0.000000,0.101562,0.093750,0.234375,2.597608,-6.356053,44.970182
1306.075532,0.459422,-1.122234,10.064212,0.000000,0.000000,0.000000,0.101562,0.093750,0.234375,2.597608,-6.356053,44.970182
1306.350418,0.459422,-1.122234,10.064212,0.000000,0.000000,0.000000,0.101562,0.093750,0.234375,2.597608,-6.356053,44.970182
1306.615579,0.459422,-1.122234,10.064212,0.000000,0.000000,0.000000,0.101562,0.093750,0.234375,2.597608,-6.356053,44.970182
1306.880512,0.459422,-1.122234,10.064212,0.000000,0.000000,0.000000,0.101562,0.093750,0.234375,2.597608,-6.356053,44.970182
1307.147828,0.459422,-1.122234,10.064212,0.000000,0.000000,0.000000,0.101562,0.093750,0.234375,2.597608,-6.356053,44.970182
1307.415309,0.459422,-1.122234,10.064212,0.000000,0.000000,0.000000,0.101562,0.093750,0.234375,2.597608,-6.356053,44.970182
1307.682712,0.459422,-1.122234,10.064212,0.000000,0.000000,0.000000,0.101562,0.093750,0.234375,2.597608,-6.356053,44.970182
1307.950185,0.459422,-1.122234,10.064212,0.000000,0.000000,0.000000,0.101562,0.093750,0.234375,2.597608,-6.356053,44.970182
1308.217752,0.459422,-1.122234,10.064212,0.000000,0.000000,0.000000,0.101562,0.093750,0.234375,2.597608,-6.356053,44.970182
1308.484966,0.459422,-1.122234,10.064212,0.000000,0.000000,0.000000,0.101562,0.093750,0.234375,2.597608,-6.356053,44.970182
1308.755822,0.459422,-1.122234,10.064212,0.000000,0.000000,0.000000,0.101562,0.093750,0.234375,2.597608,-6.356053,44.970182
1309.023316,0.459422,-1.122234,10.064212,0.000000,0.000000,0.000000,0.101562,0.093750,0.234375,2.597608,-6.356053,44.970182
1309.290359,0.459422,-1.122234,10.064212,0.000000,0.000000,0.000000,0.101562,0.093750,0.234375,2.597608,-6.356053,44.970182
1309.558050,0.459422,-1.122234,10.064212,0.000000,0.000000,0.000000,0.101562,0.093750,0.234375,2.597608,-6.356053,44.970182
1309.825434,0.459422,-1.122234,10.064212,0.000000,0.000000,0.000000,0.101562,0.093750,0.234375,2.597608,-6.356053,44.970182
1310.092620,0.459422,-1.122234,10.064212,0.000000,0.000000,0.000000,0.101562,0.093750,0.234375,2.597608,-6.356053,44.970182
1310.359967,0.459422,-1.122234,10.064212,0.000000,0.000000,0.000000,0.101562,0.093750,0.234375,2.597608,-6.356053,44.970182
1310.627371,0.459422,-1.122234,10.064212,0.000000,0.000000,0.000000,0.101562,0.093750,0.234375,2.597608,-6.356053,44.970182
1310.895062,0.459422,-1.122234,10.064212,0.000000,0.000000,0.000000,0.101562,0.093750,0.234375,2.597608,-6.356053,44.970182
1311.162289,0.459422,-1.122234,10.064212,0.000000,0.000000,0.000000,0.101562,0.093750,0.234375,2.597608,-6.356053,44.970182
1311.430298,0.459422,-1.122234,10.064212,0.000000,0.000000,0.000000,0.101562,0.093750,0.234375,2.597608,-6.356053,44.970182
1311.711817,0.459422,-1.122234,10.064212,0.000000,0.000000,0.000000,0.101562,0.093750,0.234375,2.597608,-6.356053,44.970182
1311.987437,0.459422,-1.122234,10.064212,0.000000,0.000000,0.000000,0.101562,0.093750,0.234375,2.597608,-6.356053,44.970182
1312.252068,0.459422,-1.122234,10.064212,0.000000,0.000000,0.000000,0.101562,0.093750,0.234375,2.597608,-6.356053,44.970182
1312.517004,0.459422,-1.122234,10.064212,0.000000,0.000000,0.000000,0.101562,0.093750,0.234375,2.597608,-6.356053,44.970182
1312.788586,0.459422,-1.122234,10.064212,0.000000,0.000000,0.000000,0.101562,0.093750,0.234375,2.597608,-6.356053,44.970182
1313.062963,0.459422,-1.122234,10.064212,0.000000,0.000000,0.000000,0.101562,0.093750,0.234375,2.597608,-6.356053,44.970182
1313.330245,0.459422,-1.122234,10.064212,0.000000,0.000000,0.000000,0.101562,0.093750,0.234375,2.597608,-6.356053,44.970182
1313.597697,0.459422,-1.122234,10.064212,0.000000,0.000000,0.000000,0.101562,0.093750,0.234375,2.597608,-6.356053,44.970182
1313.865225,0.459422,-1.122234,10.064212,0.000000,0.000000,0.000000,0.101562,0.093750,0.234375,2.597608,-6.356053,44.970182
1314.132558,0.459422,-1.122234,10.064212,0.000000,0.000000,0.000000,0.101562,0.093750,0.234375,2.597608,-6.356053,44.970182
1314.399668,0.459422,-1.122234,10.064212,0.000000,0.000000,0.000000,0.101562,0.093750,0.234375,2.597608,-6.356053,44.970182
1314.666483,0.459422,-1.122234,10.064212,0.000000,0.000000,0.000000,0.101562,0.093750,0.234375,2.597608,-6.356053,44.970182
1314.933905,0.459422,-1.122234,10.064212,0.000000,0.000000,0.000000,0.101562,0.093750,0.234375,2.597608,-6.356053,44.970182
1315.200905,0.459422,-1.122234,10.064212,0.000000,0.000000,0.000000,0.101562,0.093750,0.234375,2.597608,-6.356053,44.970182
1315.471590,0.459422,-1.122234,10.064212,0.000000,0.000000,0.000000,0.101562,0.093750,0.234375,2.597608,-6.356053,44.970182
1315.736466,0.459422,-1.122234,10.064212,0.000000,0.000000,0.000000,0.101562,0.093750,0.234375,2.597608,-6.356053,44.970182
1316.001433,0.459422,-1.122234,10.064212,0.000000,0.000000,0.000000,0.101562,0.093750,0.234375,2.597608,-6.356053,44.970182
1316.270023,0.459422,-1.122234,10.064212,0.000000,0.000000,0.000000,0.101562,0.093750,0.234375,2.597608,-6.356053,44.970182
1316.537858,0.459422,-1.122234,10.064212,0.000000,0.000000,0.000000,0.101562,0.093750,0.234375,2.597608,-6.356053,44.970182
1316.815382,0.459422,-1.122234,10.064212,0.000000,0.000000,0.000000,0.101562,0.093750,0.234375,2.597608,-6.356053,44.970182
1317.101601,0.459422,-1.122234,10.064212,0.000000,0.000000,0.000000,0.101562,0.093750,0.234375,2.597608,-6.356053,44.970182
1317.372570,0.459422,-1.122234,10.064212,0.000000,0.000000,0.000000,0.101562,0.093750,0.234375,2.597608,-6.356053,44.970182
1317.637534,0.459422,-1.122234,10.064212,0.000000,0.000000,0.000000,0.101562,0.093750,0.234375,2.597608,-6.356053,44.970182
1317.902244,0.459422,-1.122234,10.064212,0.000000,0.000000,0.000000,0.101562,0.093750,0.234375,2.597608,-6.356053,44.970182
1318.173043,0.459422,-1.122234,10.064212,0.000000,0.000000,0.000000,0.101562,0.093750,0.234375,2.597608,-6.356053,44.970182
1318.439697,0.459422,-1.122234,10.064212,0.000000,0.000000,0.000000,0.101562,0.093750,0.234375,2.597608,-6.356053,44.970182
1318.707135,0.459422,-1.122234,10.064212,0.000000,0.000000,0.000000,0.101562,0.093750,0.234375,2.597608,-6.356053,44.970182
1318.978415,0.459422,-1.122234,10.064212,0.000000,0.000000,0.000000,0.101562,0.093750,0.234375,2.597608,-6.356053,44.970182
1319.245817,0.459422,-1.122234,10.064212,0.000000,0.000000,0.000000,0.101562,0.093750,0.234375,2.597608,-6.356053,44.970182
1319.513067,0.459422,-1.122234,10.064212,0.000000,0.000000,0.000000,0.101562,0.093750,0.234375,2.597608,-6.356053,44.970182
1319.780459,0.459422,-1.122234,10.064212,0.000000,0.000000,0.000000,0.101562,0.093750,0.234375,2.597608,-6.356053,44.970182
1320.047667,0.459422,-1.122234,10.064212,0.000000,0.000000,0.000000,0.101562,0.093750,0.234375,2.597608,-6.356053,44.970182
1320.315112,0.459422,-1.122234,10.064212,0.000000,0.000000,0.000000,0.101562,0.093750,0.234375,2.597608,-6.356053,44.970182
1320.582542,0.459422,-1.122234,10.064212,0.000000,0.000000,0.000000,0.101562,0.093750,0.234375,2.597608,-6.356053,44.970182
1320.849923,0.459422,-1.122234,10.064212,0.000000,0.000000,0.000000,0.101562,0.093750,0.234375,2.597608,-6.356053,44.970182
1321.116990,0.459422,-1.122234,10.064212,0.000000,0.000000,0.000000,0.101562,0.093750,0.234375,2.597608,-6.356053,44.970182
1321.384092,0.459422,-1.122234,10.064212,0.000000,0.000000,0.000000,0.101562,0.093750,0.234375,2.597608,-6.356053,44.970182
1321.661086,0.459422,-1.122234,10.064212,0.000000,0.000000,0.000000,0.101562,0.093750,0.234375,2.597608,-6.356053,44.970182
1321.949847,0.459422,-1.122234,10.064212,0.000000,0.000000,0.000000,0.101562,0.093750,0.234375,2.597608,-6.356053,44.970182
1322.220472,0.459422,-1.122234,10.064212,0.000000,0.000000,0.000000,0.101562,0.093750,0.234375,2.597608,-6.356053,44.970182
1322.492314,0.459422,-1.122234,10.064212,0.000000,0.000000,0.000000,0.101562,0.093750,0.234375,2.597608,-6.356053,44.970182
1322.759569,0.459422,-1.122234,10.064212,0.000000,0.000000,0.000000,0.101562,0.093750,0.234375,2.597608,-6.356053,44.970182
1323.024444,0.459422,-1.122234,10.064212,0.000000,0.000000,0.000000,0.101562,0.093750,0.234375,2.597608,-6.356053,44.970182
1323.289375,0.459422,-1.122234,10.064212,0.000000,0.000000,0.000000,0.101562,0.093750,0.234375,2.597608,-6.356053,44.970182
1323.556391,0.459422,-1.122234,10.064212,0.000000,0.000000,0.000000,0.101562,0.093750,0.234375,2.597608,-6.356053,44.970182
1323.822652,0.459422,-1.122234,10.064212,0.000000,0.000000,0.000000,0.101562,0.093750,0.234375,2.597608,-6.356053,44.970182
1324.093879,0.459422,-1.122234,10.064212,0.000000,0.000000,0.000000,0.101562,0.093750,0.234375,2.597608,-6.356053,44.970182
1324.377021,0.459422,-1.122234,10.064212,0.000000,0.000000,0.000000,0.101562,0.093750,0.234375,2.597608,-6.356053,44.970182
1324.647924,0.459422,-1.122234,10.064212,0.000000,0.000000,0.000000,0.101562,0.093750,0.234375,2.597608,-6.356053,44.970182
1324.912631,0.459422,-1.122234,10.064212,0.000000,0.000000,0.000000,0.101562,0.093750,0.234375,2.597608,-6.356053,44.970182
1325.177678,0.459422,-1.122234,10.064212,0.000000,0.000000,0.000000,0.101562,0.093750,0.234375,2.597608,-6.356053,44.970182
1325.442672,0.459422,-1.122234,10.064212,0.000000,0.000000,0.000000,0.101562,0.093750,0.234375,2.597608,-6.356053,44.970182
1325.714682,0.459422,-1.122234,10.064212,0.000000,0.000000,0.000000,0.101562,0.093750,0.234375,2.597608,-6.356053,44.970182
1325.979582,0.459422,-1.122234,10.064212,0.000000,0.000000,0.000000,0.101562,0.093750,0.234375,2.597608,-6.356053,44.970182
1326.244269,0.459422,-1.122234,10.064212,0.000000,0.000000,0.000000,0.101562,0.093750,0.234375,2.597608,-6.356053,44.970182
1326.509202,0.459422,-1.122234,10.064212,0.000000,0.000000,0.000000,0.101562,0.093750,0.234375,2.597608,-6.356053,44.970182
1326.774094,0.459422,-1.122234,10.064212,0.000000,0.000000,0.000000,0.101562,0.093750,0.234375,2.597608,-6.356053,44.970182
1327.041349,0.459422,-1.122234,10.064212,0.000000,0.000000,0.000000,0.101562,0.093750,0.234375,2.597608,-6.356053,44.970182
1327.308714,0.459422,-1.122234,10.064212,0.000000,0.000000,0.000000,0.101562,0.093750,0.234375,2.597608,-6.356053,44.970182
1327.575945,0.459422,-1.122234,10.064212,0.000000,0.000000,0.000000,0.101562,0.093750,0.234375,2.597608,-6.356053,44.970182
1327.843352,0.459422,-1.122234,10.064212,0.000000,0.000000,0.000000,0.101562,0.093750,0.234375,2.597608,-6.356053,44.970182
1328.156415,0.459422,-1.122234,10.064212,0.000000,0.000000,0.000000,0.101562,0.093750,0.234375,2.597608,-6.356053,44.970182
1328.440918,0.459422,-1.122234,10.064212,0.000000,0.000000,0.000000,0.101562,0.093750,0.234375,2.597608,-6.356053,44.970182
1328.717649,0.459422,-1.122234,10.064212,0.000000,0.000000,0.000000,0.101562,0.093750,0.234375,2.597608,-6.356053,44.970182
1328.993330,0.459422,-1.122234,10.064212,0.000000,0.000000,0.000000,0.101562,0.093750,0.234375,2.597608,-6.356053,44.970182
1329.263086,0.459422,-1.122234,10.064212,0.000000,0.000000,0.000000,0.101562,0.093750,0.234375,2.597608,-6.356053,44.970182
1329.537452,0.459422,-1.122234,10.064212,0.000000,0.000000,0.000000,0.101562,0.093750,0.234375,2.597608,-6.356053,44.970182
1329.802508,0.459422,-1.122234,10.064212,0.000000,0.000000,0.000000,0.101562,0.093750,0.234375,2.597608,-6.356053,44.970182
1330.067543,0.459422,-1.122234,10.064212,0.000000,0.000000,0.000000,0.101562,0.093750,0.234375,2.597608,-6.356053,44.970182
1330.334296,0.459422,-1.122234,10.064212,0.000000,0.000000,0.000000,0.101562,0.093750,0.234375,2.597608,-6.356053,44.970182
1330.601258,0.459422,-1.122234,10.064212,0.000000,0.000000,0.000000,0.101562,0.093750,0.234375,2.597608,-6.356053,44.970182
1330.868400,0.459422,-1.122234,10.064212,0.000000,0.000000,0.000000,0.101562,0.093750,0.234375,2.597608,-6.356053,44.970182
1331.135403,0.459422,-1.122234,10.064212,0.000000,0.000000,0.000000,0.101562,0.093750,0.234375,2.597608,-6.356053,44.970182
1331.402281,0.459422,-1.122234,10.064212,0.000000,0.000000,0.000000,0.101562,0.093750,0.234375,2.597608,-6.356053,44.970182
1331.669820,0.459422,-1.122234,10.064212,0.000000,0.000000,0.000000,0.101562,0.093750,0.234375,2.597608,-6.356053,44.970182
1331.944322,0.459422,-1.122234,10.064212,0.000000,0.000000,0.000000,0.101562,0.093750,0.234375,2.597608,-6.356053,44.970182
1332.215476,0.459422,-1.122234,10.064212,0.000000,0.000000,0.000000,0.101562,0.093750,0.234375,2.597608,-6.356053,44.970182
1332.482501,0.459422,-1.122234,10.064212,0.000000,0.000000,0.000000,0.101562,0.093750,0.234375,2.597608,-6.356053,44.970182
1332.749945,0.459422,-1.122234,10.064212,0.000000,0.000000,0.000000,0.101562,0.093750,0.234375,2.597608,-6.356053,44.970182
1333.017028,0.459422,-1.122234,10.064212,0.000000,0.000000,0.000000,0.101562,0.093750,0.234375,2.597608,-6.356053,44.970182
1333.284207,0.459422,-1.122234,10.064212,0.000000,0.000000,0.000000,0.101562,0.093750,0.234375,2.597608,-6.356053,44.970182
1333.551206,0.459422,-1.122234,10.064212,0.000000,0.000000,0.000000,0.101562,0.093750,0.234375,2.597608,-6.356053,44.970182
1333.818261,0.459422,-1.122234,10.064212,0.000000,0.000000,0.000000,0.101562,0.093750,0.234375,2.597608,-6.356053,44.970182
1334.101645,0.459422,-1.122234,10.064212,0.000000,0.000000,0.000000,0.101562,0.093750,0.234375,2.597608,-6.356053,44.970182
1334.372369,0.459422,-1.122234,10.064212,0.000000,0.000000,0.000000,0.101562,0.093750,0.234375,2.597608,-6.356053,44.970182
1334.637471,0.459422,-1.122234,10.064212,0.000000,0.000000,0.000000,0.101562,0.093750,0.234375,2.597608,-6.356053,44.970182
1334.902319,0.459422,-1.122234,10.064212,0.000000,0.000000,0.000000,0.101562,0.093750,0.234375,2.597608,-6.356053,44.970182
1335.167276,0.459422,-1.122234,10.064212,0.000000,0.000000,0.000000,0.101562,0.093750,0.234375,2.597608,-6.356053,44.970182
1335.455315,0.459422,-1.122234,10.064212,0.000000,0.000000,0.000000,0.101562,0.093750,0.234375,2.597608,-6.356053,44.970182
1335.726003,0.459422,-1.122234,10.064212,0.000000,0.000000,0.000000,0.101562,0.093750,0.234375,2.597608,-6.356053,44.970182
1336.015169,0.459422,-1.122234,10.064212,0.000000,0.000000,0.000000,0.101562,0.093750,0.234375,2.597608,-6.356053,44.970182
1336.279834,0.459422,-1.122234,10.064212,0.000000,0.000000,0.000000,0.101562,0.093750,0.234375,2.597608,-6.356053,44.970182
1336.545279,0.459422,-1.122234,10.064212,0.000000,0.000000,0.000000,0.101562,0.093750,0.234375,2.597608,-6.356053,44.970182
1336.812703,0.459422,-1.122234,10.064212,0.000000,0.000000,0.000000,0.101562,0.093750,0.234375,2.597608,-6.356053,44.970182
1337.079898,0.459422,-1.122234,10.064212,0.000000,0.000000,0.000000,0.101562,0.093750,0.234375,2.597608,-6.356053,44.970182
1337.347355,0.459422,-1.122234,10.064212,0.000000,0.000000,0.000000,0.101562,0.093750,0.234375,2.597608,-6.356053,44.970182
1337.614832,0.459422,-1.122234,10.064212,0.000000,0.000000,0.000000,0.101562,0.093750,0.234375,2.597608,-6.356053,44.970182
1337.890265,0.459422,-1.122234,10.064212,0.000000,0.000000,0.000000,0.101562,0.093750,0.234375,2.597608,-6.356053,44.970182
1338.167980,0.459422,-1.122234,10.064212,0.000000,0.000000,0.000000,0.101562,0.093750,0.234375,2.597608,-6.356053,44.970182
1338.435192,0.459422,-1.122234,10.064212,0.000000,0.000000,0.000000,0.101562,0.093750,0.234375,2.597608,-6.356053,44.970182
1338.702346,0.459422,-1.122234,10.064212,0.000000,0.000000,0.000000,0.101562,0.093750,0.234375,2.597608,-6.356053,44.970182
1338.969681,0.459422,-1.122234,10.064212,0.000000,0.000000,0.000000,0.101562,0.093750,0.234375,2.597608,-6.356053,44.970182
1339.237514,0.459422,-1.122234,10.064212,0.000000,0.000000,0.000000,0.101562,0.093750,0.234375,2.597608,-6.356053,44.970182
1339.504954,0.459422,-1.122234,10.064212,0.000000,0.000000,0.000000,0.101562,0.093750,0.234375,2.597608,-6.356053,44.970182
1339.778020,0.459422,-1.122234,10.064212,0.000000,0.000000,0.000000,0.101562,0.093750,0.234375,2.597608,-6.356053,44.970182
1340.045899,0.459422,-1.122234,10.064212,0.000000,0.000000,0.000000,0.101562,0.093750,0.234375,2.597608,-6.356053,44.970182
1340.310799,0.459422,-1.122234,10.064212,0.000000,0.000000,0.000000,0.101562,0.093750,0.234375,2.597608,-6.356053,44.970182
1340.575578,0.459422,-1.122234,10.064212,0.000000,0.000000,0.000000,0.101562,0.093750,0.234375,2.597608,-6.356053,44.970182
1340.840226,0.459422,-1.122234,10.064212,0.000000,0.000000,0.000000,0.101562,0.093750,0.234375,2.597608,-6.356053,44.970182
1341.105834,0.459422,-1.122234,10.064212,0.000000,0.000000,0.000000,0.101562,0.093750,0.234375,2.597608,-6.356053,44.970182
1341.372964,0.459422,-1.122234,10.064212,0.000000,0.000000,0.000000,0.101562,0.093750,0.234375,2.597608,-6.356053,44.970182
1341.640135,0.459422,-1.122234,10.064212,0.000000,0.000000,0.000000,0.101562,0.093750,0.234375,2.597608,-6.356053,44.970182
1341.907676,0.459422,-1.122234,10.064212,0.000000,0.000000,0.000000,0.101562,0.093750,0.234375,2.597608,-6.356053,44.970182
1342.175389,0.459422,-1.122234,10.064212,0.000000,0.000000,0.000000,0.101562,0.093750,0.234375,2.597608,-6.356053,44.970182
1342.442553,0.459422,-1.122234,10.064212,0.000000,0.000000,0.000000,0.101562,0.093750,0.234375,2.597608,-6.356053,44.970182
1342.710430,0.459422,-1.122234,10.064212,0.000000,0.000000,0.000000,0.101562,0.093750,0.234375,2.597608,-6.356053,44.970182
1342.986050,0.459422,-1.122234,10.064212,0.000000,0.000000,0.000000,0.101562,0.093750,0.234375,2.597608,-6.356053,44.970182
1343.255245,0.459422,-1.122234,10.064212,0.000000,0.000000,0.000000,0.101562,0.093750,0.234375,2.597608,-6.356053,44.970182
1343.522297,0.459422,-1.122234,10.064212,0.000000,0.000000,0.000000,0.101562,0.093750,0.234375,2.597608,-6.356053,44.970182
1343.789817,0.459422,-1.122234,10.064212,0.000000,0.000000,0.000000,0.101562,0.093750,0.234375,2.597608,-6.356053,44.970182
1344.057263,0.459422,-1.122234,10.064212,0.000000,0.000000,0.000000,0.101562,0.093750,0.234375,2.597608,-6.356053,44.970182
1344.324727,0.459422,-1.122234,10.064212,0.000000,0.000000,0.000000,0.101562,0.093750,0.234375,2.597608,-6.356053,44.970182
1344.591758,0.459422,-1.122234,10.064212,0.000000,0.000000,0.000000,0.101562,0.093750,0.234375,2.597608,-6.356053,44.970182
1344.859207,0.459422,-1.122234,10.064212,0.000000,0.000000,0.000000,0.101562,0.093750,0.234375,2.597608,-6.356053,44.970182
1345.156745,0.459422,-1.122234,10.064212,0.000000,0.000000,0.000000,0.101562,0.093750,0.234375,2.597608,-6.356053,44.970182
1345.424804,0.459422,-1.122234,10.064212,0.000000,0.000000,0.000000,0.101562,0.093750,0.234375,2.597608,-6.356053,44.970182
1345.689632,0.459422,-1.122234,10.064212,0.000000,0.000000,0.000000,0.101562,0.093750,0.234375,2.597608,-6.356053,44.970182
1345.954687,0.459422,-1.122234,10.064212,0.000000,0.000000,0.000000,0.101562,0.093750,0.234375,2.597608,-6.356053,44.970182
1346.227343,0.459422,-1.122234,10.064212,0.000000,0.000000,0.000000,0.101562,0.093750,0.234375,2.597608,-6.356053,44.970182
1346.494545,0.459422,-1.122234,10.064212,0.000000,0.000000,0.000000,0.101562,0.093750,0.234375,2.597608,-6.356053,44.970182
1346.761671,0.459422,-1.122234,10.064212,0.000000,0.000000,0.000000,0.101562,0.093750,0.234375,2.597608,-6.356053,44.970182
1347.029000,0.459422,-1.122234,10.064212,0.000000,0.000000,0.000000,0.101562,0.093750,0.234375,2.597608,-6.356053,44.970182
1347.296096,0.459422,-1.122234,10.064212,0.000000,0.000000,0.000000,0.101562,0.093750,0.234375,2.597608,-6.356053,44.970182
1347.571551,0.459422,-1.122234,10.064212,0.000000,0.000000,0.000000,0.101562,0.093750,0.234375,2.597608,-6.356053,44.970182
1347.850029,0.459422,-1.122234,10.064212,0.000000,0.000000,0.000000,0.101562,0.093750,0.234375,2.597608,-6.356053,44.970182
1348.117352,0.459422,-1.122234,10.064212,0.000000,0.000000,0.000000,0.101562,0.093750,0.234375,2.597608,-6.356053,44.970182
1348.384304,0.459422,-1.122234,10.064212,0.000000,0.000000,0.000000,0.101562,0.093750,0.234375,2.597608,-6.356053,44.970182
1348.651249,0.459422,-1.122234,10.064212,0.000000,0.000000,0.000000,0.101562,0.093750,0.234375,2.597608,-6.356053,44.970182
1348.924727,0.459422,-1.122234,10.064212,0.000000,0.000000,0.000000,0.101562,0.093750,0.234375,2.597608,-6.356053,44.970182
1349.199112,0.459422,-1.122234,10.064212,0.000000,0.000000,0.000000,0.101562,0.093750,0.234375,2.597608,-6.356053,44.970182
1349.466309,0.459422,-1.122234,10.064212,0.000000,0.000000,0.000000,0.101562,0.093750,0.234375,2.597608,-6.356053,44.970182
1349.733752,0.459422,-1.122234,10.064212,0.000000,0.000000,0.000000,0.101562,0.093750,0.234375,2.597608,-6.356053,44.970182
1350.000827,0.459422,-1.122234,10.064212,0.000000,0.000000,0.000000,0.101562,0.093750,0.234375,2.597608,-6.356053,44.970182
1350.268076,0.459422,-1.122234,10.064212,0.000000,0.000000,0.000000,0.101562,0.093750,0.234375,2.597608,-6.356053,44.970182
1350.540922,0.459422,-1.122234,10.064212,0.000000,0.000000,0.000000,0.101562,0.093750,0.234375,2.597608,-6.356053,44.970182
1350.815504,0.459422,-1.122234,10.064212,0.000000,0.000000,0.000000,0.101562,0.093750,0.234375,2.597608,-6.356053,44.970182
1351.080029,0.459422,-1.122234,10.064212,0.000000,0.000000,0.000000,0.101562,0.093750,0.234375,2.597608,-6.356053,44.970182
1351.344860,0.459422,-1.122234,10.064212,0.000000,0.000000,0.000000,0.101562,0.093750,0.234375,2.597608,-6.356053,44.970182
1351.609687,0.459422,-1.122234,10.064212,0.000000,0.000000,0.000000,0.101562,0.093750,0.234375,2.597608,-6.356053,44.970182
1351.874734,0.459422,-1.122234,10.064212,0.000000,0.000000,0.000000,0.101562,0.093750,0.234375,2.597608,-6.356053,44.970182
1352.150506,0.459422,-1.122234,10.064212,0.000000,0.000000,0.000000,0.101562,0.093750,0.234375,2.597608,-6.356053,44.970182
1352.417931,0.459422,-1.122234,10.064212,0.000000,0.000000,0.000000,0.101562,0.093750,0.234375,2.597608,-6.356053,44.970182
1352.685134,0.459422,-1.122234,10.064212,0.000000,0.000000,0.000000,0.101562,0.093750,0.234375,2.597608,-6.356053,44.970182
1352.952111,0.459422,-1.122234,10.064212,0.000000,0.000000,0.000000,0.101562,0.093750,0.234375,2.597608,-6.356053,44.970182
1353.219285,0.459422,-1.122234,10.064212,0.000000,0.000000,0.000000,0.101562,0.093750,0.234375,2.597608,-6.356053,44.970182
1353.486660,0.459422,-1.122234,10.064212,0.000000,0.000000,0.000000,0.101562,0.093750,0.234375,2.597608,-6.356053,44.970182
1353.753933,0.459422,-1.122234,10.064212,0.000000,0.000000,0.000000,0.101562,0.093750,0.234375,2.597608,-6.356053,44.970182
1354.020982,0.459422,-1.122234,10.064212,0.000000,0.000000,0.000000,0.101562,0.093750,0.234375,2.597608,-6.356053,44.970182
1354.288164,0.459422,-1.122234,10.064212,0.000000,0.000000,0.000000,0.101562,0.093750,0.234375,2.597608,-6.356053,44.970182
1354.555958,0.459422,-1.122234,10.064212,0.000000,0.000000,0.000000,0.101562,0.093750,0.234375,2.597608,-6.356053,44.970182
1354.823339,0.459422,-1.122234,10.064212,0.000000,0.000000,0.000000,0.101562,0.093750,0.234375,2.597608,-6.356053,44.970182
1355.090651,0.459422,-1.122234,10.064212,0.000000,0.000000,0.000000,0.101562,0.093750,0.234375,2.597608,-6.356053,44.970182
1355.362971,0.459422,-1.122234,10.064212,0.000000,0.000000,0.000000,0.101562,0.093750,0.234375,2.597608,-6.356053,44.970182
1355.634693,0.459422,-1.122234,10.064212,0.000000,0.000000,0.000000,0.101562,0.093750,0.234375,2.597608,-6.356053,44.970182
1355.899692,0.459422,-1.122234,10.064212,0.000000,0.000000,0.000000,0.101562,0.093750,0.234375,2.597608,-6.356053,44.970182
1356.175462,0.459422,-1.122234,10.064212,0.000000,0.000000,0.000000,0.101562,0.093750,0.234375,2.597608,-6.356053,44.970182
1356.455514,0.459422,-1.122234,10.064212,0.000000,0.000000,0.000000,0.101562,0.093750,0.234375,2.597608,-6.356053,44.970182
1356.725808,0.459422,-1.122234,10.064212,0.000000,0.000000,0.000000,0.101562,0.093750,0.234375,2.597608,-6.356053,44.970182
1356.990936,0.459422,-1.122234,10.064212,0.000000,0.000000,0.000000,0.101562,0.093750,0.234375,2.597608,-6.356053,44.970182
1357.269309,0.459422,-1.122234,10.064212,0.000000,0.000000,0.000000,0.101562,0.093750,0.234375,2.597608,-6.356053,44.970182
1357.549684,0.459422,-1.122234,10.064212,0.000000,0.000000,0.000000,0.101562,0.093750,0.234375,2.597608,-6.356053,44.970182
1357.826388,0.459422,-1.122234,10.064212,0.000000,0.000000,0.000000,0.101562,0.093750,0.234375,2.597608,-6.356053,44.970182
1358.098031,0.459422,-1.122234,10.064212,0.000000,0.000000,0.000000,0.101562,0.093750,0.234375,2.597608,-6.356053,44.970182
1358.365733,0.459422,-1.122234,10.064212,0.000000,0.000000,0.000000,0.101562,0.093750,0.234375,2.597608,-6.356053,44.970182
1358.633267,0.459422,-1.122234,10.064212,0.000000,0.000000,0.000000,0.101562,0.093750,0.234375,2.597608,-6.356053,44.970182
1358.900545,0.459422,-1.122234,10.064212,0.000000,0.000000,0.000000,0.101562,0.093750,0.234375,2.597608,-6.356053,44.970182
1359.167676,0.459422,-1.122234,10.064212,0.000000,0.000000,0.000000,0.101562,0.093750,0.234375,2.597608,-6.356053,44.970182
1359.434889,0.459422,-1.122234,10.064212,0.000000,0.000000,0.000000,0.101562,0.093750,0.234375,2.597608,-6.356053,44.970182
1359.702261,0.459422,-1.122234,10.064212,0.000000,0.000000,0.000000,0.101562,0.093750,0.234375,2.597608,-6.356053,44.970182
1359.969654,0.459422,-1.122234,10.064212,0.000000,0.000000,0.000000,0.101562,0.093750,0.234375,2.597608,-6.356053,44.970182
1360.236731,0.459422,-1.122234,10.064212,0.000000,0.000000,0.000000,0.101562,0.093750,0.234375,2.597608,-6.356053,44.970182
1360.503454,0.459422,-1.122234,10.064212,0.000000,0.000000,0.000000,0.101562,0.093750,0.234375,2.597608,-6.356053,44.970182
1360.775751,0.459422,-1.122234,10.064212,0.000000,0.000000,0.000000,0.101562,0.093750,0.234375,2.597608,-6.356053,44.970182
1361.043256,0.459422,-1.122234,10.064212,0.000000,0.000000,0.000000,0.101562,0.093750,0.234375,2.597608,-6.356053,44.970182
1361.311230,0.459422,-1.122234,10.064212,0.000000,0.000000,0.000000,0.101562,0.093750,0.234375,2.597608,-6.356053,44.970182
1361.598924,0.459422,-1.122234,10.064212,0.000000,0.000000,0.000000,0.101562,0.093750,0.234375,2.597608,-6.356053,44.970182
1361.869042,0.459422,-1.122234,10.064212,0.000000,0.000000,0.000000,0.101562,0.093750,0.234375,2.597608,-6.356053,44.970182
1362.134140,0.459422,-1.122234,10.064212,0.000000,0.000000,0.000000,0.101562,0.093750,0.234375,2.597608,-6.356053,44.970182
1362.398911,0.459422,-1.122234,10.064212,0.000000,0.000000,0.000000,0.101562,0.093750,0.234375,2.597608,-6.356053,44.970182
1362.663857,0.459422,-1.122234,10.064212,0.000000,0.000000,0.000000,0.101562,0.093750,0.234375,2.597608,-6.356053,44.970182
1362.928726,0.459422,-1.122234,10.064212,0.000000,0.000000,0.000000,0.101562,0.093750,0.234375,2.597608,-6.356053,44.970182
1363.196028,0.459422,-1.122234,10.064212,0.000000,0.000000,0.000000,0.101562,0.093750,0.234375,2.597608,-6.356053,44.970182
1363.471244,0.459422,-1.122234,10.064212,0.000000,0.000000,0.000000,0.101562,0.093750,0.234375,2.597608,-6.356053,44.970182
1363.743723,0.459422,-1.122234,10.064212,0.000000,0.000000,0.000000,0.101562,0.093750,0.234375,2.597608,-6.356053,44.970182
1364.011014,0.459422,-1.122234,10.064212,0.000000,0.000000,0.000000,0.101562,0.093750,0.234375,2.597608,-6.356053,44.970182
1364.278574,0.459422,-1.122234,10.064212,0.000000,0.000000,0.000000,0.101562,0.093750,0.234375,2.597608,-6.356053,44.970182
1364.545853,0.459422,-1.122234,10.064212,0.000000,0.000000,0.000000,0.101562,0.093750,0.234375,2.597608,-6.356053,44.970182
1364.813048,0.459422,-1.122234,10.064212,0.000000,0.000000,0.000000,0.101562,0.093750,0.234375,2.597608,-6.356053,44.970182
1365.080124,0.459422,-1.122234,10.064212,0.000000,0.000000,0.000000,0.101562,0.093750,0.234375,2.597608,-6.356053,44.970182
1365.347710,0.459422,-1.122234,10.064212,0.000000,0.000000,0.000000,0.101562,0.093750,0.234375,2.597608,-6.356053,44.970182
1365.615651,0.459422,-1.122234,10.064212,0.000000,0.000000,0.000000,0.101562,0.093750,0.234375,2.597608,-6.356053,44.970182
1365.882902,0.459422,-1.122234,10.064212,0.000000,0.000000,0.000000,0.101562,0.093750,0.234375,2.597608,-6.356053,44.970182
1366.150471,0.459422,-1.122234,10.064212,0.000000,0.000000,0.000000,0.101562,0.093750,0.234375,2.597608,-6.356053,44.970182
1366.418083,0.459422,-1.122234,10.064212,0.000000,0.000000,0.000000,0.101562,0.093750,0.234375,2.597608,-6.356053,44.970182
1366.687555,0.459422,-1.122234,10.064212,0.000000,0.000000,0.000000,0.101562,0.093750,0.234375,2.597608,-6.356053,44.970182
1366.952221,0.459422,-1.122234,10.064212,0.000000,0.000000,0.000000,0.101562,0.093750,0.234375,2.597608,-6.356053,44.970182
1367.237160,0.459422,-1.122234,10.064212,0.000000,0.000000,0.000000,0.101562,0.093750,0.234375,2.597608,-6.356053,44.970182
1367.506400,0.459422,-1.122234,10.064212,0.000000,0.000000,0.000000,0.101562,0.093750,0.234375,2.597608,-6.356053,44.970182
1367.771397,0.459422,-1.122234,10.064212,0.000000,0.000000,0.000000,0.101562,0.093750,0.234375,2.597608,-6.356053,44.970182
1368.036199,0.459422,-1.122234,10.064212,0.000000,0.000000,0.000000,0.101562,0.093750,0.234375,2.597608,-6.356053,44.970182
1368.303296,0.459422,-1.122234,10.064212,0.000000,0.000000,0.000000,0.101562,0.093750,0.234375,2.597608,-6.356053,44.970182
1368.570204,0.459422,-1.122234,10.064212,0.000000,0.000000,0.000000,0.101562,0.093750,0.234375,2.597608,-6.356053,44.970182
1368.838009,0.459422,-1.122234,10.064212,0.000000,0.000000,0.000000,0.101562,0.093750,0.234375,2.597608,-6.356053,44.970182
1369.105636,0.459422,-1.122234,10.064212,0.000000,0.000000,0.000000,0.101562,0.093750,0.234375,2.597608,-6.356053,44.970182
1369.372868,0.459422,-1.122234,10.064212,0.000000,0.000000,0.000000,0.101562,0.093750,0.234375,2.597608,-6.356053,44.970182
1369.640099,0.459422,-1.122234,10.064212,0.000000,0.000000,0.000000,0.101562,0.093750,0.234375,2.597608,-6.356053,44.970182
1369.907883,0.459422,-1.122234,10.064212,0.000000,0.000000,0.000000,0.101562,0.093750,0.234375,2.597608,-6.356053,44.970182
1370.175321,0.459422,-1.122234,10.064212,0.000000,0.000000,0.000000,0.101562,0.093750,0.234375,2.597608,-6.356053,44.970182
1370.448114,0.459422,-1.122234,10.064212,0.000000,0.000000,0.000000,0.101562,0.093750,0.234375,2.597608,-6.356053,44.970182
1370.722766,0.459422,-1.122234,10.064212,0.000000,0.000000,0.000000,0.101562,0.093750,0.234375,2.597608,-6.356053,44.970182
1370.990324,0.459422,-1.122234,10.064212,0.000000,0.000000,0.000000,0.101562,0.093750,0.234375,2.597608,-6.356053,44.970182
1371.262562,0.459422,-1.122234,10.064212,0.000000,0.000000,0.000000,0.101562,0.093750,0.234375,2.597608,-6.356053,44.970182
1371.530347,0.459422,-1.122234,10.064212,0.000000,0.000000,0.000000,0.101562,0.093750,0.234375,2.597608,-6.356053,44.970182
1371.798335,0.459422,-1.122234,10.064212,0.000000,0.000000,0.000000,0.101562,0.093750,0.234375,2.597608,-6.356053,44.970182
1372.065804,0.459422,-1.122234,10.064212,0.000000,0.000000,0.000000,0.101562,0.093750,0.234375,2.597608,-6.356053,44.970182
1372.332972,0.459422,-1.122234,10.064212,0.000000,0.000000,0.000000,0.101562,0.093750,0.234375,2.597608,-6.356053,44.970182
1372.609024,0.459422,-1.122234,10.064212,0.000000,0.000000,0.000000,0.101562,0.093750,0.234375,2.597608,-6.356053,44.970182
1372.879240,0.459422,-1.122234,10.064212,0.000000,0.000000,0.000000,0.101562,0.093750,0.234375,2.597608,-6.356053,44.970182
1373.144190,0.459422,-1.122234,10.064212,0.000000,0.000000,0.000000,0.101562,0.093750,0.234375,2.597608,-6.356053,44.970182
1373.409113,0.459422,-1.122234,10.064212,0.000000,0.000000,0.000000,0.101562,0.093750,0.234375,2.597608,-6.356053,44.970182
1373.674187,0.459422,-1.122234,10.064212,0.000000,0.000000,0.000000,0.101562,0.093750,0.234375,2.597608,-6.356053,44.970182
1373.939192,0.459422,-1.122234,10.064212,0.000000,0.000000,0.000000,0.101562,0.093750,0.234375,2.597608,-6.356053,44.970182
1374.206199,0.459422,-1.122234,10.064212,0.000000,0.000000,0.000000,0.101562,0.093750,0.234375,2.597608,-6.356053,44.970182
1374.473736,0.459422,-1.122234,10.064212,0.000000,0.000000,0.000000,0.101562,0.093750,0.234375,2.597608,-6.356053,44.970182
1374.740927,0.459422,-1.122234,10.064212,0.000000,0.000000,0.000000,0.101562,0.093750,0.234375,2.597608,-6.356053,44.970182
1375.008151,0.459422,-1.122234,10.064212,0.000000,0.000000,0.000000,0.101562,0.093750,0.234375,2.597608,-6.356053,44.970182
1375.275473,0.459422,-1.122234,10.064212,0.000000,0.000000,0.000000,0.101562,0.093750,0.234375,2.597608,-6.356053,44.970182
1375.542880,0.459422,-1.122234,10.064212,0.000000,0.000000,0.000000,0.101562,0.093750,0.234375,2.597608,-6.356053,44.970182
1375.810123,0.459422,-1.122234,10.064212,0.000000,0.000000,0.000000,0.101562,0.093750,0.234375,2.597608,-6.356053,44.970182
1376.077548,0.459422,-1.122234,10.064212,0.000000,0.000000,0.000000,0.101562,0.093750,0.234375,2.597608,-6.356053,44.970182
1376.344898,0.459422,-1.122234,10.064212,0.000000,0.000000,0.000000,0.101562,0.093750,0.234375,2.597608,-6.356053,44.970182
1376.612215,0.459422,-1.122234,10.064212,0.000000,0.000000,0.000000,0.101562,0.093750,0.234375,2.597608,-6.356053,44.970182
1376.879517,0.459422,-1.122234,10.064212,0.000000,0.000000,0.000000,0.101562,0.093750,0.234375,2.597608,-6.356053,44.970182
1377.151789,0.459422,-1.122234,10.064212,0.000000,0.000000,0.000000,0.101562,0.093750,0.234375,2.597608,-6.356053,44.970182
1377.416725,0.459422,-1.122234,10.064212,0.000000,0.000000,0.000000,0.101562,0.093750,0.234375,2.597608,-6.356053,44.970182
1377.704850,0.459422,-1.122234,10.064212,0.000000,0.000000,0.000000,0.101562,0.093750,0.234375,2.597608,-6.356053,44.970182
1377.982704,0.459422,-1.122234,10.064212,0.000000,0.000000,0.000000,0.101562,0.093750,0.234375,2.597608,-6.356053,44.970182
1378.257792,0.459422,-1.122234,10.064212,0.000000,0.000000,0.000000,0.101562,0.093750,0.234375,2.597608,-6.356053,44.970182
1378.522605,0.459422,-1.122234,10.064212,0.000000,0.000000,0.000000,0.101562,0.093750,0.234375,2.597608,-6.356053,44.970182
1378.788199,0.459422,-1.122234,10.064212,0.000000,0.000000,0.000000,0.101562,0.093750,0.234375,2.597608,-6.356053,44.970182
1379.052790,0.459422,-1.122234,10.064212,0.000000,0.000000,0.000000,0.101562,0.093750,0.234375,2.597608,-6.356053,44.970182
1379.317752,0.459422,-1.122234,10.064212,0.000000,0.000000,0.000000,0.101562,0.093750,0.234375,2.597608,-6.356053,44.970182
1379.582445,0.459422,-1.122234,10.064212,0.000000,0.000000,0.000000,0.101562,0.093750,0.234375,2.597608,-6.356053,44.970182
1379.852044,0.459422,-1.122234,10.064212,0.000000,0.000000,0.000000,0.101562,0.093750,0.234375,2.597608,-6.356053,44.970182
1380.119172,0.459422,-1.122234,10.064212,0.000000,0.000000,0.000000,0.101562,0.093750,0.234375,2.597608,-6.356053,44.970182
1380.386004,0.459422,-1.122234,10.064212,0.000000,0.000000,0.000000,0.101562,0.093750,0.234375,2.597608,-6.356053,44.970182
1380.653249,0.459422,-1.122234,10.064212,0.000000,0.000000,0.000000,0.101562,0.093750,0.234375,2.597608,-6.356053,44.970182
1380.920620,0.459422,-1.122234,10.064212,0.000000,0.000000,0.000000,0.101562,0.093750,0.234375,2.597608,-6.356053,44.970182
1381.188274,0.459422,-1.122234,10.064212,0.000000,0.000000,0.000000,0.101562,0.093750,0.234375,2.597608,-6.356053,44.970182
1381.460381,0.459422,-1.122234,10.064212,0.000000,0.000000,0.000000,0.101562,0.093750,0.234375,2.597608,-6.356053,44.970182
1381.727650,0.459422,-1.122234,10.064212,0.000000,0.000000,0.000000,0.101562,0.093750,0.234375,2.597608,-6.356053,44.970182
1381.995147,0.459422,-1.122234,10.064212,0.000000,0.000000,0.000000,0.101562,0.093750,0.234375,2.597608,-6.356053,44.970182
1382.262777,0.459422,-1.122234,10.064212,0.000000,0.000000,0.000000,0.101562,0.093750,0.234375,2.597608,-6.356053,44.970182
1382.530146,0.459422,-1.122234,10.064212,0.000000,0.000000,0.000000,0.101562,0.093750,0.234375,2.597608,-6.356053,44.970182
1382.797910,0.459422,-1.122234,10.064212,0.000000,0.000000,0.000000,0.101562,0.093750,0.234375,2.597608,-6.356053,44.970182
1383.065576,0.459422,-1.122234,10.064212,0.000000,0.000000,0.000000,0.101562,0.093750,0.234375,2.597608,-6.356053,44.970182
1383.332944,0.459422,-1.122234,10.064212,0.000000,0.000000,0.000000,0.101562,0.093750,0.234375,2.597608,-6.356053,44.970182
1383.609126,0.459422,-1.122234,10.064212,0.000000,0.000000,0.000000,0.101562,0.093750,0.234375,2.597608,-6.356053,44.970182
1383.905408,0.459422,-1.122234,10.064212,0.000000,0.000000,0.000000,0.101562,0.093750,0.234375,2.597608,-6.356053,44.970182
1384.175289,0.459422,-1.122234,10.064212,0.000000,0.000000,0.000000,0.101562,0.093750,0.234375,2.597608,-6.356053,44.970182
1384.445024,0.459422,-1.122234,10.064212,0.000000,0.000000,0.000000,0.101562,0.093750,0.234375,2.597608,-6.356053,44.970182
1384.709896,0.459422,-1.122234,10.064212,0.000000,0.000000,0.000000,0.101562,0.093750,0.234375,2.597608,-6.356053,44.970182
1384.974874,0.459422,-1.122234,10.064212,0.000000,0.000000,0.000000,0.101562,0.093750,0.234375,2.597608,-6.356053,44.970182
1385.239734,0.459422,-1.122234,10.064212,0.000000,0.000000,0.000000,0.101562,0.093750,0.234375,2.597608,-6.356053,44.970182
1385.504767,0.459422,-1.122234,10.064212,0.000000,0.000000,0.000000,0.101562,0.093750,0.234375,2.597608,-6.356053,44.970182
1385.769649,0.459422,-1.122234,10.064212,0.000000,0.000000,0.000000,0.101562,0.093750,0.234375,2.597608,-6.356053,44.970182
1386.036926,0.459422,-1.122234,10.064212,0.000000,0.000000,0.000000,0.101562,0.093750,0.234375,2.597608,-6.356053,44.970182
1386.304001,0.459422,-1.122234,10.064212,0.000000,0.000000,0.000000,0.101562,0.093750,0.234375,2.597608,-6.356053,44.970182
1386.571153,0.459422,-1.122234,10.064212,0.000000,0.000000,0.000000,0.101562,0.093750,0.234375,2.597608,-6.356053,44.970182
1386.838749,0.459422,-1.122234,10.064212,0.000000,0.000000,0.000000,0.101562,0.093750,0.234375,2.597608,-6.356053,44.970182
1387.105971,0.459422,-1.122234,10.064212,0.000000,0.000000,0.000000,0.101562,0.093750,0.234375,2.597608,-6.356053,44.970182
1387.377703,0.459422,-1.122234,10.064212,0.000000,0.000000,0.000000,0.101562,0.093750,0.234375,2.597608,-6.356053,44.970182
1387.642634,0.459422,-1.122234,10.064212,0.000000,0.000000,0.000000,0.101562,0.093750,0.234375,2.597608,-6.356053,44.970182
1387.907606,0.459422,-1.122234,10.064212,0.000000,0.000000,0.000000,0.101562,0.093750,0.234375,2.597608,-6.356053,44.970182
1388.175280,0.459422,-1.122234,10.064212,0.000000,0.000000,0.000000,0.101562,0.093750,0.234375,2.597608,-6.356053,44.970182
1388.450048,0.459422,-1.122234,10.064212,0.000000,0.000000,0.000000,0.101562,0.093750,0.234375,2.597608,-6.356053,44.970182
1388.733799,0.459422,-1.122234,10.064212,0.000000,0.000000,0.000000,0.101562,0.093750,0.234375,2.597608,-6.356053,44.970182
1389.006336,0.459422,-1.122234,10.064212,0.000000,0.000000,0.000000,0.101562,0.093750,0.234375,2.597608,-6.356053,44.970182
1389.271245,0.459422,-1.122234,10.064212,0.000000,0.000000,0.000000,0.101562,0.093750,0.234375,2.597608,-6.356053,44.970182
1389.536563,0.459422,-1.122234,10.064212,0.000000,0.000000,0.000000,0.101562,0.093750,0.234375,2.597608,-6.356053,44.970182
1389.824662,0.459422,-1.122234,10.064212,0.000000,0.000000,0.000000,0.101562,0.093750,0.234375,2.597608,-6.356053,44.970182
1390.089568,0.459422,-1.122234,10.064212,0.000000,0.000000,0.000000,0.101562,0.093750,0.234375,2.597608,-6.356053,44.970182
1390.361257,0.459422,-1.122234,10.064212,0.000000,0.000000,0.000000,0.101562,0.093750,0.234375,2.597608,-6.356053,44.970182
1390.628247,0.459422,-1.122234,10.064212,0.000000,0.000000,0.000000,0.101562,0.093750,0.234375,2.597608,-6.356053,44.970182
1390.895748,0.459422,-1.122234,10.064212,0.000000,0.000000,0.000000,0.101562,0.093750,0.234375,2.597608,-6.356053,44.970182
1391.163088,0.459422,-1.122234,10.064212,0.000000,0.000000,0.000000,0.101562,0.093750,0.234375,2.597608,-6.356053,44.970182
1391.430663,0.459422,-1.122234,10.064212,0.000000,0.000000,0.000000,0.101562,0.093750,0.234375,2.597608,-6.356053,44.970182
1391.701836,0.459422,-1.122234,10.064212,0.000000,0.000000,0.000000,0.101562,0.093750,0.234375,2.597608,-6.356053,44.970182
1391.970041,0.459422,-1.122234,10.064212,0.000000,0.000000,0.000000,0.101562,0.093750,0.234375,2.597608,-6.356053,44.970182
1392.239457,0.459422,-1.122234,10.064212,0.000000,0.000000,0.000000,0.101562,0.093750,0.234375,2.597608,-6.356053,44.970182
1392.506952,0.459422,-1.122234,10.064212,0.000000,0.000000,0.000000,0.101562,0.093750,0.234375,2.597608,-6.356053,44.970182
1392.771736,0.459422,-1.122234,10.064212,0.000000,0.000000,0.000000,0.101562,0.093750,0.234375,2.597608,-6.356053,44.970182
1393.036699,0.459422,-1.122234,10.064212,0.000000,0.000000,0.000000,0.101562,0.093750,0.234375,2.597608,-6.356053,44.970182
1393.301764,0.459422,-1.122234,10.064212,0.000000,0.000000,0.000000,0.101562,0.093750,0.234375,2.597608,-6.356053,44.970182
1393.569037,0.459422,-1.122234,10.064212,0.000000,0.000000,0.000000,0.101562,0.093750,0.234375,2.597608,-6.356053,44.970182
1393.836158,0.459422,-1.122234,10.064212,0.000000,0.000000,0.000000,0.101562,0.093750,0.234375,2.597608,-6.356053,44.970182
1394.103310,0.459422,-1.122234,10.064212,0.000000,0.000000,0.000000,0.101562,0.093750,0.234375,2.597608,-6.356053,44.970182
1394.370345,0.459422,-1.122234,10.064212,0.000000,0.000000,0.000000,0.101562,0.093750,0.234375,2.597608,-6.356053,44.970182
1394.637964,0.459422,-1.122234,10.064212,0.000000,0.000000,0.000000,0.101562,0.093750,0.234375,2.597608,-6.356053,44.970182
1394.905420,0.459422,-1.122234,10.064212,0.000000,0.000000,0.000000,0.101562,0.093750,0.234375,2.597608,-6.356053,44.970182
1395.198678,0.459422,-1.122234,10.064212,0.000000,0.000000,0.000000,0.101562,0.093750,0.234375,2.597608,-6.356053,44.970182
1395.481599,0.459422,-1.122234,10.064212,0.000000,0.000000,0.000000,0.101562,0.093750,0.234375,2.597608,-6.356053,44.970182
1395.749090,0.459422,-1.122234,10.064212,0.000000,0.000000,0.000000,0.101562,0.093750,0.234375,2.597608,-6.356053,44.970182
1396.021943,0.459422,-1.122234,10.064212,0.000000,0.000000,0.000000,0.101562,0.093750,0.234375,2.597608,-6.356053,44.970182
1396.291211,0.459422,-1.122234,10.064212,0.000000,0.000000,0.000000,0.101562,0.093750,0.234375,2.597608,-6.356053,44.970182
1396.558962,0.459422,-1.122234,10.064212,0.000000,0.000000,0.000000,0.101562,0.093750,0.234375,2.597608,-6.356053,44.970182
1396.838814,0.459422,-1.122234,10.064212,0.000000,0.000000,0.000000,0.101562,0.093750,0.234375,2.597608,-6.356053,44.970182
1397.114833,0.459422,-1.122234,10.064212,0.000000,0.000000,0.000000,0.101562,0.093750,0.234375,2.597608,-6.356053,44.970182
1397.395435,0.459422,-1.122234,10.064212,0.000000,0.000000,0.000000,0.101562,0.093750,0.234375,2.597608,-6.356053,44.970182
1397.701153,0.459422,-1.122234,10.064212,0.000000,0.000000,0.000000,0.101562,0.093750,0.234375,2.597608,-6.356053,44.970182
1397.977313,0.459422,-1.122234,10.064212,0.000000,0.000000,0.000000,0.101562,0.093750,0.234375,2.597608,-6.356053,44.970182
1398.255031,0.459422,-1.122234,10.064212,0.000000,0.000000,0.000000,0.101562,0.093750,0.234375,2.597608,-6.356053,44.970182
1398.530777,0.459422,-1.122234,10.064212,0.000000,0.000000,0.000000,0.101562,0.093750,0.234375,2.597608,-6.356053,44.970182
1398.802793,0.459422,-1.122234,10.064212,0.000000,0.000000,0.000000,0.101562,0.093750,0.234375,2.597608,-6.356053,44.970182
1399.080617,0.459422,-1.122234,10.064212,0.000000,0.000000,0.000000,0.101562,0.093750,0.234375,2.597608,-6.356053,44.970182
1399.350020,0.459422,-1.122234,10.064212,0.000000,0.000000,0.000000,0.101562,0.093750,0.234375,2.597608,-6.356053,44.970182
1399.637919,0.459422,-1.122234,10.064212,0.000000,0.000000,0.000000,0.101562,0.093750,0.234375,2.597608,-6.356053,44.970182
1399.919400,0.459422,-1.122234,10.064212,0.000000,0.000000,0.000000,0.101562,0.093750,0.234375,2.597608,-6.356053,44.970182
1400.192332,0.459422,-1.122234,10.064212,0.000000,0.000000,0.000000,0.101562,0.093750,0.234375,2.597608,-6.356053,44.970182
1400.466747,0.459422,-1.122234,10.064212,0.000000,0.000000,0.000000,0.101562,0.093750,0.234375,2.597608,-6.356053,44.970182
1400.739787,0.459422,-1.122234,10.064212,0.000000,0.000000,0.000000,0.101562,0.093750,0.234375,2.597608,-6.356053,44.970182
1401.029546,0.459422,-1.122234,10.064212,0.000000,0.000000,0.000000,0.101562,0.093750,0.234375,2.597608,-6.356053,44.970182
1401.321756,0.459422,-1.122234,10.064212,0.000000,0.000000,0.000000,0.101562,0.093750,0.234375,2.597608,-6.356053,44.970182
1401.604191,0.459422,-1.122234,10.064212,0.000000,0.000000,0.000000,0.101562,0.093750,0.234375,2.597608,-6.356053,44.970182
1401.884091,0.459422,-1.122234,10.064212,0.000000,0.000000,0.000000,0.101562,0.093750,0.234375,2.597608,-6.356053,44.970182
1402.156261,0.459422,-1.122234,10.064212,0.000000,0.000000,0.000000,0.101562,0.093750,0.234375,2.597608,-6.356053,44.970182
1402.445513,0.459422,-1.122234,10.064212,0.000000,0.000000,0.000000,0.101562,0.093750,0.234375,2.597608,-6.356053,44.970182
1402.717606,0.459422,-1.122234,10.064212,0.000000,0.000000,0.000000,0.101562,0.093750,0.234375,2.597608,-6.356053,44.970182
1402.982263,0.459422,-1.122234,10.064212,0.000000,0.000000,0.000000,0.101562,0.093750,0.234375,2.597608,-6.356053,44.970182
1403.249932,0.459422,-1.122234,10.064212,0.000000,0.000000,0.000000,0.101562,0.093750,0.234375,2.597608,-6.356053,44.970182
1403.517713,0.459422,-1.122234,10.064212,0.000000,0.000000,0.000000,0.101562,0.093750,0.234375,2.597608,-6.356053,44.970182
1403.785245,0.459422,-1.122234,10.064212,0.000000,0.000000,0.000000,0.101562,0.093750,0.234375,2.597608,-6.356053,44.970182
1404.052513,0.459422,-1.122234,10.064212,0.000000,0.000000,0.000000,0.101562,0.093750,0.234375,2.597608,-6.356053,44.970182
1404.319582,0.459422,-1.122234,10.064212,0.000000,0.000000,0.000000,0.101562,0.093750,0.234375,2.597608,-6.356053,44.970182
1404.586480,0.459422,-1.122234,10.064212,0.000000,0.000000,0.000000,0.101562,0.093750,0.234375,2.597608,-6.356053,44.970182
1404.865812,0.459422,-1.122234,10.064212,0.000000,0.000000,0.000000,0.101562,0.093750,0.234375,2.597608,-6.356053,44.970182
1405.138203,0.459422,-1.122234,10.064212,0.000000,0.000000,0.000000,0.101562,0.093750,0.234375,2.597608,-6.356053,44.970182
1405.405678,0.459422,-1.122234,10.064212,0.000000,0.000000,0.000000,0.101562,0.093750,0.234375,2.597608,-6.356053,44.970182
1405.672988,0.459422,-1.122234,10.064212,0.000000,0.000000,0.000000,0.101562,0.093750,0.234375,2.597608,-6.356053,44.970182
1405.940363,0.459422,-1.122234,10.064212,0.000000,0.000000,0.000000,0.101562,0.093750,0.234375,2.597608,-6.356053,44.970182
1406.207585,0.459422,-1.122234,10.064212,0.000000,0.000000,0.000000,0.101562,0.093750,0.234375,2.597608,-6.356053,44.970182
1406.474863,0.459422,-1.122234,10.064212,0.000000,0.000000,0.000000,0.101562,0.093750,0.234375,2.597608,-6.356053,44.970182
1406.742310,0.459422,-1.122234,10.064212,0.000000,0.000000,0.000000,0.101562,0.093750,0.234375,2.597608,-6.356053,44.970182
1407.027824,0.459422,-1.122234,10.064212,0.000000,0.000000,0.000000,0.101562,0.093750,0.234375,2.597608,-6.356053,44.970182
1407.292557,0.459422,-1.122234,10.064212,0.000000,0.000000,0.000000,0.101562,0.093750,0.234375,2.597608,-6.356053,44.970182
1407.557921,0.459422,-1.122234,10.064212,0.000000,0.000000,0.000000,0.101562,0.093750,0.234375,2.597608,-6.356053,44.970182
1407.827770,0.459422,-1.122234,10.064212,0.000000,0.000000,0.000000,0.101562,0.093750,0.234375,2.597608,-6.356053,44.970182
1408.092439,0.459422,-1.122234,10.064212,0.000000,0.000000,0.000000,0.101562,0.093750,0.234375,2.597608,-6.356053,44.970182
1408.379584,0.459422,-1.122234,10.064212,0.000000,0.000000,0.000000,0.101562,0.093750,0.234375,2.597608,-6.356053,44.970182
1408.665419,0.459422,-1.122234,10.064212,0.000000,0.000000,0.000000,0.101562,0.093750,0.234375,2.597608,-6.356053,44.970182
1408.948551,0.459422,-1.122234,10.064212,0.000000,0.000000,0.000000,0.101562,0.093750,0.234375,2.597608,-6.356053,44.970182
1409.213261,0.459422,-1.122234,10.064212,0.000000,0.000000,0.000000,0.101562,0.093750,0.234375,2.597608,-6.356053,44.970182
1409.477912,0.459422,-1.122234,10.064212,0.000000,0.000000,0.000000,0.101562,0.093750,0.234375,2.597608,-6.356053,44.970182
1409.742637,0.459422,-1.122234,10.064212,0.000000,0.000000,0.000000,0.101562,0.093750,0.234375,2.597608,-6.356053,44.970182
1410.010156,0.459422,-1.122234,10.064212,0.000000,0.000000,0.000000,0.101562,0.093750,0.234375,2.597608,-6.356053,44.970182
1410.286858,0.459422,-1.122234,10.064212,0.000000,0.000000,0.000000,0.101562,0.093750,0.234375,2.597608,-6.356053,44.970182
1410.554011,0.459422,-1.122234,10.064212,0.000000,0.000000,0.000000,0.101562,0.093750,0.234375,2.597608,-6.356053,44.970182
1410.821181,0.459422,-1.122234,10.064212,0.000000,0.000000,0.000000,0.101562,0.093750,0.234375,2.597608,-6.356053,44.970182
1411.088572,0.459422,-1.122234,10.064212,0.000000,0.000000,0.000000,0.101562,0.093750,0.234375,2.597608,-6.356053,44.970182
1411.366067,0.459422,-1.122234,10.064212,0.000000,0.000000,0.000000,0.101562,0.093750,0.234375,2.597608,-6.356053,44.970182
1411.633494,0.459422,-1.122234,10.064212,0.000000,0.000000,0.000000,0.101562,0.093750,0.234375,2.597608,-6.356053,44.970182
1411.900834,0.459422,-1.122234,10.064212,0.000000,0.000000,0.000000,0.101562,0.093750,0.234375,2.597608,-6.356053,44.970182
1412.179346,0.459422,-1.122234,10.064212,0.000000,0.000000,0.000000,0.101562,0.093750,0.234375,2.597608,-6.356053,44.970182
1412.458014,0.459422,-1.122234,10.064212,0.000000,0.000000,0.000000,0.101562,0.093750,0.234375,2.597608,-6.356053,44.970182
1412.744762,0.459422,-1.122234,10.064212,0.000000,0.000000,0.000000,0.101562,0.093750,0.234375,2.597608,-6.356053,44.970182
1413.023702,0.459422,-1.122234,10.064212,0.000000,0.000000,0.000000,0.101562,0.093750,0.234375,2.597608,-6.356053,44.970182
1413.298353,0.459422,-1.122234,10.064212,0.000000,0.000000,0.000000,0.101562,0.093750,0.234375,2.597608,-6.356053,44.970182
1413.575356,0.459422,-1.122234,10.064212,0.000000,0.000000,0.000000,0.101562,0.093750,0.234375,2.597608,-6.356053,44.970182
1413.853640,0.459422,-1.122234,10.064212,0.000000,0.000000,0.000000,0.101562,0.093750,0.234375,2.597608,-6.356053,44.970182
1414.129421,0.459422,-1.122234,10.064212,0.000000,0.000000,0.000000,0.101562,0.093750,0.234375,2.597608,-6.356053,44.970182
1414.396829,0.459422,-1.122234,10.064212,0.000000,0.000000,0.000000,0.101562,0.093750,0.234375,2.597608,-6.356053,44.970182
1414.664040,0.459422,-1.122234,10.064212,0.000000,0.000000,0.000000,0.101562,0.093750,0.234375,2.597608,-6.356053,44.970182
1414.931143,0.459422,-1.122234,10.064212,0.000000,0.000000,0.000000,0.101562,0.093750,0.234375,2.597608,-6.356053,44.970182
1415.198843,0.459422,-1.122234,10.064212,0.000000,0.000000,0.000000,0.101562,0.093750,0.234375,2.597608,-6.356053,44.970182
1415.466270,0.459422,-1.122234,10.064212,0.000000,0.000000,0.000000,0.101562,0.093750,0.234375,2.597608,-6.356053,44.970182
1415.745440,0.459422,-1.122234,10.064212,0.000000,0.000000,0.000000,0.101562,0.093750,0.234375,2.597608,-6.356053,44.970182
1416.014733,0.459422,-1.122234,10.064212,0.000000,0.000000,0.000000,0.101562,0.093750,0.234375,2.597608,-6.356053,44.970182
1416.279556,0.459422,-1.122234,10.064212,0.000000,0.000000,0.000000,0.101562,0.093750,0.234375,2.597608,-6.356053,44.970182
1416.555027,0.459422,-1.122234,10.064212,0.000000,0.000000,0.000000,0.101562,0.093750,0.234375,2.597608,-6.356053,44.970182
1416.828405,0.459422,-1.122234,10.064212,0.000000,0.000000,0.000000,0.101562,0.093750,0.234375,2.597608,-6.356053,44.970182
1417.100097,0.459422,-1.122234,10.064212,0.000000,0.000000,0.000000,0.101562,0.093750,0.234375,2.597608,-6.356053,44.970182
1417.364864,0.459422,-1.122234,10.064212,0.000000,0.000000,0.000000,0.101562,0.093750,0.234375,2.597608,-6.356053,44.970182
1417.629802,0.459422,-1.122234,10.064212,0.000000,0.000000,0.000000,0.101562,0.093750,0.234375,2.597608,-6.356053,44.970182
1417.915487,0.459422,-1.122234,10.064212,0.000000,0.000000,0.000000,0.101562,0.093750,0.234375,2.597608,-6.356053,44.970182
1418.200378,0.459422,-1.122234,10.064212,0.000000,0.000000,0.000000,0.101562,0.093750,0.234375,2.597608,-6.356053,44.970182
1418.485172,0.459422,-1.122234,10.064212,0.000000,0.000000,0.000000,0.101562,0.093750,0.234375,2.597608,-6.356053,44.970182
1418.750000,0.459422,-1.122234,10.064212,0.000000,0.000000,0.000000,0.101562,0.093750,0.234375,2.597608,-6.356053,44.970182
1419.014824,0.459422,-1.122234,10.064212,0.000000,0.000000,0.000000,0.101562,0.093750,0.234375,2.597608,-6.356053,44.970182
1419.279981,0.459422,-1.122234,10.064212,0.000000,0.000000,0.000000,0.101562,0.093750,0.234375,2.597608,-6.356053,44.970182
1419.545402,0.459422,-1.122234,10.064212,0.000000,0.000000,0.000000,0.101562,0.093750,0.234375,2.597608,-6.356053,44.970182
1419.824750,0.459422,-1.122234,10.064212,0.000000,0.000000,0.000000,0.101562,0.093750,0.234375,2.597608,-6.356053,44.970182
1420.089606,0.459422,-1.122234,10.064212,0.000000,0.000000,0.000000,0.101562,0.093750,0.234375,2.597608,-6.356053,44.970182
1420.354679,0.459422,-1.122234,10.064212,0.000000,0.000000,0.000000,0.101562,0.093750,0.234375,2.597608,-6.356053,44.970182
1420.622144,0.459422,-1.122234,10.064212,0.000000,0.000000,0.000000,0.101562,0.093750,0.234375,2.597608,-6.356053,44.970182
1420.890407,0.459422,-1.122234,10.064212,0.000000,0.000000,0.000000,0.101562,0.093750,0.234375,2.597608,-6.356053,44.970182
1421.158542,0.459422,-1.122234,10.064212,0.000000,0.000000,0.000000,0.101562,0.093750,0.234375,2.597608,-6.356053,44.970182
1421.425983,0.459422,-1.122234,10.064212,0.000000,0.000000,0.000000,0.101562,0.093750,0.234375,2.597608,-6.356053,44.970182
1421.707718,0.459422,-1.122234,10.064212,0.000000,0.000000,0.000000,0.101562,0.093750,0.234375,2.597608,-6.356053,44.970182
1421.998770,0.459422,-1.122234,10.064212,0.000000,0.000000,0.000000,0.101562,0.093750,0.234375,2.597608,-6.356053,44.970182
1422.270742,0.459422,-1.122234,10.064212,0.000000,0.000000,0.000000,0.101562,0.093750,0.234375,2.597608,-6.356053,44.970182
1422.544551,0.459422,-1.122234,10.064212,0.000000,0.000000,0.000000,0.101562,0.093750,0.234375,2.597608,-6.356053,44.970182
1422.809675,0.459422,-1.122234,10.064212,0.000000,0.000000,0.000000,0.101562,0.093750,0.234375,2.597608,-6.356053,44.970182
1423.074722,0.459422,-1.122234,10.064212,0.000000,0.000000,0.000000,0.101562,0.093750,0.234375,2.597608,-6.356053,44.970182
1423.339747,0.459422,-1.122234,10.064212,0.000000,0.000000,0.000000,0.101562,0.093750,0.234375,2.597608,-6.356053,44.970182
1423.658537,0.459422,-1.122234,10.064212,0.000000,0.000000,0.000000,0.101562,0.093750,0.234375,2.597608,-6.356053,44.970182
1423.945502,0.459422,-1.122234,10.064212,0.000000,0.000000,0.000000,0.101562,0.093750,0.234375,2.597608,-6.356053,44.970182
