2020,9,21,13,24,0, -37.0968000000
2020,9,21,13,24,0,  94.1935000000
2020,9,21,13,24,0, -47.7419000000
2020,9,21,13,24,1, 124.1935000000
2020,9,21,13,24,1,  36.7742000000
2020,9,21,13,24,1, -43.8710000000
2020,9,21,13,24,2, 123.8710000000
2020,9,21,13,24,2, -34.5161000000
2020,9,21,13,24,2, -31.2903000000
2020,9,21,13,24,2, 120.0000000000
2020,9,21,13,24,3, -50.0000000000
2020,9,21,13,24,3, -24.1935000000
2020,9,21,13,24,3, 114.5161000000
2020,9,21,13,24,3, -46.4516000000
2020,9,21,13,24,4, 118.0645000000
2020,9,21,13,24,4, -50.0000000000
2020,9,21,13,24,4,  -3.2258000000
2020,9,21,13,24,4,  74.5161000000
2020,9,21,13,24,5, -42.5806000000
2020,9,21,13,24,5, -14.8387000000
2020,9,21,13,24,5,  87.0968000000
2020,9,21,13,24,5, -50.0000000000
2020,9,21,13,24,6, 133.2258000000
2020,9,21,13,24,6, -50.0000000000
2020,9,21,13,24,6, 132.5806000000
2020,9,21,13,24,6, -50.0000000000
2020,9,21,13,24,7, 127.0968000000
2020,9,21,13,24,7,  62.9032000000
2020,9,21,13,24,7, -30.0000000000
2020,9,21,13,24,8, 103.2258000000
2020,9,21,13,24,8,  82.2581000000
2020,9,21,13,24,8, -50.0000000000
2020,9,21,13,24,8, 110.6452000000
2020,9,21,13,24,9, -28.7097000000
2020,9,21,13,24,9, 117.4194000000
2020,9,21,13,24,9, -50.0000000000
2020,9,21,13,24,9, 125.1613000000
2020,9,21,13,24,10, -50.0000000000
2020,9,21,13,24,10, -50.0000000000
2020,9,21,13,24,10, 121.2903000000
2020,9,21,13,24,10, -50.0000000000
2020,9,21,13,24,11,  -8.3871000000
2020,9,21,13,24,11, 106.7742000000
2020,9,21,13,24,11, 117.0968000000
2020,9,21,13,24,11, -28.7097000000
2020,9,21,13,24,12, 120.3226000000
2020,9,21,13,24,12, -50.0000000000
2020,9,21,13,24,12, -23.2258000000
2020,9,21,13,24,12, 116.1290000000
2020,9,21,13,24,13, 121.2903000000
2020,9,21,13,24,13, -50.0000000000
2020,9,21,13,24,13, -18.3871000000
2020,9,21,13,24,13, 110.0000000000
2020,9,21,13,24,14, -50.0000000000
2020,9,21,13,24,14, 122.5806000000
2020,9,21,13,24,14, 124.1935000000
2020,9,21,13,24,14,  19.6774000000
2020,9,21,13,24,15,  41.9355000000
2020,9,21,13,24,15, 120.0000000000
2020,9,21,13,24,15, -50.0000000000
2020,9,21,13,24,16, -50.0000000000
2020,9,21,13,24,16, 118.0645000000
2020,9,21,13,24,16,  81.9355000000
2020,9,21,13,24,16, -50.0000000000
2020,9,21,13,24,17, 137.0968000000
2020,9,21,13,24,17, 125.4839000000
2020,9,21,13,24,17,  -6.1290000000
2020,9,21,13,24,17, -39.0323000000
2020,9,21,13,24,18, 124.1935000000
2020,9,21,13,24,18,  13.2258000000
2020,9,21,13,24,18,  90.6452000000
2020,9,21,13,24,18, -50.0000000000
2020,9,21,13,24,19,  22.5806000000
2020,9,21,13,24,19, -43.2258000000
2020,9,21,13,24,19, -50.0000000000
2020,9,21,13,24,19, 126.1290000000
2020,9,21,13,24,20, 132.2581000000
2020,9,21,13,24,20,  74.8387000000
2020,9,21,13,24,20,  93.5484000000
2020,9,21,13,24,20, -50.0000000000
2020,9,21,13,24,21,  97.4194000000
2020,9,21,13,24,21,  67.4194000000
2020,9,21,13,24,21,  90.6452000000
2020,9,21,13,24,22, -50.0000000000
2020,9,21,13,24,22, 112.5806000000
2020,9,21,13,24,22,  84.5161000000
2020,9,21,13,24,22, 117.0968000000
2020,9,21,13,24,23, -50.0000000000
2020,9,21,13,24,23, 125.4839000000
2020,9,21,13,24,23, 131.9355000000
2020,9,21,13,24,23,  64.8387000000
2020,9,21,13,24,24, -44.5161000000
2020,9,21,13,24,24, 121.9355000000
2020,9,21,13,24,24, 121.9355000000
2020,9,21,13,24,24, -29.3548000000
2020,9,21,13,24,25, 117.7419000000
2020,9,21,13,24,25, 138.0645000000
2020,9,21,13,24,25, 126.7742000000
2020,9,21,13,24,25,  61.6129000000
2020,9,21,13,24,26, -50.0000000000
2020,9,21,13,24,26, 123.8710000000
2020,9,21,13,24,26,  59.6774000000
2020,9,21,13,24,26, 120.9677000000
2020,9,21,13,24,27, -50.0000000000
2020,9,21,13,24,27,  -9.6774000000
2020,9,21,13,24,27, 108.0645000000
2020,9,21,13,24,27, 117.4194000000
2020,9,21,13,24,28, -50.0000000000
2020,9,21,13,24,28, -21.2903000000
2020,9,21,13,24,28, 115.1613000000
2020,9,21,13,24,29, -50.0000000000
2020,9,21,13,24,29, -19.6774000000
2020,9,21,13,24,29, 112.5806000000
2020,9,21,13,24,29, -50.0000000000
2020,9,21,13,24,30,  -8.7097000000
2020,9,21,13,24,30, 105.8065000000
2020,9,21,13,24,30, -50.0000000000
2020,9,21,13,24,30,  -3.2258000000
2020,9,21,13,24,31,  41.6129000000
2020,9,21,13,24,31, 106.7742000000
2020,9,21,13,24,31, -50.0000000000
2020,9,21,13,24,31,  41.2903000000
2020,9,21,13,24,32, -50.0000000000
2020,9,21,13,24,32, -50.0000000000
2020,9,21,13,24,32,  -9.6774000000
2020,9,21,13,24,32,  74.8387000000
2020,9,21,13,24,33,  62.2581000000
2020,9,21,13,24,33, -49.6774000000
2020,9,21,13,24,33, 124.1935000000
2020,9,21,13,24,33,  10.3226000000
2020,9,21,13,24,34, -39.0323000000
2020,9,21,13,24,34, -47.0968000000
2020,9,21,13,24,34, 122.9032000000
2020,9,21,13,24,34,   7.7419000000
2020,9,21,13,24,35, -40.0000000000
2020,9,21,13,24,35,  98.3871000000
2020,9,21,13,24,35, -50.0000000000
2020,9,21,13,24,36,  83.5484000000
2020,9,21,13,24,36,  90.6452000000
2020,9,21,13,24,36,  -8.3871000000
2020,9,21,13,24,36, -50.0000000000
2020,9,21,13,24,37, 134.1935000000
2020,9,21,13,24,37, -50.0000000000
2020,9,21,13,24,37, -50.0000000000
2020,9,21,13,24,37, 123.8710000000
2020,9,21,13,24,38,  77.7419000000
2020,9,21,13,24,38, -50.0000000000
2020,9,21,13,24,38, 127.4194000000
2020,9,21,13,24,38, -50.0000000000
2020,9,21,13,24,39,  78.7097000000
2020,9,21,13,24,39,  92.5806000000
2020,9,21,13,24,39, -50.0000000000
2020,9,21,13,24,39,  68.3871000000
2020,9,21,13,24,40, 117.7419000000
2020,9,21,13,24,40, -50.0000000000
2020,9,21,13,24,40, -47.0968000000
2020,9,21,13,24,40, 124.8387000000
2020,9,21,13,24,41, -30.9677000000
2020,9,21,13,24,41, 118.3871000000
2020,9,21,13,24,41, 120.0000000000
2020,9,21,13,24,41, -50.0000000000
2020,9,21,13,24,42, -24.1935000000
2020,9,21,13,24,42, -35.1613000000
2020,9,21,13,24,42, 122.9032000000
2020,9,21,13,24,43, -43.5484000000
2020,9,21,13,24,43, -30.9677000000
2020,9,21,13,24,43,  89.3548000000
2020,9,21,13,24,43, -50.0000000000
2020,9,21,13,24,44, 128.3871000000
2020,9,21,13,24,44,  60.9677000000
2020,9,21,13,24,44, -45.1613000000
2020,9,21,13,24,44, 122.5806000000
2020,9,21,13,24,45, -50.0000000000
2020,9,21,13,24,45, 130.6452000000
2020,9,21,13,24,45, -50.0000000000
2020,9,21,13,24,45, -50.0000000000
2020,9,21,13,24,46, 124.5161000000
2020,9,21,13,24,46,  59.0323000000
2020,9,21,13,24,46,  57.7419000000
2020,9,21,13,24,46, -46.1290000000
2020,9,21,13,24,47, 122.5806000000
2020,9,21,13,24,47, -21.2903000000
2020,9,21,13,24,47, -34.5161000000
2020,9,21,13,24,47,  66.4516000000
2020,9,21,13,24,48, -27.4194000000
2020,9,21,13,24,48, -31.6129000000
2020,9,21,13,24,48,  33.8710000000
2020,9,21,13,24,48, -44.8387000000
2020,9,21,13,24,49, -50.0000000000
2020,9,21,13,24,49, 130.6452000000
2020,9,21,13,24,49,  64.5161000000
2020,9,21,13,24,49, -50.0000000000
2020,9,21,13,24,50, 128.7097000000
2020,9,21,13,24,50, 131.9355000000
2020,9,21,13,24,50,  80.6452000000
2020,9,21,13,24,51, -50.0000000000
2020,9,21,13,24,51, 131.2903000000
2020,9,21,13,24,51,  74.1935000000
2020,9,21,13,24,51, 125.8065000000
2020,9,21,13,24,52, -50.0000000000
2020,9,21,13,24,52, -24.1935000000
2020,9,21,13,24,52, 117.0968000000
2020,9,21,13,24,52, 130.9677000000
2020,9,21,13,24,53,  72.2581000000
2020,9,21,13,24,53,  -4.8387000000
2020,9,21,13,24,53, -50.0000000000
2020,9,21,13,24,53, -50.0000000000
2020,9,21,13,24,54,  32.2581000000
2020,9,21,13,24,54,  99.6774000000
2020,9,21,13,24,54, -37.4194000000
2020,9,21,13,24,54, 122.2581000000
2020,9,21,13,24,55, 130.0000000000
2020,9,21,13,24,55,  77.4194000000
2020,9,21,13,24,55, -50.0000000000
2020,9,21,13,24,55, 128.0645000000
2020,9,21,13,24,56, -25.8065000000
2020,9,21,13,24,56, -36.7742000000
2020,9,21,13,24,56, 124.5161000000
2020,9,21,13,24,56, -40.9677000000
2020,9,21,13,24,57, 122.9032000000
2020,9,21,13,24,57, -24.1935000000
2020,9,21,13,24,57, -33.5484000000
2020,9,21,13,24,58, 120.9677000000
2020,9,21,13,24,58, -16.1290000000
2020,9,21,13,24,58, 111.9355000000
2020,9,21,13,24,58, -47.7419000000
2020,9,21,13,24,59, -28.7097000000
2020,9,21,13,24,59,  -6.1290000000
2020,9,21,13,24,59, 102.5806000000
2020,9,21,13,24,59, -50.0000000000
2020,9,21,13,25,0, 125.4839000000
2020,9,21,13,25,0,  70.0000000000
2020,9,21,13,25,0, -50.0000000000
2020,9,21,13,25,0, -18.7097000000
2020,9,21,13,25,1, 112.9032000000
2020,9,21,13,25,1, 121.2903000000
2020,9,21,13,25,1, -50.0000000000
2020,9,21,13,25,1, -19.0323000000
2020,9,21,13,25,2, 114.1935000000
2020,9,21,13,25,2, -50.0000000000
2020,9,21,13,25,2, 122.5806000000
2020,9,21,13,25,2, -48.0645000000
2020,9,21,13,25,3, 124.8387000000
2020,9,21,13,25,3, 116.1290000000
2020,9,21,13,25,3, -50.0000000000
2020,9,21,13,25,4, -10.9677000000
2020,9,21,13,25,4, 108.0645000000
2020,9,21,13,25,4, -50.0000000000
2020,9,21,13,25,4,  90.3226000000
2020,9,21,13,25,5, -50.0000000000
2020,9,21,13,25,5, 122.2581000000
2020,9,21,13,25,5, 120.3226000000
2020,9,21,13,25,5, 107.7419000000
2020,9,21,13,25,6, -50.0000000000
2020,9,21,13,25,6,  -2.5806000000
2020,9,21,13,25,6, 108.7097000000
2020,9,21,13,25,6, 129.3548000000
2020,9,21,13,25,7,  62.5806000000
2020,9,21,13,25,7, -49.0323000000
2020,9,21,13,25,7, 121.2903000000
2020,9,21,13,25,8, 101.6129000000
2020,9,21,13,25,8,  19.3548000000
2020,9,21,13,25,8, -40.3226000000
2020,9,21,13,25,8, 121.9355000000
2020,9,21,13,25,9, 119.3548000000
2020,9,21,13,25,9, -50.0000000000
2020,9,21,13,25,9,  94.8387000000
2020,9,21,13,25,9, 127.7419000000
2020,9,21,13,25,10, 117.0968000000
2020,9,21,13,25,10, -50.0000000000
2020,9,21,13,25,10,  35.1613000000
2020,9,21,13,25,10, 120.0000000000
2020,9,21,13,25,11, -48.0645000000
2020,9,21,13,25,11, 123.2258000000
2020,9,21,13,25,11, -47.0968000000
2020,9,21,13,25,11, 120.9677000000
2020,9,21,13,25,12, -50.0000000000
2020,9,21,13,25,12, 104.1935000000
2020,9,21,13,25,12,  22.9032000000
2020,9,21,13,25,13, -10.9677000000
2020,9,21,13,25,13, 100.3226000000
2020,9,21,13,25,13, -37.0968000000
2020,9,21,13,25,13, 117.0968000000
2020,9,21,13,25,14, 125.1613000000
2020,9,21,13,25,14, 124.5161000000
2020,9,21,13,25,14, -50.0000000000
2020,9,21,13,25,14,  50.3226000000
2020,9,21,13,25,15, 118.0645000000
2020,9,21,13,25,15, -38.0645000000
2020,9,21,13,25,15, 120.3226000000
2020,9,21,13,25,15, -50.0000000000
2020,9,21,13,25,16,  32.2581000000
2020,9,21,13,25,16, -50.0000000000
2020,9,21,13,25,16,  78.3871000000
2020,9,21,13,25,17, -50.0000000000
2020,9,21,13,25,17,  94.5161000000
2020,9,21,13,25,17,  68.7097000000
2020,9,21,13,25,17, 122.5806000000
2020,9,21,13,25,18, -50.0000000000
2020,9,21,13,25,18,  58.0645000000
2020,9,21,13,25,18, 120.6452000000
2020,9,21,13,25,18, -35.4839000000
2020,9,21,13,25,19, -50.0000000000
2020,9,21,13,25,19, 107.7419000000
2020,9,21,13,25,19,  73.2258000000
2020,9,21,13,25,20, 136.1290000000
2020,9,21,13,25,20, -50.0000000000
2020,9,21,13,25,20, -20.3226000000
2020,9,21,13,25,20, -50.0000000000
2020,9,21,13,25,21, -50.0000000000
2020,9,21,13,25,21, 127.7419000000
2020,9,21,13,25,21, -50.0000000000
2020,9,21,13,25,21, -48.0645000000
2020,9,21,13,25,22, -27.7419000000
2020,9,21,13,25,22, 117.7419000000
2020,9,21,13,25,22,  67.0968000000
2020,9,21,13,25,22, -45.4839000000
2020,9,21,13,25,23, 130.0000000000
2020,9,21,13,25,23,  75.8065000000
2020,9,21,13,25,23, -45.8065000000
2020,9,21,13,25,24, 120.9677000000
2020,9,21,13,25,24, -48.0645000000
2020,9,21,13,25,24,  17.0968000000
2020,9,21,13,25,24, 124.5161000000
2020,9,21,13,25,25, 113.8710000000
2020,9,21,13,25,25, 129.0323000000
2020,9,21,13,25,25, -50.0000000000
2020,9,21,13,25,25,  96.4516000000
2020,9,21,13,25,26, -50.0000000000
2020,9,21,13,25,26, -50.0000000000
2020,9,21,13,25,26, -17.7419000000
2020,9,21,13,25,26, 102.5806000000
2020,9,21,13,25,27, 100.9677000000
2020,9,21,13,25,27, -50.0000000000
2020,9,21,13,25,27, 132.2581000000
2020,9,21,13,25,28, -50.0000000000
2020,9,21,13,25,28, -50.0000000000
2020,9,21,13,25,28, 124.8387000000
2020,9,21,13,25,28, -48.3871000000
2020,9,21,13,25,29, -21.6129000000
2020,9,21,13,25,29, -18.0645000000
2020,9,21,13,25,29, 102.2581000000
2020,9,21,13,25,29, 100.9677000000
2020,9,21,13,25,30, -50.0000000000
2020,9,21,13,25,30,  82.2581000000
2020,9,21,13,25,30,  -3.8710000000
2020,9,21,13,25,30,  91.6129000000
2020,9,21,13,25,31, -26.4516000000
2020,9,21,13,25,31, -27.7419000000
2020,9,21,13,25,31, 110.6452000000
2020,9,21,13,25,31, -50.0000000000
2020,9,21,13,25,32, -50.0000000000
2020,9,21,13,25,32, 114.1935000000
2020,9,21,13,25,32,  73.8710000000
2020,9,21,13,25,32,  74.8387000000
2020,9,21,13,25,33, -45.4839000000
2020,9,21,13,25,33, 120.6452000000
2020,9,21,13,25,33, -50.0000000000
2020,9,21,13,25,34, -10.6452000000
2020,9,21,13,25,34, 102.9032000000
2020,9,21,13,25,34,  49.3548000000
2020,9,21,13,25,34,  42.2581000000
2020,9,21,13,25,35, -31.6129000000
2020,9,21,13,25,35, 110.9677000000
2020,9,21,13,25,35, 117.4194000000
2020,9,21,13,25,35, -50.0000000000
2020,9,21,13,25,36, 125.8065000000
2020,9,21,13,25,36, 125.4839000000
2020,9,21,13,25,36, 125.8065000000
2020,9,21,13,25,36,   5.8065000000
2020,9,21,13,25,37, -50.0000000000
2020,9,21,13,25,37,  -9.0323000000
2020,9,21,13,25,37, 101.2903000000
2020,9,21,13,25,37, -48.7097000000
2020,9,21,13,25,38,  85.1613000000
2020,9,21,13,25,38, 117.4194000000
2020,9,21,13,25,38, -50.0000000000
2020,9,21,13,25,39, 123.8710000000
2020,9,21,13,25,39, -50.0000000000
2020,9,21,13,25,39, 124.5161000000
2020,9,21,13,25,39, -11.9355000000
2020,9,21,13,25,40, 129.3548000000
2020,9,21,13,25,40, 122.5806000000
2020,9,21,13,25,40,  58.0645000000
2020,9,21,13,25,40, -50.0000000000
2020,9,21,13,25,41, -50.0000000000
2020,9,21,13,25,41,  21.2903000000
2020,9,21,13,25,41, -50.0000000000
2020,9,21,13,25,41,  34.1935000000
2020,9,21,13,25,42,  89.6774000000
2020,9,21,13,25,42, -39.6774000000
2020,9,21,13,25,42,  -2.2581000000
2020,9,21,13,25,43,  89.0323000000
2020,9,21,13,25,43, 123.2258000000
2020,9,21,13,25,43,  20.9677000000
2020,9,21,13,25,43,   6.1290000000
2020,9,21,13,25,44,  52.2581000000
2020,9,21,13,25,44,  80.0000000000
2020,9,21,13,25,44, -49.6774000000
2020,9,21,13,25,44,  93.8710000000
2020,9,21,13,25,45,  -2.5806000000
2020,9,21,13,25,45, -50.0000000000
2020,9,21,13,25,45, 133.5484000000
2020,9,21,13,25,45,  35.4839000000
2020,9,21,13,25,46,  78.0645000000
2020,9,21,13,25,46,  71.9355000000
2020,9,21,13,25,46, -50.0000000000
2020,9,21,13,25,46, 132.9032000000
2020,9,21,13,25,47, 132.9032000000
2020,9,21,13,25,47,  54.5161000000
2020,9,21,13,25,47, -35.8065000000
2020,9,21,13,25,47,  59.0323000000
2020,9,21,13,25,48, -50.0000000000
2020,9,21,13,25,48, -10.0000000000
2020,9,21,13,25,48, -50.0000000000
2020,9,21,13,25,49,  63.5484000000
2020,9,21,13,25,49, -41.6129000000
2020,9,21,13,25,49, -22.2581000000
2020,9,21,13,25,49, 121.9355000000
2020,9,21,13,25,50,  96.7742000000
2020,9,21,13,25,50, -30.3226000000
2020,9,21,13,25,50, 112.2581000000
2020,9,21,13,25,50, -50.0000000000
2020,9,21,13,25,51, 130.0000000000
2020,9,21,13,25,51, -50.0000000000
2020,9,21,13,25,51, 126.7742000000
2020,9,21,13,25,51, -27.0968000000
2020,9,21,13,25,52, 113.5484000000
2020,9,21,13,25,52, -50.0000000000
2020,9,21,13,25,52, -50.0000000000
2020,9,21,13,25,52, 130.0000000000
2020,9,21,13,25,53,  17.0968000000
2020,9,21,13,25,53, 124.8387000000
2020,9,21,13,25,53, -46.4516000000
2020,9,21,13,25,54, 122.5806000000
2020,9,21,13,25,54,  71.6129000000
2020,9,21,13,25,54,  -7.0968000000
2020,9,21,13,25,54,  92.9032000000
2020,9,21,13,25,55, -50.0000000000
2020,9,21,13,25,55,   0.3226000000
2020,9,21,13,25,55, -39.3548000000
2020,9,21,13,25,55, 132.5806000000
2020,9,21,13,25,56, -50.0000000000
2020,9,21,13,25,56,  64.5161000000
2020,9,21,13,25,56, -25.4839000000
2020,9,21,13,25,56,  39.0323000000
2020,9,21,13,25,57, 114.5161000000
2020,9,21,13,25,57, -50.0000000000
2020,9,21,13,25,57,  78.0645000000
2020,9,21,13,25,57, -48.0645000000
2020,9,21,13,25,58,  65.8065000000
2020,9,21,13,25,58,  47.4194000000
2020,9,21,13,25,58, -50.0000000000
2020,9,21,13,25,59, 122.5806000000
2020,9,21,13,25,59, 126.1290000000
2020,9,21,13,25,59,   1.2903000000
2020,9,21,13,25,59,  47.0968000000
2020,9,21,13,26,0, -19.3548000000
2020,9,21,13,26,0, -13.5484000000
2020,9,21,13,26,0, 100.3226000000
2020,9,21,13,26,0, -19.3548000000
2020,9,21,13,26,1, -12.2581000000
2020,9,21,13,26,1,  73.2258000000
2020,9,21,13,26,1, -43.8710000000
2020,9,21,13,26,1,  -2.2581000000
2020,9,21,13,26,2, -25.8065000000
2020,9,21,13,26,2, 132.2581000000
2020,9,21,13,26,2, -50.0000000000
2020,9,21,13,26,2, 126.1290000000
2020,9,21,13,26,3, -48.7097000000
2020,9,21,13,26,3, 133.8710000000
2020,9,21,13,26,3, -50.0000000000
2020,9,21,13,26,3, 120.0000000000
2020,9,21,13,26,4, -50.0000000000
2020,9,21,13,26,4,  90.9677000000
2020,9,21,13,26,4,  21.9355000000
2020,9,21,13,26,5,  96.7742000000
2020,9,21,13,26,5,  78.0645000000
2020,9,21,13,26,5,  95.1613000000
2020,9,21,13,26,5, 123.2258000000
2020,9,21,13,26,6, -50.0000000000
2020,9,21,13,26,6,  90.9677000000
2020,9,21,13,26,6, -50.0000000000
2020,9,21,13,26,6, 118.7097000000
2020,9,21,13,26,7, -50.0000000000
2020,9,21,13,26,7,  -6.1290000000
2020,9,21,13,26,7, -27.7419000000
2020,9,21,13,26,7, -50.0000000000
2020,9,21,13,26,8,  71.6129000000
2020,9,21,13,26,8, 115.4839000000
2020,9,21,13,26,8,  68.3871000000
2020,9,21,13,26,8, -42.9032000000
2020,9,21,13,26,9, -30.6452000000
2020,9,21,13,26,9, 114.1935000000
2020,9,21,13,26,9, -50.0000000000
2020,9,21,13,26,9, 124.8387000000
2020,9,21,13,26,10,  92.5806000000
2020,9,21,13,26,10,  74.1935000000
2020,9,21,13,26,10, -31.9355000000
2020,9,21,13,26,11, -50.0000000000
2020,9,21,13,26,11,  56.1290000000
2020,9,21,13,26,11,  82.2581000000
2020,9,21,13,26,11, -50.0000000000
2020,9,21,13,26,12, -50.0000000000
2020,9,21,13,26,12,  -6.7742000000
2020,9,21,13,26,12,  99.0323000000
2020,9,21,13,26,12,  48.7097000000
2020,9,21,13,26,13, 112.5806000000
2020,9,21,13,26,13, -50.0000000000
2020,9,21,13,26,13, -26.1290000000
2020,9,21,13,26,13, 103.5484000000
2020,9,21,13,26,14,  96.1290000000
2020,9,21,13,26,14, -50.0000000000
2020,9,21,13,26,14, 131.2903000000
2020,9,21,13,26,14, -50.0000000000
2020,9,21,13,26,15, 103.2258000000
2020,9,21,13,26,15, -19.6774000000
2020,9,21,13,26,15, -45.8065000000
2020,9,21,13,26,16, 120.3226000000
2020,9,21,13,26,16,  12.5806000000
2020,9,21,13,26,16,  88.7097000000
2020,9,21,13,26,16,  70.9677000000
2020,9,21,13,26,17, -18.7097000000
2020,9,21,13,26,17, 104.1935000000
2020,9,21,13,26,17, -13.2258000000
2020,9,21,13,26,17, -50.0000000000
2020,9,21,13,26,18, -50.0000000000
2020,9,21,13,26,18,  87.0968000000
2020,9,21,13,26,18, -50.0000000000
2020,9,21,13,26,18, 120.3226000000
2020,9,21,13,26,19, -50.0000000000
2020,9,21,13,26,19, 134.5161000000
2020,9,21,13,26,19, -50.0000000000
2020,9,21,13,26,19,  70.3226000000
2020,9,21,13,26,20, -35.4839000000
2020,9,21,13,26,20,  65.8065000000
2020,9,21,13,26,20, -50.0000000000
2020,9,21,13,26,21, 133.8710000000
2020,9,21,13,26,21, 134.5161000000
2020,9,21,13,26,21, -50.0000000000
2020,9,21,13,26,21, 119.3548000000
2020,9,21,13,26,22, -47.7419000000
2020,9,21,13,26,22, 131.2903000000
2020,9,21,13,26,22, -42.9032000000
2020,9,21,13,26,22, 120.6452000000
2020,9,21,13,26,23,  -0.9677000000
2020,9,21,13,26,23,  95.1613000000
2020,9,21,13,26,23, 102.5806000000
2020,9,21,13,26,23, 129.0323000000
2020,9,21,13,26,24, -49.0323000000
2020,9,21,13,26,24, 108.3871000000
2020,9,21,13,26,24, 114.1935000000
2020,9,21,13,26,24, -50.0000000000
2020,9,21,13,26,25, -50.0000000000
2020,9,21,13,26,25,  10.9677000000
2020,9,21,13,26,25, -31.9355000000
2020,9,21,13,26,26, 104.5161000000
2020,9,21,13,26,26, 180.0000000000
2020,9,21,13,26,26, -28.3871000000
2020,9,21,13,26,26, 110.3226000000
2020,9,21,13,26,27, -50.0000000000
2020,9,21,13,26,27, -32.5806000000
2020,9,21,13,26,27, -50.0000000000
2020,9,21,13,26,27,  26.7742000000
2020,9,21,13,26,28,  90.0000000000
2020,9,21,13,26,28,  66.1290000000
2020,9,21,13,26,28, -41.2903000000
2020,9,21,13,26,28, 120.9677000000
2020,9,21,13,26,29, -50.0000000000
2020,9,21,13,26,29,  97.4194000000
2020,9,21,13,26,29, -50.0000000000
2020,9,21,13,26,30, -50.0000000000
2020,9,21,13,26,30,  18.3871000000
2020,9,21,13,26,30,  -6.4516000000
2020,9,21,13,26,30, 126.4516000000
2020,9,21,13,26,31, -26.4516000000
2020,9,21,13,26,31, -23.2258000000
2020,9,21,13,26,31,  62.5806000000
2020,9,21,13,26,31,  79.3548000000
2020,9,21,13,26,32,  80.0000000000
2020,9,21,13,26,32,  77.7419000000
2020,9,21,13,26,32, -50.0000000000
2020,9,21,13,26,32, 118.0645000000
2020,9,21,13,26,33,   7.0968000000
2020,9,21,13,26,33, -50.0000000000
2020,9,21,13,26,33,  -6.1290000000
2020,9,21,13,26,33, 132.5806000000
2020,9,21,13,26,34, 125.1613000000
2020,9,21,13,26,34, -50.0000000000
2020,9,21,13,26,34, -10.0000000000
2020,9,21,13,26,35, -42.5806000000
2020,9,21,13,26,35,  93.2258000000
2020,9,21,13,26,35,  46.4516000000
2020,9,21,13,26,35, -50.0000000000
2020,9,21,13,26,36, 134.8387000000
2020,9,21,13,26,36, -50.0000000000
2020,9,21,13,26,36, 104.5161000000
2020,9,21,13,26,36, 134.5161000000
2020,9,21,13,26,37,  25.1613000000
2020,9,21,13,26,37, 118.0645000000
2020,9,21,13,26,37, -50.0000000000
2020,9,21,13,26,37,  22.9032000000
2020,9,21,13,26,38, -33.5484000000
2020,9,21,13,26,38, -10.3226000000
2020,9,21,13,26,38, -50.0000000000
2020,9,21,13,26,38, -14.1935000000
2020,9,21,13,26,39,  99.3548000000
2020,9,21,13,26,39, 100.3226000000
2020,9,21,13,26,39,  74.8387000000
2020,9,21,13,26,39, 115.4839000000
2020,9,21,13,26,40, -50.0000000000
2020,9,21,13,26,40, 125.4839000000
2020,9,21,13,26,40, -50.0000000000
2020,9,21,13,26,41, -42.2581000000
2020,9,21,13,26,41,  89.6774000000
2020,9,21,13,26,41, -50.0000000000
2020,9,21,13,26,41, 101.2903000000
2020,9,21,13,26,42,  67.4194000000
2020,9,21,13,26,42, -46.7742000000
2020,9,21,13,26,42, 122.9032000000
2020,9,21,13,26,42, -50.0000000000
2020,9,21,13,26,43, 111.9355000000
2020,9,21,13,26,43, -29.6774000000
2020,9,21,13,26,43,  34.8387000000
2020,9,21,13,26,43, 129.3548000000
2020,9,21,13,26,44, -24.1935000000
2020,9,21,13,26,44, -17.0968000000
2020,9,21,13,26,44,  -6.4516000000
2020,9,21,13,26,44,  95.1613000000
2020,9,21,13,26,45, -50.0000000000
2020,9,21,13,26,45, 120.3226000000
2020,9,21,13,26,45, -31.9355000000
2020,9,21,13,26,46, 107.7419000000
2020,9,21,13,26,46, -50.0000000000
2020,9,21,13,26,46, 125.1613000000
2020,9,21,13,26,46,  74.8387000000
2020,9,21,13,26,47,  98.3871000000
2020,9,21,13,26,47, -50.0000000000
2020,9,21,13,26,47, -50.0000000000
2020,9,21,13,26,47,  99.6774000000
2020,9,21,13,26,48, -18.0645000000
2020,9,21,13,26,48, -50.0000000000
2020,9,21,13,26,48, 120.9677000000
2020,9,21,13,26,48, -27.0968000000
2020,9,21,13,26,49, 103.8710000000
2020,9,21,13,26,49, 124.1935000000
2020,9,21,13,26,49, -50.0000000000
2020,9,21,13,26,49, 125.8065000000
2020,9,21,13,26,50, 125.1613000000
2020,9,21,13,26,50, -35.4839000000
2020,9,21,13,26,50, -20.6452000000
2020,9,21,13,26,50,  70.3226000000
2020,9,21,13,26,51,  73.2258000000
2020,9,21,13,26,51, -50.0000000000
2020,9,21,13,26,51,  38.3871000000
2020,9,21,13,26,52,  82.9032000000
2020,9,21,13,26,52, -50.0000000000
2020,9,21,13,26,52, 129.3548000000
2020,9,21,13,26,52, -31.6129000000
2020,9,21,13,26,53,  -1.9355000000
2020,9,21,13,26,53,  90.0000000000
2020,9,21,13,26,53,  15.1613000000
2020,9,21,13,26,53,  19.0323000000
2020,9,21,13,26,54,  81.9355000000
2020,9,21,13,26,54, -50.0000000000
2020,9,21,13,26,54, -50.0000000000
2020,9,21,13,26,54, 127.4194000000
2020,9,21,13,26,55,  -2.5806000000
2020,9,21,13,26,55, 130.6452000000
2020,9,21,13,26,55, -50.0000000000
2020,9,21,13,26,55, 133.8710000000
2020,9,21,13,26,56,  18.3871000000
2020,9,21,13,26,56, 128.0645000000
2020,9,21,13,26,56,  -7.0968000000
2020,9,21,13,26,56,  97.7419000000
2020,9,21,13,26,57,  87.0968000000
2020,9,21,13,26,57, -50.0000000000
2020,9,21,13,26,57, 123.8710000000
2020,9,21,13,26,58, 108.0645000000
2020,9,21,13,26,58,  -4.8387000000
2020,9,21,13,26,58,  83.2258000000
2020,9,21,13,26,58, 119.6774000000
2020,9,21,13,26,59, -50.0000000000
2020,9,21,13,26,59, 119.3548000000
2020,9,21,13,26,59, -43.5484000000
2020,9,21,13,26,59, -33.2258000000
2020,9,21,13,27,0, 115.1613000000
2020,9,21,13,27,0, -50.0000000000
2020,9,21,13,27,0, 122.5806000000
2020,9,21,13,27,0, -37.0968000000
2020,9,21,13,27,1, -15.1613000000
2020,9,21,13,27,1, 104.5161000000
2020,9,21,13,27,1, -50.0000000000
2020,9,21,13,27,1, 120.9677000000
2020,9,21,13,27,2, 116.7742000000
2020,9,21,13,27,2, 130.0000000000
2020,9,21,13,27,2, -43.2258000000
2020,9,21,13,27,3,  88.3871000000
2020,9,21,13,27,3, -50.0000000000
2020,9,21,13,27,3, 110.3226000000
2020,9,21,13,27,3, -50.0000000000
2020,9,21,13,27,4, 129.3548000000
2020,9,21,13,27,4, 138.7097000000
2020,9,21,13,27,4, -48.0645000000
2020,9,21,13,27,4, 124.8387000000
2020,9,21,13,27,5, -50.0000000000
2020,9,21,13,27,5, 114.8387000000
2020,9,21,13,27,5, -43.8710000000
2020,9,21,13,27,5,  75.8065000000
2020,9,21,13,27,6, 110.6452000000
2020,9,21,13,27,6, -20.6452000000
2020,9,21,13,27,6, 109.3548000000
2020,9,21,13,27,6, -50.0000000000
2020,9,21,13,27,7,  93.2258000000
2020,9,21,13,27,7, -10.9677000000
2020,9,21,13,27,7, -50.0000000000
2020,9,21,13,27,7, -50.0000000000
2020,9,21,13,27,8,  98.3871000000
2020,9,21,13,27,8,  60.3226000000
2020,9,21,13,27,8, -20.9677000000
2020,9,21,13,27,9,   1.2903000000
2020,9,21,13,27,9, -15.1613000000
2020,9,21,13,27,9, 102.2581000000
2020,9,21,13,27,9, -28.7097000000
2020,9,21,13,27,10, -50.0000000000
2020,9,21,13,27,10,  82.2581000000
2020,9,21,13,27,10, -50.0000000000
2020,9,21,13,27,10, 115.1613000000
2020,9,21,13,27,11, -19.3548000000
2020,9,21,13,27,11, -50.0000000000
2020,9,21,13,27,11, -12.5806000000
2020,9,21,13,27,11, 101.2903000000
2020,9,21,13,27,12, -50.0000000000
2020,9,21,13,27,12, -50.0000000000
2020,9,21,13,27,12,   9.0323000000
2020,9,21,13,27,12, -50.0000000000
2020,9,21,13,27,13,  92.5806000000
2020,9,21,13,27,13, -50.0000000000
2020,9,21,13,27,13, 105.8065000000
2020,9,21,13,27,13, -19.0323000000
2020,9,21,13,27,14,   0.3226000000
2020,9,21,13,27,14, -50.0000000000
2020,9,21,13,27,14,  -4.8387000000
2020,9,21,13,27,15, -50.0000000000
2020,9,21,13,27,15, -10.0000000000
2020,9,21,13,27,15,  99.6774000000
2020,9,21,13,27,15, -44.5161000000
2020,9,21,13,27,16, 110.3226000000
2020,9,21,13,27,16, -50.0000000000
2020,9,21,13,27,16, 119.6774000000
2020,9,21,13,27,16, -19.3548000000
2020,9,21,13,27,17,  13.8710000000
2020,9,21,13,27,17,   7.4194000000
2020,9,21,13,27,17, -33.8710000000
2020,9,21,13,27,17, 115.1613000000
2020,9,21,13,27,18, -50.0000000000
2020,9,21,13,27,18, 102.2581000000
2020,9,21,13,27,18, -22.2581000000
2020,9,21,13,27,18,  28.0645000000
2020,9,21,13,27,19,  79.6774000000
2020,9,21,13,27,19, -25.8065000000
2020,9,21,13,27,19, 107.7419000000
2020,9,21,13,27,20, -35.4839000000
2020,9,21,13,27,20, -37.0968000000
2020,9,21,13,27,20, -50.0000000000
2020,9,21,13,27,20,   0.9677000000
2020,9,21,13,27,21, -50.0000000000
2020,9,21,13,27,21,  98.0645000000
2020,9,21,13,27,21, -50.0000000000
2020,9,21,13,27,21, 131.6129000000
2020,9,21,13,27,22,  45.4839000000
2020,9,21,13,27,22, -14.8387000000
2020,9,21,13,27,22, -50.0000000000
2020,9,21,13,27,22, 126.7742000000
2020,9,21,13,27,23, -50.0000000000
2020,9,21,13,27,23, 103.8710000000
2020,9,21,13,27,23, 126.1290000000
2020,9,21,13,27,23,  10.3226000000
2020,9,21,13,27,24, 121.2903000000
2020,9,21,13,27,24, -50.0000000000
2020,9,21,13,27,24, 120.9677000000
2020,9,21,13,27,24, -43.5484000000
2020,9,21,13,27,25,  91.9355000000
2020,9,21,13,27,25,  79.3548000000
2020,9,21,13,27,25,  77.0968000000
2020,9,21,13,27,26, -45.1613000000
2020,9,21,13,27,26, 111.9355000000
2020,9,21,13,27,26, -50.0000000000
2020,9,21,13,27,26, 124.5161000000
2020,9,21,13,27,27, -50.0000000000
2020,9,21,13,27,27,  94.5161000000
2020,9,21,13,27,27,  -8.7097000000
2020,9,21,13,27,27, -28.3871000000
2020,9,21,13,27,28, 131.2903000000
2020,9,21,13,27,28, -50.0000000000
2020,9,21,13,27,28, 126.7742000000
2020,9,21,13,27,28, -10.3226000000
2020,9,21,13,27,29, 132.5806000000
2020,9,21,13,27,29, 119.3548000000
2020,9,21,13,27,29,  74.5161000000
2020,9,21,13,27,29, -42.5806000000
2020,9,21,13,27,30, 122.2581000000
2020,9,21,13,27,30, -50.0000000000
2020,9,21,13,27,30, -39.0323000000
2020,9,21,13,27,31,  74.1935000000
2020,9,21,13,27,31,  31.6129000000
2020,9,21,13,27,31, -50.0000000000
2020,9,21,13,27,31, -50.0000000000
2020,9,21,13,27,32, 108.7097000000
2020,9,21,13,27,32, -50.0000000000
2020,9,21,13,27,32, 123.8710000000
2020,9,21,13,27,32, 130.9677000000
2020,9,21,13,27,33,  65.1613000000
2020,9,21,13,27,33,  -8.0645000000
2020,9,21,13,27,33, -50.0000000000
2020,9,21,13,27,33, -50.0000000000
2020,9,21,13,27,34, -50.0000000000
2020,9,21,13,27,34, 122.9032000000
2020,9,21,13,27,34, -50.0000000000
2020,9,21,13,27,34, 133.5484000000
2020,9,21,13,27,35, -50.0000000000
2020,9,21,13,27,35, -50.0000000000
2020,9,21,13,27,35,  -3.5484000000
2020,9,21,13,27,35, -50.0000000000
2020,9,21,13,27,36,   7.7419000000
2020,9,21,13,27,36, -50.0000000000
2020,9,21,13,27,36,  -7.7419000000
2020,9,21,13,27,37, -50.0000000000
2020,9,21,13,27,37, -50.0000000000
2020,9,21,13,27,37, -35.4839000000
2020,9,21,13,27,37, 115.1613000000
2020,9,21,13,27,38, -50.0000000000
2020,9,21,13,27,38, 122.9032000000
2020,9,21,13,27,38, 107.4194000000
2020,9,21,13,27,38, -50.0000000000
2020,9,21,13,27,39, 101.2903000000
2020,9,21,13,27,39, -50.0000000000
2020,9,21,13,27,39, 122.9032000000
2020,9,21,13,27,39, 124.8387000000
2020,9,21,13,27,40, -33.8710000000
2020,9,21,13,27,40, 112.2581000000
2020,9,21,13,27,40, -50.0000000000
2020,9,21,13,27,40, 110.0000000000
2020,9,21,13,27,41, 235.4839000000
2020,9,21,13,27,41, -50.0000000000
2020,9,21,13,27,41, -50.0000000000
2020,9,21,13,27,42, 124.8387000000
2020,9,21,13,27,42, 113.5484000000
2020,9,21,13,27,42, -50.0000000000
2020,9,21,13,27,42, 160.3226000000
2020,9,21,13,27,43, -50.0000000000
2020,9,21,13,27,43, -15.1613000000
2020,9,21,13,27,43,  97.4194000000
2020,9,21,13,27,43, -40.9677000000
2020,9,21,13,27,44, -39.3548000000
2020,9,21,13,27,44, 117.4194000000
2020,9,21,13,27,44, -50.0000000000
2020,9,21,13,27,44,  20.0000000000
2020,9,21,13,27,45,  89.0323000000
2020,9,21,13,27,45, -45.8065000000
2020,9,21,13,27,45, -49.0323000000
2020,9,21,13,27,45, 124.8387000000
2020,9,21,13,27,46, -50.0000000000
2020,9,21,13,27,46, 133.2258000000
2020,9,21,13,27,46,  49.0323000000
2020,9,21,13,27,46, 111.9355000000
2020,9,21,13,27,47, -50.0000000000
2020,9,21,13,27,47, -50.0000000000
2020,9,21,13,27,47, 129.3548000000
2020,9,21,13,27,47, -50.0000000000
2020,9,21,13,27,48,  67.4194000000
2020,9,21,13,27,48, -50.0000000000
2020,9,21,13,27,48, -50.0000000000
2020,9,21,13,27,49,   4.1935000000
2020,9,21,13,27,49, 101.6129000000
2020,9,21,13,27,49, -50.0000000000
2020,9,21,13,27,49,  95.1613000000
2020,9,21,13,27,50, 130.0000000000
2020,9,21,13,27,50, -20.3226000000
2020,9,21,13,27,50, 133.5484000000
2020,9,21,13,27,50, -50.0000000000
2020,9,21,13,27,51, 104.1935000000
2020,9,21,13,27,51, 113.8710000000
2020,9,21,13,27,51, -50.0000000000
2020,9,21,13,27,51, 103.2258000000
2020,9,21,13,27,52, 108.0645000000
2020,9,21,13,27,52,  74.8387000000
2020,9,21,13,27,52, -47.7419000000
2020,9,21,13,27,52, 122.2581000000
2020,9,21,13,27,53, -50.0000000000
2020,9,21,13,27,53,  76.4516000000
2020,9,21,13,27,53, -50.0000000000
2020,9,21,13,27,54, -45.4839000000
2020,9,21,13,27,54,  85.8065000000
2020,9,21,13,27,54, -50.0000000000
2020,9,21,13,27,54, 102.2581000000
2020,9,21,13,27,55, 101.9355000000
2020,9,21,13,27,55, -50.0000000000
2020,9,21,13,27,55, 120.3226000000
2020,9,21,13,27,55, -50.0000000000
2020,9,21,13,27,56,  14.5161000000
2020,9,21,13,27,56, -13.2258000000
2020,9,21,13,27,56, -11.9355000000
2020,9,21,13,27,56,  99.6774000000
2020,9,21,13,27,57, -50.0000000000
2020,9,21,13,27,57, -50.0000000000
2020,9,21,13,27,57,  62.2581000000
2020,9,21,13,27,57, -40.9677000000
2020,9,21,13,27,58, 118.0645000000
2020,9,21,13,27,58, -41.2903000000
2020,9,21,13,27,58, -40.3226000000
2020,9,21,13,27,58, -20.6452000000
2020,9,21,13,27,59,  55.8065000000
2020,9,21,13,27,59,  97.7419000000
2020,9,21,13,27,59, -50.0000000000
2020,9,21,13,28,0,  88.7097000000
2020,9,21,13,28,0,  96.4516000000
2020,9,21,13,28,0, -24.8387000000
2020,9,21,13,28,0, 111.2903000000
2020,9,21,13,28,1, 133.5484000000
2020,9,21,13,28,1,  69.6774000000
2020,9,21,13,28,1,  97.4194000000
2020,9,21,13,28,1, -13.5484000000
2020,9,21,13,28,2, 102.5806000000
2020,9,21,13,28,2, -50.0000000000
2020,9,21,13,28,2, -22.2581000000
2020,9,21,13,28,2, 105.1613000000
2020,9,21,13,28,3, -50.0000000000
2020,9,21,13,28,3, 124.8387000000
2020,9,21,13,28,3, -12.5806000000
2020,9,21,13,28,3, -12.2581000000
2020,9,21,13,28,4, -31.9355000000
2020,9,21,13,28,4, 116.1290000000
2020,9,21,13,28,4, -36.4516000000
2020,9,21,13,28,4,  70.3226000000
2020,9,21,13,28,5,  66.4516000000
2020,9,21,13,28,5, -42.2581000000
2020,9,21,13,28,5, 120.6452000000
2020,9,21,13,28,6, -50.0000000000
2020,9,21,13,28,6, 109.6774000000
2020,9,21,13,28,6, -50.0000000000
2020,9,21,13,28,6, 131.6129000000
2020,9,21,13,28,7, 100.6452000000
2020,9,21,13,28,7, 134.1935000000
2020,9,21,13,28,7,  63.8710000000
2020,9,21,13,28,7,  60.6452000000
2020,9,21,13,28,8, -35.4839000000
2020,9,21,13,28,8, 117.4194000000
2020,9,21,13,28,8, 102.9032000000
2020,9,21,13,28,8, -50.0000000000
2020,9,21,13,28,9, 133.5484000000
2020,9,21,13,28,9, -50.0000000000
2020,9,21,13,28,9,  63.5484000000
2020,9,21,13,28,9, -36.1290000000
2020,9,21,13,28,10,  93.5484000000
2020,9,21,13,28,10, 130.0000000000
2020,9,21,13,28,10, -50.0000000000
2020,9,21,13,28,10, 126.4516000000
2020,9,21,13,28,11, -12.2581000000
2020,9,21,13,28,11,  99.3548000000
2020,9,21,13,28,11, -33.8710000000
2020,9,21,13,28,12, 117.7419000000
2020,9,21,13,28,12, -50.0000000000
2020,9,21,13,28,12, 115.8065000000
2020,9,21,13,28,12,  66.4516000000
2020,9,21,13,28,13, -12.5806000000
2020,9,21,13,28,13,  63.5484000000
2020,9,21,13,28,13, 106.1290000000
2020,9,21,13,28,13, -50.0000000000
2020,9,21,13,28,14, 116.1290000000
2020,9,21,13,28,14, -50.0000000000
2020,9,21,13,28,14, 132.9032000000
2020,9,21,13,28,14, -50.0000000000
2020,9,21,13,28,15, 110.9677000000
2020,9,21,13,28,15, -11.2903000000
2020,9,21,13,28,15,  91.6129000000
2020,9,21,13,28,15, 103.8710000000
2020,9,21,13,28,16, -50.0000000000
2020,9,21,13,28,16, 129.3548000000
2020,9,21,13,28,16, 123.8710000000
2020,9,21,13,28,16, -50.0000000000
2020,9,21,13,28,17,  18.3871000000
2020,9,21,13,28,17,   1.6129000000
2020,9,21,13,28,17,  89.3548000000
2020,9,21,13,28,18, -50.0000000000
2020,9,21,13,28,18,  96.7742000000
2020,9,21,13,28,18, 164.1935000000
2020,9,21,13,28,18, 121.9355000000
2020,9,21,13,28,19, 122.5806000000
2020,9,21,13,28,19, -50.0000000000
2020,9,21,13,28,19,  23.8710000000
2020,9,21,13,28,19, 117.7419000000
2020,9,21,13,28,20, -50.0000000000
2020,9,21,13,28,20,  78.0645000000
2020,9,21,13,28,20,  -6.1290000000
2020,9,21,13,28,20, -34.5161000000
2020,9,21,13,28,21, -50.0000000000
2020,9,21,13,28,21, 110.0000000000
2020,9,21,13,28,21,  69.6774000000
2020,9,21,13,28,21, -29.6774000000
2020,9,21,13,28,22, 128.7097000000
2020,9,21,13,28,22, 125.1613000000
2020,9,21,13,28,22, -36.4516000000
2020,9,21,13,28,23, -24.5161000000
2020,9,21,13,28,23, 125.4839000000
2020,9,21,13,28,23, -49.0323000000
2020,9,21,13,28,23, 126.7742000000
2020,9,21,13,28,24, -50.0000000000
2020,9,21,13,28,24,  65.1613000000
2020,9,21,13,28,24, -50.0000000000
2020,9,21,13,28,24, 119.0323000000
2020,9,21,13,28,25,  -2.9032000000
2020,9,21,13,28,25,  90.6452000000
2020,9,21,13,28,25, 134.5161000000
2020,9,21,13,28,25, -42.9032000000
2020,9,21,13,28,26, 120.9677000000
2020,9,21,13,28,26,  94.5161000000
2020,9,21,13,28,26, -11.2903000000
2020,9,21,13,28,26,  38.7097000000
2020,9,21,13,28,27, 105.4839000000
2020,9,21,13,28,27,  40.3226000000
2020,9,21,13,28,27,  90.3226000000
2020,9,21,13,28,28, -38.7097000000
2020,9,21,13,28,28,  95.8065000000
2020,9,21,13,28,28, -50.0000000000
2020,9,21,13,28,28,  97.0968000000
2020,9,21,13,28,29,  -7.4194000000
2020,9,21,13,28,29,  99.0323000000
2020,9,21,13,28,29, -42.2581000000
2020,9,21,13,28,29,  -1.9355000000
2020,9,21,13,28,30, 126.1290000000
2020,9,21,13,28,30,  70.9677000000
2020,9,21,13,28,30, -26.7742000000
2020,9,21,13,28,30,  94.5161000000
2020,9,21,13,28,31,  16.4516000000
2020,9,21,13,28,31, -50.0000000000
2020,9,21,13,28,31, -50.0000000000
2020,9,21,13,28,31,  62.5806000000
2020,9,21,13,28,32,  79.3548000000
2020,9,21,13,28,32, -16.7742000000
2020,9,21,13,28,32,  37.0968000000
2020,9,21,13,28,33, -50.0000000000
2020,9,21,13,28,33,  80.6452000000
2020,9,21,13,28,33,  84.1935000000
2020,9,21,13,28,33, 104.8387000000
2020,9,21,13,28,34, -50.0000000000
2020,9,21,13,28,34,   2.5806000000
2020,9,21,13,28,34, -11.9355000000
2020,9,21,13,28,34,  65.1613000000
2020,9,21,13,28,35,  75.4839000000
2020,9,21,13,28,35, -40.6452000000
2020,9,21,13,28,35, 121.2903000000
2020,9,21,13,28,35, -48.0645000000
2020,9,21,13,28,36,  74.5161000000
2020,9,21,13,28,36, -22.9032000000
2020,9,21,13,28,36, 106.4516000000
2020,9,21,13,28,36, -50.0000000000
2020,9,21,13,28,37, 121.9355000000
2020,9,21,13,28,37,  75.1613000000
2020,9,21,13,28,37,  60.9677000000
2020,9,21,13,28,37, 124.1935000000
2020,9,21,13,28,38, -50.0000000000
2020,9,21,13,28,38, -50.0000000000
2020,9,21,13,28,38,  70.3226000000
2020,9,21,13,28,39,  80.3226000000
2020,9,21,13,28,39,  78.7097000000
2020,9,21,13,28,39,  -4.5161000000
2020,9,21,13,28,39, 125.8065000000
2020,9,21,13,28,40,  92.5806000000
2020,9,21,13,28,40,  37.7419000000
2020,9,21,13,28,40,  35.8065000000
2020,9,21,13,28,40, 112.9032000000
2020,9,21,13,28,41, -50.0000000000
2020,9,21,13,28,41,  91.6129000000
2020,9,21,13,28,41, -50.0000000000
2020,9,21,13,28,41, 127.4194000000
2020,9,21,13,28,42, -50.0000000000
2020,9,21,13,28,42, 111.6129000000
2020,9,21,13,28,42, 132.2581000000
2020,9,21,13,28,42,  40.3226000000
2020,9,21,13,28,43, -50.0000000000
2020,9,21,13,28,43, 120.3226000000
2020,9,21,13,28,43, 126.4516000000
2020,9,21,13,28,43, -50.0000000000
2020,9,21,13,28,44,  75.4839000000
2020,9,21,13,28,44, -50.0000000000
2020,9,21,13,28,44, -48.0645000000
2020,9,21,13,28,45, -20.3226000000
2020,9,21,13,28,45,  84.8387000000
2020,9,21,13,28,45,   2.9032000000
2020,9,21,13,28,45, 140.0000000000
2020,9,21,13,28,46,  67.7419000000
2020,9,21,13,28,46,  48.0645000000
2020,9,21,13,28,46, -35.8065000000
2020,9,21,13,28,46, 114.8387000000
2020,9,21,13,28,47, -50.0000000000
2020,9,21,13,28,47, -50.0000000000
2020,9,21,13,28,47, 126.1290000000
2020,9,21,13,28,47, -49.0323000000
2020,9,21,13,28,48, -25.8065000000
2020,9,21,13,28,48, -24.1935000000
2020,9,21,13,28,48, 104.1935000000
2020,9,21,13,28,48, -50.0000000000
2020,9,21,13,28,49, -47.4194000000
2020,9,21,13,28,49,  92.2581000000
2020,9,21,13,28,49, -50.0000000000
2020,9,21,13,28,50, 130.6452000000
2020,9,21,13,28,50,  17.0968000000
2020,9,21,13,28,50,  89.3548000000
2020,9,21,13,28,50, 118.0645000000
2020,9,21,13,28,51, -36.1290000000
2020,9,21,13,28,51, 113.5484000000
2020,9,21,13,28,51, -47.4194000000
2020,9,21,13,28,51, -46.1290000000
2020,9,21,13,28,52, 120.9677000000
2020,9,21,13,28,52, -50.0000000000
2020,9,21,13,28,52,  65.8065000000
2020,9,21,13,28,52, -44.5161000000
2020,9,21,13,28,53,  91.6129000000
2020,9,21,13,28,53, -50.0000000000
2020,9,21,13,28,53, 127.4194000000
2020,9,21,13,28,53, 112.2581000000
2020,9,21,13,28,54, 135.4839000000
2020,9,21,13,28,54,  60.6452000000
2020,9,21,13,28,54, -41.6129000000
2020,9,21,13,28,55, 105.4839000000
2020,9,21,13,28,55, 120.3226000000
2020,9,21,13,28,55, -50.0000000000
2020,9,21,13,28,55, 133.8710000000
2020,9,21,13,28,56, 114.1935000000
2020,9,21,13,28,56, -50.0000000000
2020,9,21,13,28,56, -50.0000000000
2020,9,21,13,28,56, -17.0968000000
2020,9,21,13,28,57, 220.6452000000
2020,9,21,13,28,57, -50.0000000000
2020,9,21,13,28,57,  87.7419000000
2020,9,21,13,28,57,  77.7419000000
2020,9,21,13,28,58,  66.1290000000
2020,9,21,13,28,58, -40.6452000000
2020,9,21,13,28,58, 118.3871000000
2020,9,21,13,28,58, -50.0000000000
2020,9,21,13,28,59,  84.1935000000
2020,9,21,13,28,59, -50.0000000000
2020,9,21,13,28,59,  -9.0323000000
2020,9,21,13,29,0, 128.0645000000
2020,9,21,13,29,0,   1.6129000000
2020,9,21,13,29,0, -25.4839000000
2020,9,21,13,29,0, -27.0968000000
2020,9,21,13,29,1, 108.7097000000
2020,9,21,13,29,1, -50.0000000000
2020,9,21,13,29,1, 108.0645000000
2020,9,21,13,29,1, -40.9677000000
2020,9,21,13,29,2,  45.1613000000
2020,9,21,13,29,2, 137.7419000000
2020,9,21,13,29,2,  34.8387000000
2020,9,21,13,29,2, -32.2581000000
2020,9,21,13,29,3, -50.0000000000
2020,9,21,13,29,3, 130.0000000000
2020,9,21,13,29,3, -50.0000000000
2020,9,21,13,29,3, 124.8387000000
2020,9,21,13,29,4,  71.2903000000
2020,9,21,13,29,4,  65.1613000000
2020,9,21,13,29,4, -39.0323000000
2020,9,21,13,29,5, 120.0000000000
2020,9,21,13,29,5, -37.7419000000
2020,9,21,13,29,5,  99.6774000000
2020,9,21,13,29,5, -50.0000000000
2020,9,21,13,29,6, 118.0645000000
2020,9,21,13,29,6, -50.0000000000
2020,9,21,13,29,6,  71.6129000000
2020,9,21,13,29,6,  69.6774000000
2020,9,21,13,29,7, 100.9677000000
2020,9,21,13,29,7, -20.0000000000
2020,9,21,13,29,7, 109.6774000000
2020,9,21,13,29,7, -40.6452000000
2020,9,21,13,29,8,  81.2903000000
2020,9,21,13,29,8,  95.1613000000
2020,9,21,13,29,8, -50.0000000000
2020,9,21,13,29,8, 125.4839000000
2020,9,21,13,29,9, -49.6774000000
2020,9,21,13,29,9, 127.4194000000
2020,9,21,13,29,9, -50.0000000000
2020,9,21,13,29,10, -50.0000000000
2020,9,21,13,29,10, -50.0000000000
2020,9,21,13,29,10,  -8.7097000000
2020,9,21,13,29,10, 121.2903000000
2020,9,21,13,29,11, 209.3548000000
2020,9,21,13,29,11, -50.0000000000
2020,9,21,13,29,11, 133.2258000000
2020,9,21,13,29,11, -50.0000000000
2020,9,21,13,29,12, -31.2903000000
2020,9,21,13,29,12, -50.0000000000
2020,9,21,13,29,12,  -3.8710000000
2020,9,21,13,29,12,  92.9032000000
2020,9,21,13,29,13, 134.5161000000
2020,9,21,13,29,13,  40.3226000000
2020,9,21,13,29,13,  10.9677000000
2020,9,21,13,29,13, -50.0000000000
2020,9,21,13,29,14,  87.0968000000
2020,9,21,13,29,14, -50.0000000000
2020,9,21,13,29,14, -50.0000000000
2020,9,21,13,29,14, 132.2581000000
2020,9,21,13,29,15, -46.4516000000
2020,9,21,13,29,15, 123.2258000000
2020,9,21,13,29,15, -50.0000000000
2020,9,21,13,29,16, -50.0000000000
2020,9,21,13,29,16, -13.8710000000
2020,9,21,13,29,16, -50.0000000000
2020,9,21,13,29,16, -50.0000000000
2020,9,21,13,29,17,  28.7097000000
2020,9,21,13,29,17,  59.6774000000
2020,9,21,13,29,17, 135.1613000000
2020,9,21,13,29,17, -50.0000000000
2020,9,21,13,29,18,  40.3226000000
2020,9,21,13,29,18,  78.7097000000
2020,9,21,13,29,18, -50.0000000000
2020,9,21,13,29,18,  -0.6452000000
2020,9,21,13,29,19, 126.7742000000
2020,9,21,13,29,19, 117.4194000000
2020,9,21,13,29,19, -50.0000000000
2020,9,21,13,29,20, 126.7742000000
2020,9,21,13,29,20, 122.9032000000
2020,9,21,13,29,20, -50.0000000000
2020,9,21,13,29,20, 116.7742000000
2020,9,21,13,29,21,  18.3871000000
2020,9,21,13,29,21, -36.7742000000
2020,9,21,13,29,21, 115.8065000000
2020,9,21,13,29,21, -50.0000000000
2020,9,21,13,29,22, -20.3226000000
2020,9,21,13,29,22, -50.0000000000
2020,9,21,13,29,22, 119.6774000000
2020,9,21,13,29,22, -50.0000000000
2020,9,21,13,29,23, -27.4194000000
2020,9,21,13,29,23, -50.0000000000
2020,9,21,13,29,23, 230.0000000000
2020,9,21,13,29,24, -50.0000000000
2020,9,21,13,29,24, 141.6129000000
2020,9,21,13,29,24,  79.6774000000
2020,9,21,13,29,24, 120.9677000000
2020,9,21,13,29,25, -50.0000000000
2020,9,21,13,29,25, -50.0000000000
2020,9,21,13,29,25, 134.8387000000
2020,9,21,13,29,25, -50.0000000000
2020,9,21,13,29,26, -22.5806000000
2020,9,21,13,29,26, 108.7097000000
2020,9,21,13,29,26, -30.0000000000
2020,9,21,13,29,26, 112.5806000000
2020,9,21,13,29,27, -31.9355000000
2020,9,21,13,29,27, 114.8387000000
2020,9,21,13,29,27, 102.2581000000
2020,9,21,13,29,27, -50.0000000000
2020,9,21,13,29,28, 132.2581000000
2020,9,21,13,29,28, -33.8710000000
2020,9,21,13,29,28, 125.4839000000
2020,9,21,13,29,29, -50.0000000000
2020,9,21,13,29,29, 100.6452000000
2020,9,21,13,29,29, -50.0000000000
2020,9,21,13,29,29, -34.8387000000
2020,9,21,13,29,30,  93.5484000000
2020,9,21,13,29,30, 128.7097000000
2020,9,21,13,29,30, 117.0968000000
2020,9,21,13,29,30, 120.3226000000
2020,9,21,13,29,31, -50.0000000000
2020,9,21,13,29,31, -50.0000000000
2020,9,21,13,29,31, -12.5806000000
2020,9,21,13,29,31,  92.2581000000
2020,9,21,13,29,32,   6.4516000000
2020,9,21,13,29,32, -33.5484000000
2020,9,21,13,29,32, 120.3226000000
2020,9,21,13,29,33, -50.0000000000
2020,9,21,13,29,33, -50.0000000000
2020,9,21,13,29,33, 124.8387000000
2020,9,21,13,29,33, -50.0000000000
2020,9,21,13,29,34, 134.5161000000
2020,9,21,13,29,34, 127.7419000000
2020,9,21,13,29,34, -50.0000000000
2020,9,21,13,29,34,  92.5806000000
2020,9,21,13,29,35, -50.0000000000
2020,9,21,13,29,35, -11.6129000000
2020,9,21,13,29,35, 100.0000000000
2020,9,21,13,29,35, -50.0000000000
2020,9,21,13,29,36,   2.2581000000
2020,9,21,13,29,36, -50.0000000000
2020,9,21,13,29,36, -50.0000000000
2020,9,21,13,29,36, 121.9355000000
2020,9,21,13,29,37,  22.9032000000
2020,9,21,13,29,37, 128.3871000000
2020,9,21,13,29,37, -43.2258000000
2020,9,21,13,29,38, -50.0000000000
2020,9,21,13,29,38, -50.0000000000
2020,9,21,13,29,38,  81.2903000000
2020,9,21,13,29,38, -38.3871000000
2020,9,21,13,29,39, -50.0000000000
2020,9,21,13,29,39, -50.0000000000
2020,9,21,13,29,39, -14.5161000000
2020,9,21,13,29,39, -50.0000000000
2020,9,21,13,29,40, 126.7742000000
2020,9,21,13,29,40,  -2.9032000000
2020,9,21,13,29,40,  95.1613000000
2020,9,21,13,29,40, 130.9677000000
2020,9,21,13,29,41, -50.0000000000
2020,9,21,13,29,41,  -4.8387000000
2020,9,21,13,29,41,  94.8387000000
2020,9,21,13,29,42,   0.6452000000
2020,9,21,13,29,42, -50.0000000000
2020,9,21,13,29,42, -25.1613000000
2020,9,21,13,29,42, -50.0000000000
2020,9,21,13,29,43, 134.5161000000
2020,9,21,13,29,43,  63.2258000000
2020,9,21,13,29,43,  -3.5484000000
2020,9,21,13,29,43, -16.1290000000
2020,9,21,13,29,44,  92.2581000000
2020,9,21,13,29,44, -50.0000000000
2020,9,21,13,29,44, -50.0000000000
2020,9,21,13,29,44, 133.2258000000
2020,9,21,13,29,45,  54.8387000000
2020,9,21,13,29,45,  88.7097000000
2020,9,21,13,29,45, -50.0000000000
2020,9,21,13,29,45, 118.7097000000
2020,9,21,13,29,46, 110.9677000000
2020,9,21,13,29,46,  73.2258000000
2020,9,21,13,29,46,  80.9677000000
2020,9,21,13,29,46, -48.7097000000
2020,9,21,13,29,47, 123.5484000000
2020,9,21,13,29,47, -50.0000000000
2020,9,21,13,29,47,  94.8387000000
2020,9,21,13,29,48, 111.2903000000
2020,9,21,13,29,48, -48.0645000000
2020,9,21,13,29,48,  96.7742000000
2020,9,21,13,29,48,  16.7742000000
2020,9,21,13,29,49,  95.8065000000
2020,9,21,13,29,49, 128.0645000000
2020,9,21,13,29,49,  -3.5484000000
2020,9,21,13,29,49, 131.6129000000
2020,9,21,13,29,50, -50.0000000000
2020,9,21,13,29,50, -50.0000000000
2020,9,21,13,29,50, 125.1613000000
2020,9,21,13,29,50, -40.0000000000
2020,9,21,13,29,51, 124.1935000000
2020,9,21,13,29,51, 131.9355000000
2020,9,21,13,29,51,  92.2581000000
2020,9,21,13,29,52, 105.1613000000
2020,9,21,13,29,52, -50.0000000000
2020,9,21,13,29,52, -50.0000000000
2020,9,21,13,29,52,   5.4839000000
2020,9,21,13,29,53, -50.0000000000
2020,9,21,13,29,53, -50.0000000000
2020,9,21,13,29,53, 117.7419000000
2020,9,21,13,29,53, -50.0000000000
2020,9,21,13,29,54, -50.0000000000
2020,9,21,13,29,54,  64.1935000000
2020,9,21,13,29,54,  48.7097000000
2020,9,21,13,29,54,   5.4839000000
2020,9,21,13,29,55, -19.0323000000
2020,9,21,13,29,55, -50.0000000000
2020,9,21,13,29,55, 131.6129000000
2020,9,21,13,29,55, -50.0000000000
2020,9,21,13,29,56, -50.0000000000
2020,9,21,13,29,56,  13.8710000000
2020,9,21,13,29,56,  88.3871000000
2020,9,21,13,29,57, -24.5161000000
2020,9,21,13,29,57, 110.6452000000
2020,9,21,13,29,57, -50.0000000000
2020,9,21,13,29,57, 121.9355000000
2020,9,21,13,29,58, -50.0000000000
2020,9,21,13,29,58, 134.1935000000
2020,9,21,13,29,58, -50.0000000000
2020,9,21,13,29,58, 125.4839000000
2020,9,21,13,29,59, -50.0000000000
2020,9,21,13,29,59,  97.0968000000
2020,9,21,13,29,59, -26.1290000000
2020,9,21,13,29,59,  53.5484000000
2020,9,21,13,30,0,  64.1935000000
2020,9,21,13,30,0, -40.6452000000
2020,9,21,13,30,0, 117.0968000000
2020,9,21,13,30,0, -24.5161000000
2020,9,21,13,30,1, 104.1935000000
2020,9,21,13,30,1, -50.0000000000
2020,9,21,13,30,1, 135.4839000000
2020,9,21,13,30,2, 115.8065000000
2020,9,21,13,30,2, -50.0000000000
2020,9,21,13,30,2,  94.1935000000
2020,9,21,13,30,2,  76.1290000000
2020,9,21,13,30,3, 111.6129000000
2020,9,21,13,30,3, -34.1935000000
2020,9,21,13,30,3, 114.1935000000
2020,9,21,13,30,3, -50.0000000000
2020,9,21,13,30,4, 115.4839000000
2020,9,21,13,30,4,  97.0968000000
2020,9,21,13,30,4,  74.8387000000
2020,9,21,13,30,4, -26.4516000000
2020,9,21,13,30,5,  21.6129000000
2020,9,21,13,30,5, 131.2903000000
2020,9,21,13,30,5, -50.0000000000
2020,9,21,13,30,5,  81.6129000000
2020,9,21,13,30,6,  60.0000000000
2020,9,21,13,30,6, 121.2903000000
2020,9,21,13,30,6, 123.2258000000
2020,9,21,13,30,7,  83.8710000000
2020,9,21,13,30,7,  28.7097000000
2020,9,21,13,30,7, -34.5161000000
2020,9,21,13,30,7, 117.7419000000
2020,9,21,13,30,8, -50.0000000000
2020,9,21,13,30,8, 110.0000000000
2020,9,21,13,30,8, -50.0000000000
2020,9,21,13,30,8, -50.0000000000
2020,9,21,13,30,9, 130.9677000000
2020,9,21,13,30,9,  43.8710000000
2020,9,21,13,30,9, -21.6129000000
2020,9,21,13,30,9, -35.1613000000
2020,9,21,13,30,10, 116.1290000000
2020,9,21,13,30,10, -50.0000000000
2020,9,21,13,30,10, 122.2581000000
2020,9,21,13,30,10, -50.0000000000
2020,9,21,13,30,11,  -2.9032000000
2020,9,21,13,30,11,  62.9032000000
2020,9,21,13,30,11, 115.8065000000
2020,9,21,13,30,11, -50.0000000000
2020,9,21,13,30,12, 117.7419000000
2020,9,21,13,30,12, -34.1935000000
2020,9,21,13,30,12,  -4.5161000000
2020,9,21,13,30,12,  94.1935000000
2020,9,21,13,30,13, -50.0000000000
2020,9,21,13,30,13, 123.5484000000
2020,9,21,13,30,13, 124.1935000000
2020,9,21,13,30,14, -50.0000000000
2020,9,21,13,30,14,  -4.8387000000
2020,9,21,13,30,14, -50.0000000000
2020,9,21,13,30,14, 137.7419000000
2020,9,21,13,30,15,  94.1935000000
2020,9,21,13,30,15,  79.3548000000
2020,9,21,13,30,15,  82.5806000000
2020,9,21,13,30,15, -50.0000000000
2020,9,21,13,30,16, 102.5806000000
2020,9,21,13,30,16, -29.3548000000
2020,9,21,13,30,16,  -1.9355000000
2020,9,21,13,30,16,  94.8387000000
2020,9,21,13,30,17, -50.0000000000
2020,9,21,13,30,17,  93.8710000000
2020,9,21,13,30,17, -34.8387000000
2020,9,21,13,30,17, -50.0000000000
2020,9,21,13,30,18,  92.5806000000
2020,9,21,13,30,18, -50.0000000000
2020,9,21,13,30,18, 123.2258000000
2020,9,21,13,30,18, 125.8065000000
2020,9,21,13,30,19, -20.3226000000
2020,9,21,13,30,19, -50.0000000000
2020,9,21,13,30,19, -50.0000000000
2020,9,21,13,30,20,  35.8065000000
2020,9,21,13,30,20,  90.3226000000
2020,9,21,13,30,20,  88.3871000000
2020,9,21,13,30,20,  54.5161000000
2020,9,21,13,30,21, 121.9355000000
2020,9,21,13,30,21, -50.0000000000
2020,9,21,13,30,21,  17.4194000000
2020,9,21,13,30,21,  65.8065000000
2020,9,21,13,30,22, -31.2903000000
2020,9,21,13,30,22, 115.8065000000
2020,9,21,13,30,22, -42.9032000000
2020,9,21,13,30,22, -44.1935000000
2020,9,21,13,30,23, 124.1935000000
2020,9,21,13,30,23, -50.0000000000
2020,9,21,13,30,23, -50.0000000000
2020,9,21,13,30,23,  93.8710000000
2020,9,21,13,30,24,  79.0323000000
2020,9,21,13,30,24,   4.8387000000
2020,9,21,13,30,24, -50.0000000000
2020,9,21,13,30,24, 133.5484000000
2020,9,21,13,30,25,  92.9032000000
2020,9,21,13,30,25, 133.5484000000
2020,9,21,13,30,25,  -7.0968000000
2020,9,21,13,30,26, -50.0000000000
2020,9,21,13,30,26, -50.0000000000
2020,9,21,13,30,26,  95.1613000000
2020,9,21,13,30,26, -36.1290000000
2020,9,21,13,30,27,  71.6129000000
2020,9,21,13,30,27,  86.4516000000
2020,9,21,13,30,27, 143.2258000000
2020,9,21,13,30,27,  39.6774000000
2020,9,21,13,30,28, -35.8065000000
2020,9,21,13,30,28, -42.9032000000
2020,9,21,13,30,28, 124.8387000000
2020,9,21,13,30,28, -50.0000000000
2020,9,21,13,30,29, 123.8710000000
2020,9,21,13,30,29, -49.6774000000
2020,9,21,13,30,29,  94.5161000000
2020,9,21,13,30,29, 112.9032000000
2020,9,21,13,30,30, -50.0000000000
2020,9,21,13,30,30, 133.8710000000
2020,9,21,13,30,30, -50.0000000000
2020,9,21,13,30,31, 107.0968000000
2020,9,21,13,30,31, -29.0323000000
2020,9,21,13,30,31,  89.0323000000
2020,9,21,13,30,31,  85.1613000000
2020,9,21,13,30,32,  71.9355000000
2020,9,21,13,30,32, -50.0000000000
2020,9,21,13,30,32,  24.5161000000
2020,9,21,13,30,32,  87.4194000000
2020,9,21,13,30,33, -44.8387000000
2020,9,21,13,30,33, 108.7097000000
2020,9,21,13,30,33, -41.2903000000
2020,9,21,13,30,33, 119.6774000000
2020,9,21,13,30,34, 133.5484000000
2020,9,21,13,30,34,  62.9032000000
2020,9,21,13,30,34, 122.2581000000
2020,9,21,13,30,34, -50.0000000000
2020,9,21,13,30,35, 100.6452000000
2020,9,21,13,30,35, -50.0000000000
2020,9,21,13,30,35,  96.4516000000
2020,9,21,13,30,36, -20.0000000000
2020,9,21,13,30,36, -15.1613000000
2020,9,21,13,30,36, 132.2581000000
2020,9,21,13,30,36, -38.3871000000
2020,9,21,13,30,37,  79.3548000000
2020,9,21,13,30,37, -29.6774000000
2020,9,21,13,30,37, 111.6129000000
2020,9,21,13,30,37, 100.0000000000
2020,9,21,13,30,38, -50.0000000000
2020,9,21,13,30,38, 131.6129000000
2020,9,21,13,30,38, -50.0000000000
2020,9,21,13,30,38,  97.4194000000
2020,9,21,13,30,39, -50.0000000000
2020,9,21,13,30,39,  86.4516000000
2020,9,21,13,30,39,  -3.2258000000
2020,9,21,13,30,39,  48.3871000000
2020,9,21,13,30,40,  82.5806000000
2020,9,21,13,30,40, -50.0000000000
2020,9,21,13,30,40, -50.0000000000
2020,9,21,13,30,40, 111.2903000000
2020,9,21,13,30,41, -50.0000000000
2020,9,21,13,30,41, 130.3226000000
2020,9,21,13,30,41, -50.0000000000
2020,9,21,13,30,42, -50.0000000000
2020,9,21,13,30,42, 114.8387000000
2020,9,21,13,30,42, 166.7742000000
2020,9,21,13,30,42,  99.3548000000
2020,9,21,13,30,43,  70.9677000000
2020,9,21,13,30,43,  -4.5161000000
2020,9,21,13,30,43, 142.2581000000
2020,9,21,13,30,43,  44.1935000000
2020,9,21,13,30,44, -32.5806000000
2020,9,21,13,30,44,  -7.4194000000
2020,9,21,13,30,44, 125.1613000000
2020,9,21,13,30,44, -50.0000000000
2020,9,21,13,30,45, 117.4194000000
2020,9,21,13,30,45, -25.4839000000
2020,9,21,13,30,45,  92.2581000000
2020,9,21,13,30,45,  -2.9032000000
2020,9,21,13,30,46,  94.5161000000
2020,9,21,13,30,46, -10.3226000000
2020,9,21,13,30,46, 101.9355000000
2020,9,21,13,30,47, -21.2903000000
2020,9,21,13,30,47,  -2.5806000000
2020,9,21,13,30,47,  96.4516000000
2020,9,21,13,30,47, -50.0000000000
2020,9,21,13,30,48, 123.8710000000
2020,9,21,13,30,48, -50.0000000000
2020,9,21,13,30,48, 130.6452000000
2020,9,21,13,30,48, -42.2581000000
2020,9,21,13,30,49,  42.2581000000
2020,9,21,13,30,49, 122.9032000000
2020,9,21,13,30,49, 122.9032000000
2020,9,21,13,30,49, 130.9677000000
2020,9,21,13,30,50, 124.5161000000
2020,9,21,13,30,50, -50.0000000000
2020,9,21,13,30,50, 115.8065000000
2020,9,21,13,30,50, -50.0000000000
2020,9,21,13,30,51, -50.0000000000
2020,9,21,13,30,51,   4.5161000000
2020,9,21,13,30,51,  85.4839000000
2020,9,21,13,30,52,  98.7097000000
2020,9,21,13,30,52, -50.0000000000
2020,9,21,13,30,52, 106.1290000000
2020,9,21,13,30,52,  -6.4516000000
2020,9,21,13,30,53, -50.0000000000
2020,9,21,13,30,53, 112.9032000000
2020,9,21,13,30,53,  72.5806000000
2020,9,21,13,30,53, 135.4839000000
2020,9,21,13,30,54,  68.7097000000
2020,9,21,13,30,54, -38.0645000000
2020,9,21,13,30,54, -50.0000000000
2020,9,21,13,30,54,   2.2581000000
2020,9,21,13,30,55,  56.1290000000
2020,9,21,13,30,55, 127.4194000000
2020,9,21,13,30,55, -50.0000000000
2020,9,21,13,30,55, 112.5806000000
2020,9,21,13,30,56, 113.5484000000
2020,9,21,13,30,56, -50.0000000000
2020,9,21,13,30,56,  85.1613000000
2020,9,21,13,30,57, -44.5161000000
2020,9,21,13,30,57, 124.8387000000
2020,9,21,13,30,57, -50.0000000000
2020,9,21,13,30,57,   0.6452000000
2020,9,21,13,30,58,  90.6452000000
2020,9,21,13,30,58, -28.0645000000
2020,9,21,13,30,58,  63.5484000000
2020,9,21,13,30,58, -50.0000000000
2020,9,21,13,30,59, -49.0323000000
2020,9,21,13,30,59, -21.2903000000
2020,9,21,13,30,59, -50.0000000000
2020,9,21,13,30,59, 125.4839000000
2020,9,21,13,31,0, -33.8710000000
2020,9,21,13,31,0, -29.3548000000
2020,9,21,13,31,0, 112.2581000000
2020,9,21,13,31,0, -40.3226000000
2020,9,21,13,31,1,  63.5484000000
2020,9,21,13,31,1, -21.6129000000
2020,9,21,13,31,1, -30.6452000000
2020,9,21,13,31,1, -50.0000000000
2020,9,21,13,31,2,  18.0645000000
2020,9,21,13,31,2,  82.5806000000
2020,9,21,13,31,2, -43.8710000000
2020,9,21,13,31,3, 122.5806000000
2020,9,21,13,31,3,  -2.9032000000
2020,9,21,13,31,3, 115.1613000000
2020,9,21,13,31,3, -31.6129000000
2020,9,21,13,31,4, 120.9677000000
2020,9,21,13,31,4, -50.0000000000
2020,9,21,13,31,4, -50.0000000000
2020,9,21,13,31,4,  55.1613000000
2020,9,21,13,31,5,  77.7419000000
2020,9,21,13,31,5,  51.6129000000
2020,9,21,13,31,5,  82.5806000000
2020,9,21,13,31,5, -49.6774000000
2020,9,21,13,31,6, -50.0000000000
2020,9,21,13,31,6, 114.5161000000
2020,9,21,13,31,6, 102.2581000000
2020,9,21,13,31,6, -49.3548000000
2020,9,21,13,31,7,  81.9355000000
2020,9,21,13,31,7, -50.0000000000
2020,9,21,13,31,7, 135.8065000000
2020,9,21,13,31,8, 126.1290000000
2020,9,21,13,31,8, -50.0000000000
2020,9,21,13,31,8, 127.4194000000
2020,9,21,13,31,8, -50.0000000000
2020,9,21,13,31,9, -11.6129000000
2020,9,21,13,31,9,  97.4194000000
2020,9,21,13,31,9,  74.1935000000
2020,9,21,13,31,9, -43.2258000000
2020,9,21,13,31,10,  65.4839000000
2020,9,21,13,31,10, -23.8710000000
2020,9,21,13,31,10, 105.1613000000
2020,9,21,13,31,10, -11.9355000000
2020,9,21,13,31,11, -50.0000000000
2020,9,21,13,31,11,  90.6452000000
2020,9,21,13,31,11, 119.0323000000
2020,9,21,13,31,11, -50.0000000000
2020,9,21,13,31,12, -38.3871000000
2020,9,21,13,31,12,  12.2581000000
2020,9,21,13,31,12,  87.7419000000
2020,9,21,13,31,13,  -6.4516000000
2020,9,21,13,31,13, 122.2581000000
2020,9,21,13,31,13, -50.0000000000
2020,9,21,13,31,13, -10.0000000000
2020,9,21,13,31,14,  96.4516000000
2020,9,21,13,31,14, -50.0000000000
2020,9,21,13,31,14, -39.0323000000
2020,9,21,13,31,14, -47.4194000000
2020,9,21,13,31,15, -44.5161000000
2020,9,21,13,31,15, -33.5484000000
2020,9,21,13,31,15, -12.9032000000
2020,9,21,13,31,16, 100.6452000000
2020,9,21,13,31,16,  68.7097000000
2020,9,21,13,31,16, -50.0000000000
2020,9,21,13,31,16, 107.7419000000
2020,9,21,13,31,17, -38.3871000000
2020,9,21,13,31,17,  67.7419000000
2020,9,21,13,31,17,  85.8065000000
2020,9,21,13,31,17, -50.0000000000
2020,9,21,13,31,18, -50.0000000000
2020,9,21,13,31,18, 126.4516000000
2020,9,21,13,31,18, -50.0000000000
2020,9,21,13,31,18, 118.7097000000
2020,9,21,13,31,19, -50.0000000000
2020,9,21,13,31,19, 118.0645000000
2020,9,21,13,31,19, 107.0968000000
2020,9,21,13,31,19,  80.3226000000
2020,9,21,13,31,20,  12.9032000000
2020,9,21,13,31,20,   5.8065000000
2020,9,21,13,31,20,  93.2258000000
2020,9,21,13,31,20, -50.0000000000
2020,9,21,13,31,21, -48.0645000000
2020,9,21,13,31,21, 120.0000000000
2020,9,21,13,31,21, -50.0000000000
2020,9,21,13,31,22, 124.1935000000
2020,9,21,13,31,22, -19.0323000000
2020,9,21,13,31,22, 119.0323000000
2020,9,21,13,31,22, -50.0000000000
2020,9,21,13,31,23,  84.1935000000
2020,9,21,13,31,23, -50.0000000000
2020,9,21,13,31,23, 109.3548000000
2020,9,21,13,31,23, 123.5484000000
2020,9,21,13,31,24, -50.0000000000
2020,9,21,13,31,24, -18.0645000000
2020,9,21,13,31,24, -19.3548000000
2020,9,21,13,31,24, 107.4194000000
2020,9,21,13,31,25,  90.9677000000
2020,9,21,13,31,25, -50.0000000000
2020,9,21,13,31,25, -50.0000000000
2020,9,21,13,31,25,  84.5161000000
2020,9,21,13,31,26, 106.4516000000
2020,9,21,13,31,26, -50.0000000000
2020,9,21,13,31,26, -50.0000000000
2020,9,21,13,31,27, -50.0000000000
2020,9,21,13,31,27,  38.7097000000
2020,9,21,13,31,27,  56.4516000000
2020,9,21,13,31,27, -34.8387000000
2020,9,21,13,31,28, 115.8065000000
2020,9,21,13,31,28, -13.2258000000
2020,9,21,13,31,28,  60.6452000000
2020,9,21,13,31,28,  81.9355000000
2020,9,21,13,31,29, 122.2581000000
2020,9,21,13,31,29,  96.1290000000
2020,9,21,13,31,29, -50.0000000000
2020,9,21,13,31,29, 133.8710000000
2020,9,21,13,31,30,  83.5484000000
2020,9,21,13,31,30, 125.4839000000
2020,9,21,13,31,30, -50.0000000000
2020,9,21,13,31,31,  -9.6774000000
2020,9,21,13,31,31,  98.3871000000
2020,9,21,13,31,31, -50.0000000000
2020,9,21,13,31,31, 125.1613000000
2020,9,21,13,31,32, -50.0000000000
2020,9,21,13,31,32,  23.8710000000
2020,9,21,13,31,32,  76.4516000000
2020,9,21,13,31,32,  40.6452000000
2020,9,21,13,31,33, -50.0000000000
2020,9,21,13,31,33,  63.2258000000
2020,9,21,13,31,33, -50.0000000000
2020,9,21,13,31,33, -50.0000000000
2020,9,21,13,31,34, -16.1290000000
2020,9,21,13,31,34,  72.9032000000
2020,9,21,13,31,34, -41.2903000000
2020,9,21,13,31,34, 119.0323000000
2020,9,21,13,31,35, -50.0000000000
2020,9,21,13,31,35, -50.0000000000
2020,9,21,13,31,35, -15.1613000000
2020,9,21,13,31,36,  34.8387000000
2020,9,21,13,31,36, -35.1613000000
2020,9,21,13,31,36, -50.0000000000
2020,9,21,13,31,36,  65.4839000000
2020,9,21,13,31,37,  74.5161000000
2020,9,21,13,31,37,  75.8065000000
2020,9,21,13,31,37,  77.7419000000
2020,9,21,13,31,37,  74.5161000000
2020,9,21,13,31,38, -50.0000000000
2020,9,21,13,31,38, 118.0645000000
2020,9,21,13,31,38,  84.1935000000
2020,9,21,13,31,38, -17.0968000000
2020,9,21,13,31,39,  33.8710000000
2020,9,21,13,31,39, 130.3226000000
2020,9,21,13,31,39, -43.8710000000
2020,9,21,13,31,39, 118.0645000000
2020,9,21,13,31,40, -43.5484000000
2020,9,21,13,31,40, -50.0000000000
2020,9,21,13,31,40, 124.8387000000
2020,9,21,13,31,41, -50.0000000000
2020,9,21,13,31,41, -35.4839000000
2020,9,21,13,31,41, 143.2258000000
2020,9,21,13,31,41, -50.0000000000
2020,9,21,13,31,42, 121.6129000000
2020,9,21,13,31,42, -47.0968000000
2020,9,21,13,31,42, -50.0000000000
2020,9,21,13,31,42, 127.4194000000
2020,9,21,13,31,43, -50.0000000000
2020,9,21,13,31,43, 125.4839000000
2020,9,21,13,31,43, -50.0000000000
2020,9,21,13,31,43, -50.0000000000
2020,9,21,13,31,44, 134.8387000000
2020,9,21,13,31,44, 132.5806000000
2020,9,21,13,31,44, 105.4839000000
2020,9,21,13,31,44,  11.6129000000
2020,9,21,13,31,45, -22.2581000000
2020,9,21,13,31,45, -50.0000000000
2020,9,21,13,31,45, 129.3548000000
2020,9,21,13,31,45, -37.4194000000
2020,9,21,13,31,46, 103.5484000000
2020,9,21,13,31,46, -50.0000000000
2020,9,21,13,31,46, 121.6129000000
2020,9,21,13,31,47,  66.4516000000
2020,9,21,13,31,47, -45.4839000000
2020,9,21,13,31,47, -12.5806000000
2020,9,21,13,31,47,  99.0323000000
2020,9,21,13,31,48,  89.3548000000
2020,9,21,13,31,48, -50.0000000000
2020,9,21,13,31,48,  79.6774000000
2020,9,21,13,31,48, -50.0000000000
2020,9,21,13,31,49,  -1.6129000000
2020,9,21,13,31,49, -48.3871000000
2020,9,21,13,31,49, -50.0000000000
2020,9,21,13,31,49, 133.8710000000
2020,9,21,13,31,50, 123.8710000000
2020,9,21,13,31,50, -50.0000000000
2020,9,21,13,31,50,  60.0000000000
2020,9,21,13,31,51, -50.0000000000
2020,9,21,13,31,51, -50.0000000000
2020,9,21,13,31,51,  -1.9355000000
2020,9,21,13,31,51, -50.0000000000
2020,9,21,13,31,52, 128.3871000000
2020,9,21,13,31,52,  19.0323000000
2020,9,21,13,31,52, 133.8710000000
2020,9,21,13,31,52, -50.0000000000
2020,9,21,13,31,53,  89.3548000000
2020,9,21,13,31,53, -50.0000000000
2020,9,21,13,31,53,  88.3871000000
2020,9,21,13,31,53,  15.1613000000
2020,9,21,13,31,54, -50.0000000000
2020,9,21,13,31,54, 135.1613000000
2020,9,21,13,31,54,  63.2258000000
2020,9,21,13,31,54, 227.0968000000
2020,9,21,13,31,55, -50.0000000000
2020,9,21,13,31,55,  -3.5484000000
2020,9,21,13,31,55, -50.0000000000
2020,9,21,13,31,56, -50.0000000000
2020,9,21,13,31,56,  30.9677000000
2020,9,21,13,31,56, 124.5161000000
2020,9,21,13,31,56, -50.0000000000
2020,9,21,13,31,57,  -3.8710000000
2020,9,21,13,31,57,  20.9677000000
2020,9,21,13,31,57,  91.9355000000
2020,9,21,13,31,57, 132.2581000000
2020,9,21,13,31,58,  46.1290000000
2020,9,21,13,31,58, 117.0968000000
2020,9,21,13,31,58, -50.0000000000
2020,9,21,13,31,58, -27.0968000000
2020,9,21,13,31,59, 105.8065000000
2020,9,21,13,31,59,  67.0968000000
2020,9,21,13,31,59,  98.0645000000
2020,9,21,13,32,0, 125.4839000000
2020,9,21,13,32,0,  10.9677000000
2020,9,21,13,32,0, -27.4194000000
2020,9,21,13,32,0, -50.0000000000
2020,9,21,13,32,1, 112.2581000000
2020,9,21,13,32,1, 124.8387000000
2020,9,21,13,32,1,  70.3226000000
2020,9,21,13,32,1, -38.3871000000
2020,9,21,13,32,2, 117.7419000000
2020,9,21,13,32,2, -50.0000000000
2020,9,21,13,32,2, -43.8710000000
2020,9,21,13,32,2, 118.0645000000
2020,9,21,13,32,3, -50.0000000000
2020,9,21,13,32,3, 125.4839000000
2020,9,21,13,32,3, -50.0000000000
2020,9,21,13,32,3, -23.2258000000
2020,9,21,13,32,4,  82.9032000000
2020,9,21,13,32,4,  79.0323000000
2020,9,21,13,32,4, -48.3871000000
2020,9,21,13,32,4,  97.4194000000
2020,9,21,13,32,5,   1.2903000000
2020,9,21,13,32,5, -35.1613000000
2020,9,21,13,32,5, 118.3871000000
2020,9,21,13,32,6, -40.0000000000
2020,9,21,13,32,6, -50.0000000000
2020,9,21,13,32,6, 112.5806000000
2020,9,21,13,32,6, 107.0968000000
2020,9,21,13,32,7,  76.4516000000
2020,9,21,13,32,7, -50.0000000000
2020,9,21,13,32,7, 113.2258000000
2020,9,21,13,32,7, -18.0645000000
2020,9,21,13,32,8, -20.6452000000
2020,9,21,13,32,8,  69.6774000000
2020,9,21,13,32,8,  90.0000000000
2020,9,21,13,32,8,  -9.3548000000
2020,9,21,13,32,9, -21.9355000000
2020,9,21,13,32,9, 105.8065000000
2020,9,21,13,32,9, 119.0323000000
2020,9,21,13,32,10, -50.0000000000
2020,9,21,13,32,10, -30.6452000000
2020,9,21,13,32,10, 125.1613000000
2020,9,21,13,32,10, 136.1290000000
2020,9,21,13,32,11,  13.5484000000
2020,9,21,13,32,11, 230.6452000000
2020,9,21,13,32,11, -50.0000000000
2020,9,21,13,32,11, -50.0000000000
2020,9,21,13,32,12, 134.5161000000
2020,9,21,13,32,12, -50.0000000000
2020,9,21,13,32,12, 125.1613000000
2020,9,21,13,32,12, -50.0000000000
2020,9,21,13,32,13, 102.5806000000
2020,9,21,13,32,13, 226.4516000000
2020,9,21,13,32,13,  72.5806000000
2020,9,21,13,32,13,  75.1613000000
2020,9,21,13,32,14, -50.0000000000
2020,9,21,13,32,14, 137.0968000000
2020,9,21,13,32,14, -50.0000000000
2020,9,21,13,32,15,  -3.5484000000
2020,9,21,13,32,15,  80.0000000000
2020,9,21,13,32,15, -36.7742000000
2020,9,21,13,32,15, -50.0000000000
2020,9,21,13,32,16, 126.4516000000
2020,9,21,13,32,16,  58.0645000000
2020,9,21,13,32,16,  75.4839000000
2020,9,21,13,32,16,  67.4194000000
2020,9,21,13,32,17, -36.7742000000
2020,9,21,13,32,17, 118.0645000000
2020,9,21,13,32,17, -50.0000000000
2020,9,21,13,32,17, 109.3548000000
2020,9,21,13,32,18, -50.0000000000
2020,9,21,13,32,18, -34.5161000000
2020,9,21,13,32,18, -50.0000000000
2020,9,21,13,32,19, 101.6129000000
2020,9,21,13,32,19, 115.1613000000
2020,9,21,13,32,19, -13.5484000000
2020,9,21,13,32,19,  70.0000000000
2020,9,21,13,32,20, -50.0000000000
2020,9,21,13,32,20, -50.0000000000
2020,9,21,13,32,20,  50.3226000000
2020,9,21,13,32,20,  64.8387000000
2020,9,21,13,32,21, -44.8387000000
2020,9,21,13,32,21, -50.0000000000
2020,9,21,13,32,21, -31.9355000000
2020,9,21,13,32,21,  98.7097000000
2020,9,21,13,32,22,  60.3226000000
2020,9,21,13,32,22, -50.0000000000
2020,9,21,13,32,22, -50.0000000000
2020,9,21,13,32,22,  -0.3226000000
2020,9,21,13,32,23,  66.4516000000
2020,9,21,13,32,23,  55.4839000000
2020,9,21,13,32,23,  67.7419000000
2020,9,21,13,32,24, 133.8710000000
2020,9,21,13,32,24, -50.0000000000
2020,9,21,13,32,24, -43.8710000000
2020,9,21,13,32,24, -50.0000000000
2020,9,21,13,32,25, 124.8387000000
2020,9,21,13,32,25, 116.1290000000
2020,9,21,13,32,25, -14.8387000000
2020,9,21,13,32,25,  98.0645000000
2020,9,21,13,32,26,  98.7097000000
2020,9,21,13,32,26,  94.8387000000
2020,9,21,13,32,26, -50.0000000000
2020,9,21,13,32,26, 102.9032000000
2020,9,21,13,32,27, -50.0000000000
2020,9,21,13,32,27,  91.9355000000
2020,9,21,13,32,27, -50.0000000000
2020,9,21,13,32,28, -33.5484000000
2020,9,21,13,32,28, 110.6452000000
2020,9,21,13,32,28,  61.9355000000
2020,9,21,13,32,28, -37.7419000000
2020,9,21,13,32,29, -40.3226000000
2020,9,21,13,32,29, 118.0645000000
2020,9,21,13,32,29, -50.0000000000
2020,9,21,13,32,29, -39.0323000000
2020,9,21,13,32,30, 125.4839000000
2020,9,21,13,32,30, -50.0000000000
2020,9,21,13,32,30,  27.0968000000
2020,9,21,13,32,30,  48.7097000000
2020,9,21,13,32,31,  82.2581000000
2020,9,21,13,32,31, -50.0000000000
2020,9,21,13,32,31, -50.0000000000
2020,9,21,13,32,31, 124.1935000000
2020,9,21,13,32,32, -50.0000000000
2020,9,21,13,32,32,  71.2903000000
2020,9,21,13,32,32, -46.1290000000
2020,9,21,13,32,33,  90.9677000000
2020,9,21,13,32,33, -50.0000000000
2020,9,21,13,32,33, -50.0000000000
2020,9,21,13,32,33,  -4.5161000000
2020,9,21,13,32,34, 114.5161000000
2020,9,21,13,32,34,  -3.8710000000
2020,9,21,13,32,34,  92.2581000000
2020,9,21,13,32,34, 122.2581000000
2020,9,21,13,32,35, -50.0000000000
2020,9,21,13,32,35, 132.9032000000
2020,9,21,13,32,35, -50.0000000000
2020,9,21,13,32,35,  70.0000000000
2020,9,21,13,32,36, -24.5161000000
2020,9,21,13,32,36, 125.8065000000
2020,9,21,13,32,36, -50.0000000000
2020,9,21,13,32,36, 106.4516000000
2020,9,21,13,32,37, -37.4194000000
2020,9,21,13,32,37,  47.0968000000
2020,9,21,13,32,37,  59.3548000000
2020,9,21,13,32,38, -36.1290000000
2020,9,21,13,32,38, 112.2581000000
2020,9,21,13,32,38, -50.0000000000
2020,9,21,13,32,38,  28.7097000000
2020,9,21,13,32,39, -30.0000000000
2020,9,21,13,32,39, -41.2903000000
2020,9,21,13,32,39, 116.7742000000
2020,9,21,13,32,39, -50.0000000000
2020,9,21,13,32,40, 117.0968000000
2020,9,21,13,32,40, -50.0000000000
2020,9,21,13,32,40, 127.0968000000
2020,9,21,13,32,40, -34.5161000000
2020,9,21,13,32,41, 112.9032000000
2020,9,21,13,32,41, -39.0323000000
2020,9,21,13,32,41, 115.4839000000
2020,9,21,13,32,41, -50.0000000000
2020,9,21,13,32,42, 121.6129000000
2020,9,21,13,32,42, -50.0000000000
2020,9,21,13,32,42,  58.0645000000
2020,9,21,13,32,43, 132.2581000000
2020,9,21,13,32,43,  30.6452000000
2020,9,21,13,32,43, -20.9677000000
2020,9,21,13,32,43, -50.0000000000
2020,9,21,13,32,44, 125.8065000000
2020,9,21,13,32,44, -11.6129000000
2020,9,21,13,32,44, -27.0968000000
2020,9,21,13,32,44,  94.5161000000
2020,9,21,13,32,45,  19.0323000000
2020,9,21,13,32,45, -50.0000000000
2020,9,21,13,32,45, 116.1290000000
2020,9,21,13,32,45, -23.5484000000
2020,9,21,13,32,46,  41.2903000000
2020,9,21,13,32,46, -32.5806000000
2020,9,21,13,32,46, 111.6129000000
2020,9,21,13,32,46, -50.0000000000
2020,9,21,13,32,47, -50.0000000000
2020,9,21,13,32,47,   7.4194000000
2020,9,21,13,32,47, -32.5806000000
2020,9,21,13,32,47, 133.2258000000
2020,9,21,13,32,48, -50.0000000000
2020,9,21,13,32,48,  22.2581000000
2020,9,21,13,32,48, -12.2581000000
2020,9,21,13,32,49, -50.0000000000
2020,9,21,13,32,49,  69.0323000000
2020,9,21,13,32,49, 129.3548000000
2020,9,21,13,32,49, -36.1290000000
2020,9,21,13,32,50, 107.7419000000
2020,9,21,13,32,50,  -4.5161000000
2020,9,21,13,32,50,  93.2258000000
2020,9,21,13,32,50,  83.5484000000
2020,9,21,13,32,51,  56.4516000000
2020,9,21,13,32,51, -50.0000000000
2020,9,21,13,32,51,  86.4516000000
2020,9,21,13,32,51,  93.2258000000
2020,9,21,13,32,52,  23.8710000000
2020,9,21,13,32,52, 103.8710000000
2020,9,21,13,32,52, -50.0000000000
2020,9,21,13,32,52,  73.2258000000
2020,9,21,13,32,53,  81.2903000000
2020,9,21,13,32,53, -50.0000000000
2020,9,21,13,32,53, -11.2903000000
2020,9,21,13,32,54, -50.0000000000
2020,9,21,13,32,54, -50.0000000000
2020,9,21,13,32,54,  -6.4516000000
2020,9,21,13,32,54, 131.9355000000
2020,9,21,13,32,55, -32.2581000000
2020,9,21,13,32,55,  50.6452000000
2020,9,21,13,32,55,  83.2258000000
2020,9,21,13,32,55,  75.1613000000
2020,9,21,13,32,56,  98.0645000000
2020,9,21,13,32,56, -50.0000000000
2020,9,21,13,32,56, 119.0323000000
2020,9,21,13,32,57, -14.5161000000
2020,9,21,13,32,57, -50.0000000000
2020,9,21,13,32,57, -50.0000000000
2020,9,21,13,32,57, 112.9032000000
