2020,9,21,14,12,0,   5.2480000000
2020,9,21,14,12,1,   5.2480000000
2020,9,21,14,12,1,   5.2440000000
2020,9,21,14,12,1,   5.2480000000
2020,9,21,14,12,2,   5.2440000000
2020,9,21,14,12,2,   5.2400000000
2020,9,21,14,12,2,   5.2480000000
2020,9,21,14,12,2,   5.2480000000
2020,9,21,14,12,3,   5.2720000000
2020,9,21,14,12,3,   5.2720000000
2020,9,21,14,12,3,   5.2480000000
2020,9,21,14,12,3,   5.2480000000
2020,9,21,14,12,4,   5.2440000000
2020,9,21,14,12,4,   5.2360000000
2020,9,21,14,12,4,   5.2320000000
2020,9,21,14,12,4,   5.2680000000
2020,9,21,14,12,5,   5.2440000000
2020,9,21,14,12,5,   5.2440000000
2020,9,21,14,12,5,   5.2440000000
2020,9,21,14,12,5,   5.2400000000
2020,9,21,14,12,6,   5.2480000000
2020,9,21,14,12,6,   5.2440000000
2020,9,21,14,12,6,   5.2440000000
2020,9,21,14,12,7,   5.2440000000
2020,9,21,14,12,7,   5.2480000000
2020,9,21,14,12,7,   5.2440000000
2020,9,21,14,12,7,   5.2480000000
2020,9,21,14,12,8,   5.2480000000
2020,9,21,14,12,8,   5.2480000000
2020,9,21,14,12,8,   5.2480000000
2020,9,21,14,12,8,   5.2680000000
2020,9,21,14,12,9,   5.2760000000
2020,9,21,14,12,9,   5.2720000000
2020,9,21,14,12,9,   5.2760000000
2020,9,21,14,12,9,   5.2480000000
2020,9,21,14,12,10,   5.2400000000
2020,9,21,14,12,10,   5.2600000000
2020,9,21,14,12,10,   5.2440000000
2020,9,21,14,12,10,   5.2400000000
2020,9,21,14,12,11,   5.2480000000
2020,9,21,14,12,11,   5.2440000000
2020,9,21,14,12,11,   5.2480000000
2020,9,21,14,12,11,   5.2440000000
2020,9,21,14,12,12,   5.2400000000
2020,9,21,14,12,12,   5.2440000000
2020,9,21,14,12,12,   5.2720000000
2020,9,21,14,12,13,   5.2680000000
2020,9,21,14,12,13,   5.2440000000
2020,9,21,14,12,13,   5.2480000000
2020,9,21,14,12,13,   5.2440000000
2020,9,21,14,12,14,   5.2520000000
2020,9,21,14,12,14,   5.2440000000
2020,9,21,14,12,14,   5.2400000000
2020,9,21,14,12,14,   5.1160000000
2020,9,21,14,12,15,   5.2360000000
2020,9,21,14,12,15,   5.2720000000
2020,9,21,14,12,15,   5.2480000000
2020,9,21,14,12,15,   5.2440000000
2020,9,21,14,12,16,   5.2440000000
2020,9,21,14,12,16,   5.2680000000
2020,9,21,14,12,16,   5.2480000000
2020,9,21,14,12,16,   5.2440000000
2020,9,21,14,12,17,   5.2440000000
2020,9,21,14,12,17,   5.2520000000
2020,9,21,14,12,17,   5.2480000000
2020,9,21,14,12,17,   5.2680000000
2020,9,21,14,12,18,   5.2720000000
2020,9,21,14,12,18,   5.2680000000
2020,9,21,14,12,18,   5.2720000000
2020,9,21,14,12,19,   5.2440000000
2020,9,21,14,12,19,   5.2440000000
2020,9,21,14,12,19,   5.2440000000
2020,9,21,14,12,19,   5.2680000000
2020,9,21,14,12,20,   5.2440000000
2020,9,21,14,12,20,   5.1160000000
2020,9,21,14,12,20,   5.1960000000
2020,9,21,14,12,20,   5.2720000000
2020,9,21,14,12,21,   5.2720000000
2020,9,21,14,12,21,   5.2440000000
2020,9,21,14,12,21,   5.2400000000
2020,9,21,14,12,21,   5.2440000000
2020,9,21,14,12,22,   5.2480000000
2020,9,21,14,12,22,   5.2480000000
2020,9,21,14,12,22,   5.2480000000
2020,9,21,14,12,22,   5.2440000000
2020,9,21,14,12,23,   5.2440000000
2020,9,21,14,12,23,   5.2720000000
2020,9,21,14,12,23,   5.2440000000
2020,9,21,14,12,23,   5.2440000000
2020,9,21,14,12,24,   5.2440000000
2020,9,21,14,12,24,   5.2480000000
2020,9,21,14,12,24,   5.2440000000
2020,9,21,14,12,24,   5.2440000000
2020,9,21,14,12,25,   5.2440000000
2020,9,21,14,12,25,   5.2480000000
2020,9,21,14,12,25,   5.2360000000
2020,9,21,14,12,26,   5.2320000000
2020,9,21,14,12,26,   5.2440000000
2020,9,21,14,12,26,   5.2480000000
2020,9,21,14,12,26,   5.2720000000
2020,9,21,14,12,27,   5.2440000000
2020,9,21,14,12,27,   5.2480000000
2020,9,21,14,12,27,   5.2480000000
2020,9,21,14,12,27,   5.2480000000
2020,9,21,14,12,28,   5.2440000000
2020,9,21,14,12,28,   5.2480000000
2020,9,21,14,12,28,   5.2440000000
2020,9,21,14,12,28,   5.2480000000
2020,9,21,14,12,29,   5.2680000000
2020,9,21,14,12,29,   5.2440000000
2020,9,21,14,12,29,   5.2480000000
2020,9,21,14,12,29,   5.2440000000
2020,9,21,14,12,30,   5.2720000000
2020,9,21,14,12,30,   5.2680000000
2020,9,21,14,12,30,   5.2480000000
2020,9,21,14,12,30,   5.2480000000
2020,9,21,14,12,31,   5.2360000000
2020,9,21,14,12,31,   5.2600000000
2020,9,21,14,12,31,   5.2400000000
2020,9,21,14,12,31,   5.2480000000
2020,9,21,14,12,32,   5.2480000000
2020,9,21,14,12,32,   5.2720000000
2020,9,21,14,12,32,   5.2680000000
2020,9,21,14,12,33,   5.2480000000
2020,9,21,14,12,33,   5.2480000000
2020,9,21,14,12,33,   5.2720000000
2020,9,21,14,12,33,   5.2480000000
2020,9,21,14,12,34,   5.2480000000
2020,9,21,14,12,34,   5.2440000000
2020,9,21,14,12,34,   5.2400000000
2020,9,21,14,12,34,   5.2480000000
2020,9,21,14,12,35,   5.2720000000
2020,9,21,14,12,35,   5.2440000000
2020,9,21,14,12,35,   5.2480000000
2020,9,21,14,12,35,   5.2480000000
2020,9,21,14,12,36,   5.2720000000
2020,9,21,14,12,36,   5.2480000000
2020,9,21,14,12,36,   5.2440000000
2020,9,21,14,12,36,   5.2320000000
2020,9,21,14,12,37,   5.2600000000
2020,9,21,14,12,37,   5.2400000000
2020,9,21,14,12,37,   5.2480000000
2020,9,21,14,12,37,   5.2440000000
2020,9,21,14,12,38,   5.2640000000
2020,9,21,14,12,38,   5.2680000000
2020,9,21,14,12,38,   5.2440000000
2020,9,21,14,12,39,   5.2440000000
2020,9,21,14,12,39,   5.2440000000
2020,9,21,14,12,39,   5.2400000000
2020,9,21,14,12,39,   5.2440000000
2020,9,21,14,12,40,   5.2480000000
2020,9,21,14,12,40,   5.2480000000
2020,9,21,14,12,40,   5.2480000000
2020,9,21,14,12,40,   5.2680000000
2020,9,21,14,12,41,   5.2440000000
2020,9,21,14,12,41,   5.2480000000
2020,9,21,14,12,41,   5.2480000000
2020,9,21,14,12,41,   5.2400000000
2020,9,21,14,12,42,   5.2440000000
2020,9,21,14,12,42,   5.2360000000
2020,9,21,14,12,42,   5.2320000000
2020,9,21,14,12,42,   5.2480000000
2020,9,21,14,12,43,   5.2480000000
2020,9,21,14,12,43,   5.2720000000
2020,9,21,14,12,43,   5.2400000000
2020,9,21,14,12,43,   5.2480000000
2020,9,21,14,12,44,   5.2480000000
2020,9,21,14,12,44,   5.2480000000
2020,9,21,14,12,44,   5.2440000000
2020,9,21,14,12,44,   5.2480000000
2020,9,21,14,12,45,   5.2480000000
2020,9,21,14,12,45,   5.2440000000
2020,9,21,14,12,45,   5.2440000000
2020,9,21,14,12,46,   5.2400000000
2020,9,21,14,12,46,   5.2440000000
2020,9,21,14,12,46,   5.2760000000
2020,9,21,14,12,46,   5.2440000000
2020,9,21,14,12,47,   5.2480000000
2020,9,21,14,12,47,   5.2480000000
2020,9,21,14,12,47,   5.2720000000
2020,9,21,14,12,47,   5.2560000000
2020,9,21,14,12,48,   5.2360000000
2020,9,21,14,12,48,   5.2480000000
2020,9,21,14,12,48,   5.2480000000
2020,9,21,14,12,48,   5.2720000000
2020,9,21,14,12,49,   5.2440000000
2020,9,21,14,12,49,   5.2400000000
2020,9,21,14,12,49,   5.2440000000
2020,9,21,14,12,49,   5.2720000000
2020,9,21,14,12,50,   5.2760000000
2020,9,21,14,12,50,   5.2440000000
2020,9,21,14,12,50,   5.2440000000
2020,9,21,14,12,50,   5.2720000000
2020,9,21,14,12,51,   5.2440000000
2020,9,21,14,12,51,   5.2480000000
2020,9,21,14,12,51,   5.2480000000
2020,9,21,14,12,52,   5.2440000000
2020,9,21,14,12,52,   5.2440000000
2020,9,21,14,12,52,   5.2720000000
2020,9,21,14,12,52,   5.2440000000
2020,9,21,14,12,53,   5.2480000000
2020,9,21,14,12,53,   5.2320000000
2020,9,21,14,12,53,   5.2320000000
2020,9,21,14,12,53,   5.2440000000
2020,9,21,14,12,54,   5.2480000000
2020,9,21,14,12,54,   5.2480000000
2020,9,21,14,12,54,   5.2440000000
2020,9,21,14,12,54,   5.2480000000
2020,9,21,14,12,55,   5.2480000000
2020,9,21,14,12,55,   5.2520000000
2020,9,21,14,12,55,   5.2720000000
2020,9,21,14,12,55,   5.2760000000
2020,9,21,14,12,56,   5.2480000000
2020,9,21,14,12,56,   5.2440000000
2020,9,21,14,12,56,   5.2440000000
2020,9,21,14,12,57,   5.2480000000
2020,9,21,14,12,57,   5.2480000000
2020,9,21,14,12,57,   5.2720000000
2020,9,21,14,12,57,   5.2760000000
2020,9,21,14,12,58,   5.2720000000
2020,9,21,14,12,58,   5.2440000000
2020,9,21,14,12,58,   5.2480000000
2020,9,21,14,12,58,   5.1280000000
2020,9,21,14,12,59,   5.2600000000
2020,9,21,14,12,59,   5.2680000000
2020,9,21,14,12,59,   5.2440000000
2020,9,21,14,12,59,   5.2520000000
2020,9,21,14,13,0,   5.2680000000
2020,9,21,14,13,0,   5.2720000000
2020,9,21,14,13,0,   5.2480000000
2020,9,21,14,13,0,   5.2440000000
2020,9,21,14,13,1,   5.2440000000
2020,9,21,14,13,1,   5.2720000000
2020,9,21,14,13,1,   5.2440000000
2020,9,21,14,13,2,   5.2440000000
2020,9,21,14,13,2,   5.2440000000
2020,9,21,14,13,2,   5.2480000000
2020,9,21,14,13,2,   5.2440000000
2020,9,21,14,13,3,   5.2440000000
2020,9,21,14,13,3,   5.2480000000
2020,9,21,14,13,3,   5.2440000000
2020,9,21,14,13,3,   5.2480000000
2020,9,21,14,13,4,   5.2480000000
2020,9,21,14,13,4,   5.2480000000
2020,9,21,14,13,4,   5.2600000000
2020,9,21,14,13,4,   5.2720000000
2020,9,21,14,13,5,   5.2440000000
2020,9,21,14,13,5,   5.2440000000
2020,9,21,14,13,5,   5.2440000000
2020,9,21,14,13,5,   5.2480000000
2020,9,21,14,13,6,   5.2480000000
2020,9,21,14,13,6,   5.2480000000
2020,9,21,14,13,6,   5.2440000000
2020,9,21,14,13,6,   5.2360000000
2020,9,21,14,13,7,   5.2680000000
2020,9,21,14,13,7,   5.2440000000
2020,9,21,14,13,7,   5.2480000000
2020,9,21,14,13,8,   5.2440000000
2020,9,21,14,13,8,   5.2400000000
2020,9,21,14,13,8,   5.2440000000
2020,9,21,14,13,8,   5.2440000000
2020,9,21,14,13,9,   5.2720000000
2020,9,21,14,13,9,   5.2720000000
2020,9,21,14,13,9,   5.2720000000
2020,9,21,14,13,9,   5.2480000000
2020,9,21,14,13,10,   5.1200000000
2020,9,21,14,13,10,   5.2400000000
2020,9,21,14,13,10,   5.2480000000
2020,9,21,14,13,10,   5.2440000000
2020,9,21,14,13,11,   5.2440000000
2020,9,21,14,13,11,   5.2680000000
2020,9,21,14,13,11,   5.2680000000
2020,9,21,14,13,11,   5.2440000000
2020,9,21,14,13,12,   5.2440000000
2020,9,21,14,13,12,   5.2480000000
2020,9,21,14,13,12,   5.2440000000
2020,9,21,14,13,12,   5.2440000000
2020,9,21,14,13,13,   5.2480000000
2020,9,21,14,13,13,   5.2480000000
2020,9,21,14,13,13,   5.2480000000
2020,9,21,14,13,13,   5.2440000000
2020,9,21,14,13,14,   5.2480000000
2020,9,21,14,13,14,   5.2440000000
2020,9,21,14,13,14,   5.2360000000
2020,9,21,14,13,15,   5.2320000000
2020,9,21,14,13,15,   5.2440000000
2020,9,21,14,13,15,   5.2440000000
2020,9,21,14,13,15,   5.2440000000
2020,9,21,14,13,16,   5.2440000000
2020,9,21,14,13,16,   5.2440000000
2020,9,21,14,13,16,   5.2480000000
2020,9,21,14,13,16,   5.2480000000
2020,9,21,14,13,17,   5.2680000000
2020,9,21,14,13,17,   5.2680000000
2020,9,21,14,13,17,   5.2680000000
2020,9,21,14,13,17,   5.2720000000
2020,9,21,14,13,18,   5.2440000000
2020,9,21,14,13,18,   5.2480000000
2020,9,21,14,13,18,   5.2720000000
2020,9,21,14,13,19,   5.2760000000
2020,9,21,14,13,19,   5.2480000000
2020,9,21,14,13,19,   5.2480000000
2020,9,21,14,13,19,   5.2440000000
2020,9,21,14,13,20,   5.2480000000
2020,9,21,14,13,20,   5.2240000000
2020,9,21,14,13,20,   5.2400000000
2020,9,21,14,13,20,   5.2720000000
2020,9,21,14,13,21,   5.2680000000
2020,9,21,14,13,21,   5.2440000000
2020,9,21,14,13,21,   5.2400000000
2020,9,21,14,13,21,   5.2480000000
2020,9,21,14,13,22,   5.2480000000
2020,9,21,14,13,22,   5.2480000000
2020,9,21,14,13,22,   5.2400000000
2020,9,21,14,13,23,   5.2720000000
2020,9,21,14,13,23,   5.2680000000
2020,9,21,14,13,23,   5.2720000000
2020,9,21,14,13,23,   5.2480000000
2020,9,21,14,13,24,   5.2480000000
2020,9,21,14,13,24,   5.2680000000
2020,9,21,14,13,24,   5.2720000000
2020,9,21,14,13,24,   5.2440000000
2020,9,21,14,13,25,   5.2480000000
2020,9,21,14,13,25,   5.2440000000
2020,9,21,14,13,25,   5.2360000000
2020,9,21,14,13,25,   5.2240000000
2020,9,21,14,13,26,   5.2440000000
2020,9,21,14,13,26,   5.2400000000
2020,9,21,14,13,26,   5.2400000000
2020,9,21,14,13,27,   5.2440000000
2020,9,21,14,13,27,   5.2720000000
2020,9,21,14,13,27,   5.2680000000
2020,9,21,14,13,27,   5.2720000000
2020,9,21,14,13,28,   5.2760000000
2020,9,21,14,13,28,   5.2440000000
2020,9,21,14,13,28,   5.2440000000
2020,9,21,14,13,28,   5.2720000000
2020,9,21,14,13,29,   5.2680000000
2020,9,21,14,13,29,   5.2400000000
2020,9,21,14,13,29,   5.2480000000
2020,9,21,14,13,29,   5.2440000000
2020,9,21,14,13,30,   5.2720000000
2020,9,21,14,13,30,   5.2440000000
2020,9,21,14,13,30,   5.2480000000
2020,9,21,14,13,31,   5.2440000000
2020,9,21,14,13,31,   5.1160000000
2020,9,21,14,13,31,   5.2280000000
2020,9,21,14,13,31,   5.2440000000
2020,9,21,14,13,32,   5.2480000000
2020,9,21,14,13,32,   5.2480000000
2020,9,21,14,13,32,   5.2720000000
2020,9,21,14,13,32,   5.2440000000
2020,9,21,14,13,33,   5.2480000000
2020,9,21,14,13,33,   5.2720000000
2020,9,21,14,13,33,   5.2720000000
2020,9,21,14,13,33,   5.2440000000
2020,9,21,14,13,34,   5.2480000000
2020,9,21,14,13,34,   5.2440000000
2020,9,21,14,13,34,   5.2440000000
2020,9,21,14,13,35,   5.2440000000
2020,9,21,14,13,35,   5.2760000000
2020,9,21,14,13,35,   5.2720000000
2020,9,21,14,13,35,   5.2720000000
2020,9,21,14,13,36,   5.2480000000
2020,9,21,14,13,36,   5.2440000000
2020,9,21,14,13,36,   5.2440000000
2020,9,21,14,13,36,   5.2360000000
2020,9,21,14,13,37,   5.2360000000
2020,9,21,14,13,37,   5.2480000000
2020,9,21,14,13,37,   5.2480000000
2020,9,21,14,13,37,   5.2480000000
2020,9,21,14,13,38,   5.2720000000
2020,9,21,14,13,38,   5.2440000000
2020,9,21,14,13,38,   5.2440000000
2020,9,21,14,13,39,   5.2480000000
2020,9,21,14,13,39,   5.2720000000
2020,9,21,14,13,39,   5.2440000000
2020,9,21,14,13,39,   5.2440000000
2020,9,21,14,13,40,   5.2440000000
2020,9,21,14,13,40,   5.2680000000
2020,9,21,14,13,40,   5.2720000000
2020,9,21,14,13,40,   5.2440000000
2020,9,21,14,13,41,   5.2440000000
2020,9,21,14,13,41,   5.2720000000
2020,9,21,14,13,41,   5.2480000000
2020,9,21,14,13,41,   5.2480000000
2020,9,21,14,13,42,   5.2440000000
2020,9,21,14,13,42,   5.2360000000
2020,9,21,14,13,42,   5.2480000000
2020,9,21,14,13,43,   5.2720000000
2020,9,21,14,13,43,   5.2480000000
2020,9,21,14,13,43,   5.2480000000
2020,9,21,14,13,43,   5.2480000000
2020,9,21,14,13,44,   5.2720000000
2020,9,21,14,13,44,   5.2480000000
2020,9,21,14,13,44,   5.2440000000
2020,9,21,14,13,44,   5.2440000000
2020,9,21,14,13,45,   5.2720000000
2020,9,21,14,13,45,   5.2720000000
2020,9,21,14,13,45,   5.2400000000
2020,9,21,14,13,45,   5.2400000000
2020,9,21,14,13,46,   5.2680000000
2020,9,21,14,13,46,   5.2680000000
2020,9,21,14,13,46,   5.2480000000
2020,9,21,14,13,47,   5.2480000000
2020,9,21,14,13,47,   5.2480000000
2020,9,21,14,13,47,   5.2480000000
2020,9,21,14,13,47,   5.1600000000
2020,9,21,14,13,48,   5.2360000000
2020,9,21,14,13,48,   5.2440000000
2020,9,21,14,13,48,   5.2440000000
2020,9,21,14,13,48,   5.2680000000
2020,9,21,14,13,49,   5.2440000000
2020,9,21,14,13,49,   5.2440000000
2020,9,21,14,13,49,   5.2440000000
2020,9,21,14,13,49,   5.2440000000
2020,9,21,14,13,50,   5.2440000000
2020,9,21,14,13,50,   5.2440000000
2020,9,21,14,13,50,   5.2720000000
2020,9,21,14,13,50,   5.2720000000
2020,9,21,14,13,51,   5.2680000000
2020,9,21,14,13,51,   5.2440000000
2020,9,21,14,13,51,   5.2440000000
2020,9,21,14,13,52,   5.2440000000
2020,9,21,14,13,52,   5.2440000000
2020,9,21,14,13,52,   5.2480000000
2020,9,21,14,13,52,   5.2720000000
2020,9,21,14,13,53,   5.2720000000
2020,9,21,14,13,53,   5.2280000000
2020,9,21,14,13,53,   5.2320000000
2020,9,21,14,13,53,   5.2480000000
2020,9,21,14,13,54,   5.2480000000
2020,9,21,14,13,54,   5.2480000000
2020,9,21,14,13,54,   5.2680000000
2020,9,21,14,13,54,   5.2480000000
2020,9,21,14,13,55,   5.2440000000
2020,9,21,14,13,55,   5.2480000000
2020,9,21,14,13,55,   5.2640000000
2020,9,21,14,13,56,   5.2720000000
2020,9,21,14,13,56,   5.2440000000
2020,9,21,14,13,56,   5.2480000000
2020,9,21,14,13,56,   5.2680000000
2020,9,21,14,13,57,   5.2680000000
2020,9,21,14,13,57,   5.2480000000
2020,9,21,14,13,57,   5.2440000000
2020,9,21,14,13,57,   5.2680000000
2020,9,21,14,13,58,   5.2720000000
2020,9,21,14,13,58,   5.2480000000
2020,9,21,14,13,58,   5.2480000000
2020,9,21,14,13,59,   5.2320000000
2020,9,21,14,13,59,   5.1160000000
2020,9,21,14,13,59,   5.2440000000
2020,9,21,14,13,59,   5.2400000000
2020,9,21,14,14,0,   5.2440000000
2020,9,21,14,14,0,   5.2440000000
2020,9,21,14,14,0,   5.2440000000
2020,9,21,14,14,0,   5.2480000000
2020,9,21,14,14,1,   5.2480000000
2020,9,21,14,14,1,   5.2480000000
2020,9,21,14,14,1,   5.2760000000
2020,9,21,14,14,1,   5.2440000000
2020,9,21,14,14,2,   5.2480000000
2020,9,21,14,14,2,   5.2480000000
2020,9,21,14,14,2,   5.2440000000
2020,9,21,14,14,3,   5.2480000000
2020,9,21,14,14,3,   5.2440000000
2020,9,21,14,14,3,   5.2720000000
2020,9,21,14,14,3,   5.2720000000
2020,9,21,14,14,4,   5.2520000000
2020,9,21,14,14,4,   5.2480000000
2020,9,21,14,14,4,   5.2320000000
2020,9,21,14,14,4,   5.2480000000
2020,9,21,14,14,5,   5.2480000000
2020,9,21,14,14,5,   5.2440000000
2020,9,21,14,14,5,   5.2440000000
2020,9,21,14,14,5,   5.2400000000
2020,9,21,14,14,6,   5.2480000000
2020,9,21,14,14,6,   5.2680000000
2020,9,21,14,14,6,   5.2720000000
2020,9,21,14,14,7,   5.2480000000
2020,9,21,14,14,7,   5.2480000000
2020,9,21,14,14,7,   5.2440000000
2020,9,21,14,14,7,   5.2440000000
2020,9,21,14,14,8,   5.2440000000
2020,9,21,14,14,8,   5.2440000000
2020,9,21,14,14,8,   5.2680000000
2020,9,21,14,14,8,   5.2680000000
2020,9,21,14,14,9,   5.2480000000
2020,9,21,14,14,9,   5.2400000000
2020,9,21,14,14,9,   5.2480000000
2020,9,21,14,14,9,   5.2600000000
2020,9,21,14,14,10,   5.2360000000
2020,9,21,14,14,10,   5.2440000000
2020,9,21,14,14,10,   5.2440000000
2020,9,21,14,14,11,   5.2440000000
2020,9,21,14,14,11,   5.2480000000
2020,9,21,14,14,11,   5.2720000000
2020,9,21,14,14,11,   5.2440000000
2020,9,21,14,14,12,   5.2440000000
2020,9,21,14,14,12,   5.2440000000
2020,9,21,14,14,12,   5.2720000000
2020,9,21,14,14,12,   5.2480000000
2020,9,21,14,14,13,   5.2440000000
2020,9,21,14,14,13,   5.2480000000
2020,9,21,14,14,13,   5.2720000000
2020,9,21,14,14,13,   5.2760000000
2020,9,21,14,14,14,   5.2480000000
2020,9,21,14,14,14,   5.2480000000
2020,9,21,14,14,14,   5.2560000000
2020,9,21,14,14,15,   5.2600000000
2020,9,21,14,14,15,   5.2400000000
2020,9,21,14,14,15,   5.2480000000
2020,9,21,14,14,15,   5.2480000000
2020,9,21,14,14,16,   5.2440000000
2020,9,21,14,14,16,   5.2440000000
2020,9,21,14,14,16,   5.2400000000
2020,9,21,14,14,16,   5.2440000000
2020,9,21,14,14,17,   5.2440000000
2020,9,21,14,14,17,   5.2400000000
2020,9,21,14,14,17,   5.2480000000
2020,9,21,14,14,17,   5.2480000000
2020,9,21,14,14,18,   5.2440000000
2020,9,21,14,14,18,   5.2440000000
2020,9,21,14,14,18,   5.2480000000
2020,9,21,14,14,18,   5.2480000000
2020,9,21,14,14,19,   5.2720000000
2020,9,21,14,14,19,   5.2720000000
2020,9,21,14,14,19,   5.2720000000
2020,9,21,14,14,20,   5.2480000000
2020,9,21,14,14,20,   5.1200000000
2020,9,21,14,14,20,   5.1160000000
2020,9,21,14,14,20,   5.2440000000
2020,9,21,14,14,21,   5.2480000000
2020,9,21,14,14,21,   5.2440000000
2020,9,21,14,14,21,   5.2480000000
2020,9,21,14,14,21,   5.2440000000
2020,9,21,14,14,22,   5.2480000000
2020,9,21,14,14,22,   5.2440000000
2020,9,21,14,14,22,   5.2480000000
2020,9,21,14,14,22,   5.2760000000
2020,9,21,14,14,23,   5.2720000000
2020,9,21,14,14,23,   5.2480000000
2020,9,21,14,14,23,   5.2480000000
2020,9,21,14,14,23,   5.2480000000
2020,9,21,14,14,24,   5.2480000000
2020,9,21,14,14,24,   5.2440000000
2020,9,21,14,14,24,   5.2720000000
2020,9,21,14,14,25,   5.2680000000
2020,9,21,14,14,25,   5.2720000000
2020,9,21,14,14,25,   5.2720000000
2020,9,21,14,14,25,   5.2360000000
2020,9,21,14,14,26,   5.2320000000
2020,9,21,14,14,26,   5.2440000000
2020,9,21,14,14,26,   5.2480000000
2020,9,21,14,14,26,   5.2480000000
2020,9,21,14,14,27,   5.2440000000
2020,9,21,14,14,27,   5.2440000000
2020,9,21,14,14,27,   5.2440000000
2020,9,21,14,14,27,   5.2480000000
2020,9,21,14,14,28,   5.2440000000
2020,9,21,14,14,28,   5.2480000000
2020,9,21,14,14,28,   5.2680000000
2020,9,21,14,14,29,   5.2440000000
2020,9,21,14,14,29,   5.2480000000
2020,9,21,14,14,29,   5.2400000000
2020,9,21,14,14,29,   5.2440000000
2020,9,21,14,14,30,   5.2480000000
2020,9,21,14,14,30,   5.2440000000
2020,9,21,14,14,30,   5.2680000000
2020,9,21,14,14,30,   5.2680000000
2020,9,21,14,14,31,   5.2720000000
2020,9,21,14,14,31,   5.2640000000
2020,9,21,14,14,31,   5.2320000000
2020,9,21,14,14,31,   5.2520000000
2020,9,21,14,14,32,   5.2440000000
2020,9,21,14,14,32,   5.2720000000
2020,9,21,14,14,32,   5.2440000000
2020,9,21,14,14,32,   5.2440000000
2020,9,21,14,14,33,   5.2440000000
2020,9,21,14,14,33,   5.2440000000
2020,9,21,14,14,33,   5.2440000000
2020,9,21,14,14,33,   5.2440000000
2020,9,21,14,14,34,   5.2440000000
2020,9,21,14,14,34,   5.2480000000
2020,9,21,14,14,34,   5.2440000000
2020,9,21,14,14,35,   5.2760000000
2020,9,21,14,14,35,   5.2440000000
2020,9,21,14,14,35,   5.2480000000
2020,9,21,14,14,35,   5.2440000000
2020,9,21,14,14,36,   5.2760000000
2020,9,21,14,14,36,   5.2480000000
2020,9,21,14,14,36,   5.2480000000
2020,9,21,14,14,36,   5.1440000000
2020,9,21,14,14,37,   5.2600000000
2020,9,21,14,14,37,   5.2440000000
2020,9,21,14,14,37,   5.2440000000
2020,9,21,14,14,37,   5.2480000000
2020,9,21,14,14,38,   5.2480000000
2020,9,21,14,14,38,   5.2480000000
2020,9,21,14,14,38,   5.2480000000
2020,9,21,14,14,39,   5.2440000000
2020,9,21,14,14,39,   5.2440000000
2020,9,21,14,14,39,   5.2440000000
2020,9,21,14,14,39,   5.2480000000
2020,9,21,14,14,40,   5.2440000000
2020,9,21,14,14,40,   5.2760000000
2020,9,21,14,14,40,   5.2680000000
2020,9,21,14,14,40,   5.2720000000
2020,9,21,14,14,41,   5.2480000000
2020,9,21,14,14,41,   5.2400000000
2020,9,21,14,14,41,   5.2720000000
2020,9,21,14,14,41,   5.2760000000
2020,9,21,14,14,42,   5.2360000000
2020,9,21,14,14,42,   5.2360000000
2020,9,21,14,14,42,   5.2680000000
2020,9,21,14,14,43,   5.2480000000
2020,9,21,14,14,43,   5.2480000000
2020,9,21,14,14,43,   5.2720000000
2020,9,21,14,14,43,   5.2440000000
2020,9,21,14,14,44,   5.2480000000
2020,9,21,14,14,44,   5.2480000000
2020,9,21,14,14,44,   5.2480000000
2020,9,21,14,14,44,   5.2480000000
2020,9,21,14,14,45,   5.2720000000
2020,9,21,14,14,45,   5.2720000000
2020,9,21,14,14,45,   5.2480000000
2020,9,21,14,14,45,   5.2480000000
2020,9,21,14,14,46,   5.2760000000
2020,9,21,14,14,46,   5.2480000000
2020,9,21,14,14,46,   5.2440000000
2020,9,21,14,14,47,   5.2480000000
2020,9,21,14,14,47,   5.2480000000
2020,9,21,14,14,47,   5.2480000000
2020,9,21,14,14,47,   5.2320000000
2020,9,21,14,14,48,   5.2320000000
2020,9,21,14,14,48,   5.2440000000
2020,9,21,14,14,48,   5.2480000000
2020,9,21,14,14,48,   5.2480000000
2020,9,21,14,14,49,   5.2480000000
2020,9,21,14,14,49,   5.2440000000
2020,9,21,14,14,49,   5.2440000000
2020,9,21,14,14,49,   5.2480000000
2020,9,21,14,14,50,   5.2440000000
2020,9,21,14,14,50,   5.2440000000
2020,9,21,14,14,50,   5.2720000000
2020,9,21,14,14,51,   5.2720000000
2020,9,21,14,14,51,   5.2400000000
2020,9,21,14,14,51,   5.2480000000
2020,9,21,14,14,51,   5.2440000000
2020,9,21,14,14,52,   5.2680000000
2020,9,21,14,14,52,   5.2480000000
2020,9,21,14,14,52,   5.2400000000
2020,9,21,14,14,52,   5.2400000000
2020,9,21,14,14,53,   5.2640000000
2020,9,21,14,14,53,   5.2360000000
2020,9,21,14,14,53,   5.2120000000
2020,9,21,14,14,53,   5.2400000000
2020,9,21,14,14,54,   5.2760000000
2020,9,21,14,14,54,   5.2680000000
2020,9,21,14,14,54,   5.2400000000
2020,9,21,14,14,55,   5.2440000000
2020,9,21,14,14,55,   5.2440000000
2020,9,21,14,14,55,   5.2480000000
2020,9,21,14,14,55,   5.2480000000
2020,9,21,14,14,56,   5.2480000000
2020,9,21,14,14,56,   5.2480000000
2020,9,21,14,14,56,   5.2480000000
2020,9,21,14,14,56,   5.2680000000
2020,9,21,14,14,57,   5.2480000000
2020,9,21,14,14,57,   5.2440000000
2020,9,21,14,14,57,   5.2400000000
2020,9,21,14,14,57,   5.2480000000
2020,9,21,14,14,58,   5.2440000000
2020,9,21,14,14,58,   5.2440000000
2020,9,21,14,14,58,   5.2480000000
2020,9,21,14,14,58,   5.2360000000
2020,9,21,14,14,59,   5.2640000000
2020,9,21,14,14,59,   5.2480000000
2020,9,21,14,14,59,   5.2480000000
2020,9,21,14,15,0,   5.2440000000
2020,9,21,14,15,0,   5.2480000000
2020,9,21,14,15,0,   5.2480000000
2020,9,21,14,15,0,   5.2640000000
2020,9,21,14,15,1,   5.2440000000
2020,9,21,14,15,1,   5.2480000000
2020,9,21,14,15,1,   5.2440000000
2020,9,21,14,15,1,   5.2440000000
2020,9,21,14,15,2,   5.2480000000
2020,9,21,14,15,2,   5.2440000000
2020,9,21,14,15,2,   5.2440000000
2020,9,21,14,15,2,   5.2520000000
2020,9,21,14,15,3,   5.2680000000
2020,9,21,14,15,3,   5.2480000000
2020,9,21,14,15,3,   5.2520000000
2020,9,21,14,15,3,   5.2680000000
2020,9,21,14,15,4,   5.2720000000
2020,9,21,14,15,4,   5.2320000000
2020,9,21,14,15,4,   5.2320000000
2020,9,21,14,15,5,   5.2480000000
2020,9,21,14,15,5,   5.2680000000
2020,9,21,14,15,5,   5.2720000000
2020,9,21,14,15,5,   5.2440000000
2020,9,21,14,15,6,   5.2440000000
2020,9,21,14,15,6,   5.2720000000
2020,9,21,14,15,6,   5.2440000000
2020,9,21,14,15,6,   5.2440000000
2020,9,21,14,15,7,   5.2440000000
2020,9,21,14,15,7,   5.2440000000
2020,9,21,14,15,7,   5.2440000000
2020,9,21,14,15,7,   5.2440000000
2020,9,21,14,15,8,   5.2480000000
2020,9,21,14,15,8,   5.2480000000
2020,9,21,14,15,8,   5.2720000000
2020,9,21,14,15,9,   5.2720000000
2020,9,21,14,15,9,   5.2400000000
2020,9,21,14,15,9,   5.2520000000
2020,9,21,14,15,9,   5.2720000000
2020,9,21,14,15,10,   5.2320000000
2020,9,21,14,15,10,   5.2320000000
2020,9,21,14,15,10,   5.2440000000
2020,9,21,14,15,10,   5.2480000000
2020,9,21,14,15,11,   5.2440000000
2020,9,21,14,15,11,   5.2440000000
2020,9,21,14,15,11,   5.2680000000
2020,9,21,14,15,11,   5.2680000000
2020,9,21,14,15,12,   5.2440000000
2020,9,21,14,15,12,   5.2440000000
2020,9,21,14,15,12,   5.2480000000
2020,9,21,14,15,13,   5.2440000000
2020,9,21,14,15,13,   5.2440000000
2020,9,21,14,15,13,   5.2720000000
2020,9,21,14,15,13,   5.2440000000
2020,9,21,14,15,14,   5.2440000000
2020,9,21,14,15,14,   5.2480000000
2020,9,21,14,15,14,   5.1720000000
2020,9,21,14,15,14,   5.2320000000
2020,9,21,14,15,15,   5.2480000000
2020,9,21,14,15,15,   5.2480000000
2020,9,21,14,15,15,   5.2680000000
2020,9,21,14,15,15,   5.2720000000
2020,9,21,14,15,16,   5.2480000000
2020,9,21,14,15,16,   5.2480000000
2020,9,21,14,15,16,   5.2720000000
2020,9,21,14,15,17,   5.2760000000
2020,9,21,14,15,17,   5.2400000000
2020,9,21,14,15,17,   5.2480000000
2020,9,21,14,15,17,   5.2440000000
2020,9,21,14,15,18,   5.2440000000
2020,9,21,14,15,18,   5.2440000000
2020,9,21,14,15,18,   5.2480000000
2020,9,21,14,15,18,   5.2400000000
2020,9,21,14,15,19,   5.2480000000
2020,9,21,14,15,19,   5.2680000000
2020,9,21,14,15,19,   5.2480000000
2020,9,21,14,15,19,   5.2480000000
2020,9,21,14,15,20,   5.2320000000
2020,9,21,14,15,20,   5.2320000000
2020,9,21,14,15,20,   5.2480000000
2020,9,21,14,15,20,   5.2440000000
2020,9,21,14,15,21,   5.2440000000
2020,9,21,14,15,21,   5.2440000000
2020,9,21,14,15,21,   5.2440000000
2020,9,21,14,15,22,   5.2720000000
2020,9,21,14,15,22,   5.2680000000
2020,9,21,14,15,22,   5.2680000000
2020,9,21,14,15,22,   5.2760000000
2020,9,21,14,15,23,   5.2480000000
2020,9,21,14,15,23,   5.2480000000
2020,9,21,14,15,23,   5.2440000000
2020,9,21,14,15,23,   5.2480000000
2020,9,21,14,15,24,   5.2480000000
2020,9,21,14,15,24,   5.2440000000
2020,9,21,14,15,24,   5.2720000000
2020,9,21,14,15,24,   5.2720000000
2020,9,21,14,15,25,   5.2440000000
2020,9,21,14,15,25,   5.2440000000
2020,9,21,14,15,25,   5.2320000000
2020,9,21,14,15,25,   5.2560000000
2020,9,21,14,15,26,   5.2440000000
2020,9,21,14,15,26,   5.2440000000
2020,9,21,14,15,26,   5.2440000000
2020,9,21,14,15,27,   5.2440000000
2020,9,21,14,15,27,   5.2440000000
2020,9,21,14,15,27,   5.2480000000
2020,9,21,14,15,27,   5.2760000000
2020,9,21,14,15,28,   5.2680000000
2020,9,21,14,15,28,   5.2360000000
2020,9,21,14,15,28,   5.2440000000
2020,9,21,14,15,28,   5.2440000000
2020,9,21,14,15,29,   5.2440000000
2020,9,21,14,15,29,   5.2440000000
2020,9,21,14,15,29,   5.2440000000
2020,9,21,14,15,29,   5.2440000000
2020,9,21,14,15,30,   5.2440000000
2020,9,21,14,15,30,   5.2360000000
2020,9,21,14,15,30,   5.2440000000
2020,9,21,14,15,30,   5.2440000000
2020,9,21,14,15,31,   5.2360000000
2020,9,21,14,15,31,   5.2320000000
2020,9,21,14,15,31,   5.2440000000
2020,9,21,14,15,32,   5.2480000000
2020,9,21,14,15,32,   5.2440000000
2020,9,21,14,15,32,   5.2480000000
2020,9,21,14,15,32,   5.2480000000
2020,9,21,14,15,33,   5.2440000000
2020,9,21,14,15,33,   5.2720000000
2020,9,21,14,15,33,   5.2480000000
2020,9,21,14,15,33,   5.2480000000
2020,9,21,14,15,34,   5.2680000000
2020,9,21,14,15,34,   5.2680000000
2020,9,21,14,15,34,   5.2440000000
2020,9,21,14,15,35,   5.2480000000
2020,9,21,14,15,35,   5.2480000000
2020,9,21,14,15,35,   5.2480000000
2020,9,21,14,15,35,   5.2480000000
2020,9,21,14,15,36,   5.2720000000
2020,9,21,14,15,36,   5.2680000000
2020,9,21,14,15,36,   5.2680000000
2020,9,21,14,15,36,   5.2320000000
2020,9,21,14,15,37,   5.2280000000
2020,9,21,14,15,37,   5.2440000000
2020,9,21,14,15,37,   5.2440000000
2020,9,21,14,15,37,   5.2480000000
2020,9,21,14,15,38,   5.2720000000
2020,9,21,14,15,38,   5.2480000000
2020,9,21,14,15,38,   5.2440000000
2020,9,21,14,15,38,   5.2680000000
2020,9,21,14,15,39,   5.2440000000
2020,9,21,14,15,39,   5.2480000000
2020,9,21,14,15,39,   5.2480000000
2020,9,21,14,15,40,   5.2760000000
2020,9,21,14,15,40,   5.2480000000
2020,9,21,14,15,40,   5.2480000000
2020,9,21,14,15,40,   5.2440000000
2020,9,21,14,15,41,   5.2440000000
2020,9,21,14,15,41,   5.2480000000
2020,9,21,14,15,41,   5.2480000000
2020,9,21,14,15,41,   5.2680000000
2020,9,21,14,15,42,   5.2720000000
2020,9,21,14,15,42,   5.1520000000
2020,9,21,14,15,42,   5.2360000000
2020,9,21,14,15,42,   5.2440000000
2020,9,21,14,15,43,   5.2480000000
2020,9,21,14,15,43,   5.2720000000
2020,9,21,14,15,43,   5.2760000000
2020,9,21,14,15,44,   5.2480000000
2020,9,21,14,15,44,   5.2480000000
2020,9,21,14,15,44,   5.2720000000
2020,9,21,14,15,44,   5.2760000000
2020,9,21,14,15,45,   5.2440000000
2020,9,21,14,15,45,   5.2480000000
2020,9,21,14,15,45,   5.2680000000
2020,9,21,14,15,45,   5.2480000000
2020,9,21,14,15,46,   5.2400000000
2020,9,21,14,15,46,   5.2440000000
2020,9,21,14,15,46,   5.2440000000
2020,9,21,14,15,46,   5.2480000000
2020,9,21,14,15,47,   5.2480000000
2020,9,21,14,15,47,   5.2440000000
2020,9,21,14,15,47,   5.1280000000
2020,9,21,14,15,48,   5.2560000000
2020,9,21,14,15,48,   5.2320000000
2020,9,21,14,15,48,   5.2440000000
2020,9,21,14,15,48,   5.2440000000
2020,9,21,14,15,49,   5.2400000000
2020,9,21,14,15,49,   5.2480000000
2020,9,21,14,15,49,   5.2440000000
2020,9,21,14,15,49,   5.2680000000
2020,9,21,14,15,50,   5.2680000000
2020,9,21,14,15,50,   5.2760000000
2020,9,21,14,15,50,   5.2440000000
2020,9,21,14,15,50,   5.2480000000
2020,9,21,14,15,51,   5.2480000000
2020,9,21,14,15,51,   5.2440000000
2020,9,21,14,15,51,   5.2480000000
2020,9,21,14,15,51,   5.2480000000
2020,9,21,14,15,52,   5.2480000000
2020,9,21,14,15,52,   5.2480000000
2020,9,21,14,15,52,   5.2720000000
2020,9,21,14,15,53,   5.2480000000
2020,9,21,14,15,53,   5.2360000000
2020,9,21,14,15,53,   5.2560000000
2020,9,21,14,15,53,   5.2680000000
2020,9,21,14,15,54,   5.2480000000
2020,9,21,14,15,54,   5.2440000000
2020,9,21,14,15,54,   5.2720000000
2020,9,21,14,15,54,   5.2720000000
2020,9,21,14,15,55,   5.2680000000
2020,9,21,14,15,55,   5.2440000000
2020,9,21,14,15,55,   5.2480000000
2020,9,21,14,15,55,   5.2480000000
2020,9,21,14,15,56,   5.2440000000
2020,9,21,14,15,56,   5.2440000000
2020,9,21,14,15,56,   5.2720000000
2020,9,21,14,15,57,   5.2720000000
2020,9,21,14,15,57,   5.2760000000
2020,9,21,14,15,57,   5.2400000000
2020,9,21,14,15,57,   5.2400000000
2020,9,21,14,15,58,   5.2480000000
2020,9,21,14,15,58,   5.2480000000
2020,9,21,14,15,58,   5.2440000000
2020,9,21,14,15,58,   5.2360000000
2020,9,21,14,15,59,   5.2400000000
2020,9,21,14,15,59,   5.2440000000
2020,9,21,14,15,59,   5.2480000000
2020,9,21,14,15,59,   5.2440000000
2020,9,21,14,16,0,   5.2480000000
2020,9,21,14,16,0,   5.2480000000
2020,9,21,14,16,0,   5.2720000000
2020,9,21,14,16,0,   5.2760000000
2020,9,21,14,16,1,   5.2480000000
2020,9,21,14,16,1,   5.2440000000
2020,9,21,14,16,1,   5.2520000000
2020,9,21,14,16,2,   5.2440000000
2020,9,21,14,16,2,   5.2480000000
2020,9,21,14,16,2,   5.2440000000
2020,9,21,14,16,2,   5.2480000000
2020,9,21,14,16,3,   5.2440000000
2020,9,21,14,16,3,   5.2400000000
2020,9,21,14,16,3,   5.2440000000
2020,9,21,14,16,3,   5.2440000000
2020,9,21,14,16,4,   5.2440000000
2020,9,21,14,16,4,   5.2360000000
2020,9,21,14,16,4,   5.2320000000
2020,9,21,14,16,5,   5.2400000000
2020,9,21,14,16,5,   5.2720000000
2020,9,21,14,16,5,   5.2440000000
2020,9,21,14,16,5,   5.2480000000
2020,9,21,14,16,6,   5.2400000000
2020,9,21,14,16,6,   5.2480000000
2020,9,21,14,16,6,   5.2480000000
2020,9,21,14,16,6,   5.2720000000
2020,9,21,14,16,7,   5.2720000000
2020,9,21,14,16,7,   5.2360000000
2020,9,21,14,16,7,   5.2440000000
2020,9,21,14,16,7,   5.2720000000
2020,9,21,14,16,8,   5.2720000000
2020,9,21,14,16,8,   5.2480000000
2020,9,21,14,16,8,   5.2440000000
2020,9,21,14,16,9,   5.2680000000
2020,9,21,14,16,9,   5.2440000000
2020,9,21,14,16,9,   5.2400000000
2020,9,21,14,16,9,   5.2480000000
2020,9,21,14,16,10,   5.2280000000
2020,9,21,14,16,10,   5.2360000000
2020,9,21,14,16,10,   5.2480000000
2020,9,21,14,16,10,   5.2440000000
2020,9,21,14,16,11,   5.2480000000
2020,9,21,14,16,11,   5.2480000000
2020,9,21,14,16,11,   5.2720000000
2020,9,21,14,16,11,   5.2720000000
2020,9,21,14,16,12,   5.2440000000
2020,9,21,14,16,12,   5.2440000000
2020,9,21,14,16,12,   5.2680000000
2020,9,21,14,16,12,   5.2720000000
2020,9,21,14,16,13,   5.2480000000
2020,9,21,14,16,13,   5.2440000000
2020,9,21,14,16,13,   5.2480000000
2020,9,21,14,16,14,   5.2680000000
2020,9,21,14,16,14,   5.2480000000
2020,9,21,14,16,14,   5.2440000000
2020,9,21,14,16,14,   5.2400000000
2020,9,21,14,16,15,   5.2400000000
2020,9,21,14,16,15,   5.2480000000
2020,9,21,14,16,15,   5.2480000000
2020,9,21,14,16,15,   5.2480000000
2020,9,21,14,16,16,   5.2480000000
2020,9,21,14,16,16,   5.2760000000
2020,9,21,14,16,16,   5.2440000000
2020,9,21,14,16,17,   5.2440000000
2020,9,21,14,16,17,   5.2480000000
2020,9,21,14,16,17,   5.2680000000
2020,9,21,14,16,17,   5.2720000000
2020,9,21,14,16,18,   5.2520000000
2020,9,21,14,16,18,   5.2440000000
2020,9,21,14,16,18,   5.2480000000
2020,9,21,14,16,18,   5.2400000000
2020,9,21,14,16,19,   5.2440000000
2020,9,21,14,16,19,   5.2680000000
2020,9,21,14,16,19,   5.2680000000
2020,9,21,14,16,19,   5.2480000000
2020,9,21,14,16,20,   5.2400000000
2020,9,21,14,16,20,   5.2360000000
2020,9,21,14,16,20,   5.2480000000
2020,9,21,14,16,21,   5.2480000000
2020,9,21,14,16,21,   5.2440000000
2020,9,21,14,16,21,   5.2480000000
2020,9,21,14,16,21,   5.2480000000
2020,9,21,14,16,22,   5.2480000000
2020,9,21,14,16,22,   5.2440000000
2020,9,21,14,16,22,   5.2480000000
2020,9,21,14,16,22,   5.2440000000
2020,9,21,14,16,23,   5.2480000000
2020,9,21,14,16,23,   5.2440000000
2020,9,21,14,16,23,   5.2440000000
2020,9,21,14,16,23,   5.2720000000
2020,9,21,14,16,24,   5.2480000000
2020,9,21,14,16,24,   5.2440000000
2020,9,21,14,16,24,   5.2440000000
2020,9,21,14,16,24,   5.2480000000
2020,9,21,14,16,25,   5.2440000000
2020,9,21,14,16,25,   5.2480000000
2020,9,21,14,16,25,   5.2560000000
2020,9,21,14,16,26,   5.2360000000
2020,9,21,14,16,26,   5.2480000000
2020,9,21,14,16,26,   5.2480000000
2020,9,21,14,16,26,   5.2440000000
2020,9,21,14,16,27,   5.2480000000
2020,9,21,14,16,27,   5.2760000000
2020,9,21,14,16,27,   5.2720000000
2020,9,21,14,16,27,   5.2720000000
2020,9,21,14,16,28,   5.2720000000
2020,9,21,14,16,28,   5.2480000000
2020,9,21,14,16,28,   5.2440000000
2020,9,21,14,16,29,   5.2680000000
2020,9,21,14,16,29,   5.2680000000
2020,9,21,14,16,29,   5.2480000000
2020,9,21,14,16,29,   5.2480000000
2020,9,21,14,16,30,   5.2400000000
2020,9,21,14,16,30,   5.2720000000
2020,9,21,14,16,30,   5.2720000000
2020,9,21,14,16,30,   5.2440000000
2020,9,21,14,16,31,   5.2440000000
2020,9,21,14,16,31,   5.2600000000
2020,9,21,14,16,31,   5.2440000000
2020,9,21,14,16,32,   5.2440000000
2020,9,21,14,16,32,   5.2440000000
2020,9,21,14,16,32,   5.2440000000
2020,9,21,14,16,32,   5.2480000000
2020,9,21,14,16,33,   5.2440000000
2020,9,21,14,16,33,   5.2440000000
2020,9,21,14,16,33,   5.2520000000
2020,9,21,14,16,33,   5.2760000000
2020,9,21,14,16,34,   5.2480000000
2020,9,21,14,16,34,   5.2440000000
2020,9,21,14,16,34,   5.2720000000
2020,9,21,14,16,34,   5.2720000000
2020,9,21,14,16,35,   5.2720000000
2020,9,21,14,16,35,   5.2480000000
2020,9,21,14,16,35,   5.2440000000
2020,9,21,14,16,35,   5.2480000000
2020,9,21,14,16,36,   5.2720000000
2020,9,21,14,16,36,   5.2400000000
2020,9,21,14,16,36,   5.2360000000
2020,9,21,14,16,37,   5.2360000000
2020,9,21,14,16,37,   5.2440000000
2020,9,21,14,16,37,   5.2480000000
2020,9,21,14,16,37,   5.2440000000
2020,9,21,14,16,38,   5.2480000000
2020,9,21,14,16,38,   5.2480000000
2020,9,21,14,16,38,   5.2480000000
2020,9,21,14,16,38,   5.2480000000
2020,9,21,14,16,39,   5.2480000000
2020,9,21,14,16,39,   5.2480000000
2020,9,21,14,16,39,   5.2480000000
2020,9,21,14,16,39,   5.2440000000
2020,9,21,14,16,40,   5.2440000000
2020,9,21,14,16,40,   5.2480000000
2020,9,21,14,16,40,   5.2480000000
2020,9,21,14,16,40,   5.2640000000
2020,9,21,14,16,41,   5.2480000000
2020,9,21,14,16,41,   5.2440000000
2020,9,21,14,16,41,   5.2440000000
2020,9,21,14,16,42,   5.2720000000
2020,9,21,14,16,42,   5.1840000000
2020,9,21,14,16,42,   5.2360000000
2020,9,21,14,16,42,   5.2440000000
2020,9,21,14,16,43,   5.2480000000
2020,9,21,14,16,43,   5.2480000000
2020,9,21,14,16,43,   5.2440000000
2020,9,21,14,16,43,   5.2480000000
2020,9,21,14,16,44,   5.2480000000
2020,9,21,14,16,44,   5.2480000000
2020,9,21,14,16,44,   5.2480000000
2020,9,21,14,16,44,   5.2440000000
2020,9,21,14,16,45,   5.2440000000
2020,9,21,14,16,45,   5.2680000000
2020,9,21,14,16,45,   5.2680000000
2020,9,21,14,16,46,   5.2720000000
2020,9,21,14,16,46,   5.2480000000
2020,9,21,14,16,46,   5.2480000000
2020,9,21,14,16,46,   5.2480000000
2020,9,21,14,16,47,   5.2720000000
2020,9,21,14,16,47,   5.2520000000
2020,9,21,14,16,47,   5.2480000000
2020,9,21,14,16,47,   5.2400000000
2020,9,21,14,16,48,   5.2600000000
2020,9,21,14,16,48,   5.2480000000
2020,9,21,14,16,48,   5.2480000000
2020,9,21,14,16,49,   5.2440000000
2020,9,21,14,16,49,   5.2680000000
2020,9,21,14,16,49,   5.2480000000
2020,9,21,14,16,49,   5.2440000000
2020,9,21,14,16,50,   5.2440000000
2020,9,21,14,16,50,   5.2480000000
2020,9,21,14,16,50,   5.2440000000
2020,9,21,14,16,50,   5.2480000000
2020,9,21,14,16,51,   5.2480000000
2020,9,21,14,16,51,   5.2480000000
2020,9,21,14,16,51,   5.2440000000
2020,9,21,14,16,51,   5.2720000000
2020,9,21,14,16,52,   5.2480000000
2020,9,21,14,16,52,   5.2440000000
2020,9,21,14,16,52,   5.2720000000
2020,9,21,14,16,53,   5.2480000000
2020,9,21,14,16,53,   5.2440000000
2020,9,21,14,16,53,   5.2360000000
2020,9,21,14,16,53,   5.2360000000
2020,9,21,14,16,54,   5.2480000000
2020,9,21,14,16,54,   5.2760000000
2020,9,21,14,16,54,   5.2440000000
2020,9,21,14,16,54,   5.2480000000
2020,9,21,14,16,55,   5.2720000000
2020,9,21,14,16,55,   5.2480000000
2020,9,21,14,16,55,   5.2480000000
2020,9,21,14,16,55,   5.2480000000
2020,9,21,14,16,56,   5.2440000000
2020,9,21,14,16,56,   5.2400000000
2020,9,21,14,16,56,   5.2440000000
2020,9,21,14,16,57,   5.2440000000
2020,9,21,14,16,57,   5.2440000000
2020,9,21,14,16,57,   5.2720000000
2020,9,21,14,16,57,   5.2720000000
2020,9,21,14,16,58,   5.2480000000
2020,9,21,14,16,58,   5.2440000000
2020,9,21,14,16,58,   5.2760000000
2020,9,21,14,16,58,   5.2720000000
2020,9,21,14,16,59,   5.2320000000
2020,9,21,14,16,59,   5.2440000000
2020,9,21,14,16,59,   5.2720000000
2020,9,21,14,16,59,   5.2720000000
2020,9,21,14,17,0,   5.2480000000
2020,9,21,14,17,0,   5.2480000000
2020,9,21,14,17,0,   5.2440000000
2020,9,21,14,17,1,   5.2480000000
2020,9,21,14,17,1,   5.2400000000
2020,9,21,14,17,1,   5.2440000000
2020,9,21,14,17,1,   5.2440000000
2020,9,21,14,17,2,   5.2480000000
2020,9,21,14,17,2,   5.2400000000
2020,9,21,14,17,2,   5.2440000000
2020,9,21,14,17,2,   5.2440000000
2020,9,21,14,17,3,   5.2480000000
2020,9,21,14,17,3,   5.2480000000
2020,9,21,14,17,3,   5.2480000000
2020,9,21,14,17,4,   5.2440000000
2020,9,21,14,17,4,   5.2440000000
2020,9,21,14,17,4,   5.2320000000
2020,9,21,14,17,4,   5.1120000000
2020,9,21,14,17,5,   5.2480000000
2020,9,21,14,17,5,   5.2680000000
2020,9,21,14,17,5,   5.2720000000
2020,9,21,14,17,5,   5.2720000000
2020,9,21,14,17,6,   5.2440000000
2020,9,21,14,17,6,   5.2480000000
2020,9,21,14,17,6,   5.2480000000
2020,9,21,14,17,6,   5.2720000000
2020,9,21,14,17,7,   5.2400000000
2020,9,21,14,17,7,   5.2480000000
2020,9,21,14,17,7,   5.2480000000
2020,9,21,14,17,8,   5.2440000000
2020,9,21,14,17,8,   5.2440000000
2020,9,21,14,17,8,   5.2480000000
2020,9,21,14,17,8,   5.2480000000
2020,9,21,14,17,9,   5.2480000000
2020,9,21,14,17,9,   5.2720000000
2020,9,21,14,17,9,   5.2720000000
2020,9,21,14,17,9,   5.2480000000
2020,9,21,14,17,10,   5.2360000000
2020,9,21,14,17,10,   5.2560000000
2020,9,21,14,17,10,   5.2480000000
2020,9,21,14,17,10,   5.2440000000
2020,9,21,14,17,11,   5.2440000000
2020,9,21,14,17,11,   5.2400000000
2020,9,21,14,17,11,   5.2440000000
2020,9,21,14,17,11,   5.2440000000
2020,9,21,14,17,12,   5.2480000000
2020,9,21,14,17,12,   5.2440000000
2020,9,21,14,17,12,   5.2480000000
2020,9,21,14,17,12,   5.2400000000
2020,9,21,14,17,13,   5.2440000000
2020,9,21,14,17,13,   5.2440000000
2020,9,21,14,17,13,   5.2440000000
2020,9,21,14,17,14,   5.2440000000
2020,9,21,14,17,14,   5.2480000000
2020,9,21,14,17,14,   5.2480000000
2020,9,21,14,17,14,   5.2360000000
2020,9,21,14,17,15,   5.2600000000
2020,9,21,14,17,15,   5.2480000000
2020,9,21,14,17,15,   5.2440000000
2020,9,21,14,17,15,   5.2480000000
2020,9,21,14,17,16,   5.2720000000
2020,9,21,14,17,16,   5.2680000000
2020,9,21,14,17,16,   5.2440000000
2020,9,21,14,17,16,   5.2480000000
2020,9,21,14,17,17,   5.2480000000
2020,9,21,14,17,17,   5.2720000000
2020,9,21,14,17,17,   5.2720000000
2020,9,21,14,17,17,   5.2480000000
2020,9,21,14,17,18,   5.2480000000
2020,9,21,14,17,18,   5.2720000000
2020,9,21,14,17,18,   5.2480000000
2020,9,21,14,17,18,   5.2480000000
2020,9,21,14,17,19,   5.2480000000
2020,9,21,14,17,19,   5.2480000000
2020,9,21,14,17,19,   5.2440000000
2020,9,21,14,17,20,   5.2720000000
2020,9,21,14,17,20,   5.2320000000
2020,9,21,14,17,20,   5.2280000000
2020,9,21,14,17,20,   5.2760000000
2020,9,21,14,17,21,   5.2680000000
2020,9,21,14,17,21,   5.2440000000
2020,9,21,14,17,21,   5.2480000000
2020,9,21,14,17,21,   5.2480000000
2020,9,21,14,17,22,   5.2440000000
2020,9,21,14,17,22,   5.2480000000
2020,9,21,14,17,22,   5.2480000000
2020,9,21,14,17,22,   5.2440000000
2020,9,21,14,17,23,   5.2480000000
2020,9,21,14,17,23,   5.2480000000
2020,9,21,14,17,23,   5.2440000000
2020,9,21,14,17,23,   5.2440000000
2020,9,21,14,17,24,   5.2480000000
2020,9,21,14,17,24,   5.2480000000
2020,9,21,14,17,24,   5.2480000000
2020,9,21,14,17,25,   5.2480000000
2020,9,21,14,17,25,   5.2480000000
2020,9,21,14,17,25,   5.2440000000
2020,9,21,14,17,25,   5.2560000000
2020,9,21,14,17,26,   5.2320000000
2020,9,21,14,17,26,   5.2480000000
2020,9,21,14,17,26,   5.2720000000
2020,9,21,14,17,26,   5.2680000000
2020,9,21,14,17,27,   5.2440000000
2020,9,21,14,17,27,   5.2480000000
2020,9,21,14,17,27,   5.2680000000
2020,9,21,14,17,28,   5.2720000000
2020,9,21,14,17,28,   5.2480000000
2020,9,21,14,17,28,   5.2400000000
2020,9,21,14,17,28,   5.2480000000
2020,9,21,14,17,29,   5.2720000000
2020,9,21,14,17,29,   5.2480000000
2020,9,21,14,17,29,   5.2480000000
2020,9,21,14,17,29,   5.2440000000
2020,9,21,14,17,30,   5.2480000000
2020,9,21,14,17,30,   5.2480000000
2020,9,21,14,17,30,   5.2280000000
2020,9,21,14,17,30,   5.2480000000
2020,9,21,14,17,31,   5.2320000000
2020,9,21,14,17,31,   5.2360000000
2020,9,21,14,17,31,   5.2480000000
2020,9,21,14,17,32,   5.2440000000
2020,9,21,14,17,32,   5.2480000000
2020,9,21,14,17,32,   5.2480000000
2020,9,21,14,17,32,   5.2440000000
2020,9,21,14,17,33,   5.2480000000
2020,9,21,14,17,33,   5.2480000000
2020,9,21,14,17,33,   5.2480000000
2020,9,21,14,17,33,   5.2720000000
2020,9,21,14,17,34,   5.2720000000
2020,9,21,14,17,34,   5.2480000000
2020,9,21,14,17,34,   5.2480000000
2020,9,21,14,17,34,   5.2720000000
2020,9,21,14,17,35,   5.2680000000
2020,9,21,14,17,35,   5.2480000000
2020,9,21,14,17,35,   5.2440000000
2020,9,21,14,17,35,   5.2440000000
2020,9,21,14,17,36,   5.2440000000
2020,9,21,14,17,36,   5.2440000000
2020,9,21,14,17,36,   5.2320000000
2020,9,21,14,17,37,   5.2320000000
2020,9,21,14,17,37,   5.2480000000
2020,9,21,14,17,37,   5.2480000000
2020,9,21,14,17,37,   5.2480000000
2020,9,21,14,17,38,   5.2440000000
2020,9,21,14,17,38,   5.2440000000
2020,9,21,14,17,38,   5.2680000000
2020,9,21,14,17,38,   5.2440000000
2020,9,21,14,17,39,   5.2440000000
2020,9,21,14,17,39,   5.2400000000
2020,9,21,14,17,39,   5.2720000000
2020,9,21,14,17,39,   5.2720000000
2020,9,21,14,17,40,   5.2480000000
2020,9,21,14,17,40,   5.2440000000
2020,9,21,14,17,40,   5.2720000000
2020,9,21,14,17,41,   5.2440000000
2020,9,21,14,17,41,   5.2480000000
2020,9,21,14,17,41,   5.2720000000
2020,9,21,14,17,41,   5.2720000000
2020,9,21,14,17,42,   5.2480000000
2020,9,21,14,17,42,   5.2200000000
2020,9,21,14,17,42,   5.2360000000
2020,9,21,14,17,42,   5.2440000000
2020,9,21,14,17,43,   5.2480000000
2020,9,21,14,17,43,   5.2720000000
2020,9,21,14,17,43,   5.2440000000
2020,9,21,14,17,43,   5.2440000000
2020,9,21,14,17,44,   5.2480000000
2020,9,21,14,17,44,   5.2360000000
2020,9,21,14,17,44,   5.2480000000
2020,9,21,14,17,44,   5.2480000000
2020,9,21,14,17,45,   5.2440000000
2020,9,21,14,17,45,   5.2440000000
2020,9,21,14,17,45,   5.2720000000
2020,9,21,14,17,46,   5.2480000000
2020,9,21,14,17,46,   5.2480000000
2020,9,21,14,17,46,   5.2480000000
2020,9,21,14,17,46,   5.2480000000
2020,9,21,14,17,47,   5.2440000000
2020,9,21,14,17,47,   5.2480000000
2020,9,21,14,17,47,   5.2440000000
2020,9,21,14,17,47,   5.2320000000
2020,9,21,14,17,48,   5.2360000000
2020,9,21,14,17,48,   5.2480000000
2020,9,21,14,17,48,   5.2480000000
2020,9,21,14,17,48,   5.2720000000
2020,9,21,14,17,49,   5.2440000000
2020,9,21,14,17,49,   5.2480000000
2020,9,21,14,17,49,   5.2480000000
2020,9,21,14,17,50,   5.2800000000
2020,9,21,14,17,50,   5.2520000000
2020,9,21,14,17,50,   5.2440000000
2020,9,21,14,17,50,   5.2480000000
2020,9,21,14,17,51,   5.2480000000
2020,9,21,14,17,51,   5.2440000000
2020,9,21,14,17,51,   5.2440000000
2020,9,21,14,17,51,   5.2680000000
2020,9,21,14,17,52,   5.2760000000
2020,9,21,14,17,52,   5.2400000000
2020,9,21,14,17,52,   5.2520000000
2020,9,21,14,17,53,   5.2680000000
2020,9,21,14,17,53,   5.2400000000
2020,9,21,14,17,53,   5.2360000000
2020,9,21,14,17,53,   5.2440000000
2020,9,21,14,17,54,   5.2480000000
2020,9,21,14,17,54,   5.2480000000
2020,9,21,14,17,54,   5.2720000000
2020,9,21,14,17,54,   5.2440000000
2020,9,21,14,17,55,   5.2480000000
2020,9,21,14,17,55,   5.2440000000
2020,9,21,14,17,55,   5.2720000000
2020,9,21,14,17,55,   5.2720000000
2020,9,21,14,17,56,   5.2760000000
2020,9,21,14,17,56,   5.2480000000
2020,9,21,14,17,56,   5.2480000000
2020,9,21,14,17,57,   5.2720000000
2020,9,21,14,17,57,   5.2720000000
2020,9,21,14,17,57,   5.2400000000
2020,9,21,14,17,57,   5.2440000000
2020,9,21,14,17,58,   5.2720000000
2020,9,21,14,17,58,   5.2720000000
2020,9,21,14,17,58,   5.2480000000
2020,9,21,14,17,58,   5.2360000000
2020,9,21,14,17,59,   5.2360000000
2020,9,21,14,17,59,   5.2440000000
2020,9,21,14,17,59,   5.2480000000
2020,9,21,14,17,59,   5.2440000000
2020,9,21,14,18,0,   5.2440000000
2020,9,21,14,18,0,   5.2480000000
2020,9,21,14,18,0,   5.2680000000
2020,9,21,14,18,1,   5.2440000000
2020,9,21,14,18,1,   5.2480000000
2020,9,21,14,18,1,   5.2400000000
2020,9,21,14,18,1,   5.2480000000
2020,9,21,14,18,2,   5.2400000000
2020,9,21,14,18,2,   5.2480000000
2020,9,21,14,18,2,   5.2440000000
2020,9,21,14,18,2,   5.2480000000
2020,9,21,14,18,3,   5.2480000000
2020,9,21,14,18,3,   5.2440000000
2020,9,21,14,18,3,   5.2520000000
2020,9,21,14,18,3,   5.2680000000
2020,9,21,14,18,4,   5.2720000000
2020,9,21,14,18,4,   5.2280000000
2020,9,21,14,18,4,   5.2240000000
2020,9,21,14,18,5,   5.2440000000
2020,9,21,14,18,5,   5.2480000000
2020,9,21,14,18,5,   5.2440000000
2020,9,21,14,18,5,   5.2440000000
2020,9,21,14,18,6,   5.2440000000
2020,9,21,14,18,6,   5.2440000000
2020,9,21,14,18,6,   5.2720000000
2020,9,21,14,18,6,   5.2480000000
2020,9,21,14,18,7,   5.2440000000
2020,9,21,14,18,7,   5.2720000000
2020,9,21,14,18,7,   5.2760000000
2020,9,21,14,18,7,   5.2440000000
2020,9,21,14,18,8,   5.2440000000
2020,9,21,14,18,8,   5.2720000000
2020,9,21,14,18,8,   5.2680000000
2020,9,21,14,18,9,   5.2400000000
2020,9,21,14,18,9,   5.2440000000
2020,9,21,14,18,9,   5.2440000000
2020,9,21,14,18,9,   5.2480000000
2020,9,21,14,18,10,   5.1120000000
2020,9,21,14,18,10,   5.0960000000
2020,9,21,14,18,10,   5.2480000000
2020,9,21,14,18,10,   5.2440000000
2020,9,21,14,18,11,   5.2720000000
2020,9,21,14,18,11,   5.2480000000
2020,9,21,14,18,11,   5.2480000000
2020,9,21,14,18,11,   5.2480000000
2020,9,21,14,18,12,   5.2680000000
2020,9,21,14,18,12,   5.2440000000
2020,9,21,14,18,12,   5.2440000000
2020,9,21,14,18,12,   5.2480000000
2020,9,21,14,18,13,   5.2760000000
2020,9,21,14,18,13,   5.2720000000
2020,9,21,14,18,13,   5.2480000000
2020,9,21,14,18,14,   5.2480000000
2020,9,21,14,18,14,   5.2680000000
2020,9,21,14,18,14,   5.2720000000
2020,9,21,14,18,14,   5.2320000000
2020,9,21,14,18,15,   5.2440000000
2020,9,21,14,18,15,   5.2480000000
2020,9,21,14,18,15,   5.2480000000
2020,9,21,14,18,15,   5.2520000000
2020,9,21,14,18,16,   5.2440000000
2020,9,21,14,18,16,   5.2440000000
2020,9,21,14,18,16,   5.2480000000
2020,9,21,14,18,17,   5.2760000000
2020,9,21,14,18,17,   5.2440000000
2020,9,21,14,18,17,   5.2480000000
2020,9,21,14,18,17,   5.2720000000
2020,9,21,14,18,18,   5.2640000000
2020,9,21,14,18,18,   5.2440000000
2020,9,21,14,18,18,   5.2400000000
2020,9,21,14,18,18,   5.2440000000
2020,9,21,14,18,19,   5.2440000000
2020,9,21,14,18,19,   5.2440000000
2020,9,21,14,18,19,   5.2440000000
2020,9,21,14,18,19,   5.2480000000
2020,9,21,14,18,20,   5.2360000000
2020,9,21,14,18,20,   5.1280000000
2020,9,21,14,18,20,   5.2480000000
2020,9,21,14,18,20,   5.2440000000
2020,9,21,14,18,21,   5.2440000000
2020,9,21,14,18,21,   5.2480000000
2020,9,21,14,18,21,   5.2480000000
2020,9,21,14,18,22,   5.2480000000
2020,9,21,14,18,22,   5.2480000000
2020,9,21,14,18,22,   5.2760000000
2020,9,21,14,18,22,   5.2480000000
2020,9,21,14,18,23,   5.2480000000
2020,9,21,14,18,23,   5.2480000000
2020,9,21,14,18,23,   5.2480000000
2020,9,21,14,18,23,   5.2480000000
2020,9,21,14,18,24,   5.2720000000
2020,9,21,14,18,24,   5.2480000000
2020,9,21,14,18,24,   5.2400000000
2020,9,21,14,18,24,   5.2720000000
2020,9,21,14,18,25,   5.2720000000
2020,9,21,14,18,25,   5.2480000000
2020,9,21,14,18,25,   5.2360000000
2020,9,21,14,18,25,   5.2360000000
2020,9,21,14,18,26,   5.2480000000
2020,9,21,14,18,26,   5.2440000000
2020,9,21,14,18,26,   5.2720000000
2020,9,21,14,18,27,   5.2440000000
2020,9,21,14,18,27,   5.2440000000
2020,9,21,14,18,27,   5.2440000000
2020,9,21,14,18,27,   5.2400000000
2020,9,21,14,18,28,   5.2440000000
2020,9,21,14,18,28,   5.2480000000
2020,9,21,14,18,28,   5.2720000000
2020,9,21,14,18,28,   5.2440000000
2020,9,21,14,18,29,   5.2400000000
2020,9,21,14,18,29,   5.2480000000
2020,9,21,14,18,29,   5.2480000000
2020,9,21,14,18,29,   5.2480000000
2020,9,21,14,18,30,   5.2760000000
2020,9,21,14,18,30,   5.2720000000
2020,9,21,14,18,30,   5.2720000000
2020,9,21,14,18,31,   5.2480000000
2020,9,21,14,18,31,   5.2320000000
2020,9,21,14,18,31,   5.2360000000
2020,9,21,14,18,31,   5.2720000000
2020,9,21,14,18,32,   5.2720000000
2020,9,21,14,18,32,   5.2360000000
2020,9,21,14,18,32,   5.2480000000
2020,9,21,14,18,32,   5.2480000000
2020,9,21,14,18,33,   5.2440000000
2020,9,21,14,18,33,   5.2480000000
2020,9,21,14,18,33,   5.2440000000
2020,9,21,14,18,34,   5.2480000000
2020,9,21,14,18,34,   5.2440000000
2020,9,21,14,18,34,   5.2440000000
2020,9,21,14,18,34,   5.2480000000
2020,9,21,14,18,35,   5.2480000000
2020,9,21,14,18,35,   5.2720000000
2020,9,21,14,18,35,   5.2480000000
2020,9,21,14,18,35,   5.2440000000
2020,9,21,14,18,36,   5.2480000000
2020,9,21,14,18,36,   5.2480000000
2020,9,21,14,18,36,   5.2400000000
2020,9,21,14,18,36,   5.2360000000
2020,9,21,14,18,37,   5.2280000000
2020,9,21,14,18,37,   5.2480000000
2020,9,21,14,18,37,   5.2720000000
2020,9,21,14,18,37,   5.2480000000
2020,9,21,14,18,38,   5.2480000000
2020,9,21,14,18,38,   5.2440000000
2020,9,21,14,18,38,   5.2440000000
2020,9,21,14,18,39,   5.2480000000
2020,9,21,14,18,39,   5.2720000000
2020,9,21,14,18,39,   5.2480000000
2020,9,21,14,18,39,   5.2440000000
2020,9,21,14,18,40,   5.2480000000
2020,9,21,14,18,40,   5.2720000000
2020,9,21,14,18,40,   5.2480000000
2020,9,21,14,18,40,   5.2480000000
2020,9,21,14,18,41,   5.2480000000
2020,9,21,14,18,41,   5.2680000000
2020,9,21,14,18,41,   5.2720000000
2020,9,21,14,18,41,   5.2440000000
2020,9,21,14,18,42,   5.1520000000
2020,9,21,14,18,42,   5.1480000000
2020,9,21,14,18,42,   5.2440000000
2020,9,21,14,18,43,   5.2480000000
2020,9,21,14,18,43,   5.2480000000
2020,9,21,14,18,43,   5.2440000000
2020,9,21,14,18,43,   5.2440000000
2020,9,21,14,18,44,   5.2440000000
2020,9,21,14,18,44,   5.2440000000
2020,9,21,14,18,44,   5.2480000000
2020,9,21,14,18,44,   5.2480000000
2020,9,21,14,18,45,   5.2680000000
2020,9,21,14,18,45,   5.2480000000
2020,9,21,14,18,45,   5.2440000000
2020,9,21,14,18,45,   5.2400000000
2020,9,21,14,18,46,   5.2680000000
2020,9,21,14,18,46,   5.2480000000
2020,9,21,14,18,46,   5.2440000000
2020,9,21,14,18,47,   5.2440000000
2020,9,21,14,18,47,   5.2720000000
2020,9,21,14,18,47,   5.2720000000
2020,9,21,14,18,47,   5.2320000000
2020,9,21,14,18,48,   5.2320000000
2020,9,21,14,18,48,   5.2480000000
2020,9,21,14,18,48,   5.2440000000
2020,9,21,14,18,48,   5.2440000000
2020,9,21,14,18,49,   5.2680000000
2020,9,21,14,18,49,   5.2680000000
2020,9,21,14,18,49,   5.2720000000
2020,9,21,14,18,49,   5.2480000000
2020,9,21,14,18,50,   5.2440000000
2020,9,21,14,18,50,   5.2480000000
2020,9,21,14,18,50,   5.2480000000
2020,9,21,14,18,51,   5.2440000000
2020,9,21,14,18,51,   5.2720000000
2020,9,21,14,18,51,   5.2680000000
2020,9,21,14,18,51,   5.2440000000
2020,9,21,14,18,52,   5.2440000000
2020,9,21,14,18,52,   5.2320000000
2020,9,21,14,18,52,   5.2480000000
2020,9,21,14,18,52,   5.2480000000
2020,9,21,14,18,53,   5.2680000000
2020,9,21,14,18,53,   5.1080000000
2020,9,21,14,18,53,   5.2360000000
2020,9,21,14,18,53,   5.2440000000
2020,9,21,14,18,54,   5.2400000000
2020,9,21,14,18,54,   5.2480000000
2020,9,21,14,18,54,   5.2480000000
2020,9,21,14,18,54,   5.2680000000
2020,9,21,14,18,55,   5.2720000000
2020,9,21,14,18,55,   5.2720000000
2020,9,21,14,18,55,   5.2480000000
2020,9,21,14,18,55,   5.2480000000
2020,9,21,14,18,56,   5.2440000000
2020,9,21,14,18,56,   5.2440000000
2020,9,21,14,18,56,   5.2440000000
2020,9,21,14,18,57,   5.2760000000
2020,9,21,14,18,57,   5.2480000000
2020,9,21,14,18,57,   5.2480000000
2020,9,21,14,18,57,   5.2440000000
2020,9,21,14,18,58,   5.2480000000
2020,9,21,14,18,58,   5.2480000000
2020,9,21,14,18,58,   5.2480000000
2020,9,21,14,18,58,   5.2480000000
2020,9,21,14,18,59,   5.2360000000
2020,9,21,14,18,59,   5.2720000000
2020,9,21,14,18,59,   5.2480000000
2020,9,21,14,18,59,   5.2480000000
2020,9,21,14,19,0,   5.2720000000
2020,9,21,14,19,0,   5.2680000000
2020,9,21,14,19,0,   5.2480000000
2020,9,21,14,19,0,   5.2480000000
2020,9,21,14,19,1,   5.2440000000
2020,9,21,14,19,1,   5.2440000000
2020,9,21,14,19,1,   5.2480000000
2020,9,21,14,19,1,   5.2440000000
2020,9,21,14,19,2,   5.2480000000
2020,9,21,14,19,2,   5.2480000000
2020,9,21,14,19,2,   5.2480000000
2020,9,21,14,19,3,   5.2440000000
2020,9,21,14,19,3,   5.2440000000
2020,9,21,14,19,3,   5.2720000000
2020,9,21,14,19,3,   5.2680000000
2020,9,21,14,19,4,   5.2440000000
2020,9,21,14,19,4,   5.2440000000
2020,9,21,14,19,4,   5.1160000000
2020,9,21,14,19,4,   5.2320000000
2020,9,21,14,19,5,   5.2440000000
2020,9,21,14,19,5,   5.2440000000
2020,9,21,14,19,5,   5.2440000000
2020,9,21,14,19,5,   5.2480000000
2020,9,21,14,19,6,   5.2720000000
2020,9,21,14,19,6,   5.2440000000
2020,9,21,14,19,6,   5.2480000000
2020,9,21,14,19,6,   5.2480000000
2020,9,21,14,19,7,   5.2480000000
2020,9,21,14,19,7,   5.2400000000
2020,9,21,14,19,7,   5.2480000000
2020,9,21,14,19,7,   5.2480000000
2020,9,21,14,19,8,   5.2480000000
2020,9,21,14,19,8,   5.2480000000
2020,9,21,14,19,8,   5.2680000000
2020,9,21,14,19,8,   5.2440000000
2020,9,21,14,19,9,   5.2480000000
2020,9,21,14,19,9,   5.2720000000
2020,9,21,14,19,9,   5.2760000000
2020,9,21,14,19,10,   5.2320000000
2020,9,21,14,19,10,   5.2360000000
2020,9,21,14,19,10,   5.2440000000
2020,9,21,14,19,10,   5.2760000000
2020,9,21,14,19,11,   5.2440000000
2020,9,21,14,19,11,   5.2440000000
2020,9,21,14,19,11,   5.2480000000
2020,9,21,14,19,11,   5.2720000000
2020,9,21,14,19,12,   5.2720000000
2020,9,21,14,19,12,   5.2480000000
2020,9,21,14,19,12,   5.2440000000
2020,9,21,14,19,12,   5.2480000000
2020,9,21,14,19,13,   5.2440000000
2020,9,21,14,19,13,   5.2440000000
2020,9,21,14,19,13,   5.2720000000
2020,9,21,14,19,13,   5.2760000000
2020,9,21,14,19,14,   5.2480000000
2020,9,21,14,19,14,   5.2480000000
2020,9,21,14,19,14,   5.2320000000
2020,9,21,14,19,14,   5.2600000000
2020,9,21,14,19,15,   5.2680000000
2020,9,21,14,19,15,   5.2480000000
2020,9,21,14,19,15,   5.2480000000
2020,9,21,14,19,15,   5.2720000000
2020,9,21,14,19,16,   5.2720000000
2020,9,21,14,19,16,   5.2480000000
2020,9,21,14,19,16,   5.2480000000
2020,9,21,14,19,17,   5.2480000000
2020,9,21,14,19,17,   5.2480000000
2020,9,21,14,19,17,   5.2440000000
2020,9,21,14,19,17,   5.2720000000
2020,9,21,14,19,18,   5.2440000000
2020,9,21,14,19,18,   5.2480000000
2020,9,21,14,19,18,   5.2440000000
2020,9,21,14,19,18,   5.2440000000
2020,9,21,14,19,19,   5.2480000000
2020,9,21,14,19,19,   5.2720000000
2020,9,21,14,19,19,   5.2680000000
2020,9,21,14,19,19,   5.2760000000
2020,9,21,14,19,20,   5.2560000000
2020,9,21,14,19,20,   5.2280000000
2020,9,21,14,19,20,   5.2480000000
2020,9,21,14,19,21,   5.2440000000
2020,9,21,14,19,21,   5.2680000000
2020,9,21,14,19,21,   5.2400000000
2020,9,21,14,19,21,   5.2480000000
2020,9,21,14,19,22,   5.2400000000
2020,9,21,14,19,22,   5.2680000000
2020,9,21,14,19,22,   5.2760000000
2020,9,21,14,19,22,   5.2480000000
2020,9,21,14,19,23,   5.2480000000
2020,9,21,14,19,23,   5.2440000000
2020,9,21,14,19,23,   5.2480000000
2020,9,21,14,19,23,   5.2480000000
2020,9,21,14,19,24,   5.2480000000
2020,9,21,14,19,24,   5.2480000000
2020,9,21,14,19,24,   5.2440000000
2020,9,21,14,19,25,   5.2480000000
2020,9,21,14,19,25,   5.2480000000
2020,9,21,14,19,25,   5.2480000000
2020,9,21,14,19,25,   5.2400000000
2020,9,21,14,19,26,   5.2360000000
2020,9,21,14,19,26,   5.2440000000
2020,9,21,14,19,26,   5.2480000000
2020,9,21,14,19,26,   5.2480000000
2020,9,21,14,19,27,   5.2520000000
2020,9,21,14,19,27,   5.2400000000
2020,9,21,14,19,27,   5.2440000000
2020,9,21,14,19,27,   5.2440000000
2020,9,21,14,19,28,   5.2440000000
2020,9,21,14,19,28,   5.2440000000
2020,9,21,14,19,28,   5.2720000000
2020,9,21,14,19,28,   5.2480000000
2020,9,21,14,19,29,   5.2480000000
2020,9,21,14,19,29,   5.2480000000
2020,9,21,14,19,29,   5.2440000000
2020,9,21,14,19,30,   5.2480000000
2020,9,21,14,19,30,   5.2440000000
2020,9,21,14,19,30,   5.2760000000
2020,9,21,14,19,30,   5.2680000000
2020,9,21,14,19,31,   5.2720000000
2020,9,21,14,19,31,   5.2360000000
2020,9,21,14,19,31,   5.2320000000
2020,9,21,14,19,31,   5.2720000000
2020,9,21,14,19,32,   5.2720000000
2020,9,21,14,19,32,   5.2480000000
2020,9,21,14,19,32,   5.2480000000
2020,9,21,14,19,32,   5.2720000000
2020,9,21,14,19,33,   5.2720000000
2020,9,21,14,19,33,   5.2440000000
2020,9,21,14,19,33,   5.2480000000
2020,9,21,14,19,34,   5.2440000000
2020,9,21,14,19,34,   5.2480000000
2020,9,21,14,19,34,   5.2440000000
2020,9,21,14,19,34,   5.2440000000
2020,9,21,14,19,35,   5.2480000000
2020,9,21,14,19,35,   5.2480000000
2020,9,21,14,19,35,   5.2480000000
2020,9,21,14,19,35,   5.2440000000
2020,9,21,14,19,36,   5.2480000000
2020,9,21,14,19,36,   5.2480000000
2020,9,21,14,19,36,   5.2480000000
2020,9,21,14,19,36,   5.2320000000
2020,9,21,14,19,37,   5.1560000000
2020,9,21,14,19,37,   5.2480000000
2020,9,21,14,19,37,   5.2440000000
2020,9,21,14,19,37,   5.2720000000
2020,9,21,14,19,38,   5.2400000000
2020,9,21,14,19,38,   5.2480000000
2020,9,21,14,19,38,   5.2720000000
2020,9,21,14,19,39,   5.2680000000
2020,9,21,14,19,39,   5.2440000000
2020,9,21,14,19,39,   5.2440000000
2020,9,21,14,19,39,   5.2440000000
2020,9,21,14,19,40,   5.2680000000
2020,9,21,14,19,40,   5.2480000000
2020,9,21,14,19,40,   5.2440000000
2020,9,21,14,19,40,   5.2480000000
2020,9,21,14,19,41,   5.2440000000
2020,9,21,14,19,41,   5.2480000000
2020,9,21,14,19,41,   5.2280000000
2020,9,21,14,19,42,   5.2760000000
2020,9,21,14,19,42,   5.1480000000
2020,9,21,14,19,42,   5.2600000000
2020,9,21,14,19,42,   5.2440000000
2020,9,21,14,19,43,   5.2480000000
2020,9,21,14,19,43,   5.2680000000
2020,9,21,14,19,43,   5.2720000000
2020,9,21,14,19,43,   5.2440000000
2020,9,21,14,19,44,   5.2400000000
2020,9,21,14,19,44,   5.2720000000
2020,9,21,14,19,44,   5.2720000000
2020,9,21,14,19,45,   5.2440000000
2020,9,21,14,19,45,   5.2480000000
2020,9,21,14,19,45,   5.2480000000
2020,9,21,14,19,45,   5.2480000000
2020,9,21,14,19,46,   5.2400000000
2020,9,21,14,19,46,   5.2400000000
2020,9,21,14,19,46,   5.2440000000
2020,9,21,14,19,46,   5.2440000000
2020,9,21,14,19,47,   5.2720000000
2020,9,21,14,19,47,   5.2480000000
2020,9,21,14,19,47,   5.2440000000
2020,9,21,14,19,47,   5.2320000000
2020,9,21,14,19,48,   5.2280000000
2020,9,21,14,19,48,   5.2520000000
2020,9,21,14,19,48,   5.2440000000
2020,9,21,14,19,49,   5.2480000000
2020,9,21,14,19,49,   5.2480000000
2020,9,21,14,19,49,   5.2680000000
2020,9,21,14,19,49,   5.2480000000
2020,9,21,14,19,50,   5.2440000000
2020,9,21,14,19,50,   5.2480000000
2020,9,21,14,19,50,   5.2760000000
2020,9,21,14,19,50,   5.2440000000
2020,9,21,14,19,51,   5.2440000000
2020,9,21,14,19,51,   5.2440000000
2020,9,21,14,19,51,   5.2720000000
2020,9,21,14,19,51,   5.2480000000
2020,9,21,14,19,52,   5.2440000000
2020,9,21,14,19,52,   5.2440000000
2020,9,21,14,19,52,   5.2480000000
2020,9,21,14,19,53,   5.2480000000
2020,9,21,14,19,53,   5.2720000000
2020,9,21,14,19,53,   5.2360000000
2020,9,21,14,19,53,   5.2400000000
2020,9,21,14,19,54,   5.2720000000
2020,9,21,14,19,54,   5.2480000000
2020,9,21,14,19,54,   5.2480000000
2020,9,21,14,19,54,   5.2440000000
2020,9,21,14,19,55,   5.2760000000
2020,9,21,14,19,55,   5.2440000000
2020,9,21,14,19,55,   5.2480000000
2020,9,21,14,19,55,   5.2720000000
2020,9,21,14,19,56,   5.2720000000
2020,9,21,14,19,56,   5.2760000000
2020,9,21,14,19,56,   5.2440000000
2020,9,21,14,19,57,   5.2440000000
2020,9,21,14,19,57,   5.2480000000
2020,9,21,14,19,57,   5.2400000000
2020,9,21,14,19,57,   5.2480000000
2020,9,21,14,19,58,   5.2440000000
2020,9,21,14,19,58,   5.2440000000
2020,9,21,14,19,58,   5.2440000000
2020,9,21,14,19,58,   5.1360000000
2020,9,21,14,19,59,   5.2360000000
2020,9,21,14,19,59,   5.2480000000
2020,9,21,14,19,59,   5.2440000000
2020,9,21,14,19,59,   5.2440000000
2020,9,21,14,20,0,   5.2480000000
2020,9,21,14,20,0,   5.2440000000
2020,9,21,14,20,0,   5.2480000000
2020,9,21,14,20,0,   5.2440000000
2020,9,21,14,20,1,   5.2480000000
2020,9,21,14,20,1,   5.2440000000
2020,9,21,14,20,1,   5.2480000000
2020,9,21,14,20,2,   5.2480000000
2020,9,21,14,20,2,   5.2440000000
2020,9,21,14,20,2,   5.2440000000
2020,9,21,14,20,2,   5.2480000000
2020,9,21,14,20,3,   5.2480000000
2020,9,21,14,20,3,   5.2720000000
2020,9,21,14,20,3,   5.2440000000
2020,9,21,14,20,3,   5.2440000000
2020,9,21,14,20,4,   5.2480000000
2020,9,21,14,20,4,   5.2320000000
2020,9,21,14,20,4,   5.2360000000
2020,9,21,14,20,4,   5.2440000000
2020,9,21,14,20,5,   5.2480000000
2020,9,21,14,20,5,   5.2480000000
2020,9,21,14,20,5,   5.2440000000
2020,9,21,14,20,5,   5.2480000000
2020,9,21,14,20,6,   5.2480000000
2020,9,21,14,20,6,   5.2760000000
2020,9,21,14,20,6,   5.2760000000
2020,9,21,14,20,7,   5.2720000000
2020,9,21,14,20,7,   5.2440000000
2020,9,21,14,20,7,   5.2480000000
2020,9,21,14,20,7,   5.2440000000
2020,9,21,14,20,8,   5.2480000000
2020,9,21,14,20,8,   5.2480000000
2020,9,21,14,20,8,   5.2480000000
2020,9,21,14,20,8,   5.2440000000
2020,9,21,14,20,9,   5.2440000000
2020,9,21,14,20,9,   5.2440000000
2020,9,21,14,20,9,   5.2440000000
2020,9,21,14,20,9,   5.2320000000
2020,9,21,14,20,10,   5.2600000000
2020,9,21,14,20,10,   5.2720000000
2020,9,21,14,20,10,   5.2480000000
2020,9,21,14,20,10,   5.2400000000
2020,9,21,14,20,11,   5.2480000000
2020,9,21,14,20,11,   5.2720000000
2020,9,21,14,20,11,   5.2680000000
2020,9,21,14,20,12,   5.2480000000
2020,9,21,14,20,12,   5.2440000000
2020,9,21,14,20,12,   5.2720000000
2020,9,21,14,20,12,   5.2680000000
2020,9,21,14,20,13,   5.2520000000
2020,9,21,14,20,13,   5.2440000000
2020,9,21,14,20,13,   5.2480000000
2020,9,21,14,20,13,   5.2720000000
2020,9,21,14,20,14,   5.2720000000
2020,9,21,14,20,14,   5.2480000000
2020,9,21,14,20,14,   5.2360000000
2020,9,21,14,20,14,   5.2320000000
2020,9,21,14,20,15,   5.2400000000
2020,9,21,14,20,15,   5.2440000000
2020,9,21,14,20,15,   5.2440000000
2020,9,21,14,20,15,   5.2440000000
2020,9,21,14,20,16,   5.2440000000
2020,9,21,14,20,16,   5.2400000000
2020,9,21,14,20,16,   5.2480000000
2020,9,21,14,20,16,   5.2480000000
2020,9,21,14,20,17,   5.2720000000
2020,9,21,14,20,17,   5.2680000000
2020,9,21,14,20,17,   5.2440000000
2020,9,21,14,20,17,   5.2480000000
2020,9,21,14,20,18,   5.2480000000
2020,9,21,14,20,18,   5.2440000000
2020,9,21,14,20,18,   5.2480000000
2020,9,21,14,20,19,   5.2480000000
2020,9,21,14,20,19,   5.2760000000
2020,9,21,14,20,19,   5.2760000000
2020,9,21,14,20,19,   5.2680000000
2020,9,21,14,20,20,   5.2440000000
2020,9,21,14,20,20,   5.2360000000
2020,9,21,14,20,20,   5.2320000000
2020,9,21,14,20,20,   5.2480000000
2020,9,21,14,20,21,   5.2440000000
2020,9,21,14,20,21,   5.2760000000
2020,9,21,14,20,21,   5.2680000000
2020,9,21,14,20,21,   5.2680000000
2020,9,21,14,20,22,   5.2480000000
2020,9,21,14,20,22,   5.2480000000
2020,9,21,14,20,22,   5.2440000000
2020,9,21,14,20,22,   5.2680000000
2020,9,21,14,20,23,   5.2480000000
2020,9,21,14,20,23,   5.2480000000
2020,9,21,14,20,23,   5.2480000000
2020,9,21,14,20,23,   5.2480000000
2020,9,21,14,20,24,   5.2480000000
2020,9,21,14,20,24,   5.2480000000
2020,9,21,14,20,24,   5.2720000000
2020,9,21,14,20,24,   5.2720000000
2020,9,21,14,20,25,   5.2680000000
2020,9,21,14,20,25,   5.2680000000
2020,9,21,14,20,25,   5.2320000000
2020,9,21,14,20,26,   5.2360000000
2020,9,21,14,20,26,   5.2480000000
2020,9,21,14,20,26,   5.2480000000
2020,9,21,14,20,26,   5.2480000000
2020,9,21,14,20,27,   5.2400000000
2020,9,21,14,20,27,   5.2440000000
2020,9,21,14,20,27,   5.2440000000
2020,9,21,14,20,27,   5.2680000000
2020,9,21,14,20,28,   5.2480000000
2020,9,21,14,20,28,   5.2440000000
2020,9,21,14,20,28,   5.2480000000
2020,9,21,14,20,28,   5.2680000000
2020,9,21,14,20,29,   5.2440000000
2020,9,21,14,20,29,   5.2480000000
2020,9,21,14,20,29,   5.2400000000
2020,9,21,14,20,30,   5.2720000000
2020,9,21,14,20,30,   5.2680000000
2020,9,21,14,20,30,   5.2440000000
2020,9,21,14,20,30,   5.2440000000
2020,9,21,14,20,31,   5.2720000000
2020,9,21,14,20,31,   5.2360000000
2020,9,21,14,20,31,   5.1040000000
2020,9,21,14,20,31,   5.2480000000
2020,9,21,14,20,32,   5.2440000000
2020,9,21,14,20,32,   5.2440000000
2020,9,21,14,20,32,   5.2440000000
2020,9,21,14,20,32,   5.2440000000
2020,9,21,14,20,33,   5.2400000000
2020,9,21,14,20,33,   5.2440000000
2020,9,21,14,20,33,   5.2480000000
2020,9,21,14,20,34,   5.2440000000
2020,9,21,14,20,34,   5.2480000000
2020,9,21,14,20,34,   5.2440000000
2020,9,21,14,20,34,   5.2480000000
2020,9,21,14,20,35,   5.2480000000
2020,9,21,14,20,35,   5.2480000000
2020,9,21,14,20,35,   5.2720000000
2020,9,21,14,20,35,   5.2720000000
2020,9,21,14,20,36,   5.2680000000
2020,9,21,14,20,36,   5.2440000000
2020,9,21,14,20,36,   5.2480000000
2020,9,21,14,20,36,   5.2320000000
2020,9,21,14,20,37,   5.2280000000
2020,9,21,14,20,37,   5.2440000000
2020,9,21,14,20,37,   5.2440000000
2020,9,21,14,20,38,   5.2400000000
2020,9,21,14,20,38,   5.2480000000
2020,9,21,14,20,38,   5.2680000000
2020,9,21,14,20,38,   5.2480000000
2020,9,21,14,20,39,   5.2480000000
2020,9,21,14,20,39,   5.2440000000
2020,9,21,14,20,39,   5.2680000000
2020,9,21,14,20,39,   5.2680000000
2020,9,21,14,20,40,   5.2440000000
2020,9,21,14,20,40,   5.2440000000
2020,9,21,14,20,40,   5.2440000000
2020,9,21,14,20,40,   5.2640000000
2020,9,21,14,20,41,   5.2400000000
2020,9,21,14,20,41,   5.2400000000
2020,9,21,14,20,41,   5.2440000000
2020,9,21,14,20,41,   5.2760000000
2020,9,21,14,20,42,   5.1680000000
2020,9,21,14,20,42,   5.2360000000
2020,9,21,14,20,42,   5.2480000000
2020,9,21,14,20,43,   5.2480000000
2020,9,21,14,20,43,   5.2480000000
2020,9,21,14,20,43,   5.2480000000
2020,9,21,14,20,43,   5.2720000000
2020,9,21,14,20,44,   5.2720000000
2020,9,21,14,20,44,   5.2760000000
2020,9,21,14,20,44,   5.2440000000
2020,9,21,14,20,44,   5.2400000000
2020,9,21,14,20,45,   5.2480000000
2020,9,21,14,20,45,   5.2720000000
2020,9,21,14,20,45,   5.2480000000
2020,9,21,14,20,46,   5.2440000000
2020,9,21,14,20,46,   5.2440000000
2020,9,21,14,20,46,   5.2680000000
2020,9,21,14,20,46,   5.2440000000
2020,9,21,14,20,47,   5.2480000000
2020,9,21,14,20,47,   5.2440000000
2020,9,21,14,20,47,   5.2680000000
2020,9,21,14,20,47,   5.2640000000
2020,9,21,14,20,48,   5.2360000000
2020,9,21,14,20,48,   5.2480000000
2020,9,21,14,20,48,   5.2480000000
2020,9,21,14,20,48,   5.2480000000
2020,9,21,14,20,49,   5.2440000000
2020,9,21,14,20,49,   5.2400000000
2020,9,21,14,20,49,   5.2440000000
2020,9,21,14,20,49,   5.2520000000
2020,9,21,14,20,50,   5.2760000000
2020,9,21,14,20,50,   5.2440000000
2020,9,21,14,20,50,   5.2480000000
2020,9,21,14,20,51,   5.2720000000
2020,9,21,14,20,51,   5.2680000000
2020,9,21,14,20,51,   5.2440000000
2020,9,21,14,20,51,   5.2480000000
2020,9,21,14,20,52,   5.2440000000
2020,9,21,14,20,52,   5.2680000000
2020,9,21,14,20,52,   5.2440000000
2020,9,21,14,20,52,   5.2440000000
2020,9,21,14,20,53,   5.2480000000
2020,9,21,14,20,53,   5.2400000000
2020,9,21,14,20,53,   5.2360000000
2020,9,21,14,20,53,   5.2720000000
2020,9,21,14,20,54,   5.2440000000
2020,9,21,14,20,54,   5.2480000000
2020,9,21,14,20,54,   5.2480000000
2020,9,21,14,20,55,   5.2480000000
2020,9,21,14,20,55,   5.2480000000
2020,9,21,14,20,55,   5.2440000000
2020,9,21,14,20,55,   5.2480000000
2020,9,21,14,20,56,   5.2440000000
2020,9,21,14,20,56,   5.2720000000
2020,9,21,14,20,56,   5.2440000000
2020,9,21,14,20,56,   5.2480000000
2020,9,21,14,20,57,   5.2720000000
2020,9,21,14,20,57,   5.2720000000
2020,9,21,14,20,57,   5.2480000000
2020,9,21,14,20,57,   5.2440000000
2020,9,21,14,20,58,   5.2720000000
2020,9,21,14,20,58,   5.2680000000
2020,9,21,14,20,58,   5.2440000000
2020,9,21,14,20,58,   5.2360000000
2020,9,21,14,20,59,   5.2320000000
2020,9,21,14,20,59,   5.2440000000
2020,9,21,14,20,59,   5.2480000000
2020,9,21,14,21,0,   5.2440000000
2020,9,21,14,21,0,   5.2440000000
2020,9,21,14,21,0,   5.2440000000
2020,9,21,14,21,0,   5.2400000000
2020,9,21,14,21,1,   5.2440000000
2020,9,21,14,21,1,   5.2440000000
2020,9,21,14,21,1,   5.2400000000
2020,9,21,14,21,1,   5.2400000000
2020,9,21,14,21,2,   5.2440000000
2020,9,21,14,21,2,   5.2440000000
2020,9,21,14,21,2,   5.2760000000
