2020,11,16,11,36,0,   5.1560000000
2020,11,16,11,36,1,   5.1480000000
2020,11,16,11,36,1,   5.1480000000
2020,11,16,11,36,1,   5.1480000000
2020,11,16,11,36,1,   5.1480000000
2020,11,16,11,36,2,   5.1480000000
2020,11,16,11,36,2,   5.1480000000
2020,11,16,11,36,2,   5.1480000000
2020,11,16,11,36,3,   5.1440000000
2020,11,16,11,36,3,   5.1480000000
2020,11,16,11,36,3,   5.1480000000
2020,11,16,11,36,3,   5.1560000000
2020,11,16,11,36,4,   5.1480000000
2020,11,16,11,36,4,   5.1480000000
2020,11,16,11,36,4,   5.1480000000
2020,11,16,11,36,4,   5.1480000000
2020,11,16,11,36,5,   5.1480000000
2020,11,16,11,36,5,   5.1480000000
2020,11,16,11,36,5,   5.1480000000
2020,11,16,11,36,5,   5.1480000000
2020,11,16,11,36,6,   5.1520000000
2020,11,16,11,36,6,   5.1440000000
2020,11,16,11,36,6,   5.1440000000
2020,11,16,11,36,7,   5.1480000000
2020,11,16,11,36,7,   5.1480000000
2020,11,16,11,36,7,   5.1480000000
2020,11,16,11,36,7,   5.1480000000
2020,11,16,11,36,8,   5.1560000000
2020,11,16,11,36,8,   5.1480000000
2020,11,16,11,36,8,   5.1520000000
2020,11,16,11,36,8,   5.1480000000
2020,11,16,11,36,9,   5.1480000000
2020,11,16,11,36,9,   5.1520000000
2020,11,16,11,36,9,   5.1480000000
2020,11,16,11,36,9,   5.1480000000
2020,11,16,11,36,10,   5.1280000000
2020,11,16,11,36,10,   5.1520000000
2020,11,16,11,36,10,   5.1480000000
2020,11,16,11,36,11,   5.1520000000
2020,11,16,11,36,11,   5.1480000000
2020,11,16,11,36,11,   5.1520000000
2020,11,16,11,36,11,   5.1480000000
2020,11,16,11,36,12,   5.1480000000
2020,11,16,11,36,12,   5.1440000000
2020,11,16,11,36,12,   5.1560000000
2020,11,16,11,36,12,   5.1400000000
2020,11,16,11,36,13,   5.1480000000
2020,11,16,11,36,13,   5.1480000000
2020,11,16,11,36,13,   5.1520000000
2020,11,16,11,36,13,   5.1520000000
2020,11,16,11,36,14,   5.1520000000
2020,11,16,11,36,14,   5.1440000000
2020,11,16,11,36,14,   5.1480000000
2020,11,16,11,36,15,   5.1480000000
2020,11,16,11,36,15,   5.1400000000
2020,11,16,11,36,15,   5.1480000000
2020,11,16,11,36,15,   5.1520000000
2020,11,16,11,36,16,   5.1480000000
2020,11,16,11,36,16,   5.1480000000
2020,11,16,11,36,16,   5.1440000000
2020,11,16,11,36,16,   5.1520000000
2020,11,16,11,36,17,   5.1480000000
2020,11,16,11,36,17,   5.1400000000
2020,11,16,11,36,17,   5.1520000000
2020,11,16,11,36,18,   5.1520000000
2020,11,16,11,36,18,   5.1480000000
2020,11,16,11,36,18,   5.1560000000
2020,11,16,11,36,18,   5.1560000000
2020,11,16,11,36,19,   5.1440000000
2020,11,16,11,36,19,   5.1520000000
2020,11,16,11,36,19,   5.1520000000
2020,11,16,11,36,19,   5.1480000000
2020,11,16,11,36,20,   5.1480000000
2020,11,16,11,36,20,   5.1480000000
2020,11,16,11,36,20,   5.1520000000
2020,11,16,11,36,20,   5.1440000000
2020,11,16,11,36,21,   5.1480000000
2020,11,16,11,36,21,   5.1360000000
2020,11,16,11,36,21,   5.1520000000
2020,11,16,11,36,22,   5.1440000000
2020,11,16,11,36,22,   5.1520000000
2020,11,16,11,36,22,   5.1480000000
2020,11,16,11,36,22,   5.1480000000
2020,11,16,11,36,23,   5.1440000000
2020,11,16,11,36,23,   5.1480000000
2020,11,16,11,36,23,   5.1560000000
2020,11,16,11,36,23,   5.1440000000
2020,11,16,11,36,24,   5.1440000000
2020,11,16,11,36,24,   5.1480000000
2020,11,16,11,36,24,   5.1520000000
2020,11,16,11,36,24,   5.1480000000
2020,11,16,11,36,25,   5.1480000000
2020,11,16,11,36,25,   5.1440000000
2020,11,16,11,36,25,   5.1560000000
2020,11,16,11,36,26,   5.1480000000
2020,11,16,11,36,26,   5.1480000000
2020,11,16,11,36,26,   5.1480000000
2020,11,16,11,36,26,   5.1480000000
2020,11,16,11,36,27,   5.1480000000
2020,11,16,11,36,27,   5.1480000000
2020,11,16,11,36,27,   5.1480000000
2020,11,16,11,36,27,   5.1480000000
2020,11,16,11,36,28,   5.1480000000
2020,11,16,11,36,28,   5.1480000000
2020,11,16,11,36,28,   5.1480000000
2020,11,16,11,36,28,   5.1480000000
2020,11,16,11,36,29,   5.1480000000
2020,11,16,11,36,29,   5.1440000000
2020,11,16,11,36,29,   5.1480000000
2020,11,16,11,36,30,   5.1520000000
2020,11,16,11,36,30,   5.1480000000
2020,11,16,11,36,30,   5.1520000000
2020,11,16,11,36,30,   5.1480000000
2020,11,16,11,36,31,   5.1440000000
2020,11,16,11,36,31,   5.1440000000
2020,11,16,11,36,31,   5.1520000000
2020,11,16,11,36,31,   5.1480000000
2020,11,16,11,36,32,   5.1440000000
2020,11,16,11,36,32,   5.1480000000
2020,11,16,11,36,32,   5.1560000000
2020,11,16,11,36,32,   5.1480000000
2020,11,16,11,36,33,   5.1520000000
2020,11,16,11,36,33,   5.1560000000
2020,11,16,11,36,33,   5.1480000000
2020,11,16,11,36,33,   5.1520000000
2020,11,16,11,36,34,   5.1480000000
2020,11,16,11,36,34,   5.1520000000
2020,11,16,11,36,34,   5.1480000000
2020,11,16,11,36,35,   5.1480000000
2020,11,16,11,36,35,   5.1520000000
2020,11,16,11,36,35,   5.1480000000
2020,11,16,11,36,35,   5.1520000000
2020,11,16,11,36,36,   5.1440000000
2020,11,16,11,36,36,   5.1440000000
2020,11,16,11,36,36,   5.1480000000
2020,11,16,11,36,36,   5.1520000000
2020,11,16,11,36,37,   5.1520000000
2020,11,16,11,36,37,   5.1480000000
2020,11,16,11,36,37,   5.1520000000
2020,11,16,11,36,38,   5.1440000000
2020,11,16,11,36,38,   5.1440000000
2020,11,16,11,36,38,   5.1480000000
2020,11,16,11,36,38,   5.1520000000
2020,11,16,11,36,39,   5.1440000000
2020,11,16,11,36,39,   5.1560000000
2020,11,16,11,36,39,   5.1480000000
2020,11,16,11,36,39,   5.1480000000
2020,11,16,11,36,40,   5.1520000000
2020,11,16,11,36,40,   5.1440000000
2020,11,16,11,36,40,   5.1480000000
2020,11,16,11,36,40,   5.1480000000
2020,11,16,11,36,41,   5.1480000000
2020,11,16,11,36,41,   5.1440000000
2020,11,16,11,36,41,   5.1520000000
2020,11,16,11,36,41,   5.1560000000
2020,11,16,11,36,42,   5.1480000000
2020,11,16,11,36,42,   5.1480000000
2020,11,16,11,36,42,   5.1560000000
2020,11,16,11,36,43,   5.1480000000
2020,11,16,11,36,43,   5.1440000000
2020,11,16,11,36,43,   5.1480000000
2020,11,16,11,36,43,   5.1520000000
2020,11,16,11,36,44,   5.1480000000
2020,11,16,11,36,44,   5.1480000000
2020,11,16,11,36,44,   5.1520000000
2020,11,16,11,36,44,   5.1440000000
2020,11,16,11,36,45,   5.1480000000
2020,11,16,11,36,45,   5.1600000000
2020,11,16,11,36,45,   5.1520000000
2020,11,16,11,36,45,   5.1480000000
2020,11,16,11,36,46,   5.1480000000
2020,11,16,11,36,46,   5.1440000000
2020,11,16,11,36,46,   5.1400000000
2020,11,16,11,36,47,   5.1560000000
2020,11,16,11,36,47,   5.1480000000
2020,11,16,11,36,47,   5.1440000000
2020,11,16,11,36,47,   5.1440000000
2020,11,16,11,36,48,   5.1480000000
2020,11,16,11,36,48,   5.1440000000
2020,11,16,11,36,48,   5.1560000000
2020,11,16,11,36,48,   5.1440000000
2020,11,16,11,36,49,   5.1480000000
2020,11,16,11,36,49,   5.1560000000
2020,11,16,11,36,49,   5.1480000000
2020,11,16,11,36,49,   5.1520000000
2020,11,16,11,36,50,   5.1520000000
2020,11,16,11,36,50,   5.1560000000
2020,11,16,11,36,50,   5.1360000000
2020,11,16,11,36,50,   5.1480000000
2020,11,16,11,36,51,   5.1440000000
2020,11,16,11,36,51,   5.1520000000
2020,11,16,11,36,51,   5.1440000000
2020,11,16,11,36,52,   5.1440000000
2020,11,16,11,36,52,   5.1560000000
2020,11,16,11,36,52,   5.1440000000
2020,11,16,11,36,52,   5.1440000000
2020,11,16,11,36,53,   5.1480000000
2020,11,16,11,36,53,   5.1480000000
2020,11,16,11,36,53,   5.1480000000
2020,11,16,11,36,53,   5.1480000000
2020,11,16,11,36,54,   5.1480000000
2020,11,16,11,36,54,   5.1440000000
2020,11,16,11,36,54,   5.1480000000
2020,11,16,11,36,54,   5.1520000000
2020,11,16,11,36,55,   5.1440000000
2020,11,16,11,36,55,   5.1480000000
2020,11,16,11,36,55,   5.1480000000
2020,11,16,11,36,55,   5.1520000000
2020,11,16,11,36,56,   5.1480000000
2020,11,16,11,36,56,   5.1480000000
2020,11,16,11,36,56,   5.1480000000
2020,11,16,11,36,57,   5.1440000000
2020,11,16,11,36,57,   5.1480000000
2020,11,16,11,36,57,   5.1480000000
2020,11,16,11,36,57,   5.1480000000
2020,11,16,11,36,58,   5.1440000000
2020,11,16,11,36,58,   5.1480000000
2020,11,16,11,36,58,   5.1480000000
2020,11,16,11,36,58,   5.1480000000
2020,11,16,11,36,59,   5.1440000000
2020,11,16,11,36,59,   5.1440000000
2020,11,16,11,36,59,   5.1480000000
2020,11,16,11,36,59,   5.1440000000
2020,11,16,11,37,0,   5.1440000000
2020,11,16,11,37,0,   5.1320000000
2020,11,16,11,37,0,   5.1480000000
2020,11,16,11,37,0,   5.1520000000
2020,11,16,11,37,1,   5.1480000000
2020,11,16,11,37,1,   5.1480000000
2020,11,16,11,37,1,   5.1480000000
2020,11,16,11,37,2,   5.1480000000
2020,11,16,11,37,2,   5.1480000000
2020,11,16,11,37,2,   5.1520000000
2020,11,16,11,37,2,   5.1440000000
2020,11,16,11,37,3,   5.1560000000
2020,11,16,11,37,3,   5.1440000000
2020,11,16,11,37,3,   5.1480000000
2020,11,16,11,37,3,   5.1480000000
2020,11,16,11,37,4,   5.1480000000
2020,11,16,11,37,4,   5.1440000000
2020,11,16,11,37,4,   5.1520000000
2020,11,16,11,37,4,   5.1480000000
2020,11,16,11,37,5,   5.1480000000
2020,11,16,11,37,5,   5.1440000000
2020,11,16,11,37,5,   5.1480000000
2020,11,16,11,37,5,   5.1520000000
2020,11,16,11,37,6,   5.1480000000
2020,11,16,11,37,6,   5.1480000000
2020,11,16,11,37,6,   5.1480000000
2020,11,16,11,37,7,   5.1480000000
2020,11,16,11,37,7,   5.1480000000
2020,11,16,11,37,7,   5.1520000000
2020,11,16,11,37,7,   5.1480000000
2020,11,16,11,37,8,   5.1440000000
2020,11,16,11,37,8,   5.1480000000
2020,11,16,11,37,8,   5.1480000000
2020,11,16,11,37,8,   5.1440000000
2020,11,16,11,37,9,   5.1480000000
2020,11,16,11,37,9,   5.1480000000
2020,11,16,11,37,9,   5.1520000000
2020,11,16,11,37,9,   5.1480000000
2020,11,16,11,37,10,   5.1440000000
2020,11,16,11,37,10,   5.1280000000
2020,11,16,11,37,10,   5.1560000000
2020,11,16,11,37,11,   5.1480000000
2020,11,16,11,37,11,   5.1480000000
2020,11,16,11,37,11,   5.1480000000
2020,11,16,11,37,11,   5.1480000000
2020,11,16,11,37,12,   5.1520000000
2020,11,16,11,37,12,   5.1480000000
2020,11,16,11,37,12,   5.1480000000
2020,11,16,11,37,12,   5.1480000000
2020,11,16,11,37,13,   5.1440000000
2020,11,16,11,37,13,   5.1480000000
2020,11,16,11,37,13,   5.1440000000
2020,11,16,11,37,13,   5.1480000000
2020,11,16,11,37,14,   5.1440000000
2020,11,16,11,37,14,   5.1480000000
2020,11,16,11,37,14,   5.1440000000
2020,11,16,11,37,15,   5.1440000000
2020,11,16,11,37,15,   5.1440000000
2020,11,16,11,37,15,   5.1480000000
2020,11,16,11,37,15,   5.1560000000
2020,11,16,11,37,16,   5.1520000000
2020,11,16,11,37,16,   5.1480000000
2020,11,16,11,37,16,   5.1560000000
2020,11,16,11,37,16,   5.1440000000
2020,11,16,11,37,17,   5.1480000000
2020,11,16,11,37,17,   5.1520000000
2020,11,16,11,37,17,   5.1480000000
2020,11,16,11,37,17,   5.1480000000
2020,11,16,11,37,18,   5.1560000000
2020,11,16,11,37,18,   5.1520000000
2020,11,16,11,37,18,   5.1480000000
2020,11,16,11,37,18,   5.1440000000
2020,11,16,11,37,19,   5.1560000000
2020,11,16,11,37,19,   5.1480000000
2020,11,16,11,37,19,   5.1480000000
2020,11,16,11,37,19,   5.1440000000
2020,11,16,11,37,20,   5.1560000000
2020,11,16,11,37,20,   5.1520000000
2020,11,16,11,37,20,   5.1440000000
2020,11,16,11,37,21,   5.1440000000
2020,11,16,11,37,21,   5.1480000000
2020,11,16,11,37,21,   5.1480000000
2020,11,16,11,37,21,   5.1520000000
2020,11,16,11,37,22,   5.1480000000
2020,11,16,11,37,22,   5.1440000000
2020,11,16,11,37,22,   5.1520000000
2020,11,16,11,37,22,   5.1480000000
2020,11,16,11,37,23,   5.1480000000
2020,11,16,11,37,23,   5.1520000000
2020,11,16,11,37,23,   5.1440000000
2020,11,16,11,37,23,   5.1480000000
2020,11,16,11,37,24,   5.1480000000
2020,11,16,11,37,24,   5.1440000000
2020,11,16,11,37,24,   5.1520000000
2020,11,16,11,37,24,   5.1520000000
2020,11,16,11,37,25,   5.1480000000
2020,11,16,11,37,25,   5.1320000000
2020,11,16,11,37,25,   5.1480000000
2020,11,16,11,37,26,   5.1440000000
2020,11,16,11,37,26,   5.1520000000
2020,11,16,11,37,26,   5.1480000000
2020,11,16,11,37,26,   5.1480000000
2020,11,16,11,37,27,   5.1440000000
2020,11,16,11,37,27,   5.1480000000
2020,11,16,11,37,27,   5.1480000000
2020,11,16,11,37,27,   5.1440000000
2020,11,16,11,37,28,   5.1480000000
2020,11,16,11,37,28,   5.1480000000
2020,11,16,11,37,28,   5.1440000000
2020,11,16,11,37,28,   5.1480000000
2020,11,16,11,37,29,   5.1480000000
2020,11,16,11,37,29,   5.1520000000
2020,11,16,11,37,29,   5.1480000000
2020,11,16,11,37,29,   5.1440000000
2020,11,16,11,37,30,   5.1480000000
2020,11,16,11,37,30,   5.1440000000
2020,11,16,11,37,30,   5.1480000000
2020,11,16,11,37,30,   5.1480000000
2020,11,16,11,37,31,   5.1480000000
2020,11,16,11,37,31,   5.1480000000
2020,11,16,11,37,31,   5.1520000000
2020,11,16,11,37,32,   5.1480000000
2020,11,16,11,37,32,   5.1560000000
2020,11,16,11,37,32,   5.1480000000
2020,11,16,11,37,32,   5.1440000000
2020,11,16,11,37,33,   5.1480000000
2020,11,16,11,37,33,   5.1480000000
2020,11,16,11,37,33,   5.1520000000
2020,11,16,11,37,33,   5.1440000000
2020,11,16,11,37,34,   5.1480000000
2020,11,16,11,37,34,   5.1480000000
2020,11,16,11,37,34,   5.1480000000
2020,11,16,11,37,34,   5.1480000000
2020,11,16,11,37,35,   5.1560000000
2020,11,16,11,37,35,   5.1520000000
2020,11,16,11,37,35,   5.1440000000
2020,11,16,11,37,35,   5.1400000000
2020,11,16,11,37,36,   5.1440000000
2020,11,16,11,37,36,   5.1520000000
2020,11,16,11,37,36,   5.1480000000
2020,11,16,11,37,37,   5.1480000000
2020,11,16,11,37,37,   5.1480000000
2020,11,16,11,37,37,   5.1440000000
2020,11,16,11,37,37,   5.1520000000
2020,11,16,11,37,38,   5.1480000000
2020,11,16,11,37,38,   5.1440000000
2020,11,16,11,37,38,   5.1480000000
2020,11,16,11,37,38,   5.1400000000
2020,11,16,11,37,39,   5.1480000000
2020,11,16,11,37,39,   5.1480000000
2020,11,16,11,37,39,   5.1440000000
2020,11,16,11,37,39,   5.1520000000
2020,11,16,11,37,40,   5.1480000000
2020,11,16,11,37,40,   5.1440000000
2020,11,16,11,37,40,   5.1560000000
2020,11,16,11,37,41,   5.1520000000
2020,11,16,11,37,41,   5.1440000000
2020,11,16,11,37,41,   5.1480000000
2020,11,16,11,37,41,   5.1480000000
2020,11,16,11,37,42,   5.1520000000
2020,11,16,11,37,42,   5.1560000000
2020,11,16,11,37,42,   5.1440000000
2020,11,16,11,37,42,   5.1440000000
2020,11,16,11,37,43,   5.1440000000
2020,11,16,11,37,43,   5.1520000000
2020,11,16,11,37,43,   5.1480000000
2020,11,16,11,37,43,   5.1440000000
2020,11,16,11,37,44,   5.1480000000
2020,11,16,11,37,44,   5.1520000000
2020,11,16,11,37,44,   5.1520000000
2020,11,16,11,37,44,   5.1520000000
2020,11,16,11,37,45,   5.1440000000
2020,11,16,11,37,45,   5.1480000000
2020,11,16,11,37,45,   5.1440000000
2020,11,16,11,37,46,   5.1480000000
2020,11,16,11,37,46,   5.1440000000
2020,11,16,11,37,46,   5.1480000000
2020,11,16,11,37,46,   5.1520000000
2020,11,16,11,37,47,   5.1480000000
2020,11,16,11,37,47,   5.1480000000
2020,11,16,11,37,47,   5.1440000000
2020,11,16,11,37,47,   5.1520000000
2020,11,16,11,37,48,   5.1480000000
2020,11,16,11,37,48,   5.1480000000
2020,11,16,11,37,48,   5.1520000000
2020,11,16,11,37,48,   5.1520000000
2020,11,16,11,37,49,   5.1480000000
2020,11,16,11,37,49,   5.1480000000
2020,11,16,11,37,49,   5.1480000000
2020,11,16,11,37,49,   5.1480000000
2020,11,16,11,37,50,   5.1480000000
2020,11,16,11,37,50,   5.1480000000
2020,11,16,11,37,50,   5.1440000000
2020,11,16,11,37,51,   5.1440000000
2020,11,16,11,37,51,   5.1480000000
2020,11,16,11,37,51,   5.1440000000
2020,11,16,11,37,51,   5.1480000000
2020,11,16,11,37,52,   5.1480000000
2020,11,16,11,37,52,   5.1440000000
2020,11,16,11,37,52,   5.1480000000
2020,11,16,11,37,52,   5.1480000000
2020,11,16,11,37,53,   5.1520000000
2020,11,16,11,37,53,   5.1480000000
2020,11,16,11,37,53,   5.1480000000
2020,11,16,11,37,53,   5.1520000000
2020,11,16,11,37,54,   5.1440000000
2020,11,16,11,37,54,   5.1480000000
2020,11,16,11,37,54,   5.1520000000
2020,11,16,11,37,55,   5.1480000000
2020,11,16,11,37,55,   5.1480000000
2020,11,16,11,37,55,   5.1560000000
2020,11,16,11,37,55,   5.1480000000
2020,11,16,11,37,56,   5.1480000000
2020,11,16,11,37,56,   5.1440000000
2020,11,16,11,37,56,   5.1440000000
2020,11,16,11,37,56,   5.1440000000
2020,11,16,11,37,57,   5.1480000000
2020,11,16,11,37,57,   5.1560000000
2020,11,16,11,37,57,   5.1440000000
2020,11,16,11,37,57,   5.1480000000
2020,11,16,11,37,58,   5.1480000000
2020,11,16,11,37,58,   5.1440000000
2020,11,16,11,37,58,   5.1440000000
2020,11,16,11,37,58,   5.1480000000
2020,11,16,11,37,59,   5.1440000000
2020,11,16,11,37,59,   5.1520000000
2020,11,16,11,37,59,   5.1480000000
2020,11,16,11,38,0,   5.1520000000
2020,11,16,11,38,0,   5.1520000000
2020,11,16,11,38,0,   5.1480000000
2020,11,16,11,38,0,   5.1480000000
2020,11,16,11,38,1,   5.1520000000
2020,11,16,11,38,1,   5.1440000000
2020,11,16,11,38,1,   5.1480000000
2020,11,16,11,38,1,   5.1440000000
2020,11,16,11,38,2,   5.1480000000
2020,11,16,11,38,2,   5.1440000000
2020,11,16,11,38,2,   5.1440000000
2020,11,16,11,38,2,   5.1400000000
2020,11,16,11,38,3,   5.1440000000
2020,11,16,11,38,3,   5.1440000000
2020,11,16,11,38,3,   5.1520000000
2020,11,16,11,38,4,   5.1480000000
2020,11,16,11,38,4,   5.1520000000
2020,11,16,11,38,4,   5.1280000000
2020,11,16,11,38,4,   5.1440000000
2020,11,16,11,38,5,   5.1520000000
2020,11,16,11,38,5,   5.1600000000
2020,11,16,11,38,5,   5.1480000000
2020,11,16,11,38,5,   5.1560000000
2020,11,16,11,38,6,   5.1480000000
2020,11,16,11,38,6,   5.1520000000
2020,11,16,11,38,6,   5.1480000000
2020,11,16,11,38,6,   5.1440000000
2020,11,16,11,38,7,   5.1520000000
2020,11,16,11,38,7,   5.1480000000
2020,11,16,11,38,7,   5.1480000000
2020,11,16,11,38,7,   5.1480000000
2020,11,16,11,38,8,   5.1520000000
2020,11,16,11,38,8,   5.1480000000
2020,11,16,11,38,8,   5.1480000000
2020,11,16,11,38,9,   5.1520000000
2020,11,16,11,38,9,   5.1480000000
2020,11,16,11,38,9,   5.1480000000
2020,11,16,11,38,9,   5.1600000000
2020,11,16,11,38,10,   5.1520000000
2020,11,16,11,38,10,   5.1480000000
2020,11,16,11,38,10,   5.1440000000
2020,11,16,11,38,10,   5.1440000000
2020,11,16,11,38,11,   5.1480000000
2020,11,16,11,38,11,   5.1480000000
2020,11,16,11,38,11,   5.1560000000
2020,11,16,11,38,11,   5.1480000000
2020,11,16,11,38,12,   5.1480000000
2020,11,16,11,38,12,   5.1440000000
2020,11,16,11,38,12,   5.1480000000
2020,11,16,11,38,12,   5.1480000000
2020,11,16,11,38,13,   5.1440000000
2020,11,16,11,38,13,   5.1560000000
2020,11,16,11,38,13,   5.1480000000
2020,11,16,11,38,13,   5.1440000000
2020,11,16,11,38,14,   5.1440000000
2020,11,16,11,38,14,   5.1480000000
2020,11,16,11,38,14,   5.1520000000
2020,11,16,11,38,15,   5.1480000000
2020,11,16,11,38,15,   5.1480000000
2020,11,16,11,38,15,   5.1480000000
2020,11,16,11,38,15,   5.1520000000
2020,11,16,11,38,16,   5.1440000000
2020,11,16,11,38,16,   5.1600000000
2020,11,16,11,38,16,   5.1440000000
2020,11,16,11,38,16,   5.1480000000
2020,11,16,11,38,17,   5.1480000000
2020,11,16,11,38,17,   5.1480000000
2020,11,16,11,38,17,   5.1480000000
2020,11,16,11,38,17,   5.1480000000
2020,11,16,11,38,18,   5.1600000000
2020,11,16,11,38,18,   5.1480000000
2020,11,16,11,38,18,   5.1480000000
2020,11,16,11,38,18,   5.1480000000
2020,11,16,11,38,19,   5.1480000000
2020,11,16,11,38,19,   5.1440000000
2020,11,16,11,38,19,   5.1520000000
2020,11,16,11,38,20,   5.1480000000
2020,11,16,11,38,20,   5.1440000000
2020,11,16,11,38,20,   5.1560000000
2020,11,16,11,38,20,   5.1480000000
2020,11,16,11,38,21,   5.1480000000
2020,11,16,11,38,21,   5.1480000000
2020,11,16,11,38,21,   5.1480000000
2020,11,16,11,38,21,   5.1520000000
2020,11,16,11,38,22,   5.1480000000
2020,11,16,11,38,22,   5.1440000000
2020,11,16,11,38,22,   5.1480000000
2020,11,16,11,38,22,   5.1440000000
2020,11,16,11,38,23,   5.1560000000
2020,11,16,11,38,23,   5.1480000000
2020,11,16,11,38,23,   5.1480000000
2020,11,16,11,38,23,   5.1480000000
2020,11,16,11,38,24,   5.1440000000
2020,11,16,11,38,24,   5.1400000000
2020,11,16,11,38,24,   5.1440000000
2020,11,16,11,38,25,   5.1440000000
2020,11,16,11,38,25,   5.1480000000
2020,11,16,11,38,25,   5.1440000000
2020,11,16,11,38,25,   5.1440000000
2020,11,16,11,38,26,   5.1480000000
2020,11,16,11,38,26,   5.1480000000
2020,11,16,11,38,26,   5.1440000000
2020,11,16,11,38,26,   5.1480000000
2020,11,16,11,38,27,   5.1480000000
2020,11,16,11,38,27,   5.1480000000
2020,11,16,11,38,27,   5.1480000000
2020,11,16,11,38,27,   5.1440000000
2020,11,16,11,38,28,   5.1520000000
2020,11,16,11,38,28,   5.1440000000
2020,11,16,11,38,28,   5.1480000000
2020,11,16,11,38,28,   5.1480000000
2020,11,16,11,38,29,   5.1480000000
2020,11,16,11,38,29,   5.1480000000
2020,11,16,11,38,29,   5.1560000000
2020,11,16,11,38,30,   5.1480000000
2020,11,16,11,38,30,   5.1520000000
2020,11,16,11,38,30,   5.1480000000
2020,11,16,11,38,30,   5.1440000000
2020,11,16,11,38,31,   5.1480000000
2020,11,16,11,38,31,   5.1520000000
2020,11,16,11,38,31,   5.1480000000
2020,11,16,11,38,31,   5.1480000000
2020,11,16,11,38,32,   5.1560000000
2020,11,16,11,38,32,   5.1480000000
2020,11,16,11,38,32,   5.1480000000
2020,11,16,11,38,32,   5.1480000000
2020,11,16,11,38,33,   5.1440000000
2020,11,16,11,38,33,   5.1520000000
2020,11,16,11,38,33,   5.1480000000
2020,11,16,11,38,33,   5.1480000000
2020,11,16,11,38,34,   5.1480000000
2020,11,16,11,38,34,   5.1480000000
2020,11,16,11,38,34,   5.1480000000
2020,11,16,11,38,34,   5.1560000000
2020,11,16,11,38,35,   5.1520000000
2020,11,16,11,38,35,   5.1480000000
2020,11,16,11,38,35,   5.1480000000
2020,11,16,11,38,36,   5.1480000000
2020,11,16,11,38,36,   5.1520000000
2020,11,16,11,38,36,   5.1480000000
2020,11,16,11,38,36,   5.1480000000
2020,11,16,11,38,37,   5.1480000000
2020,11,16,11,38,37,   5.1480000000
2020,11,16,11,38,37,   5.1480000000
2020,11,16,11,38,37,   5.1480000000
2020,11,16,11,38,38,   5.1480000000
2020,11,16,11,38,38,   5.1520000000
2020,11,16,11,38,38,   5.1520000000
2020,11,16,11,38,38,   5.1440000000
2020,11,16,11,38,39,   5.1520000000
2020,11,16,11,38,39,   5.1560000000
2020,11,16,11,38,39,   5.1480000000
2020,11,16,11,38,39,   5.1480000000
2020,11,16,11,38,40,   5.1440000000
2020,11,16,11,38,40,   5.1440000000
2020,11,16,11,38,40,   5.1480000000
2020,11,16,11,38,41,   5.1560000000
2020,11,16,11,38,41,   5.1480000000
2020,11,16,11,38,41,   5.1520000000
2020,11,16,11,38,41,   5.1440000000
2020,11,16,11,38,42,   5.1520000000
2020,11,16,11,38,42,   5.1480000000
2020,11,16,11,38,42,   5.1440000000
2020,11,16,11,38,42,   5.1520000000
2020,11,16,11,38,43,   5.1480000000
2020,11,16,11,38,43,   5.1480000000
2020,11,16,11,38,43,   5.1520000000
2020,11,16,11,38,43,   5.1480000000
2020,11,16,11,38,44,   5.1560000000
2020,11,16,11,38,44,   5.1480000000
2020,11,16,11,38,44,   5.1480000000
2020,11,16,11,38,44,   5.1520000000
2020,11,16,11,38,45,   5.1480000000
2020,11,16,11,38,45,   5.1440000000
2020,11,16,11,38,45,   5.1480000000
2020,11,16,11,38,45,   5.1480000000
2020,11,16,11,38,46,   5.1480000000
2020,11,16,11,38,46,   5.1440000000
2020,11,16,11,38,46,   5.1440000000
2020,11,16,11,38,47,   5.1440000000
2020,11,16,11,38,47,   5.1480000000
2020,11,16,11,38,47,   5.1480000000
2020,11,16,11,38,47,   5.1440000000
2020,11,16,11,38,48,   5.1440000000
2020,11,16,11,38,48,   5.1440000000
2020,11,16,11,38,48,   5.1480000000
2020,11,16,11,38,48,   5.1440000000
2020,11,16,11,38,49,   5.1440000000
2020,11,16,11,38,49,   5.1480000000
2020,11,16,11,38,49,   5.1520000000
2020,11,16,11,38,49,   5.1320000000
2020,11,16,11,38,50,   5.1480000000
2020,11,16,11,38,50,   5.1480000000
2020,11,16,11,38,50,   5.1480000000
2020,11,16,11,38,50,   5.1480000000
2020,11,16,11,38,51,   5.1560000000
2020,11,16,11,38,51,   5.1440000000
2020,11,16,11,38,51,   5.1400000000
2020,11,16,11,38,52,   5.1480000000
2020,11,16,11,38,52,   5.1520000000
2020,11,16,11,38,52,   5.1440000000
2020,11,16,11,38,52,   5.1480000000
2020,11,16,11,38,53,   5.1440000000
2020,11,16,11,38,53,   5.1480000000
2020,11,16,11,38,53,   5.1440000000
2020,11,16,11,38,53,   5.1480000000
2020,11,16,11,38,54,   5.1440000000
2020,11,16,11,38,54,   5.1440000000
2020,11,16,11,38,54,   5.1440000000
2020,11,16,11,38,54,   5.1440000000
2020,11,16,11,38,55,   5.1480000000
2020,11,16,11,38,55,   5.1480000000
2020,11,16,11,38,55,   5.1440000000
2020,11,16,11,38,55,   5.1440000000
2020,11,16,11,38,56,   5.1480000000
2020,11,16,11,38,56,   5.1480000000
2020,11,16,11,38,56,   5.1480000000
2020,11,16,11,38,57,   5.1440000000
2020,11,16,11,38,57,   5.1440000000
2020,11,16,11,38,57,   5.1440000000
2020,11,16,11,38,57,   5.1560000000
2020,11,16,11,38,58,   5.1480000000
2020,11,16,11,38,58,   5.1440000000
2020,11,16,11,38,58,   5.1440000000
2020,11,16,11,38,58,   5.1560000000
2020,11,16,11,38,59,   5.1440000000
2020,11,16,11,38,59,   5.1440000000
2020,11,16,11,38,59,   5.1480000000
2020,11,16,11,38,59,   5.1440000000
2020,11,16,11,39,0,   5.1480000000
2020,11,16,11,39,0,   5.1440000000
2020,11,16,11,39,0,   5.1520000000
2020,11,16,11,39,0,   5.1480000000
2020,11,16,11,39,1,   5.1480000000
2020,11,16,11,39,1,   5.1480000000
2020,11,16,11,39,1,   5.1600000000
2020,11,16,11,39,2,   5.1440000000
2020,11,16,11,39,2,   5.1480000000
2020,11,16,11,39,2,   5.1480000000
2020,11,16,11,39,2,   5.1480000000
2020,11,16,11,39,3,   5.1480000000
2020,11,16,11,39,3,   5.1560000000
2020,11,16,11,39,3,   5.1560000000
2020,11,16,11,39,3,   5.1440000000
2020,11,16,11,39,4,   5.1600000000
2020,11,16,11,39,4,   5.1480000000
2020,11,16,11,39,4,   5.1440000000
2020,11,16,11,39,4,   5.1520000000
2020,11,16,11,39,5,   5.1480000000
2020,11,16,11,39,5,   5.1480000000
2020,11,16,11,39,5,   5.1520000000
2020,11,16,11,39,5,   5.1480000000
2020,11,16,11,39,6,   5.1600000000
2020,11,16,11,39,6,   5.1440000000
2020,11,16,11,39,6,   5.1520000000
2020,11,16,11,39,6,   5.1560000000
2020,11,16,11,39,7,   5.1440000000
2020,11,16,11,39,7,   5.1520000000
2020,11,16,11,39,7,   5.1440000000
2020,11,16,11,39,8,   5.1440000000
2020,11,16,11,39,8,   5.1520000000
2020,11,16,11,39,8,   5.1440000000
2020,11,16,11,39,8,   5.1440000000
2020,11,16,11,39,9,   5.1520000000
2020,11,16,11,39,9,   5.1480000000
2020,11,16,11,39,9,   5.1480000000
2020,11,16,11,39,9,   5.1480000000
2020,11,16,11,39,10,   5.1480000000
2020,11,16,11,39,10,   5.1440000000
2020,11,16,11,39,10,   5.1560000000
2020,11,16,11,39,10,   5.1440000000
2020,11,16,11,39,11,   5.1480000000
2020,11,16,11,39,11,   5.1480000000
2020,11,16,11,39,11,   5.1480000000
2020,11,16,11,39,11,   5.1480000000
2020,11,16,11,39,12,   5.1400000000
2020,11,16,11,39,12,   5.1480000000
2020,11,16,11,39,12,   5.1520000000
2020,11,16,11,39,13,   5.1480000000
2020,11,16,11,39,13,   5.1480000000
2020,11,16,11,39,13,   5.1480000000
2020,11,16,11,39,13,   5.1480000000
2020,11,16,11,39,14,   5.1440000000
2020,11,16,11,39,14,   5.1480000000
2020,11,16,11,39,14,   5.1480000000
2020,11,16,11,39,14,   5.1440000000
2020,11,16,11,39,15,   5.1480000000
2020,11,16,11,39,15,   5.1560000000
2020,11,16,11,39,15,   5.1520000000
2020,11,16,11,39,15,   5.1480000000
2020,11,16,11,39,16,   5.1480000000
2020,11,16,11,39,16,   5.1480000000
2020,11,16,11,39,16,   5.1520000000
2020,11,16,11,39,16,   5.1480000000
2020,11,16,11,39,17,   5.1480000000
2020,11,16,11,39,17,   5.1440000000
2020,11,16,11,39,17,   5.1520000000
2020,11,16,11,39,18,   5.1480000000
2020,11,16,11,39,18,   5.1440000000
2020,11,16,11,39,18,   5.1560000000
2020,11,16,11,39,18,   5.1480000000
2020,11,16,11,39,19,   5.1480000000
2020,11,16,11,39,19,   5.1480000000
2020,11,16,11,39,19,   5.1480000000
2020,11,16,11,39,19,   5.1520000000
2020,11,16,11,39,20,   5.1480000000
2020,11,16,11,39,20,   5.1440000000
2020,11,16,11,39,20,   5.1440000000
2020,11,16,11,39,20,   5.1480000000
2020,11,16,11,39,21,   5.1480000000
2020,11,16,11,39,21,   5.1440000000
2020,11,16,11,39,21,   5.1480000000
2020,11,16,11,39,21,   5.1520000000
2020,11,16,11,39,22,   5.1560000000
2020,11,16,11,39,22,   5.1440000000
2020,11,16,11,39,22,   5.1440000000
2020,11,16,11,39,22,   5.1480000000
2020,11,16,11,39,23,   5.1520000000
2020,11,16,11,39,23,   5.1440000000
2020,11,16,11,39,23,   5.1440000000
2020,11,16,11,39,24,   5.1560000000
2020,11,16,11,39,24,   5.1520000000
2020,11,16,11,39,24,   5.1480000000
2020,11,16,11,39,24,   5.1440000000
2020,11,16,11,39,25,   5.1440000000
2020,11,16,11,39,25,   5.1480000000
2020,11,16,11,39,25,   5.1480000000
2020,11,16,11,39,25,   5.1480000000
2020,11,16,11,39,26,   5.1480000000
2020,11,16,11,39,26,   5.1480000000
2020,11,16,11,39,26,   5.1440000000
2020,11,16,11,39,26,   5.1480000000
2020,11,16,11,39,27,   5.1480000000
2020,11,16,11,39,27,   5.1520000000
2020,11,16,11,39,27,   5.1480000000
2020,11,16,11,39,27,   5.1480000000
2020,11,16,11,39,28,   5.1440000000
2020,11,16,11,39,28,   5.1520000000
2020,11,16,11,39,28,   5.1480000000
2020,11,16,11,39,29,   5.1480000000
2020,11,16,11,39,29,   5.1480000000
2020,11,16,11,39,29,   5.1480000000
2020,11,16,11,39,29,   5.1480000000
2020,11,16,11,39,30,   5.1480000000
2020,11,16,11,39,30,   5.1480000000
2020,11,16,11,39,30,   5.1400000000
2020,11,16,11,39,30,   5.1480000000
2020,11,16,11,39,31,   5.1480000000
2020,11,16,11,39,31,   5.1480000000
2020,11,16,11,39,31,   5.1520000000
2020,11,16,11,39,31,   5.1480000000
2020,11,16,11,39,32,   5.1480000000
2020,11,16,11,39,32,   5.1440000000
2020,11,16,11,39,32,   5.1480000000
2020,11,16,11,39,32,   5.1480000000
2020,11,16,11,39,33,   5.1480000000
2020,11,16,11,39,33,   5.1560000000
2020,11,16,11,39,33,   5.1480000000
2020,11,16,11,39,33,   5.1520000000
2020,11,16,11,39,34,   5.1440000000
2020,11,16,11,39,34,   5.1560000000
2020,11,16,11,39,34,   5.1440000000
2020,11,16,11,39,35,   5.1520000000
2020,11,16,11,39,35,   5.1280000000
2020,11,16,11,39,35,   5.1480000000
2020,11,16,11,39,35,   5.1480000000
2020,11,16,11,39,36,   5.1480000000
2020,11,16,11,39,36,   5.1480000000
2020,11,16,11,39,36,   5.1440000000
2020,11,16,11,39,36,   5.1480000000
2020,11,16,11,39,37,   5.1480000000
2020,11,16,11,39,37,   5.1480000000
2020,11,16,11,39,37,   5.1480000000
2020,11,16,11,39,37,   5.1560000000
2020,11,16,11,39,38,   5.1480000000
2020,11,16,11,39,38,   5.1480000000
2020,11,16,11,39,38,   5.1480000000
2020,11,16,11,39,38,   5.1480000000
2020,11,16,11,39,39,   5.1480000000
2020,11,16,11,39,39,   5.1480000000
2020,11,16,11,39,39,   5.1480000000
2020,11,16,11,39,40,   5.1520000000
2020,11,16,11,39,40,   5.1480000000
2020,11,16,11,39,40,   5.1200000000
2020,11,16,11,39,40,   5.1480000000
2020,11,16,11,39,41,   5.1480000000
2020,11,16,11,39,41,   5.1440000000
2020,11,16,11,39,41,   5.1480000000
2020,11,16,11,39,41,   5.1520000000
2020,11,16,11,39,42,   5.1480000000
2020,11,16,11,39,42,   5.1520000000
2020,11,16,11,39,42,   5.1600000000
2020,11,16,11,39,42,   5.1480000000
2020,11,16,11,39,43,   5.1440000000
2020,11,16,11,39,43,   5.1480000000
2020,11,16,11,39,43,   5.1440000000
2020,11,16,11,39,43,   5.1440000000
2020,11,16,11,39,44,   5.1440000000
2020,11,16,11,39,44,   5.1480000000
2020,11,16,11,39,44,   5.1520000000
2020,11,16,11,39,45,   5.1560000000
2020,11,16,11,39,45,   5.1440000000
2020,11,16,11,39,45,   5.1600000000
2020,11,16,11,39,45,   5.1560000000
2020,11,16,11,39,46,   5.1480000000
2020,11,16,11,39,46,   5.1480000000
2020,11,16,11,39,46,   5.1480000000
2020,11,16,11,39,46,   5.1480000000
2020,11,16,11,39,47,   5.1440000000
2020,11,16,11,39,47,   5.1480000000
2020,11,16,11,39,47,   5.1480000000
2020,11,16,11,39,47,   5.1480000000
2020,11,16,11,39,48,   5.1480000000
2020,11,16,11,39,48,   5.1440000000
2020,11,16,11,39,48,   5.1480000000
2020,11,16,11,39,48,   5.1400000000
2020,11,16,11,39,49,   5.1440000000
2020,11,16,11,39,49,   5.1560000000
2020,11,16,11,39,49,   5.1480000000
2020,11,16,11,39,50,   5.1440000000
2020,11,16,11,39,50,   5.1440000000
2020,11,16,11,39,50,   5.1480000000
2020,11,16,11,39,50,   5.1440000000
2020,11,16,11,39,51,   5.1480000000
2020,11,16,11,39,51,   5.1440000000
2020,11,16,11,39,51,   5.1440000000
2020,11,16,11,39,51,   5.1480000000
2020,11,16,11,39,52,   5.1480000000
2020,11,16,11,39,52,   5.1440000000
2020,11,16,11,39,52,   5.1440000000
2020,11,16,11,39,52,   5.1440000000
2020,11,16,11,39,53,   5.1440000000
2020,11,16,11,39,53,   5.1520000000
2020,11,16,11,39,53,   5.1480000000
2020,11,16,11,39,53,   5.1480000000
2020,11,16,11,39,54,   5.1480000000
2020,11,16,11,39,54,   5.1560000000
2020,11,16,11,39,54,   5.1480000000
2020,11,16,11,39,55,   5.1520000000
2020,11,16,11,39,55,   5.1440000000
2020,11,16,11,39,55,   5.1480000000
2020,11,16,11,39,55,   5.1480000000
2020,11,16,11,39,56,   5.1480000000
2020,11,16,11,39,56,   5.1440000000
2020,11,16,11,39,56,   5.1440000000
2020,11,16,11,39,56,   5.1440000000
2020,11,16,11,39,57,   5.1440000000
2020,11,16,11,39,57,   5.1480000000
2020,11,16,11,39,57,   5.1440000000
2020,11,16,11,39,57,   5.1480000000
2020,11,16,11,39,58,   5.1440000000
2020,11,16,11,39,58,   5.1440000000
2020,11,16,11,39,58,   5.1440000000
2020,11,16,11,39,58,   5.1440000000
2020,11,16,11,39,59,   5.1440000000
2020,11,16,11,39,59,   5.1400000000
2020,11,16,11,39,59,   5.1440000000
2020,11,16,11,40,0,   5.1280000000
2020,11,16,11,40,0,   5.1480000000
2020,11,16,11,40,0,   5.1480000000
2020,11,16,11,40,0,   5.1400000000
2020,11,16,11,40,1,   5.1400000000
2020,11,16,11,40,1,   5.1480000000
2020,11,16,11,40,1,   5.1480000000
2020,11,16,11,40,1,   5.1440000000
2020,11,16,11,40,2,   5.1480000000
2020,11,16,11,40,2,   5.1440000000
2020,11,16,11,40,2,   5.1520000000
2020,11,16,11,40,2,   5.1480000000
2020,11,16,11,40,3,   5.1440000000
2020,11,16,11,40,3,   5.1480000000
2020,11,16,11,40,3,   5.1520000000
2020,11,16,11,40,3,   5.1480000000
2020,11,16,11,40,4,   5.1480000000
2020,11,16,11,40,4,   5.1480000000
2020,11,16,11,40,4,   5.1520000000
2020,11,16,11,40,5,   5.1440000000
2020,11,16,11,40,5,   5.1560000000
2020,11,16,11,40,5,   5.1200000000
2020,11,16,11,40,5,   5.1480000000
2020,11,16,11,40,6,   5.1480000000
2020,11,16,11,40,6,   5.1400000000
2020,11,16,11,40,6,   5.1440000000
2020,11,16,11,40,6,   5.1440000000
2020,11,16,11,40,7,   5.1480000000
2020,11,16,11,40,7,   5.1480000000
2020,11,16,11,40,7,   5.1560000000
2020,11,16,11,40,7,   5.1480000000
2020,11,16,11,40,8,   5.1520000000
2020,11,16,11,40,8,   5.1440000000
2020,11,16,11,40,8,   5.1440000000
2020,11,16,11,40,8,   5.1480000000
2020,11,16,11,40,9,   5.1560000000
2020,11,16,11,40,9,   5.1440000000
2020,11,16,11,40,9,   5.1480000000
2020,11,16,11,40,10,   5.1520000000
2020,11,16,11,40,10,   5.1560000000
2020,11,16,11,40,10,   5.1480000000
2020,11,16,11,40,10,   5.1480000000
2020,11,16,11,40,11,   5.1480000000
2020,11,16,11,40,11,   5.1480000000
2020,11,16,11,40,11,   5.1480000000
2020,11,16,11,40,11,   5.1520000000
2020,11,16,11,40,12,   5.1480000000
2020,11,16,11,40,12,   5.1400000000
2020,11,16,11,40,12,   5.1480000000
2020,11,16,11,40,12,   5.1440000000
2020,11,16,11,40,13,   5.1520000000
2020,11,16,11,40,13,   5.1480000000
2020,11,16,11,40,13,   5.1480000000
2020,11,16,11,40,13,   5.1440000000
2020,11,16,11,40,14,   5.1480000000
2020,11,16,11,40,14,   5.1480000000
2020,11,16,11,40,14,   5.1400000000
2020,11,16,11,40,15,   5.1440000000
2020,11,16,11,40,15,   5.1440000000
2020,11,16,11,40,15,   5.1480000000
2020,11,16,11,40,15,   5.1560000000
2020,11,16,11,40,16,   5.1520000000
2020,11,16,11,40,16,   5.1440000000
2020,11,16,11,40,16,   5.1480000000
2020,11,16,11,40,16,   5.1480000000
2020,11,16,11,40,17,   5.1440000000
2020,11,16,11,40,17,   5.1480000000
2020,11,16,11,40,17,   5.1440000000
2020,11,16,11,40,17,   5.1480000000
2020,11,16,11,40,18,   5.1520000000
2020,11,16,11,40,18,   5.1480000000
2020,11,16,11,40,18,   5.1560000000
2020,11,16,11,40,19,   5.1440000000
2020,11,16,11,40,19,   5.1520000000
2020,11,16,11,40,19,   5.1480000000
2020,11,16,11,40,19,   5.1480000000
2020,11,16,11,40,20,   5.1480000000
2020,11,16,11,40,20,   5.1520000000
2020,11,16,11,40,20,   5.1480000000
2020,11,16,11,40,20,   5.1440000000
2020,11,16,11,40,21,   5.1480000000
2020,11,16,11,40,21,   5.1480000000
2020,11,16,11,40,21,   5.1480000000
2020,11,16,11,40,21,   5.1480000000
2020,11,16,11,40,22,   5.1440000000
2020,11,16,11,40,22,   5.1440000000
2020,11,16,11,40,22,   5.1480000000
2020,11,16,11,40,22,   5.1440000000
2020,11,16,11,40,23,   5.1440000000
2020,11,16,11,40,23,   5.1560000000
2020,11,16,11,40,23,   5.1440000000
2020,11,16,11,40,24,   5.1400000000
2020,11,16,11,40,24,   5.1440000000
2020,11,16,11,40,24,   5.1520000000
2020,11,16,11,40,24,   5.1440000000
2020,11,16,11,40,25,   5.1440000000
2020,11,16,11,40,25,   5.1440000000
2020,11,16,11,40,25,   5.1440000000
2020,11,16,11,40,25,   5.1520000000
2020,11,16,11,40,26,   5.1520000000
2020,11,16,11,40,26,   5.1440000000
2020,11,16,11,40,26,   5.1520000000
2020,11,16,11,40,26,   5.1480000000
2020,11,16,11,40,27,   5.1480000000
2020,11,16,11,40,27,   5.1520000000
2020,11,16,11,40,27,   5.1480000000
2020,11,16,11,40,27,   5.1480000000
2020,11,16,11,40,28,   5.1560000000
2020,11,16,11,40,28,   5.1440000000
2020,11,16,11,40,28,   5.1520000000
2020,11,16,11,40,29,   5.1480000000
2020,11,16,11,40,29,   5.1440000000
2020,11,16,11,40,29,   5.1440000000
2020,11,16,11,40,29,   5.1480000000
2020,11,16,11,40,30,   5.1480000000
2020,11,16,11,40,30,   5.1480000000
2020,11,16,11,40,30,   5.1440000000
2020,11,16,11,40,30,   5.1440000000
2020,11,16,11,40,31,   5.1480000000
2020,11,16,11,40,31,   5.1520000000
2020,11,16,11,40,31,   5.1440000000
2020,11,16,11,40,31,   5.1480000000
2020,11,16,11,40,32,   5.1480000000
2020,11,16,11,40,32,   5.1480000000
2020,11,16,11,40,32,   5.1480000000
2020,11,16,11,40,32,   5.1520000000
2020,11,16,11,40,33,   5.1440000000
2020,11,16,11,40,33,   5.1480000000
2020,11,16,11,40,33,   5.1440000000
2020,11,16,11,40,34,   5.1520000000
2020,11,16,11,40,34,   5.1480000000
2020,11,16,11,40,34,   5.1560000000
2020,11,16,11,40,34,   5.1440000000
2020,11,16,11,40,35,   5.1560000000
2020,11,16,11,40,35,   5.1440000000
2020,11,16,11,40,35,   5.1440000000
2020,11,16,11,40,35,   5.1520000000
2020,11,16,11,40,36,   5.1440000000
2020,11,16,11,40,36,   5.1520000000
2020,11,16,11,40,36,   5.1480000000
2020,11,16,11,40,36,   5.1480000000
2020,11,16,11,40,37,   5.1440000000
2020,11,16,11,40,37,   5.1480000000
2020,11,16,11,40,37,   5.1600000000
2020,11,16,11,40,37,   5.1440000000
2020,11,16,11,40,38,   5.1480000000
2020,11,16,11,40,38,   5.1440000000
2020,11,16,11,40,38,   5.1440000000
2020,11,16,11,40,39,   5.1440000000
2020,11,16,11,40,39,   5.1480000000
2020,11,16,11,40,39,   5.1480000000
2020,11,16,11,40,39,   5.1440000000
2020,11,16,11,40,40,   5.1480000000
2020,11,16,11,40,40,   5.1480000000
2020,11,16,11,40,40,   5.1440000000
2020,11,16,11,40,40,   5.1480000000
2020,11,16,11,40,41,   5.1480000000
2020,11,16,11,40,41,   5.1520000000
2020,11,16,11,40,41,   5.1480000000
2020,11,16,11,40,41,   5.1480000000
2020,11,16,11,40,42,   5.1480000000
2020,11,16,11,40,42,   5.1560000000
2020,11,16,11,40,42,   5.1480000000
2020,11,16,11,40,42,   5.1480000000
2020,11,16,11,40,43,   5.1480000000
2020,11,16,11,40,43,   5.1520000000
2020,11,16,11,40,43,   5.1480000000
2020,11,16,11,40,43,   5.1480000000
2020,11,16,11,40,44,   5.1520000000
2020,11,16,11,40,44,   5.1480000000
2020,11,16,11,40,44,   5.1480000000
2020,11,16,11,40,45,   5.1480000000
2020,11,16,11,40,45,   5.1480000000
2020,11,16,11,40,45,   5.1480000000
2020,11,16,11,40,45,   5.1480000000
2020,11,16,11,40,46,   5.1480000000
2020,11,16,11,40,46,   5.1480000000
2020,11,16,11,40,46,   5.1400000000
2020,11,16,11,40,46,   5.1480000000
2020,11,16,11,40,47,   5.1440000000
2020,11,16,11,40,47,   5.1440000000
2020,11,16,11,40,47,   5.1440000000
2020,11,16,11,40,47,   5.1360000000
2020,11,16,11,40,48,   5.1440000000
2020,11,16,11,40,48,   5.1480000000
2020,11,16,11,40,48,   5.1440000000
2020,11,16,11,40,48,   5.1560000000
2020,11,16,11,40,49,   5.1440000000
2020,11,16,11,40,49,   5.1400000000
2020,11,16,11,40,49,   5.1440000000
2020,11,16,11,40,49,   5.1480000000
2020,11,16,11,40,50,   5.1440000000
2020,11,16,11,40,50,   5.1440000000
2020,11,16,11,40,50,   5.1440000000
2020,11,16,11,40,51,   5.1480000000
2020,11,16,11,40,51,   5.1480000000
2020,11,16,11,40,51,   5.1480000000
2020,11,16,11,40,51,   5.1480000000
2020,11,16,11,40,52,   5.1480000000
2020,11,16,11,40,52,   5.1480000000
2020,11,16,11,40,52,   5.1480000000
2020,11,16,11,40,52,   5.1560000000
2020,11,16,11,40,53,   5.1440000000
2020,11,16,11,40,53,   5.1480000000
2020,11,16,11,40,53,   5.1440000000
2020,11,16,11,40,53,   5.1520000000
2020,11,16,11,40,54,   5.1480000000
2020,11,16,11,40,54,   5.1480000000
2020,11,16,11,40,54,   5.1440000000
2020,11,16,11,40,54,   5.1440000000
2020,11,16,11,40,55,   5.1480000000
2020,11,16,11,40,55,   5.1400000000
2020,11,16,11,40,55,   5.1440000000
2020,11,16,11,40,56,   5.1480000000
2020,11,16,11,40,56,   5.1480000000
2020,11,16,11,40,56,   5.1480000000
2020,11,16,11,40,56,   5.1400000000
2020,11,16,11,40,57,   5.1480000000
2020,11,16,11,40,57,   5.1480000000
2020,11,16,11,40,57,   5.1440000000
2020,11,16,11,40,57,   5.1440000000
2020,11,16,11,40,58,   5.1480000000
2020,11,16,11,40,58,   5.1480000000
2020,11,16,11,40,58,   5.1480000000
2020,11,16,11,40,58,   5.1480000000
2020,11,16,11,40,59,   5.1560000000
2020,11,16,11,40,59,   5.1520000000
2020,11,16,11,40,59,   5.1440000000
2020,11,16,11,41,0,   5.1520000000
2020,11,16,11,41,0,   5.1480000000
2020,11,16,11,41,0,   5.1520000000
2020,11,16,11,41,0,   5.1440000000
2020,11,16,11,41,1,   5.1520000000
2020,11,16,11,41,1,   5.1480000000
2020,11,16,11,41,1,   5.1400000000
2020,11,16,11,41,1,   5.1480000000
2020,11,16,11,41,2,   5.1440000000
2020,11,16,11,41,2,   5.1280000000
2020,11,16,11,41,2,   5.1440000000
2020,11,16,11,41,3,   5.1480000000
2020,11,16,11,41,3,   5.1480000000
2020,11,16,11,41,3,   5.1480000000
2020,11,16,11,41,3,   5.1520000000
2020,11,16,11,41,4,   5.1480000000
2020,11,16,11,41,4,   5.1600000000
2020,11,16,11,41,4,   5.1480000000
2020,11,16,11,41,4,   5.1520000000
2020,11,16,11,41,5,   5.1440000000
2020,11,16,11,41,5,   5.1440000000
2020,11,16,11,41,5,   5.1520000000
2020,11,16,11,41,5,   5.1480000000
2020,11,16,11,41,6,   5.1440000000
2020,11,16,11,41,6,   5.1440000000
2020,11,16,11,41,6,   5.1520000000
2020,11,16,11,41,7,   5.1480000000
2020,11,16,11,41,7,   5.1440000000
2020,11,16,11,41,7,   5.1480000000
2020,11,16,11,41,7,   5.1480000000
2020,11,16,11,41,8,   5.1480000000
2020,11,16,11,41,8,   5.1480000000
2020,11,16,11,41,8,   5.1520000000
2020,11,16,11,41,8,   5.1480000000
2020,11,16,11,41,9,   5.1480000000
2020,11,16,11,41,9,   5.1520000000
2020,11,16,11,41,9,   5.1480000000
2020,11,16,11,41,9,   5.1480000000
2020,11,16,11,41,10,   5.1560000000
2020,11,16,11,41,10,   5.1440000000
2020,11,16,11,41,10,   5.1480000000
2020,11,16,11,41,11,   5.1480000000
2020,11,16,11,41,11,   5.1560000000
2020,11,16,11,41,11,   5.1480000000
2020,11,16,11,41,11,   5.1440000000
2020,11,16,11,41,12,   5.1440000000
2020,11,16,11,41,12,   5.1480000000
2020,11,16,11,41,12,   5.1480000000
2020,11,16,11,41,12,   5.1480000000
2020,11,16,11,41,13,   5.1520000000
2020,11,16,11,41,13,   5.1480000000
2020,11,16,11,41,13,   5.1480000000
2020,11,16,11,41,13,   5.1440000000
2020,11,16,11,41,14,   5.1440000000
2020,11,16,11,41,14,   5.1480000000
2020,11,16,11,41,14,   5.1480000000
2020,11,16,11,41,14,   5.1400000000
2020,11,16,11,41,15,   5.1480000000
2020,11,16,11,41,15,   5.1440000000
2020,11,16,11,41,15,   5.1440000000
2020,11,16,11,41,16,   5.1440000000
2020,11,16,11,41,16,   5.1400000000
2020,11,16,11,41,16,   5.1480000000
2020,11,16,11,41,16,   5.1440000000
2020,11,16,11,41,17,   5.1480000000
2020,11,16,11,41,17,   5.1480000000
2020,11,16,11,41,17,   5.1480000000
2020,11,16,11,41,17,   5.1440000000
2020,11,16,11,41,18,   5.1440000000
2020,11,16,11,41,18,   5.1520000000
2020,11,16,11,41,18,   5.1440000000
2020,11,16,11,41,18,   5.1400000000
2020,11,16,11,41,19,   5.1440000000
2020,11,16,11,41,19,   5.1480000000
2020,11,16,11,41,19,   5.1440000000
2020,11,16,11,41,19,   5.1440000000
2020,11,16,11,41,20,   5.1440000000
2020,11,16,11,41,20,   5.1480000000
2020,11,16,11,41,20,   5.1440000000
2020,11,16,11,41,21,   5.1480000000
2020,11,16,11,41,21,   5.1480000000
2020,11,16,11,41,21,   5.1440000000
2020,11,16,11,41,21,   5.1440000000
2020,11,16,11,41,22,   5.1480000000
2020,11,16,11,41,22,   5.1440000000
2020,11,16,11,41,22,   5.1480000000
2020,11,16,11,41,22,   5.1440000000
2020,11,16,11,41,23,   5.1480000000
2020,11,16,11,41,23,   5.1560000000
2020,11,16,11,41,23,   5.1440000000
2020,11,16,11,41,23,   5.1520000000
2020,11,16,11,41,24,   5.1480000000
2020,11,16,11,41,24,   5.1480000000
2020,11,16,11,41,24,   5.1440000000
2020,11,16,11,41,24,   5.1480000000
2020,11,16,11,41,25,   5.1560000000
2020,11,16,11,41,25,   5.1480000000
2020,11,16,11,41,25,   5.1440000000
2020,11,16,11,41,26,   5.1560000000
2020,11,16,11,41,26,   5.1440000000
2020,11,16,11,41,26,   5.1440000000
2020,11,16,11,41,26,   5.1520000000
2020,11,16,11,41,27,   5.1520000000
2020,11,16,11,41,27,   5.1480000000
2020,11,16,11,41,27,   5.1440000000
2020,11,16,11,41,27,   5.1440000000
2020,11,16,11,41,28,   5.1560000000
2020,11,16,11,41,28,   5.1480000000
2020,11,16,11,41,28,   5.1480000000
2020,11,16,11,41,28,   5.1560000000
2020,11,16,11,41,29,   5.1520000000
2020,11,16,11,41,29,   5.1480000000
2020,11,16,11,41,29,   5.1440000000
2020,11,16,11,41,29,   5.1480000000
2020,11,16,11,41,30,   5.1480000000
2020,11,16,11,41,30,   5.1480000000
2020,11,16,11,41,30,   5.1440000000
2020,11,16,11,41,31,   5.1520000000
2020,11,16,11,41,31,   5.1400000000
2020,11,16,11,41,31,   5.1480000000
2020,11,16,11,41,31,   5.1560000000
2020,11,16,11,41,32,   5.1480000000
2020,11,16,11,41,32,   5.1480000000
2020,11,16,11,41,32,   5.1480000000
2020,11,16,11,41,32,   5.1480000000
2020,11,16,11,41,33,   5.1480000000
2020,11,16,11,41,33,   5.1440000000
2020,11,16,11,41,33,   5.1520000000
2020,11,16,11,41,33,   5.1480000000
2020,11,16,11,41,34,   5.1480000000
2020,11,16,11,41,34,   5.1560000000
2020,11,16,11,41,34,   5.1480000000
2020,11,16,11,41,34,   5.1480000000
2020,11,16,11,41,35,   5.1480000000
2020,11,16,11,41,35,   5.1480000000
2020,11,16,11,41,35,   5.1480000000
2020,11,16,11,41,36,   5.1480000000
2020,11,16,11,41,36,   5.1480000000
2020,11,16,11,41,36,   5.1480000000
2020,11,16,11,41,36,   5.1480000000
2020,11,16,11,41,37,   5.1520000000
2020,11,16,11,41,37,   5.1480000000
2020,11,16,11,41,37,   5.1480000000
2020,11,16,11,41,37,   5.1480000000
2020,11,16,11,41,38,   5.1480000000
2020,11,16,11,41,38,   5.1440000000
2020,11,16,11,41,38,   5.1480000000
2020,11,16,11,41,38,   5.1480000000
2020,11,16,11,41,39,   5.1480000000
2020,11,16,11,41,39,   5.1480000000
2020,11,16,11,41,39,   5.1480000000
2020,11,16,11,41,39,   5.1440000000
2020,11,16,11,41,40,   5.1480000000
2020,11,16,11,41,40,   5.1560000000
2020,11,16,11,41,40,   5.1480000000
2020,11,16,11,41,41,   5.1440000000
2020,11,16,11,41,41,   5.1400000000
2020,11,16,11,41,41,   5.1440000000
2020,11,16,11,41,41,   5.1520000000
2020,11,16,11,41,42,   5.1480000000
2020,11,16,11,41,42,   5.1480000000
2020,11,16,11,41,42,   5.1440000000
2020,11,16,11,41,42,   5.1480000000
2020,11,16,11,41,43,   5.1480000000
2020,11,16,11,41,43,   5.1440000000
2020,11,16,11,41,43,   5.1440000000
2020,11,16,11,41,43,   5.1480000000
2020,11,16,11,41,44,   5.1480000000
2020,11,16,11,41,44,   5.1440000000
2020,11,16,11,41,44,   5.1480000000
2020,11,16,11,41,44,   5.1440000000
2020,11,16,11,41,45,   5.1440000000
2020,11,16,11,41,45,   5.1400000000
2020,11,16,11,41,45,   5.1560000000
2020,11,16,11,41,46,   5.1440000000
2020,11,16,11,41,46,   5.1440000000
2020,11,16,11,41,46,   5.1480000000
2020,11,16,11,41,46,   5.1200000000
2020,11,16,11,41,47,   5.1440000000
2020,11,16,11,41,47,   5.1440000000
2020,11,16,11,41,47,   5.1480000000
2020,11,16,11,41,47,   5.1480000000
2020,11,16,11,41,48,   5.1400000000
2020,11,16,11,41,48,   5.1440000000
2020,11,16,11,41,48,   5.1440000000
2020,11,16,11,41,48,   5.1160000000
2020,11,16,11,41,49,   5.1560000000
2020,11,16,11,41,49,   5.1440000000
2020,11,16,11,41,49,   5.1480000000
2020,11,16,11,41,50,   5.1480000000
2020,11,16,11,41,50,   5.1440000000
2020,11,16,11,41,50,   5.1480000000
2020,11,16,11,41,50,   5.1480000000
2020,11,16,11,41,51,   5.1440000000
2020,11,16,11,41,51,   5.1480000000
2020,11,16,11,41,51,   5.1480000000
2020,11,16,11,41,51,   5.1440000000
2020,11,16,11,41,52,   5.1520000000
2020,11,16,11,41,52,   5.1480000000
2020,11,16,11,41,52,   5.1480000000
2020,11,16,11,41,52,   5.1440000000
2020,11,16,11,41,53,   5.1440000000
2020,11,16,11,41,53,   5.1480000000
2020,11,16,11,41,53,   5.1480000000
2020,11,16,11,41,54,   5.1520000000
2020,11,16,11,41,54,   5.1480000000
2020,11,16,11,41,54,   5.1480000000
2020,11,16,11,41,54,   5.1440000000
2020,11,16,11,41,55,   5.1480000000
2020,11,16,11,41,55,   5.1440000000
2020,11,16,11,41,55,   5.1480000000
2020,11,16,11,41,55,   5.1440000000
2020,11,16,11,41,56,   5.1560000000
2020,11,16,11,41,56,   5.1480000000
2020,11,16,11,41,56,   5.1480000000
2020,11,16,11,41,57,   5.1480000000
2020,11,16,11,41,57,   5.1480000000
2020,11,16,11,41,57,   5.1560000000
2020,11,16,11,41,57,   5.1480000000
2020,11,16,11,41,58,   5.1480000000
2020,11,16,11,41,58,   5.1560000000
2020,11,16,11,41,58,   5.1520000000
2020,11,16,11,41,58,   5.1440000000
2020,11,16,11,41,59,   5.1440000000
2020,11,16,11,41,59,   5.1480000000
2020,11,16,11,41,59,   5.1440000000
2020,11,16,11,41,59,   5.1520000000
2020,11,16,11,42,0,   5.1560000000
2020,11,16,11,42,0,   5.1480000000
2020,11,16,11,42,0,   5.1440000000
2020,11,16,11,42,1,   5.1480000000
2020,11,16,11,42,1,   5.1520000000
2020,11,16,11,42,1,   5.1520000000
2020,11,16,11,42,1,   5.1520000000
2020,11,16,11,42,2,   5.1480000000
2020,11,16,11,42,2,   5.1560000000
2020,11,16,11,42,2,   5.1520000000
2020,11,16,11,42,2,   5.1480000000
2020,11,16,11,42,3,   5.1480000000
2020,11,16,11,42,3,   5.1440000000
2020,11,16,11,42,3,   5.1440000000
2020,11,16,11,42,3,   5.1440000000
2020,11,16,11,42,4,   5.1600000000
2020,11,16,11,42,4,   5.1480000000
2020,11,16,11,42,4,   5.1480000000
2020,11,16,11,42,5,   5.1440000000
2020,11,16,11,42,5,   5.1440000000
2020,11,16,11,42,5,   5.1480000000
2020,11,16,11,42,5,   5.1440000000
2020,11,16,11,42,6,   5.1440000000
2020,11,16,11,42,6,   5.1440000000
2020,11,16,11,42,6,   5.1560000000
2020,11,16,11,42,6,   5.1480000000
2020,11,16,11,42,7,   5.1440000000
2020,11,16,11,42,7,   5.1440000000
2020,11,16,11,42,7,   5.1440000000
2020,11,16,11,42,7,   5.1440000000
2020,11,16,11,42,8,   5.1480000000
2020,11,16,11,42,8,   5.1440000000
2020,11,16,11,42,8,   5.1480000000
2020,11,16,11,42,8,   5.1440000000
2020,11,16,11,42,9,   5.1440000000
2020,11,16,11,42,9,   5.1480000000
2020,11,16,11,42,9,   5.1520000000
2020,11,16,11,42,10,   5.1440000000
2020,11,16,11,42,10,   5.1440000000
2020,11,16,11,42,10,   5.1400000000
2020,11,16,11,42,10,   5.1440000000
2020,11,16,11,42,11,   5.1440000000
2020,11,16,11,42,11,   5.1480000000
2020,11,16,11,42,11,   5.1520000000
2020,11,16,11,42,11,   5.1440000000
2020,11,16,11,42,12,   5.1440000000
2020,11,16,11,42,12,   5.1440000000
2020,11,16,11,42,12,   5.1440000000
2020,11,16,11,42,12,   5.1440000000
2020,11,16,11,42,13,   5.1520000000
2020,11,16,11,42,13,   5.1440000000
2020,11,16,11,42,13,   5.1480000000
2020,11,16,11,42,13,   5.1440000000
2020,11,16,11,42,14,   5.1560000000
2020,11,16,11,42,14,   5.1480000000
2020,11,16,11,42,14,   5.1560000000
2020,11,16,11,42,15,   5.1520000000
2020,11,16,11,42,15,   5.1440000000
2020,11,16,11,42,15,   5.1480000000
2020,11,16,11,42,15,   5.1560000000
2020,11,16,11,42,16,   5.1480000000
2020,11,16,11,42,16,   5.1440000000
2020,11,16,11,42,16,   5.1520000000
2020,11,16,11,42,16,   5.1480000000
2020,11,16,11,42,17,   5.1480000000
2020,11,16,11,42,17,   5.1480000000
2020,11,16,11,42,17,   5.1480000000
2020,11,16,11,42,17,   5.1480000000
2020,11,16,11,42,18,   5.1480000000
2020,11,16,11,42,18,   5.1440000000
2020,11,16,11,42,18,   5.1480000000
2020,11,16,11,42,18,   5.1520000000
2020,11,16,11,42,19,   5.1440000000
2020,11,16,11,42,19,   5.1440000000
2020,11,16,11,42,19,   5.1600000000
2020,11,16,11,42,20,   5.1520000000
2020,11,16,11,42,20,   5.1440000000
2020,11,16,11,42,20,   5.1440000000
2020,11,16,11,42,20,   5.1480000000
2020,11,16,11,42,21,   5.1560000000
2020,11,16,11,42,21,   5.1440000000
2020,11,16,11,42,21,   5.1480000000
2020,11,16,11,42,21,   5.1480000000
2020,11,16,11,42,22,   5.1440000000
2020,11,16,11,42,22,   5.1480000000
2020,11,16,11,42,22,   5.1440000000
2020,11,16,11,42,22,   5.1480000000
2020,11,16,11,42,23,   5.1520000000
2020,11,16,11,42,23,   5.1440000000
2020,11,16,11,42,23,   5.1480000000
2020,11,16,11,42,23,   5.1480000000
2020,11,16,11,42,24,   5.1480000000
2020,11,16,11,42,24,   5.1480000000
2020,11,16,11,42,24,   5.1440000000
2020,11,16,11,42,24,   5.1440000000
2020,11,16,11,42,25,   5.1480000000
2020,11,16,11,42,25,   5.1440000000
2020,11,16,11,42,25,   5.1480000000
2020,11,16,11,42,26,   5.1480000000
2020,11,16,11,42,26,   5.1480000000
2020,11,16,11,42,26,   5.1440000000
2020,11,16,11,42,26,   5.1440000000
2020,11,16,11,42,27,   5.1400000000
2020,11,16,11,42,27,   5.1440000000
2020,11,16,11,42,27,   5.1480000000
2020,11,16,11,42,27,   5.1440000000
2020,11,16,11,42,28,   5.1560000000
2020,11,16,11,42,28,   5.1480000000
2020,11,16,11,42,28,   5.1520000000
2020,11,16,11,42,28,   5.1440000000
2020,11,16,11,42,29,   5.1440000000
2020,11,16,11,42,29,   5.1440000000
2020,11,16,11,42,29,   5.1480000000
2020,11,16,11,42,30,   5.1520000000
2020,11,16,11,42,30,   5.1480000000
2020,11,16,11,42,30,   5.1440000000
2020,11,16,11,42,30,   5.1560000000
2020,11,16,11,42,31,   5.1520000000
2020,11,16,11,42,31,   5.1480000000
2020,11,16,11,42,31,   5.1480000000
2020,11,16,11,42,31,   5.1480000000
2020,11,16,11,42,32,   5.1480000000
2020,11,16,11,42,32,   5.1480000000
2020,11,16,11,42,32,   5.1480000000
2020,11,16,11,42,32,   5.1480000000
2020,11,16,11,42,33,   5.1440000000
2020,11,16,11,42,33,   5.1480000000
2020,11,16,11,42,33,   5.1520000000
2020,11,16,11,42,34,   5.1480000000
2020,11,16,11,42,34,   5.1440000000
2020,11,16,11,42,34,   5.1480000000
2020,11,16,11,42,34,   5.1480000000
2020,11,16,11,42,35,   5.1520000000
2020,11,16,11,42,35,   5.1520000000
2020,11,16,11,42,35,   5.1480000000
2020,11,16,11,42,35,   5.1520000000
2020,11,16,11,42,36,   5.1520000000
2020,11,16,11,42,36,   5.1440000000
2020,11,16,11,42,36,   5.1440000000
2020,11,16,11,42,36,   5.1480000000
2020,11,16,11,42,37,   5.1440000000
2020,11,16,11,42,37,   5.1440000000
2020,11,16,11,42,37,   5.1520000000
2020,11,16,11,42,38,   5.1520000000
2020,11,16,11,42,38,   5.1440000000
2020,11,16,11,42,38,   5.1480000000
2020,11,16,11,42,38,   5.1520000000
2020,11,16,11,42,39,   5.1480000000
2020,11,16,11,42,39,   5.1400000000
2020,11,16,11,42,39,   5.1480000000
2020,11,16,11,42,39,   5.1440000000
2020,11,16,11,42,40,   5.1440000000
2020,11,16,11,42,40,   5.1480000000
2020,11,16,11,42,40,   5.1480000000
2020,11,16,11,42,40,   5.1440000000
2020,11,16,11,42,41,   5.1480000000
2020,11,16,11,42,41,   5.1480000000
2020,11,16,11,42,41,   5.1440000000
2020,11,16,11,42,41,   5.1480000000
2020,11,16,11,42,42,   5.1560000000
2020,11,16,11,42,42,   5.1480000000
2020,11,16,11,42,42,   5.1480000000
2020,11,16,11,42,43,   5.1440000000
2020,11,16,11,42,43,   5.1480000000
2020,11,16,11,42,43,   5.1480000000
2020,11,16,11,42,43,   5.1440000000
2020,11,16,11,42,44,   5.1440000000
2020,11,16,11,42,44,   5.1440000000
2020,11,16,11,42,44,   5.1480000000
2020,11,16,11,42,44,   5.1480000000
2020,11,16,11,42,45,   5.1480000000
2020,11,16,11,42,45,   5.1520000000
2020,11,16,11,42,45,   5.1440000000
2020,11,16,11,42,45,   5.1520000000
2020,11,16,11,42,46,   5.1520000000
2020,11,16,11,42,46,   5.1480000000
2020,11,16,11,42,46,   5.1520000000
2020,11,16,11,42,47,   5.1560000000
2020,11,16,11,42,47,   5.1480000000
2020,11,16,11,42,47,   5.1560000000
2020,11,16,11,42,47,   5.1480000000
2020,11,16,11,42,48,   5.1440000000
2020,11,16,11,42,48,   5.1480000000
2020,11,16,11,42,48,   5.1480000000
2020,11,16,11,42,48,   5.1400000000
2020,11,16,11,42,49,   5.1480000000
2020,11,16,11,42,49,   5.1200000000
2020,11,16,11,42,49,   5.1440000000
2020,11,16,11,42,49,   5.1480000000
2020,11,16,11,42,50,   5.1440000000
2020,11,16,11,42,50,   5.1440000000
2020,11,16,11,42,50,   5.1440000000
2020,11,16,11,42,50,   5.1520000000
2020,11,16,11,42,51,   5.1480000000
2020,11,16,11,42,51,   5.1520000000
2020,11,16,11,42,51,   5.1480000000
2020,11,16,11,42,52,   5.1480000000
2020,11,16,11,42,52,   5.1480000000
2020,11,16,11,42,52,   5.1480000000
2020,11,16,11,42,52,   5.1360000000
2020,11,16,11,42,53,   5.1600000000
2020,11,16,11,42,53,   5.1480000000
2020,11,16,11,42,53,   5.1480000000
2020,11,16,11,42,53,   5.1440000000
2020,11,16,11,42,54,   5.1480000000
2020,11,16,11,42,54,   5.1560000000
2020,11,16,11,42,54,   5.1480000000
2020,11,16,11,42,54,   5.1480000000
2020,11,16,11,42,55,   5.1520000000
2020,11,16,11,42,55,   5.1480000000
2020,11,16,11,42,55,   5.1440000000
2020,11,16,11,42,55,   5.1480000000
2020,11,16,11,42,56,   5.1480000000
2020,11,16,11,42,56,   5.1480000000
2020,11,16,11,42,56,   5.1560000000
2020,11,16,11,42,57,   5.1480000000
2020,11,16,11,42,57,   5.1360000000
2020,11,16,11,42,57,   5.1480000000
2020,11,16,11,42,57,   5.1520000000
2020,11,16,11,42,58,   5.1480000000
2020,11,16,11,42,58,   5.1480000000
2020,11,16,11,42,58,   5.1520000000
2020,11,16,11,42,58,   5.1480000000
2020,11,16,11,42,59,   5.1480000000
2020,11,16,11,42,59,   5.1480000000
2020,11,16,11,42,59,   5.1520000000
2020,11,16,11,42,59,   5.1480000000
2020,11,16,11,43,0,   5.1480000000
2020,11,16,11,43,0,   5.1480000000
2020,11,16,11,43,0,   5.1520000000
2020,11,16,11,43,0,   5.1560000000
2020,11,16,11,43,1,   5.1600000000
2020,11,16,11,43,1,   5.1440000000
2020,11,16,11,43,1,   5.1480000000
2020,11,16,11,43,2,   5.1440000000
2020,11,16,11,43,2,   5.1400000000
2020,11,16,11,43,2,   5.1480000000
2020,11,16,11,43,2,   5.1480000000
2020,11,16,11,43,3,   5.1480000000
2020,11,16,11,43,3,   5.1480000000
2020,11,16,11,43,3,   5.1440000000
2020,11,16,11,43,3,   5.1520000000
2020,11,16,11,43,4,   5.1480000000
2020,11,16,11,43,4,   5.1480000000
2020,11,16,11,43,4,   5.1600000000
2020,11,16,11,43,4,   5.1440000000
2020,11,16,11,43,5,   5.1520000000
2020,11,16,11,43,5,   5.1520000000
2020,11,16,11,43,5,   5.1520000000
2020,11,16,11,43,5,   5.1520000000
2020,11,16,11,43,6,   5.1560000000
2020,11,16,11,43,6,   5.1440000000
2020,11,16,11,43,6,   5.1440000000
2020,11,16,11,43,7,   5.1480000000
2020,11,16,11,43,7,   5.1480000000
2020,11,16,11,43,7,   5.1480000000
2020,11,16,11,43,7,   5.1440000000
2020,11,16,11,43,8,   5.1480000000
2020,11,16,11,43,8,   5.1480000000
2020,11,16,11,43,8,   5.1440000000
2020,11,16,11,43,8,   5.1480000000
2020,11,16,11,43,9,   5.1440000000
2020,11,16,11,43,9,   5.1480000000
2020,11,16,11,43,9,   5.1440000000
2020,11,16,11,43,9,   5.1480000000
2020,11,16,11,43,10,   5.1480000000
2020,11,16,11,43,10,   5.1480000000
2020,11,16,11,43,10,   5.1480000000
2020,11,16,11,43,11,   5.1440000000
2020,11,16,11,43,11,   5.1520000000
2020,11,16,11,43,11,   5.1520000000
2020,11,16,11,43,11,   5.1480000000
2020,11,16,11,43,12,   5.1480000000
2020,11,16,11,43,12,   5.1400000000
2020,11,16,11,43,12,   5.1400000000
2020,11,16,11,43,12,   5.1480000000
2020,11,16,11,43,13,   5.1440000000
2020,11,16,11,43,13,   5.1440000000
2020,11,16,11,43,13,   5.1440000000
2020,11,16,11,43,13,   5.1480000000
2020,11,16,11,43,14,   5.1440000000
2020,11,16,11,43,14,   5.1480000000
2020,11,16,11,43,14,   5.1440000000
2020,11,16,11,43,14,   5.1440000000
2020,11,16,11,43,15,   5.1480000000
2020,11,16,11,43,15,   5.1440000000
2020,11,16,11,43,15,   5.1440000000
2020,11,16,11,43,15,   5.1480000000
2020,11,16,11,43,16,   5.1440000000
2020,11,16,11,43,16,   5.1480000000
2020,11,16,11,43,16,   5.1480000000
2020,11,16,11,43,17,   5.1480000000
2020,11,16,11,43,17,   5.1400000000
2020,11,16,11,43,17,   5.1560000000
2020,11,16,11,43,17,   5.1480000000
2020,11,16,11,43,18,   5.1440000000
2020,11,16,11,43,18,   5.1440000000
2020,11,16,11,43,18,   5.1440000000
2020,11,16,11,43,18,   5.1480000000
2020,11,16,11,43,19,   5.1440000000
2020,11,16,11,43,19,   5.1440000000
2020,11,16,11,43,19,   5.1600000000
2020,11,16,11,43,19,   5.1440000000
2020,11,16,11,43,20,   5.1440000000
2020,11,16,11,43,20,   5.1440000000
2020,11,16,11,43,20,   5.1440000000
2020,11,16,11,43,20,   5.1480000000
2020,11,16,11,43,21,   5.1480000000
2020,11,16,11,43,21,   5.1520000000
2020,11,16,11,43,21,   5.1440000000
2020,11,16,11,43,22,   5.1480000000
2020,11,16,11,43,22,   5.1400000000
2020,11,16,11,43,22,   5.1520000000
2020,11,16,11,43,22,   5.1480000000
2020,11,16,11,43,23,   5.1440000000
2020,11,16,11,43,23,   5.1560000000
2020,11,16,11,43,23,   5.1560000000
2020,11,16,11,43,23,   5.1520000000
2020,11,16,11,43,24,   5.1440000000
2020,11,16,11,43,24,   5.1440000000
2020,11,16,11,43,24,   5.1560000000
2020,11,16,11,43,24,   5.1440000000
2020,11,16,11,43,25,   5.1520000000
2020,11,16,11,43,25,   5.1480000000
2020,11,16,11,43,25,   5.1440000000
2020,11,16,11,43,26,   5.1560000000
2020,11,16,11,43,26,   5.1440000000
2020,11,16,11,43,26,   5.1480000000
2020,11,16,11,43,26,   5.1480000000
2020,11,16,11,43,27,   5.1520000000
2020,11,16,11,43,27,   5.1480000000
2020,11,16,11,43,27,   5.1480000000
2020,11,16,11,43,27,   5.1480000000
2020,11,16,11,43,28,   5.1520000000
2020,11,16,11,43,28,   5.1480000000
2020,11,16,11,43,28,   5.1480000000
2020,11,16,11,43,28,   5.1440000000
2020,11,16,11,43,29,   5.1440000000
2020,11,16,11,43,29,   5.1480000000
2020,11,16,11,43,29,   5.1480000000
2020,11,16,11,43,29,   5.1480000000
2020,11,16,11,43,30,   5.1480000000
2020,11,16,11,43,30,   5.1480000000
2020,11,16,11,43,30,   5.1520000000
2020,11,16,11,43,31,   5.1480000000
2020,11,16,11,43,31,   5.1440000000
2020,11,16,11,43,31,   5.1440000000
2020,11,16,11,43,31,   5.1520000000
2020,11,16,11,43,32,   5.1480000000
2020,11,16,11,43,32,   5.1480000000
2020,11,16,11,43,32,   5.1520000000
2020,11,16,11,43,32,   5.1480000000
2020,11,16,11,43,33,   5.1480000000
2020,11,16,11,43,33,   5.1480000000
2020,11,16,11,43,33,   5.1440000000
2020,11,16,11,43,33,   5.1560000000
2020,11,16,11,43,34,   5.1440000000
2020,11,16,11,43,34,   5.1440000000
2020,11,16,11,43,34,   5.1440000000
2020,11,16,11,43,34,   5.1440000000
2020,11,16,11,43,35,   5.1440000000
2020,11,16,11,43,35,   5.1440000000
2020,11,16,11,43,35,   5.1480000000
2020,11,16,11,43,36,   5.1480000000
2020,11,16,11,43,36,   5.1480000000
2020,11,16,11,43,36,   5.1480000000
2020,11,16,11,43,36,   5.1440000000
2020,11,16,11,43,37,   5.1440000000
2020,11,16,11,43,37,   5.1440000000
2020,11,16,11,43,37,   5.1440000000
2020,11,16,11,43,37,   5.1480000000
2020,11,16,11,43,38,   5.1440000000
2020,11,16,11,43,38,   5.1440000000
2020,11,16,11,43,38,   5.1560000000
2020,11,16,11,43,38,   5.1520000000
2020,11,16,11,43,39,   5.1440000000
2020,11,16,11,43,39,   5.1480000000
2020,11,16,11,43,39,   5.1440000000
2020,11,16,11,43,39,   5.1480000000
2020,11,16,11,43,40,   5.1560000000
2020,11,16,11,43,40,   5.1560000000
2020,11,16,11,43,40,   5.1440000000
2020,11,16,11,43,41,   5.1480000000
2020,11,16,11,43,41,   5.1480000000
2020,11,16,11,43,41,   5.1520000000
2020,11,16,11,43,41,   5.1440000000
2020,11,16,11,43,42,   5.1480000000
2020,11,16,11,43,42,   5.1440000000
2020,11,16,11,43,42,   5.1440000000
2020,11,16,11,43,42,   5.1440000000
2020,11,16,11,43,43,   5.1480000000
2020,11,16,11,43,43,   5.1480000000
2020,11,16,11,43,43,   5.1560000000
2020,11,16,11,43,44,   5.1480000000
2020,11,16,11,43,44,   5.1480000000
2020,11,16,11,43,44,   5.1480000000
2020,11,16,11,43,44,   5.1480000000
2020,11,16,11,43,45,   5.1480000000
2020,11,16,11,43,45,   5.1440000000
2020,11,16,11,43,45,   5.1440000000
2020,11,16,11,43,45,   5.1440000000
2020,11,16,11,43,46,   5.1440000000
2020,11,16,11,43,46,   5.1480000000
2020,11,16,11,43,46,   5.1480000000
2020,11,16,11,43,46,   5.1440000000
2020,11,16,11,43,47,   5.1440000000
2020,11,16,11,43,47,   5.1400000000
2020,11,16,11,43,47,   5.1520000000
2020,11,16,11,43,48,   5.1440000000
2020,11,16,11,43,48,   5.1440000000
2020,11,16,11,43,48,   5.1480000000
2020,11,16,11,43,48,   5.1400000000
2020,11,16,11,43,49,   5.1480000000
2020,11,16,11,43,49,   5.1520000000
2020,11,16,11,43,49,   5.1480000000
2020,11,16,11,43,49,   5.1400000000
2020,11,16,11,43,50,   5.1480000000
2020,11,16,11,43,50,   5.1480000000
2020,11,16,11,43,50,   5.1480000000
2020,11,16,11,43,50,   5.1440000000
2020,11,16,11,43,51,   5.1440000000
2020,11,16,11,43,51,   5.1440000000
2020,11,16,11,43,51,   5.1440000000
2020,11,16,11,43,52,   5.1480000000
2020,11,16,11,43,52,   5.1480000000
2020,11,16,11,43,52,   5.1480000000
2020,11,16,11,43,52,   5.1520000000
2020,11,16,11,43,53,   5.1480000000
2020,11,16,11,43,53,   5.1440000000
2020,11,16,11,43,53,   5.1440000000
2020,11,16,11,43,53,   5.1480000000
2020,11,16,11,43,54,   5.1520000000
2020,11,16,11,43,54,   5.1440000000
2020,11,16,11,43,54,   5.1440000000
2020,11,16,11,43,54,   5.1520000000
2020,11,16,11,43,55,   5.1400000000
2020,11,16,11,43,55,   5.1520000000
2020,11,16,11,43,55,   5.1480000000
2020,11,16,11,43,55,   5.1480000000
2020,11,16,11,43,56,   5.1480000000
2020,11,16,11,43,56,   5.1560000000
2020,11,16,11,43,56,   5.1400000000
2020,11,16,11,43,57,   5.1560000000
2020,11,16,11,43,57,   5.1440000000
2020,11,16,11,43,57,   5.1480000000
2020,11,16,11,43,57,   5.1440000000
2020,11,16,11,43,58,   5.1480000000
2020,11,16,11,43,58,   5.1480000000
2020,11,16,11,43,58,   5.1480000000
2020,11,16,11,43,58,   5.1560000000
2020,11,16,11,43,59,   5.1480000000
2020,11,16,11,43,59,   5.1480000000
2020,11,16,11,43,59,   5.1480000000
2020,11,16,11,43,59,   5.1480000000
2020,11,16,11,44,0,   5.1480000000
2020,11,16,11,44,0,   5.1440000000
2020,11,16,11,44,0,   5.1440000000
2020,11,16,11,44,1,   5.1440000000
2020,11,16,11,44,1,   5.1440000000
2020,11,16,11,44,1,   5.1440000000
2020,11,16,11,44,1,   5.1480000000
2020,11,16,11,44,2,   5.1480000000
2020,11,16,11,44,2,   5.1480000000
2020,11,16,11,44,2,   5.1440000000
2020,11,16,11,44,2,   5.1560000000
2020,11,16,11,44,3,   5.1480000000
2020,11,16,11,44,3,   5.1480000000
2020,11,16,11,44,3,   5.1480000000
2020,11,16,11,44,3,   5.1400000000
2020,11,16,11,44,4,   5.1520000000
2020,11,16,11,44,4,   5.1440000000
2020,11,16,11,44,4,   5.1440000000
2020,11,16,11,44,4,   5.1480000000
2020,11,16,11,44,5,   5.1400000000
2020,11,16,11,44,5,   5.1560000000
2020,11,16,11,44,5,   5.1440000000
2020,11,16,11,44,6,   5.1560000000
2020,11,16,11,44,6,   5.1520000000
2020,11,16,11,44,6,   5.1560000000
2020,11,16,11,44,6,   5.1440000000
2020,11,16,11,44,7,   5.1440000000
2020,11,16,11,44,7,   5.1440000000
2020,11,16,11,44,7,   5.1480000000
2020,11,16,11,44,7,   5.1440000000
2020,11,16,11,44,8,   5.1440000000
2020,11,16,11,44,8,   5.1480000000
2020,11,16,11,44,8,   5.1520000000
2020,11,16,11,44,8,   5.1400000000
2020,11,16,11,44,9,   5.1480000000
2020,11,16,11,44,9,   5.1400000000
2020,11,16,11,44,9,   5.1440000000
2020,11,16,11,44,9,   5.1520000000
2020,11,16,11,44,10,   5.1440000000
2020,11,16,11,44,10,   5.1440000000
2020,11,16,11,44,10,   5.1600000000
2020,11,16,11,44,11,   5.1440000000
2020,11,16,11,44,11,   5.1400000000
2020,11,16,11,44,11,   5.1560000000
2020,11,16,11,44,11,   5.1480000000
2020,11,16,11,44,12,   5.1560000000
2020,11,16,11,44,12,   5.1480000000
2020,11,16,11,44,12,   5.1480000000
2020,11,16,11,44,12,   5.1360000000
2020,11,16,11,44,13,   5.1560000000
2020,11,16,11,44,13,   5.1480000000
2020,11,16,11,44,13,   5.1440000000
2020,11,16,11,44,13,   5.1480000000
2020,11,16,11,44,14,   5.1440000000
2020,11,16,11,44,14,   5.1480000000
2020,11,16,11,44,14,   5.1440000000
2020,11,16,11,44,14,   5.1520000000
2020,11,16,11,44,15,   5.1480000000
2020,11,16,11,44,15,   5.1480000000
2020,11,16,11,44,15,   5.1480000000
2020,11,16,11,44,16,   5.1480000000
2020,11,16,11,44,16,   5.1480000000
2020,11,16,11,44,16,   5.1440000000
2020,11,16,11,44,16,   5.1480000000
2020,11,16,11,44,17,   5.1480000000
2020,11,16,11,44,17,   5.1440000000
2020,11,16,11,44,17,   5.1480000000
2020,11,16,11,44,17,   5.1440000000
2020,11,16,11,44,18,   5.1480000000
2020,11,16,11,44,18,   5.1480000000
2020,11,16,11,44,18,   5.1600000000
2020,11,16,11,44,18,   5.1440000000
2020,11,16,11,44,19,   5.1440000000
2020,11,16,11,44,19,   5.1480000000
2020,11,16,11,44,19,   5.1480000000
2020,11,16,11,44,19,   5.1440000000
2020,11,16,11,44,20,   5.1440000000
2020,11,16,11,44,20,   5.1440000000
2020,11,16,11,44,20,   5.1480000000
2020,11,16,11,44,21,   5.1440000000
2020,11,16,11,44,21,   5.1440000000
2020,11,16,11,44,21,   5.1440000000
2020,11,16,11,44,21,   5.1480000000
2020,11,16,11,44,22,   5.1560000000
2020,11,16,11,44,22,   5.1480000000
2020,11,16,11,44,22,   5.1480000000
2020,11,16,11,44,22,   5.1560000000
2020,11,16,11,44,23,   5.1480000000
2020,11,16,11,44,23,   5.1440000000
2020,11,16,11,44,23,   5.1440000000
2020,11,16,11,44,23,   5.1480000000
2020,11,16,11,44,24,   5.1480000000
2020,11,16,11,44,24,   5.1440000000
2020,11,16,11,44,24,   5.1480000000
2020,11,16,11,44,24,   5.1440000000
2020,11,16,11,44,25,   5.1480000000
2020,11,16,11,44,25,   5.1560000000
2020,11,16,11,44,25,   5.1480000000
2020,11,16,11,44,25,   5.1480000000
2020,11,16,11,44,26,   5.1440000000
2020,11,16,11,44,26,   5.1480000000
2020,11,16,11,44,26,   5.1480000000
2020,11,16,11,44,27,   5.1560000000
2020,11,16,11,44,27,   5.1400000000
2020,11,16,11,44,27,   5.1520000000
2020,11,16,11,44,27,   5.1480000000
2020,11,16,11,44,28,   5.1520000000
2020,11,16,11,44,28,   5.1480000000
2020,11,16,11,44,28,   5.1480000000
2020,11,16,11,44,28,   5.1480000000
2020,11,16,11,44,29,   5.1520000000
2020,11,16,11,44,29,   5.1440000000
2020,11,16,11,44,29,   5.1480000000
2020,11,16,11,44,29,   5.1560000000
2020,11,16,11,44,30,   5.1480000000
2020,11,16,11,44,30,   5.1440000000
2020,11,16,11,44,30,   5.1480000000
2020,11,16,11,44,30,   5.1480000000
2020,11,16,11,44,31,   5.1600000000
2020,11,16,11,44,31,   5.1560000000
2020,11,16,11,44,31,   5.1520000000
2020,11,16,11,44,31,   5.1440000000
2020,11,16,11,44,32,   5.1520000000
2020,11,16,11,44,32,   5.1480000000
2020,11,16,11,44,32,   5.1480000000
2020,11,16,11,44,33,   5.1560000000
2020,11,16,11,44,33,   5.1440000000
2020,11,16,11,44,33,   5.1440000000
2020,11,16,11,44,33,   5.1440000000
2020,11,16,11,44,34,   5.1480000000
2020,11,16,11,44,34,   5.1520000000
2020,11,16,11,44,34,   5.1520000000
2020,11,16,11,44,34,   5.1440000000
2020,11,16,11,44,35,   5.1480000000
2020,11,16,11,44,35,   5.1480000000
2020,11,16,11,44,35,   5.1480000000
2020,11,16,11,44,35,   5.1440000000
2020,11,16,11,44,36,   5.1480000000
2020,11,16,11,44,36,   5.1440000000
2020,11,16,11,44,36,   5.1600000000
2020,11,16,11,44,36,   5.1440000000
2020,11,16,11,44,37,   5.1440000000
2020,11,16,11,44,37,   5.1440000000
2020,11,16,11,44,37,   5.1440000000
2020,11,16,11,44,38,   5.1440000000
2020,11,16,11,44,38,   5.1440000000
2020,11,16,11,44,38,   5.1440000000
2020,11,16,11,44,38,   5.1440000000
2020,11,16,11,44,39,   5.1520000000
2020,11,16,11,44,39,   5.1480000000
2020,11,16,11,44,39,   5.1440000000
2020,11,16,11,44,39,   5.1520000000
2020,11,16,11,44,40,   5.1440000000
2020,11,16,11,44,40,   5.1440000000
2020,11,16,11,44,40,   5.1560000000
2020,11,16,11,44,40,   5.1480000000
2020,11,16,11,44,41,   5.1520000000
2020,11,16,11,44,41,   5.1480000000
2020,11,16,11,44,41,   5.1480000000
2020,11,16,11,44,41,   5.1440000000
2020,11,16,11,44,42,   5.1480000000
2020,11,16,11,44,42,   5.1520000000
2020,11,16,11,44,42,   5.1440000000
2020,11,16,11,44,43,   5.1480000000
2020,11,16,11,44,43,   5.1480000000
2020,11,16,11,44,43,   5.1480000000
2020,11,16,11,44,43,   5.1520000000
2020,11,16,11,44,44,   5.1440000000
2020,11,16,11,44,44,   5.1400000000
2020,11,16,11,44,44,   5.1440000000
2020,11,16,11,44,44,   5.1480000000
2020,11,16,11,44,45,   5.1560000000
2020,11,16,11,44,45,   5.1480000000
2020,11,16,11,44,45,   5.1480000000
2020,11,16,11,44,45,   5.1440000000
2020,11,16,11,44,46,   5.1480000000
2020,11,16,11,44,46,   5.1480000000
2020,11,16,11,44,46,   5.1440000000
2020,11,16,11,44,47,   5.1440000000
2020,11,16,11,44,47,   5.1440000000
2020,11,16,11,44,47,   5.1480000000
2020,11,16,11,44,47,   5.1480000000
2020,11,16,11,44,48,   5.1400000000
2020,11,16,11,44,48,   5.1520000000
2020,11,16,11,44,48,   5.1440000000
2020,11,16,11,44,48,   5.1440000000
2020,11,16,11,44,49,   5.1440000000
2020,11,16,11,44,49,   5.1400000000
2020,11,16,11,44,49,   5.1480000000
2020,11,16,11,44,49,   5.1440000000
2020,11,16,11,44,50,   5.1480000000
2020,11,16,11,44,50,   5.1440000000
2020,11,16,11,44,50,   5.1440000000
2020,11,16,11,44,51,   5.1520000000
2020,11,16,11,44,51,   5.1480000000
2020,11,16,11,44,51,   5.1520000000
2020,11,16,11,44,51,   5.1440000000
2020,11,16,11,44,52,   5.1520000000
2020,11,16,11,44,52,   5.1520000000
2020,11,16,11,44,52,   5.1480000000
2020,11,16,11,44,52,   5.1440000000
2020,11,16,11,44,53,   5.1480000000
2020,11,16,11,44,53,   5.1480000000
2020,11,16,11,44,53,   5.1440000000
2020,11,16,11,44,53,   5.1480000000
2020,11,16,11,44,54,   5.1480000000
2020,11,16,11,44,54,   5.1480000000
2020,11,16,11,44,54,   5.1440000000
2020,11,16,11,44,54,   5.1480000000
2020,11,16,11,44,55,   5.1240000000
2020,11,16,11,44,55,   5.1520000000
2020,11,16,11,44,55,   5.1480000000
2020,11,16,11,44,56,   5.1440000000
2020,11,16,11,44,56,   5.1480000000
2020,11,16,11,44,56,   5.1480000000
2020,11,16,11,44,56,   5.1440000000
2020,11,16,11,44,57,   5.1480000000
2020,11,16,11,44,57,   5.1440000000
2020,11,16,11,44,57,   5.1480000000
2020,11,16,11,44,57,   5.1440000000
2020,11,16,11,44,58,   5.1440000000
2020,11,16,11,44,58,   5.1480000000
2020,11,16,11,44,58,   5.1440000000
2020,11,16,11,44,58,   5.1440000000
2020,11,16,11,44,59,   5.1480000000
2020,11,16,11,44,59,   5.1440000000
2020,11,16,11,44,59,   5.1520000000
2020,11,16,11,44,59,   5.1440000000
2020,11,16,11,45,0,   5.1400000000
2020,11,16,11,45,0,   5.1560000000
2020,11,16,11,45,0,   5.1440000000
2020,11,16,11,45,1,   5.1440000000
