2020,9,21,13,24,0,   5.2280000000
2020,9,21,13,24,0,   5.2280000000
2020,9,21,13,24,1,   5.2320000000
2020,9,21,13,24,1,   5.2320000000
2020,9,21,13,24,1,   5.2320000000
2020,9,21,13,24,1,   5.2600000000
2020,9,21,13,24,2,   5.2320000000
2020,9,21,13,24,2,   5.2280000000
2020,9,21,13,24,2,   5.2320000000
2020,9,21,13,24,2,   5.2360000000
2020,9,21,13,24,3,   5.2360000000
2020,9,21,13,24,3,   5.2560000000
2020,9,21,13,24,3,   5.2560000000
2020,9,21,13,24,4,   5.2560000000
2020,9,21,13,24,4,   5.1080000000
2020,9,21,13,24,4,   5.2240000000
2020,9,21,13,24,4,   5.2560000000
2020,9,21,13,24,5,   5.2320000000
2020,9,21,13,24,5,   5.2360000000
2020,9,21,13,24,5,   5.2280000000
2020,9,21,13,24,5,   5.2320000000
2020,9,21,13,24,6,   5.2320000000
2020,9,21,13,24,6,   5.2280000000
2020,9,21,13,24,6,   5.2320000000
2020,9,21,13,24,6,   5.2320000000
2020,9,21,13,24,7,   5.2320000000
2020,9,21,13,24,7,   5.2320000000
2020,9,21,13,24,7,   5.2360000000
2020,9,21,13,24,7,   5.2360000000
2020,9,21,13,24,8,   5.2320000000
2020,9,21,13,24,8,   5.2320000000
2020,9,21,13,24,8,   5.2320000000
2020,9,21,13,24,9,   5.2320000000
2020,9,21,13,24,9,   5.2320000000
2020,9,21,13,24,9,   5.2320000000
2020,9,21,13,24,9,   5.1320000000
2020,9,21,13,24,10,   5.2160000000
2020,9,21,13,24,10,   5.2240000000
2020,9,21,13,24,10,   5.2320000000
2020,9,21,13,24,10,   5.2320000000
2020,9,21,13,24,11,   5.2320000000
2020,9,21,13,24,11,   5.2320000000
2020,9,21,13,24,11,   5.2320000000
2020,9,21,13,24,11,   5.2320000000
2020,9,21,13,24,12,   5.2320000000
2020,9,21,13,24,12,   5.2320000000
2020,9,21,13,24,12,   5.2320000000
2020,9,21,13,24,13,   5.2320000000
2020,9,21,13,24,13,   5.2280000000
2020,9,21,13,24,13,   5.2320000000
2020,9,21,13,24,13,   5.2320000000
2020,9,21,13,24,14,   5.2320000000
2020,9,21,13,24,14,   5.2320000000
2020,9,21,13,24,14,   5.2160000000
2020,9,21,13,24,14,   5.2200000000
2020,9,21,13,24,15,   5.2280000000
2020,9,21,13,24,15,   5.2240000000
2020,9,21,13,24,15,   5.2320000000
2020,9,21,13,24,15,   5.2320000000
2020,9,21,13,24,16,   5.2360000000
2020,9,21,13,24,16,   5.2280000000
2020,9,21,13,24,16,   5.2280000000
2020,9,21,13,24,16,   5.2280000000
2020,9,21,13,24,17,   5.2320000000
2020,9,21,13,24,17,   5.2320000000
2020,9,21,13,24,17,   5.2320000000
2020,9,21,13,24,18,   5.2280000000
2020,9,21,13,24,18,   5.2320000000
2020,9,21,13,24,18,   5.2320000000
2020,9,21,13,24,18,   5.2280000000
2020,9,21,13,24,19,   5.2280000000
2020,9,21,13,24,19,   5.2280000000
2020,9,21,13,24,19,   5.2320000000
2020,9,21,13,24,19,   5.2320000000
2020,9,21,13,24,20,   5.2200000000
2020,9,21,13,24,20,   5.2160000000
2020,9,21,13,24,20,   5.2320000000
2020,9,21,13,24,20,   5.2320000000
2020,9,21,13,24,21,   5.2320000000
2020,9,21,13,24,21,   5.2320000000
2020,9,21,13,24,21,   5.2320000000
2020,9,21,13,24,21,   5.2280000000
2020,9,21,13,24,22,   5.2320000000
2020,9,21,13,24,22,   5.2320000000
2020,9,21,13,24,22,   5.2320000000
2020,9,21,13,24,23,   5.2280000000
2020,9,21,13,24,23,   5.2320000000
2020,9,21,13,24,23,   5.2320000000
2020,9,21,13,24,23,   5.2320000000
2020,9,21,13,24,24,   5.2360000000
2020,9,21,13,24,24,   5.2280000000
2020,9,21,13,24,24,   5.2320000000
2020,9,21,13,24,24,   5.2320000000
2020,9,21,13,24,25,   5.2280000000
2020,9,21,13,24,25,   5.2280000000
2020,9,21,13,24,25,   5.2160000000
2020,9,21,13,24,25,   5.2200000000
2020,9,21,13,24,26,   5.2320000000
2020,9,21,13,24,26,   5.2320000000
2020,9,21,13,24,26,   5.2320000000
2020,9,21,13,24,26,   5.2320000000
2020,9,21,13,24,27,   5.2240000000
2020,9,21,13,24,27,   5.2320000000
2020,9,21,13,24,27,   5.2320000000
2020,9,21,13,24,28,   5.2320000000
2020,9,21,13,24,28,   5.2280000000
2020,9,21,13,24,28,   5.2320000000
2020,9,21,13,24,28,   5.2320000000
2020,9,21,13,24,29,   5.2320000000
2020,9,21,13,24,29,   5.2080000000
2020,9,21,13,24,29,   5.2320000000
2020,9,21,13,24,29,   5.2280000000
2020,9,21,13,24,30,   5.2320000000
2020,9,21,13,24,30,   5.2320000000
2020,9,21,13,24,30,   5.2280000000
2020,9,21,13,24,30,   5.2280000000
2020,9,21,13,24,31,   5.0960000000
2020,9,21,13,24,31,   5.0920000000
2020,9,21,13,24,31,   5.2280000000
2020,9,21,13,24,31,   5.2280000000
2020,9,21,13,24,32,   5.2320000000
2020,9,21,13,24,32,   5.2280000000
2020,9,21,13,24,32,   5.2280000000
2020,9,21,13,24,33,   5.2320000000
2020,9,21,13,24,33,   5.2320000000
2020,9,21,13,24,33,   5.2320000000
2020,9,21,13,24,33,   5.2320000000
2020,9,21,13,24,34,   5.2320000000
2020,9,21,13,24,34,   5.2320000000
2020,9,21,13,24,34,   5.2320000000
2020,9,21,13,24,34,   5.2320000000
2020,9,21,13,24,35,   5.2280000000
2020,9,21,13,24,35,   5.2280000000
2020,9,21,13,24,35,   5.2320000000
2020,9,21,13,24,35,   5.2280000000
2020,9,21,13,24,36,   5.2320000000
2020,9,21,13,24,36,   5.2280000000
2020,9,21,13,24,36,   5.2240000000
2020,9,21,13,24,36,   5.2200000000
2020,9,21,13,24,37,   5.2280000000
2020,9,21,13,24,37,   5.2320000000
2020,9,21,13,24,37,   5.2320000000
2020,9,21,13,24,37,   5.2320000000
2020,9,21,13,24,38,   5.2320000000
2020,9,21,13,24,38,   5.2320000000
2020,9,21,13,24,38,   5.2280000000
2020,9,21,13,24,39,   5.2320000000
2020,9,21,13,24,39,   5.2320000000
2020,9,21,13,24,39,   5.2320000000
2020,9,21,13,24,39,   5.2320000000
2020,9,21,13,24,40,   5.2280000000
2020,9,21,13,24,40,   5.2320000000
2020,9,21,13,24,40,   5.2320000000
2020,9,21,13,24,40,   5.2320000000
2020,9,21,13,24,41,   5.2320000000
2020,9,21,13,24,41,   5.2320000000
2020,9,21,13,24,41,   5.2320000000
2020,9,21,13,24,41,   5.2320000000
2020,9,21,13,24,42,   5.2160000000
2020,9,21,13,24,42,   5.2200000000
2020,9,21,13,24,42,   5.2280000000
2020,9,21,13,24,42,   5.2320000000
2020,9,21,13,24,43,   5.2320000000
2020,9,21,13,24,43,   5.2320000000
2020,9,21,13,24,43,   5.2320000000
2020,9,21,13,24,44,   5.2320000000
2020,9,21,13,24,44,   5.2320000000
2020,9,21,13,24,44,   5.2320000000
2020,9,21,13,24,44,   5.2320000000
2020,9,21,13,24,45,   5.2320000000
2020,9,21,13,24,45,   5.2280000000
2020,9,21,13,24,45,   5.2320000000
2020,9,21,13,24,45,   5.2320000000
2020,9,21,13,24,46,   5.2320000000
2020,9,21,13,24,46,   5.2320000000
2020,9,21,13,24,46,   5.2280000000
2020,9,21,13,24,46,   5.2280000000
2020,9,21,13,24,47,   5.2320000000
2020,9,21,13,24,47,   5.2320000000
2020,9,21,13,24,47,   5.2280000000
2020,9,21,13,24,47,   5.2160000000
2020,9,21,13,24,48,   5.2280000000
2020,9,21,13,24,48,   5.2320000000
2020,9,21,13,24,48,   5.2280000000
2020,9,21,13,24,49,   5.2240000000
2020,9,21,13,24,49,   5.2320000000
2020,9,21,13,24,49,   5.2280000000
2020,9,21,13,24,49,   5.2320000000
2020,9,21,13,24,50,   5.2320000000
2020,9,21,13,24,50,   5.2320000000
2020,9,21,13,24,50,   5.2240000000
2020,9,21,13,24,50,   5.2320000000
2020,9,21,13,24,51,   5.2320000000
2020,9,21,13,24,51,   5.2360000000
2020,9,21,13,24,51,   5.2280000000
2020,9,21,13,24,51,   5.2280000000
2020,9,21,13,24,52,   5.2280000000
2020,9,21,13,24,52,   5.2320000000
2020,9,21,13,24,52,   5.2320000000
2020,9,21,13,24,53,   5.2280000000
2020,9,21,13,24,53,   5.1840000000
2020,9,21,13,24,53,   5.2200000000
2020,9,21,13,24,53,   5.2280000000
2020,9,21,13,24,54,   5.2320000000
2020,9,21,13,24,54,   5.2320000000
2020,9,21,13,24,54,   5.2280000000
2020,9,21,13,24,54,   5.2320000000
2020,9,21,13,24,55,   5.2320000000
2020,9,21,13,24,55,   5.2280000000
2020,9,21,13,24,55,   5.2320000000
2020,9,21,13,24,55,   5.2280000000
2020,9,21,13,24,56,   5.2320000000
2020,9,21,13,24,56,   5.2280000000
2020,9,21,13,24,56,   5.2280000000
2020,9,21,13,24,56,   5.2280000000
2020,9,21,13,24,57,   5.2280000000
2020,9,21,13,24,57,   5.2320000000
2020,9,21,13,24,57,   5.2320000000
2020,9,21,13,24,58,   5.2320000000
2020,9,21,13,24,58,   5.2320000000
2020,9,21,13,24,58,   5.2320000000
2020,9,21,13,24,58,   5.1200000000
2020,9,21,13,24,59,   5.2200000000
2020,9,21,13,24,59,   5.2280000000
2020,9,21,13,24,59,   5.2320000000
2020,9,21,13,24,59,   5.2320000000
2020,9,21,13,25,0,   5.2320000000
2020,9,21,13,25,0,   5.2320000000
2020,9,21,13,25,0,   5.2280000000
2020,9,21,13,25,0,   5.2320000000
2020,9,21,13,25,1,   5.2320000000
2020,9,21,13,25,1,   5.2320000000
2020,9,21,13,25,1,   5.2320000000
2020,9,21,13,25,1,   5.2280000000
2020,9,21,13,25,2,   5.2320000000
2020,9,21,13,25,2,   5.2280000000
2020,9,21,13,25,2,   5.2320000000
2020,9,21,13,25,2,   5.2280000000
2020,9,21,13,25,3,   5.2320000000
2020,9,21,13,25,3,   5.2320000000
2020,9,21,13,25,3,   5.2280000000
2020,9,21,13,25,4,   5.2320000000
2020,9,21,13,25,4,   5.2280000000
2020,9,21,13,25,4,   5.2200000000
2020,9,21,13,25,4,   5.2280000000
2020,9,21,13,25,5,   5.2320000000
2020,9,21,13,25,5,   5.2320000000
2020,9,21,13,25,5,   5.2280000000
2020,9,21,13,25,5,   5.2320000000
2020,9,21,13,25,6,   5.2320000000
2020,9,21,13,25,6,   5.2320000000
2020,9,21,13,25,6,   5.2320000000
2020,9,21,13,25,6,   5.2280000000
2020,9,21,13,25,7,   5.2280000000
2020,9,21,13,25,7,   5.2320000000
2020,9,21,13,25,7,   5.2320000000
2020,9,21,13,25,8,   5.2320000000
2020,9,21,13,25,8,   5.2320000000
2020,9,21,13,25,8,   5.2280000000
2020,9,21,13,25,8,   5.2320000000
2020,9,21,13,25,9,   5.2240000000
2020,9,21,13,25,9,   5.2320000000
2020,9,21,13,25,9,   5.2280000000
2020,9,21,13,25,9,   5.1120000000
2020,9,21,13,25,10,   5.2160000000
2020,9,21,13,25,10,   5.2240000000
2020,9,21,13,25,10,   5.2240000000
2020,9,21,13,25,10,   5.2240000000
2020,9,21,13,25,11,   5.2240000000
2020,9,21,13,25,11,   5.2240000000
2020,9,21,13,25,11,   5.2280000000
2020,9,21,13,25,12,   5.2240000000
2020,9,21,13,25,12,   5.2240000000
2020,9,21,13,25,12,   5.2240000000
2020,9,21,13,25,12,   5.2280000000
2020,9,21,13,25,13,   5.2240000000
2020,9,21,13,25,13,   5.2240000000
2020,9,21,13,25,13,   5.2240000000
2020,9,21,13,25,13,   5.2240000000
2020,9,21,13,25,14,   5.2240000000
2020,9,21,13,25,14,   5.2240000000
2020,9,21,13,25,14,   5.2120000000
2020,9,21,13,25,14,   5.2160000000
2020,9,21,13,25,15,   5.2240000000
2020,9,21,13,25,15,   5.2240000000
2020,9,21,13,25,15,   5.2280000000
2020,9,21,13,25,15,   5.2320000000
2020,9,21,13,25,16,   5.2280000000
2020,9,21,13,25,16,   5.2280000000
2020,9,21,13,25,16,   5.2240000000
2020,9,21,13,25,17,   5.2200000000
2020,9,21,13,25,17,   5.2240000000
2020,9,21,13,25,17,   5.2200000000
2020,9,21,13,25,17,   5.2240000000
2020,9,21,13,25,18,   5.2240000000
2020,9,21,13,25,18,   5.2280000000
2020,9,21,13,25,18,   5.2280000000
2020,9,21,13,25,18,   5.2240000000
2020,9,21,13,25,19,   5.2320000000
2020,9,21,13,25,19,   5.2320000000
2020,9,21,13,25,19,   5.2240000000
2020,9,21,13,25,20,   5.2240000000
2020,9,21,13,25,20,   5.2120000000
2020,9,21,13,25,20,   5.2160000000
2020,9,21,13,25,20,   5.2280000000
2020,9,21,13,25,21,   5.2240000000
2020,9,21,13,25,21,   5.2240000000
2020,9,21,13,25,21,   5.2240000000
2020,9,21,13,25,21,   5.2280000000
2020,9,21,13,25,22,   5.2280000000
2020,9,21,13,25,22,   5.2240000000
2020,9,21,13,25,22,   5.2240000000
2020,9,21,13,25,22,   5.2280000000
2020,9,21,13,25,23,   5.2320000000
2020,9,21,13,25,23,   5.2280000000
2020,9,21,13,25,23,   5.2320000000
2020,9,21,13,25,24,   5.2240000000
2020,9,21,13,25,24,   5.2280000000
2020,9,21,13,25,24,   5.2240000000
2020,9,21,13,25,24,   5.2320000000
2020,9,21,13,25,25,   5.2240000000
2020,9,21,13,25,25,   5.2240000000
2020,9,21,13,25,25,   5.2160000000
2020,9,21,13,25,25,   5.2080000000
2020,9,21,13,25,26,   5.2200000000
2020,9,21,13,25,26,   5.2280000000
2020,9,21,13,25,26,   5.2320000000
2020,9,21,13,25,27,   5.2240000000
2020,9,21,13,25,27,   5.2240000000
2020,9,21,13,25,27,   5.2240000000
2020,9,21,13,25,27,   5.2240000000
2020,9,21,13,25,28,   5.2240000000
2020,9,21,13,25,28,   5.2240000000
2020,9,21,13,25,28,   5.2240000000
2020,9,21,13,25,28,   5.2240000000
2020,9,21,13,25,29,   5.2240000000
2020,9,21,13,25,29,   5.2240000000
2020,9,21,13,25,29,   5.2240000000
2020,9,21,13,25,29,   5.2240000000
2020,9,21,13,25,30,   5.2240000000
2020,9,21,13,25,30,   5.2320000000
2020,9,21,13,25,30,   5.2240000000
2020,9,21,13,25,31,   5.2200000000
2020,9,21,13,25,31,   5.2120000000
2020,9,21,13,25,31,   5.1000000000
2020,9,21,13,25,31,   5.2240000000
2020,9,21,13,25,32,   5.2240000000
2020,9,21,13,25,32,   5.2240000000
2020,9,21,13,25,32,   5.2240000000
2020,9,21,13,25,32,   5.2240000000
2020,9,21,13,25,33,   5.2240000000
2020,9,21,13,25,33,   5.2240000000
2020,9,21,13,25,33,   5.2240000000
2020,9,21,13,25,33,   5.2240000000
2020,9,21,13,25,34,   5.2240000000
2020,9,21,13,25,34,   5.2080000000
2020,9,21,13,25,34,   5.2240000000
2020,9,21,13,25,35,   5.2240000000
2020,9,21,13,25,35,   5.2200000000
2020,9,21,13,25,35,   5.2240000000
2020,9,21,13,25,35,   5.2280000000
2020,9,21,13,25,36,   5.2240000000
2020,9,21,13,25,36,   5.2240000000
2020,9,21,13,25,36,   5.2280000000
2020,9,21,13,25,36,   5.2200000000
2020,9,21,13,25,37,   5.1760000000
2020,9,21,13,25,37,   5.2240000000
2020,9,21,13,25,37,   5.2240000000
2020,9,21,13,25,37,   5.2240000000
2020,9,21,13,25,38,   5.2240000000
2020,9,21,13,25,38,   5.2240000000
2020,9,21,13,25,38,   5.2240000000
2020,9,21,13,25,38,   5.2240000000
2020,9,21,13,25,39,   5.2280000000
2020,9,21,13,25,39,   5.2240000000
2020,9,21,13,25,39,   5.2240000000
2020,9,21,13,25,40,   5.2240000000
2020,9,21,13,25,40,   5.2280000000
2020,9,21,13,25,40,   5.2240000000
2020,9,21,13,25,40,   5.2280000000
2020,9,21,13,25,41,   5.2240000000
2020,9,21,13,25,41,   5.2240000000
2020,9,21,13,25,41,   5.2240000000
2020,9,21,13,25,41,   5.2200000000
2020,9,21,13,25,42,   5.2320000000
2020,9,21,13,25,42,   5.2120000000
2020,9,21,13,25,42,   5.2120000000
2020,9,21,13,25,42,   5.2280000000
2020,9,21,13,25,43,   5.2240000000
2020,9,21,13,25,43,   5.2200000000
2020,9,21,13,25,43,   5.2240000000
2020,9,21,13,25,43,   5.2240000000
2020,9,21,13,25,44,   5.2240000000
2020,9,21,13,25,44,   5.2280000000
2020,9,21,13,25,44,   5.2240000000
2020,9,21,13,25,45,   5.2240000000
2020,9,21,13,25,45,   5.2280000000
2020,9,21,13,25,45,   5.2240000000
2020,9,21,13,25,45,   5.2240000000
2020,9,21,13,25,46,   5.2280000000
2020,9,21,13,25,46,   5.2240000000
2020,9,21,13,25,46,   5.2280000000
2020,9,21,13,25,46,   5.2240000000
2020,9,21,13,25,47,   5.2240000000
2020,9,21,13,25,47,   5.2240000000
2020,9,21,13,25,47,   5.2240000000
2020,9,21,13,25,47,   5.2160000000
2020,9,21,13,25,48,   5.2160000000
2020,9,21,13,25,48,   5.2240000000
2020,9,21,13,25,48,   5.2280000000
2020,9,21,13,25,48,   5.2200000000
2020,9,21,13,25,49,   5.2320000000
2020,9,21,13,25,49,   5.2280000000
2020,9,21,13,25,49,   5.2240000000
2020,9,21,13,25,50,   5.2240000000
2020,9,21,13,25,50,   5.2280000000
2020,9,21,13,25,50,   5.2240000000
2020,9,21,13,25,50,   5.2240000000
2020,9,21,13,25,51,   5.2240000000
2020,9,21,13,25,51,   5.2240000000
2020,9,21,13,25,51,   5.2280000000
2020,9,21,13,25,51,   5.2240000000
2020,9,21,13,25,52,   5.2320000000
2020,9,21,13,25,52,   5.2240000000
2020,9,21,13,25,52,   5.2240000000
2020,9,21,13,25,52,   5.2240000000
2020,9,21,13,25,53,   5.2240000000
2020,9,21,13,25,53,   5.2120000000
2020,9,21,13,25,53,   5.0880000000
2020,9,21,13,25,53,   5.2240000000
2020,9,21,13,25,54,   5.2240000000
2020,9,21,13,25,54,   5.2240000000
2020,9,21,13,25,54,   5.2240000000
2020,9,21,13,25,54,   5.2280000000
2020,9,21,13,25,55,   5.2200000000
2020,9,21,13,25,55,   5.2240000000
2020,9,21,13,25,55,   5.2240000000
2020,9,21,13,25,56,   5.2240000000
2020,9,21,13,25,56,   5.2240000000
2020,9,21,13,25,56,   5.2240000000
2020,9,21,13,25,56,   5.2280000000
2020,9,21,13,25,57,   5.2240000000
2020,9,21,13,25,57,   5.2240000000
2020,9,21,13,25,57,   5.2240000000
2020,9,21,13,25,57,   5.2240000000
2020,9,21,13,25,58,   5.2240000000
2020,9,21,13,25,58,   5.2280000000
2020,9,21,13,25,58,   5.2240000000
2020,9,21,13,25,58,   5.2200000000
2020,9,21,13,25,59,   5.2120000000
2020,9,21,13,25,59,   5.2240000000
2020,9,21,13,25,59,   5.2240000000
2020,9,21,13,25,59,   5.2240000000
2020,9,21,13,26,0,   5.2240000000
2020,9,21,13,26,0,   5.2240000000
2020,9,21,13,26,0,   5.2240000000
2020,9,21,13,26,1,   5.2240000000
2020,9,21,13,26,1,   5.2200000000
2020,9,21,13,26,1,   5.2240000000
2020,9,21,13,26,1,   5.2240000000
2020,9,21,13,26,2,   5.2240000000
2020,9,21,13,26,2,   5.2240000000
2020,9,21,13,26,2,   5.2240000000
2020,9,21,13,26,2,   5.2240000000
2020,9,21,13,26,3,   5.2280000000
2020,9,21,13,26,3,   5.2280000000
2020,9,21,13,26,3,   5.2240000000
2020,9,21,13,26,3,   5.2240000000
2020,9,21,13,26,4,   5.2240000000
2020,9,21,13,26,4,   5.2160000000
2020,9,21,13,26,4,   5.2120000000
2020,9,21,13,26,4,   5.2240000000
2020,9,21,13,26,5,   5.2240000000
2020,9,21,13,26,5,   5.2280000000
2020,9,21,13,26,5,   5.2240000000
2020,9,21,13,26,6,   5.2240000000
2020,9,21,13,26,6,   5.2200000000
2020,9,21,13,26,6,   5.2240000000
2020,9,21,13,26,6,   5.2240000000
2020,9,21,13,26,7,   5.2240000000
2020,9,21,13,26,7,   5.2240000000
2020,9,21,13,26,7,   5.2240000000
2020,9,21,13,26,7,   5.2280000000
2020,9,21,13,26,8,   5.2280000000
2020,9,21,13,26,8,   5.2240000000
2020,9,21,13,26,8,   5.2240000000
2020,9,21,13,26,8,   5.2280000000
2020,9,21,13,26,9,   5.2240000000
2020,9,21,13,26,9,   5.2240000000
2020,9,21,13,26,9,   5.2240000000
2020,9,21,13,26,9,   5.0960000000
2020,9,21,13,26,10,   5.2240000000
2020,9,21,13,26,10,   5.2240000000
2020,9,21,13,26,10,   5.2240000000
2020,9,21,13,26,11,   5.2240000000
2020,9,21,13,26,11,   5.2240000000
2020,9,21,13,26,11,   5.2240000000
2020,9,21,13,26,11,   5.2240000000
2020,9,21,13,26,12,   5.2240000000
2020,9,21,13,26,12,   5.2240000000
2020,9,21,13,26,12,   5.2240000000
2020,9,21,13,26,12,   5.2200000000
2020,9,21,13,26,13,   5.2240000000
2020,9,21,13,26,13,   5.2240000000
2020,9,21,13,26,13,   5.2280000000
2020,9,21,13,26,13,   5.2240000000
2020,9,21,13,26,14,   5.2240000000
2020,9,21,13,26,14,   5.2240000000
2020,9,21,13,26,14,   5.2120000000
2020,9,21,13,26,14,   5.1040000000
2020,9,21,13,26,15,   5.2240000000
2020,9,21,13,26,15,   5.2240000000
2020,9,21,13,26,15,   5.2240000000
2020,9,21,13,26,16,   5.2240000000
2020,9,21,13,26,16,   5.2240000000
2020,9,21,13,26,16,   5.2240000000
2020,9,21,13,26,16,   5.2280000000
2020,9,21,13,26,17,   5.2240000000
2020,9,21,13,26,17,   5.2240000000
2020,9,21,13,26,17,   5.2240000000
2020,9,21,13,26,17,   5.2200000000
2020,9,21,13,26,18,   5.2240000000
2020,9,21,13,26,18,   5.2280000000
2020,9,21,13,26,18,   5.2240000000
2020,9,21,13,26,18,   5.2320000000
2020,9,21,13,26,19,   5.2240000000
2020,9,21,13,26,19,   5.2240000000
2020,9,21,13,26,19,   5.2280000000
2020,9,21,13,26,20,   5.2280000000
2020,9,21,13,26,20,   5.2160000000
2020,9,21,13,26,20,   5.2120000000
2020,9,21,13,26,20,   5.2240000000
2020,9,21,13,26,21,   5.2320000000
2020,9,21,13,26,21,   5.2240000000
2020,9,21,13,26,21,   5.2240000000
2020,9,21,13,26,21,   5.2240000000
2020,9,21,13,26,22,   5.2240000000
2020,9,21,13,26,22,   5.2240000000
2020,9,21,13,26,22,   5.2240000000
2020,9,21,13,26,22,   5.2240000000
2020,9,21,13,26,23,   5.2240000000
2020,9,21,13,26,23,   5.2280000000
2020,9,21,13,26,23,   5.2240000000
2020,9,21,13,26,23,   5.2280000000
2020,9,21,13,26,24,   5.2280000000
2020,9,21,13,26,24,   5.2280000000
2020,9,21,13,26,24,   5.2320000000
2020,9,21,13,26,25,   5.2240000000
2020,9,21,13,26,25,   5.2240000000
2020,9,21,13,26,25,   5.2240000000
2020,9,21,13,26,25,   5.2080000000
2020,9,21,13,26,26,   5.2160000000
2020,9,21,13,26,26,   5.2240000000
2020,9,21,13,26,26,   5.2240000000
2020,9,21,13,26,26,   5.2240000000
2020,9,21,13,26,27,   5.2280000000
2020,9,21,13,26,27,   5.2280000000
2020,9,21,13,26,27,   5.2240000000
2020,9,21,13,26,27,   5.2200000000
2020,9,21,13,26,28,   5.2240000000
2020,9,21,13,26,28,   5.2280000000
2020,9,21,13,26,28,   5.2320000000
2020,9,21,13,26,28,   5.2280000000
2020,9,21,13,26,29,   5.2240000000
2020,9,21,13,26,29,   5.2240000000
2020,9,21,13,26,29,   5.2240000000
2020,9,21,13,26,30,   5.2240000000
2020,9,21,13,26,30,   5.2240000000
2020,9,21,13,26,30,   5.2200000000
2020,9,21,13,26,30,   5.2240000000
2020,9,21,13,26,31,   5.2320000000
2020,9,21,13,26,31,   5.2160000000
2020,9,21,13,26,31,   5.2200000000
2020,9,21,13,26,31,   5.2240000000
2020,9,21,13,26,32,   5.2280000000
2020,9,21,13,26,32,   5.2240000000
2020,9,21,13,26,32,   5.2240000000
2020,9,21,13,26,32,   5.2320000000
2020,9,21,13,26,33,   5.2240000000
2020,9,21,13,26,33,   5.2240000000
2020,9,21,13,26,33,   5.2240000000
2020,9,21,13,26,34,   5.2240000000
2020,9,21,13,26,34,   5.2200000000
2020,9,21,13,26,34,   5.2240000000
2020,9,21,13,26,34,   5.2240000000
2020,9,21,13,26,35,   5.2240000000
2020,9,21,13,26,35,   5.2240000000
2020,9,21,13,26,35,   5.2240000000
2020,9,21,13,26,35,   5.2240000000
2020,9,21,13,26,36,   5.2240000000
2020,9,21,13,26,36,   5.2240000000
2020,9,21,13,26,36,   5.2240000000
2020,9,21,13,26,36,   5.2120000000
2020,9,21,13,26,37,   5.2240000000
2020,9,21,13,26,37,   5.2240000000
2020,9,21,13,26,37,   5.2240000000
2020,9,21,13,26,37,   5.2240000000
2020,9,21,13,26,38,   5.2160000000
2020,9,21,13,26,38,   5.2240000000
2020,9,21,13,26,38,   5.2240000000
2020,9,21,13,26,38,   5.2240000000
2020,9,21,13,26,39,   5.2240000000
2020,9,21,13,26,39,   5.2200000000
2020,9,21,13,26,39,   5.2240000000
2020,9,21,13,26,40,   5.2240000000
2020,9,21,13,26,40,   5.2200000000
2020,9,21,13,26,40,   5.2240000000
2020,9,21,13,26,40,   5.2240000000
2020,9,21,13,26,41,   5.2240000000
2020,9,21,13,26,41,   5.2280000000
2020,9,21,13,26,41,   5.2240000000
2020,9,21,13,26,41,   5.2280000000
2020,9,21,13,26,42,   5.2240000000
2020,9,21,13,26,42,   5.2120000000
2020,9,21,13,26,42,   5.2120000000
2020,9,21,13,26,42,   5.2240000000
2020,9,21,13,26,43,   5.2240000000
2020,9,21,13,26,43,   5.2280000000
2020,9,21,13,26,43,   5.2240000000
2020,9,21,13,26,43,   5.2240000000
2020,9,21,13,26,44,   5.2240000000
2020,9,21,13,26,44,   5.2280000000
2020,9,21,13,26,44,   5.2320000000
2020,9,21,13,26,45,   5.2240000000
2020,9,21,13,26,45,   5.2240000000
2020,9,21,13,26,45,   5.2240000000
2020,9,21,13,26,45,   5.2240000000
2020,9,21,13,26,46,   5.2240000000
2020,9,21,13,26,46,   5.2240000000
2020,9,21,13,26,46,   5.2240000000
2020,9,21,13,26,46,   5.2240000000
2020,9,21,13,26,47,   5.2280000000
2020,9,21,13,26,47,   5.2240000000
2020,9,21,13,26,47,   5.2240000000
2020,9,21,13,26,47,   5.2120000000
2020,9,21,13,26,48,   5.2120000000
2020,9,21,13,26,48,   5.2240000000
2020,9,21,13,26,48,   5.2240000000
2020,9,21,13,26,48,   5.2200000000
2020,9,21,13,26,49,   5.2240000000
2020,9,21,13,26,49,   5.2240000000
2020,9,21,13,26,49,   5.2200000000
2020,9,21,13,26,49,   5.2240000000
2020,9,21,13,26,50,   5.2240000000
2020,9,21,13,26,50,   5.2240000000
2020,9,21,13,26,50,   5.2240000000
2020,9,21,13,26,51,   5.2200000000
2020,9,21,13,26,51,   5.2240000000
2020,9,21,13,26,51,   5.2240000000
2020,9,21,13,26,51,   5.2280000000
2020,9,21,13,26,52,   5.2240000000
2020,9,21,13,26,52,   5.2240000000
2020,9,21,13,26,52,   5.2240000000
2020,9,21,13,26,52,   5.2240000000
2020,9,21,13,26,53,   5.2200000000
2020,9,21,13,26,53,   5.2120000000
2020,9,21,13,26,53,   5.2120000000
2020,9,21,13,26,53,   5.2240000000
2020,9,21,13,26,54,   5.2240000000
2020,9,21,13,26,54,   5.2200000000
2020,9,21,13,26,54,   5.2240000000
2020,9,21,13,26,54,   5.2240000000
2020,9,21,13,26,55,   5.2240000000
2020,9,21,13,26,55,   5.2240000000
2020,9,21,13,26,55,   5.2240000000
2020,9,21,13,26,56,   5.2240000000
2020,9,21,13,26,56,   5.2280000000
2020,9,21,13,26,56,   5.2240000000
2020,9,21,13,26,56,   5.2200000000
2020,9,21,13,26,57,   5.2240000000
2020,9,21,13,26,57,   5.2280000000
2020,9,21,13,26,57,   5.2240000000
2020,9,21,13,26,57,   5.2240000000
2020,9,21,13,26,58,   5.2240000000
2020,9,21,13,26,58,   5.2240000000
2020,9,21,13,26,58,   5.2240000000
2020,9,21,13,26,58,   5.2160000000
2020,9,21,13,26,59,   5.2120000000
2020,9,21,13,26,59,   5.2240000000
2020,9,21,13,26,59,   5.2200000000
2020,9,21,13,26,59,   5.2280000000
2020,9,21,13,27,0,   5.2240000000
2020,9,21,13,27,0,   5.2240000000
2020,9,21,13,27,0,   5.2280000000
2020,9,21,13,27,0,   5.2240000000
2020,9,21,13,27,1,   5.2240000000
2020,9,21,13,27,1,   5.2240000000
2020,9,21,13,27,1,   5.2240000000
2020,9,21,13,27,2,   5.2240000000
2020,9,21,13,27,2,   5.2240000000
2020,9,21,13,27,2,   5.2240000000
2020,9,21,13,27,2,   5.2240000000
2020,9,21,13,27,3,   5.2240000000
2020,9,21,13,27,3,   5.2280000000
2020,9,21,13,27,3,   5.2280000000
2020,9,21,13,27,3,   5.2280000000
2020,9,21,13,27,4,   5.2240000000
2020,9,21,13,27,4,   5.2160000000
2020,9,21,13,27,4,   5.2120000000
2020,9,21,13,27,4,   5.2200000000
2020,9,21,13,27,5,   5.2240000000
2020,9,21,13,27,5,   5.2240000000
2020,9,21,13,27,5,   5.2240000000
2020,9,21,13,27,6,   5.2200000000
2020,9,21,13,27,6,   5.2240000000
2020,9,21,13,27,6,   5.2280000000
2020,9,21,13,27,6,   5.2240000000
2020,9,21,13,27,7,   5.2240000000
2020,9,21,13,27,7,   5.2280000000
2020,9,21,13,27,7,   5.2240000000
2020,9,21,13,27,7,   5.2240000000
2020,9,21,13,27,8,   5.2200000000
2020,9,21,13,27,8,   5.2240000000
2020,9,21,13,27,8,   5.2240000000
2020,9,21,13,27,8,   5.2240000000
2020,9,21,13,27,9,   5.2240000000
2020,9,21,13,27,9,   5.2240000000
2020,9,21,13,27,9,   5.2240000000
2020,9,21,13,27,9,   5.2120000000
2020,9,21,13,27,10,   5.2120000000
2020,9,21,13,27,10,   5.2240000000
2020,9,21,13,27,10,   5.2240000000
2020,9,21,13,27,11,   5.2240000000
2020,9,21,13,27,11,   5.2240000000
2020,9,21,13,27,11,   5.2240000000
2020,9,21,13,27,11,   5.2240000000
2020,9,21,13,27,12,   5.2280000000
2020,9,21,13,27,12,   5.2240000000
2020,9,21,13,27,12,   5.2240000000
2020,9,21,13,27,12,   5.2240000000
2020,9,21,13,27,13,   5.2240000000
2020,9,21,13,27,13,   5.2280000000
2020,9,21,13,27,13,   5.2200000000
2020,9,21,13,27,13,   5.2240000000
2020,9,21,13,27,14,   5.2240000000
2020,9,21,13,27,14,   5.2240000000
2020,9,21,13,27,14,   5.2080000000
2020,9,21,13,27,14,   5.2160000000
2020,9,21,13,27,15,   5.2240000000
2020,9,21,13,27,15,   5.2200000000
2020,9,21,13,27,15,   5.2280000000
2020,9,21,13,27,16,   5.2240000000
2020,9,21,13,27,16,   5.2240000000
2020,9,21,13,27,16,   5.2240000000
2020,9,21,13,27,16,   5.2240000000
2020,9,21,13,27,17,   5.2240000000
2020,9,21,13,27,17,   5.2240000000
2020,9,21,13,27,17,   5.2240000000
2020,9,21,13,27,17,   5.2240000000
2020,9,21,13,27,18,   5.2200000000
2020,9,21,13,27,18,   5.2200000000
2020,9,21,13,27,18,   5.2240000000
2020,9,21,13,27,18,   5.2240000000
2020,9,21,13,27,19,   5.2200000000
2020,9,21,13,27,19,   5.2240000000
2020,9,21,13,27,19,   5.2280000000
2020,9,21,13,27,19,   5.2240000000
2020,9,21,13,27,20,   5.2120000000
2020,9,21,13,27,20,   5.2120000000
2020,9,21,13,27,20,   5.2240000000
2020,9,21,13,27,20,   5.2240000000
2020,9,21,13,27,21,   5.2240000000
2020,9,21,13,27,21,   5.2240000000
2020,9,21,13,27,21,   5.2240000000
2020,9,21,13,27,22,   5.2240000000
2020,9,21,13,27,22,   5.2240000000
2020,9,21,13,27,22,   5.2240000000
2020,9,21,13,27,22,   5.2240000000
2020,9,21,13,27,23,   5.2240000000
2020,9,21,13,27,23,   5.2240000000
2020,9,21,13,27,23,   5.2240000000
2020,9,21,13,27,23,   5.2240000000
2020,9,21,13,27,24,   5.2240000000
2020,9,21,13,27,24,   5.2240000000
2020,9,21,13,27,24,   5.2240000000
2020,9,21,13,27,24,   5.2280000000
2020,9,21,13,27,25,   5.2240000000
2020,9,21,13,27,25,   5.2240000000
2020,9,21,13,27,25,   5.2200000000
2020,9,21,13,27,25,   5.2160000000
2020,9,21,13,27,26,   5.2200000000
2020,9,21,13,27,26,   5.2240000000
2020,9,21,13,27,26,   5.2240000000
2020,9,21,13,27,26,   5.2240000000
2020,9,21,13,27,27,   5.2280000000
2020,9,21,13,27,27,   5.2240000000
2020,9,21,13,27,27,   5.2240000000
2020,9,21,13,27,28,   5.2240000000
2020,9,21,13,27,28,   5.2240000000
2020,9,21,13,27,28,   5.2240000000
2020,9,21,13,27,28,   5.2240000000
2020,9,21,13,27,29,   5.2320000000
2020,9,21,13,27,29,   5.2240000000
2020,9,21,13,27,29,   5.2240000000
2020,9,21,13,27,29,   5.2240000000
2020,9,21,13,27,30,   5.2240000000
2020,9,21,13,27,30,   5.2240000000
2020,9,21,13,27,30,   5.2240000000
2020,9,21,13,27,30,   5.2240000000
2020,9,21,13,27,31,   5.0840000000
2020,9,21,13,27,31,   5.2160000000
2020,9,21,13,27,31,   5.2240000000
2020,9,21,13,27,31,   5.2200000000
2020,9,21,13,27,32,   5.2240000000
2020,9,21,13,27,32,   5.2200000000
2020,9,21,13,27,32,   5.2240000000
2020,9,21,13,27,33,   5.2240000000
2020,9,21,13,27,33,   5.2200000000
2020,9,21,13,27,33,   5.2240000000
2020,9,21,13,27,33,   5.2240000000
2020,9,21,13,27,34,   5.2200000000
2020,9,21,13,27,34,   5.2240000000
2020,9,21,13,27,34,   5.2240000000
2020,9,21,13,27,34,   5.2240000000
2020,9,21,13,27,35,   5.2240000000
2020,9,21,13,27,35,   5.2240000000
2020,9,21,13,27,35,   5.2240000000
2020,9,21,13,27,35,   5.2240000000
2020,9,21,13,27,36,   5.2240000000
2020,9,21,13,27,36,   5.2320000000
2020,9,21,13,27,36,   5.2120000000
2020,9,21,13,27,36,   5.2120000000
2020,9,21,13,27,37,   5.2240000000
2020,9,21,13,27,37,   5.2240000000
2020,9,21,13,27,37,   5.2200000000
2020,9,21,13,27,38,   5.2240000000
2020,9,21,13,27,38,   5.2240000000
2020,9,21,13,27,38,   5.2280000000
2020,9,21,13,27,38,   5.2200000000
2020,9,21,13,27,39,   5.2240000000
2020,9,21,13,27,39,   5.2200000000
2020,9,21,13,27,39,   5.2200000000
2020,9,21,13,27,39,   5.2200000000
2020,9,21,13,27,40,   5.2200000000
2020,9,21,13,27,40,   5.2240000000
2020,9,21,13,27,40,   5.2200000000
2020,9,21,13,27,40,   5.2240000000
2020,9,21,13,27,41,   5.2240000000
2020,9,21,13,27,41,   5.2240000000
2020,9,21,13,27,41,   5.2240000000
2020,9,21,13,27,42,   5.2240000000
2020,9,21,13,27,42,   5.2120000000
2020,9,21,13,27,42,   5.2080000000
2020,9,21,13,27,42,   5.2240000000
2020,9,21,13,27,43,   5.2240000000
2020,9,21,13,27,43,   5.2200000000
2020,9,21,13,27,43,   5.2240000000
2020,9,21,13,27,43,   5.2200000000
2020,9,21,13,27,44,   5.2200000000
2020,9,21,13,27,44,   5.2200000000
2020,9,21,13,27,44,   5.2240000000
2020,9,21,13,27,44,   5.2240000000
2020,9,21,13,27,45,   5.2240000000
2020,9,21,13,27,45,   5.2200000000
2020,9,21,13,27,45,   5.2200000000
2020,9,21,13,27,45,   5.2320000000
2020,9,21,13,27,46,   5.2240000000
2020,9,21,13,27,46,   5.2240000000
2020,9,21,13,27,46,   5.2280000000
2020,9,21,13,27,47,   5.2240000000
2020,9,21,13,27,47,   5.2240000000
2020,9,21,13,27,47,   5.2240000000
2020,9,21,13,27,47,   5.2000000000
2020,9,21,13,27,48,   5.2160000000
2020,9,21,13,27,48,   5.2200000000
2020,9,21,13,27,48,   5.2240000000
2020,9,21,13,27,48,   5.2240000000
2020,9,21,13,27,49,   5.2280000000
2020,9,21,13,27,49,   5.2200000000
2020,9,21,13,27,49,   5.2240000000
2020,9,21,13,27,49,   5.2240000000
2020,9,21,13,27,50,   5.2240000000
2020,9,21,13,27,50,   5.2320000000
2020,9,21,13,27,50,   5.2200000000
2020,9,21,13,27,50,   5.2200000000
2020,9,21,13,27,51,   5.2240000000
2020,9,21,13,27,51,   5.2200000000
2020,9,21,13,27,51,   5.2240000000
2020,9,21,13,27,51,   5.2200000000
2020,9,21,13,27,52,   5.2240000000
2020,9,21,13,27,52,   5.2240000000
2020,9,21,13,27,52,   5.2240000000
2020,9,21,13,27,53,   5.2240000000
2020,9,21,13,27,53,   5.2160000000
2020,9,21,13,27,53,   5.2120000000
2020,9,21,13,27,53,   5.2200000000
2020,9,21,13,27,54,   5.2280000000
2020,9,21,13,27,54,   5.2200000000
2020,9,21,13,27,54,   5.2280000000
2020,9,21,13,27,54,   5.2240000000
2020,9,21,13,27,55,   5.2240000000
2020,9,21,13,27,55,   5.2280000000
2020,9,21,13,27,55,   5.2200000000
2020,9,21,13,27,55,   5.2280000000
2020,9,21,13,27,56,   5.2240000000
2020,9,21,13,27,56,   5.2280000000
2020,9,21,13,27,56,   5.2240000000
2020,9,21,13,27,56,   5.2280000000
2020,9,21,13,27,57,   5.2200000000
2020,9,21,13,27,57,   5.2240000000
2020,9,21,13,27,57,   5.2240000000
2020,9,21,13,27,58,   5.2240000000
2020,9,21,13,27,58,   5.2240000000
2020,9,21,13,27,58,   5.2320000000
2020,9,21,13,27,58,   5.2080000000
2020,9,21,13,27,59,   5.2120000000
2020,9,21,13,27,59,   5.2240000000
2020,9,21,13,27,59,   5.2240000000
2020,9,21,13,27,59,   5.2240000000
2020,9,21,13,28,0,   5.2240000000
2020,9,21,13,28,0,   5.2240000000
2020,9,21,13,28,0,   5.2240000000
2020,9,21,13,28,0,   5.2280000000
2020,9,21,13,28,1,   5.2200000000
2020,9,21,13,28,1,   5.2280000000
2020,9,21,13,28,1,   5.2200000000
2020,9,21,13,28,1,   5.2240000000
2020,9,21,13,28,2,   5.2240000000
2020,9,21,13,28,2,   5.2240000000
2020,9,21,13,28,2,   5.2280000000
2020,9,21,13,28,3,   5.2280000000
2020,9,21,13,28,3,   5.2200000000
2020,9,21,13,28,3,   5.2240000000
2020,9,21,13,28,3,   5.2240000000
2020,9,21,13,28,4,   5.2280000000
2020,9,21,13,28,4,   5.2280000000
2020,9,21,13,28,4,   5.2080000000
2020,9,21,13,28,4,   5.2240000000
2020,9,21,13,28,5,   5.2200000000
2020,9,21,13,28,5,   5.2240000000
2020,9,21,13,28,5,   5.2240000000
2020,9,21,13,28,5,   5.2240000000
2020,9,21,13,28,6,   5.2240000000
2020,9,21,13,28,6,   5.2200000000
2020,9,21,13,28,6,   5.2240000000
2020,9,21,13,28,6,   5.2280000000
2020,9,21,13,28,7,   5.2240000000
2020,9,21,13,28,7,   5.2320000000
2020,9,21,13,28,7,   5.2240000000
2020,9,21,13,28,7,   5.2240000000
2020,9,21,13,28,8,   5.2320000000
2020,9,21,13,28,8,   5.2240000000
2020,9,21,13,28,8,   5.2240000000
2020,9,21,13,28,9,   5.2240000000
2020,9,21,13,28,9,   5.2240000000
2020,9,21,13,28,9,   5.2280000000
2020,9,21,13,28,9,   5.2240000000
2020,9,21,13,28,10,   5.2120000000
2020,9,21,13,28,10,   5.2080000000
2020,9,21,13,28,10,   5.2240000000
2020,9,21,13,28,10,   5.2200000000
2020,9,21,13,28,11,   5.2240000000
2020,9,21,13,28,11,   5.2240000000
2020,9,21,13,28,11,   5.2240000000
2020,9,21,13,28,11,   5.2240000000
2020,9,21,13,28,12,   5.2240000000
2020,9,21,13,28,12,   5.2280000000
2020,9,21,13,28,12,   5.2240000000
2020,9,21,13,28,13,   5.2280000000
2020,9,21,13,28,13,   5.2280000000
2020,9,21,13,28,13,   5.2240000000
2020,9,21,13,28,13,   5.2240000000
2020,9,21,13,28,14,   5.2240000000
2020,9,21,13,28,14,   5.2240000000
2020,9,21,13,28,14,   5.2160000000
2020,9,21,13,28,14,   5.2080000000
2020,9,21,13,28,15,   5.2280000000
2020,9,21,13,28,15,   5.2240000000
2020,9,21,13,28,15,   5.2240000000
2020,9,21,13,28,15,   5.2240000000
2020,9,21,13,28,16,   5.2240000000
2020,9,21,13,28,16,   5.2240000000
2020,9,21,13,28,16,   5.2240000000
2020,9,21,13,28,16,   5.2280000000
2020,9,21,13,28,17,   5.2240000000
2020,9,21,13,28,17,   5.2240000000
2020,9,21,13,28,17,   5.2280000000
2020,9,21,13,28,17,   5.2200000000
2020,9,21,13,28,18,   5.2240000000
2020,9,21,13,28,18,   5.2240000000
2020,9,21,13,28,18,   5.2240000000
2020,9,21,13,28,19,   5.2240000000
2020,9,21,13,28,19,   5.2240000000
2020,9,21,13,28,19,   5.2240000000
2020,9,21,13,28,19,   5.2160000000
2020,9,21,13,28,20,   5.1120000000
2020,9,21,13,28,20,   5.2160000000
2020,9,21,13,28,20,   5.2200000000
2020,9,21,13,28,20,   5.2240000000
2020,9,21,13,28,21,   5.2240000000
2020,9,21,13,28,21,   5.2240000000
2020,9,21,13,28,21,   5.2240000000
2020,9,21,13,28,21,   5.2280000000
2020,9,21,13,28,22,   5.2280000000
2020,9,21,13,28,22,   5.2240000000
2020,9,21,13,28,22,   5.2240000000
2020,9,21,13,28,22,   5.2240000000
2020,9,21,13,28,23,   5.2240000000
2020,9,21,13,28,23,   5.2240000000
2020,9,21,13,28,23,   5.2240000000
2020,9,21,13,28,24,   5.2200000000
2020,9,21,13,28,24,   5.2240000000
2020,9,21,13,28,24,   5.2200000000
2020,9,21,13,28,24,   5.2160000000
2020,9,21,13,28,25,   5.2240000000
2020,9,21,13,28,25,   5.2240000000
2020,9,21,13,28,25,   5.2120000000
2020,9,21,13,28,25,   5.2080000000
2020,9,21,13,28,26,   5.2200000000
2020,9,21,13,28,26,   5.2240000000
2020,9,21,13,28,26,   5.2240000000
2020,9,21,13,28,26,   5.2240000000
2020,9,21,13,28,27,   5.2240000000
2020,9,21,13,28,27,   5.2240000000
2020,9,21,13,28,27,   5.2240000000
2020,9,21,13,28,28,   5.2200000000
2020,9,21,13,28,28,   5.2280000000
2020,9,21,13,28,28,   5.2240000000
2020,9,21,13,28,28,   5.2240000000
2020,9,21,13,28,29,   5.2240000000
2020,9,21,13,28,29,   5.2240000000
2020,9,21,13,28,29,   5.2240000000
2020,9,21,13,28,29,   5.2240000000
2020,9,21,13,28,30,   5.2240000000
2020,9,21,13,28,30,   5.2240000000
2020,9,21,13,28,30,   5.2240000000
2020,9,21,13,28,30,   5.2280000000
2020,9,21,13,28,31,   5.2040000000
2020,9,21,13,28,31,   5.2120000000
2020,9,21,13,28,31,   5.2240000000
2020,9,21,13,28,31,   5.2240000000
2020,9,21,13,28,32,   5.2240000000
2020,9,21,13,28,32,   5.2240000000
2020,9,21,13,28,32,   5.2240000000
2020,9,21,13,28,33,   5.2240000000
2020,9,21,13,28,33,   5.2280000000
2020,9,21,13,28,33,   5.2240000000
2020,9,21,13,28,33,   5.2240000000
2020,9,21,13,28,34,   5.2240000000
2020,9,21,13,28,34,   5.2280000000
2020,9,21,13,28,34,   5.2240000000
2020,9,21,13,28,34,   5.2160000000
2020,9,21,13,28,35,   5.2240000000
2020,9,21,13,28,35,   5.2240000000
2020,9,21,13,28,35,   5.2240000000
2020,9,21,13,28,35,   5.2320000000
2020,9,21,13,28,36,   5.2280000000
2020,9,21,13,28,36,   5.2160000000
2020,9,21,13,28,36,   5.2160000000
2020,9,21,13,28,36,   5.2200000000
2020,9,21,13,28,37,   5.2200000000
2020,9,21,13,28,37,   5.2280000000
2020,9,21,13,28,37,   5.2240000000
2020,9,21,13,28,38,   5.2240000000
2020,9,21,13,28,38,   5.2240000000
2020,9,21,13,28,38,   5.2240000000
2020,9,21,13,28,38,   5.2240000000
2020,9,21,13,28,39,   5.2240000000
2020,9,21,13,28,39,   5.2240000000
2020,9,21,13,28,39,   5.2240000000
2020,9,21,13,28,39,   5.2280000000
2020,9,21,13,28,40,   5.2240000000
2020,9,21,13,28,40,   5.2240000000
2020,9,21,13,28,40,   5.2240000000
2020,9,21,13,28,40,   5.2240000000
2020,9,21,13,28,41,   5.2240000000
2020,9,21,13,28,41,   5.2240000000
2020,9,21,13,28,41,   5.2240000000
2020,9,21,13,28,41,   5.2280000000
2020,9,21,13,28,42,   5.2320000000
2020,9,21,13,28,42,   5.2160000000
2020,9,21,13,28,42,   5.2280000000
2020,9,21,13,28,42,   5.2240000000
2020,9,21,13,28,43,   5.2240000000
2020,9,21,13,28,43,   5.2280000000
2020,9,21,13,28,43,   5.2240000000
2020,9,21,13,28,44,   5.2240000000
2020,9,21,13,28,44,   5.2240000000
2020,9,21,13,28,44,   5.2280000000
2020,9,21,13,28,44,   5.2240000000
2020,9,21,13,28,45,   5.2240000000
2020,9,21,13,28,45,   5.2240000000
2020,9,21,13,28,45,   5.2200000000
2020,9,21,13,28,45,   5.2240000000
2020,9,21,13,28,46,   5.2240000000
2020,9,21,13,28,46,   5.2200000000
2020,9,21,13,28,46,   5.2280000000
2020,9,21,13,28,46,   5.2240000000
2020,9,21,13,28,47,   5.2240000000
2020,9,21,13,28,47,   5.2200000000
2020,9,21,13,28,47,   5.2240000000
2020,9,21,13,28,47,   5.2080000000
2020,9,21,13,28,48,   5.2120000000
2020,9,21,13,28,48,   5.2240000000
2020,9,21,13,28,48,   5.2240000000
2020,9,21,13,28,49,   5.2240000000
2020,9,21,13,28,49,   5.2240000000
2020,9,21,13,28,49,   5.2240000000
2020,9,21,13,28,49,   5.2240000000
2020,9,21,13,28,50,   5.2240000000
2020,9,21,13,28,50,   5.2320000000
2020,9,21,13,28,50,   5.2240000000
2020,9,21,13,28,50,   5.2240000000
2020,9,21,13,28,51,   5.2200000000
2020,9,21,13,28,51,   5.2240000000
2020,9,21,13,28,51,   5.2240000000
2020,9,21,13,28,51,   5.2240000000
2020,9,21,13,28,52,   5.2280000000
2020,9,21,13,28,52,   5.2240000000
2020,9,21,13,28,52,   5.2200000000
2020,9,21,13,28,52,   5.2280000000
2020,9,21,13,28,53,   5.2240000000
2020,9,21,13,28,53,   5.0840000000
2020,9,21,13,28,53,   5.2120000000
2020,9,21,13,28,53,   5.2280000000
2020,9,21,13,28,54,   5.2160000000
2020,9,21,13,28,54,   5.2240000000
2020,9,21,13,28,54,   5.2320000000
2020,9,21,13,28,55,   5.2240000000
2020,9,21,13,28,55,   5.2240000000
2020,9,21,13,28,55,   5.2280000000
2020,9,21,13,28,55,   5.2200000000
2020,9,21,13,28,56,   5.2240000000
2020,9,21,13,28,56,   5.2240000000
2020,9,21,13,28,56,   5.2320000000
2020,9,21,13,28,56,   5.2240000000
2020,9,21,13,28,57,   5.2240000000
2020,9,21,13,28,57,   5.2240000000
2020,9,21,13,28,57,   5.2240000000
2020,9,21,13,28,57,   5.2240000000
2020,9,21,13,28,58,   5.2240000000
2020,9,21,13,28,58,   5.2240000000
2020,9,21,13,28,58,   5.2160000000
2020,9,21,13,28,58,   5.2200000000
2020,9,21,13,28,59,   5.2080000000
2020,9,21,13,28,59,   5.2240000000
2020,9,21,13,28,59,   5.2240000000
2020,9,21,13,29,0,   5.2200000000
2020,9,21,13,29,0,   5.2320000000
2020,9,21,13,29,0,   5.2280000000
2020,9,21,13,29,0,   5.2240000000
2020,9,21,13,29,1,   5.2200000000
2020,9,21,13,29,1,   5.2280000000
2020,9,21,13,29,1,   5.2240000000
2020,9,21,13,29,1,   5.2240000000
2020,9,21,13,29,2,   5.2280000000
2020,9,21,13,29,2,   5.2240000000
2020,9,21,13,29,2,   5.2120000000
2020,9,21,13,29,2,   5.2240000000
2020,9,21,13,29,3,   5.2240000000
2020,9,21,13,29,3,   5.2200000000
2020,9,21,13,29,3,   5.2240000000
2020,9,21,13,29,3,   5.2240000000
2020,9,21,13,29,4,   5.2240000000
2020,9,21,13,29,4,   5.0840000000
2020,9,21,13,29,4,   5.2080000000
2020,9,21,13,29,5,   5.2200000000
2020,9,21,13,29,5,   5.2320000000
2020,9,21,13,29,5,   5.2240000000
2020,9,21,13,29,5,   5.2240000000
2020,9,21,13,29,6,   5.2200000000
2020,9,21,13,29,6,   5.2240000000
2020,9,21,13,29,6,   5.2240000000
2020,9,21,13,29,6,   5.2240000000
2020,9,21,13,29,7,   5.2280000000
2020,9,21,13,29,7,   5.2240000000
2020,9,21,13,29,7,   5.2240000000
2020,9,21,13,29,7,   5.2200000000
2020,9,21,13,29,8,   5.2240000000
2020,9,21,13,29,8,   5.2240000000
2020,9,21,13,29,8,   5.2280000000
2020,9,21,13,29,8,   5.2240000000
2020,9,21,13,29,9,   5.2240000000
2020,9,21,13,29,9,   5.2240000000
2020,9,21,13,29,9,   5.2240000000
2020,9,21,13,29,10,   5.0880000000
2020,9,21,13,29,10,   5.0880000000
2020,9,21,13,29,10,   5.2200000000
2020,9,21,13,29,10,   5.2240000000
2020,9,21,13,29,11,   5.2240000000
2020,9,21,13,29,11,   5.2240000000
2020,9,21,13,29,11,   5.2240000000
2020,9,21,13,29,11,   5.2240000000
2020,9,21,13,29,12,   5.2320000000
2020,9,21,13,29,12,   5.2240000000
2020,9,21,13,29,12,   5.2240000000
2020,9,21,13,29,12,   5.2280000000
2020,9,21,13,29,13,   5.2240000000
2020,9,21,13,29,13,   5.2240000000
2020,9,21,13,29,13,   5.2240000000
2020,9,21,13,29,13,   5.2200000000
2020,9,21,13,29,14,   5.2280000000
2020,9,21,13,29,14,   5.2240000000
2020,9,21,13,29,14,   5.2240000000
2020,9,21,13,29,15,   5.2160000000
2020,9,21,13,29,15,   5.2240000000
2020,9,21,13,29,15,   5.2240000000
2020,9,21,13,29,15,   5.2240000000
2020,9,21,13,29,16,   5.2280000000
2020,9,21,13,29,16,   5.2240000000
2020,9,21,13,29,16,   5.2240000000
2020,9,21,13,29,16,   5.2240000000
2020,9,21,13,29,17,   5.2280000000
2020,9,21,13,29,17,   5.2240000000
2020,9,21,13,29,17,   5.2240000000
2020,9,21,13,29,17,   5.2240000000
2020,9,21,13,29,18,   5.2240000000
2020,9,21,13,29,18,   5.2240000000
2020,9,21,13,29,18,   5.2240000000
2020,9,21,13,29,18,   5.2240000000
2020,9,21,13,29,19,   5.2280000000
2020,9,21,13,29,19,   5.2240000000
2020,9,21,13,29,19,   5.2200000000
2020,9,21,13,29,20,   5.2240000000
2020,9,21,13,29,20,   5.2160000000
2020,9,21,13,29,20,   5.2080000000
2020,9,21,13,29,20,   5.2240000000
2020,9,21,13,29,21,   5.2240000000
2020,9,21,13,29,21,   5.2240000000
2020,9,21,13,29,21,   5.2280000000
2020,9,21,13,29,21,   5.2240000000
2020,9,21,13,29,22,   5.2240000000
2020,9,21,13,29,22,   5.2240000000
2020,9,21,13,29,22,   5.2240000000
2020,9,21,13,29,22,   5.2240000000
2020,9,21,13,29,23,   5.2240000000
2020,9,21,13,29,23,   5.2240000000
2020,9,21,13,29,23,   5.2240000000
2020,9,21,13,29,24,   5.2240000000
2020,9,21,13,29,24,   5.2240000000
2020,9,21,13,29,24,   5.2200000000
2020,9,21,13,29,24,   5.2320000000
2020,9,21,13,29,25,   5.2240000000
2020,9,21,13,29,25,   5.2240000000
2020,9,21,13,29,25,   5.2120000000
2020,9,21,13,29,25,   5.2040000000
2020,9,21,13,29,26,   5.2240000000
2020,9,21,13,29,26,   5.2240000000
2020,9,21,13,29,26,   5.2240000000
2020,9,21,13,29,26,   5.2280000000
2020,9,21,13,29,27,   5.2240000000
2020,9,21,13,29,27,   5.2240000000
2020,9,21,13,29,27,   5.2240000000
2020,9,21,13,29,28,   5.2240000000
2020,9,21,13,29,28,   5.2280000000
2020,9,21,13,29,28,   5.2240000000
2020,9,21,13,29,28,   5.2240000000
2020,9,21,13,29,29,   5.2240000000
2020,9,21,13,29,29,   5.2240000000
2020,9,21,13,29,29,   5.2240000000
2020,9,21,13,29,29,   5.2280000000
2020,9,21,13,29,30,   5.2240000000
2020,9,21,13,29,30,   5.2240000000
2020,9,21,13,29,30,   5.2240000000
2020,9,21,13,29,30,   5.2320000000
2020,9,21,13,29,31,   5.2120000000
2020,9,21,13,29,31,   5.2080000000
2020,9,21,13,29,31,   5.2240000000
2020,9,21,13,29,31,   5.2240000000
2020,9,21,13,29,32,   5.2280000000
2020,9,21,13,29,32,   5.2240000000
2020,9,21,13,29,32,   5.2320000000
2020,9,21,13,29,32,   5.2200000000
2020,9,21,13,29,33,   5.2200000000
2020,9,21,13,29,33,   5.2240000000
2020,9,21,13,29,33,   5.2240000000
2020,9,21,13,29,34,   5.2280000000
2020,9,21,13,29,34,   5.2240000000
2020,9,21,13,29,34,   5.2240000000
2020,9,21,13,29,34,   5.2280000000
2020,9,21,13,29,35,   5.2240000000
2020,9,21,13,29,35,   5.2240000000
2020,9,21,13,29,35,   5.2240000000
2020,9,21,13,29,35,   5.2320000000
2020,9,21,13,29,36,   5.2200000000
2020,9,21,13,29,36,   5.2240000000
2020,9,21,13,29,36,   5.0880000000
2020,9,21,13,29,36,   5.2120000000
2020,9,21,13,29,37,   5.2280000000
2020,9,21,13,29,37,   5.2240000000
2020,9,21,13,29,37,   5.2240000000
2020,9,21,13,29,38,   5.2240000000
2020,9,21,13,29,38,   5.2240000000
2020,9,21,13,29,38,   5.2280000000
2020,9,21,13,29,38,   5.2240000000
2020,9,21,13,29,39,   5.2240000000
2020,9,21,13,29,39,   5.2240000000
2020,9,21,13,29,39,   5.2240000000
2020,9,21,13,29,39,   5.2240000000
2020,9,21,13,29,40,   5.2240000000
2020,9,21,13,29,40,   5.2240000000
2020,9,21,13,29,40,   5.2240000000
2020,9,21,13,29,40,   5.2240000000
2020,9,21,13,29,41,   5.2280000000
2020,9,21,13,29,41,   5.2280000000
2020,9,21,13,29,41,   5.2200000000
2020,9,21,13,29,42,   5.2320000000
2020,9,21,13,29,42,   5.2120000000
2020,9,21,13,29,42,   5.2200000000
2020,9,21,13,29,42,   5.2240000000
2020,9,21,13,29,43,   5.2240000000
2020,9,21,13,29,43,   5.2240000000
2020,9,21,13,29,43,   5.2240000000
2020,9,21,13,29,43,   5.2240000000
2020,9,21,13,29,44,   5.2240000000
2020,9,21,13,29,44,   5.2240000000
2020,9,21,13,29,44,   5.2240000000
2020,9,21,13,29,44,   5.2240000000
2020,9,21,13,29,45,   5.2240000000
2020,9,21,13,29,45,   5.2280000000
2020,9,21,13,29,45,   5.2280000000
2020,9,21,13,29,46,   5.2240000000
2020,9,21,13,29,46,   5.2200000000
2020,9,21,13,29,46,   5.2280000000
2020,9,21,13,29,46,   5.2200000000
2020,9,21,13,29,47,   5.2240000000
2020,9,21,13,29,47,   5.2240000000
2020,9,21,13,29,47,   5.2160000000
2020,9,21,13,29,47,   5.2080000000
2020,9,21,13,29,48,   5.2120000000
2020,9,21,13,29,48,   5.2240000000
2020,9,21,13,29,48,   5.2240000000
2020,9,21,13,29,48,   5.2200000000
2020,9,21,13,29,49,   5.2240000000
2020,9,21,13,29,49,   5.2200000000
2020,9,21,13,29,49,   5.2240000000
2020,9,21,13,29,49,   5.2240000000
2020,9,21,13,29,50,   5.2240000000
2020,9,21,13,29,50,   5.2240000000
2020,9,21,13,29,50,   5.2240000000
2020,9,21,13,29,50,   5.2280000000
2020,9,21,13,29,51,   5.2280000000
2020,9,21,13,29,51,   5.2240000000
2020,9,21,13,29,51,   5.2320000000
2020,9,21,13,29,52,   5.2240000000
2020,9,21,13,29,52,   5.2280000000
2020,9,21,13,29,52,   5.2240000000
2020,9,21,13,29,52,   5.2280000000
2020,9,21,13,29,53,   5.2240000000
2020,9,21,13,29,53,   5.2160000000
2020,9,21,13,29,53,   5.2200000000
2020,9,21,13,29,53,   5.2240000000
2020,9,21,13,29,54,   5.2240000000
2020,9,21,13,29,54,   5.2240000000
2020,9,21,13,29,54,   5.2200000000
2020,9,21,13,29,54,   5.2240000000
2020,9,21,13,29,55,   5.2200000000
2020,9,21,13,29,55,   5.2240000000
2020,9,21,13,29,55,   5.2280000000
2020,9,21,13,29,55,   5.2240000000
2020,9,21,13,29,56,   5.2240000000
2020,9,21,13,29,56,   5.2240000000
2020,9,21,13,29,56,   5.2240000000
2020,9,21,13,29,57,   5.2240000000
2020,9,21,13,29,57,   5.2240000000
2020,9,21,13,29,57,   5.2240000000
2020,9,21,13,29,57,   5.2200000000
2020,9,21,13,29,58,   5.2200000000
2020,9,21,13,29,58,   5.2320000000
2020,9,21,13,29,58,   5.2200000000
2020,9,21,13,29,58,   5.1400000000
2020,9,21,13,29,59,   5.2160000000
2020,9,21,13,29,59,   5.2280000000
2020,9,21,13,29,59,   5.2240000000
2020,9,21,13,29,59,   5.2240000000
2020,9,21,13,30,0,   5.2240000000
2020,9,21,13,30,0,   5.2280000000
2020,9,21,13,30,0,   5.2240000000
2020,9,21,13,30,1,   5.2240000000
2020,9,21,13,30,1,   5.2160000000
2020,9,21,13,30,1,   5.2320000000
2020,9,21,13,30,1,   5.2320000000
2020,9,21,13,30,2,   5.2200000000
2020,9,21,13,30,2,   5.2240000000
2020,9,21,13,30,2,   5.2200000000
2020,9,21,13,30,2,   5.2240000000
2020,9,21,13,30,3,   5.2160000000
2020,9,21,13,30,3,   5.2280000000
2020,9,21,13,30,3,   5.2240000000
2020,9,21,13,30,3,   5.2240000000
2020,9,21,13,30,4,   5.2240000000
2020,9,21,13,30,4,   5.2080000000
2020,9,21,13,30,4,   5.2160000000
2020,9,21,13,30,4,   5.2320000000
2020,9,21,13,30,5,   5.2240000000
2020,9,21,13,30,5,   5.2240000000
2020,9,21,13,30,5,   5.2240000000
2020,9,21,13,30,6,   5.2240000000
2020,9,21,13,30,6,   5.2240000000
2020,9,21,13,30,6,   5.2200000000
2020,9,21,13,30,6,   5.2240000000
2020,9,21,13,30,7,   5.2240000000
2020,9,21,13,30,7,   5.2240000000
2020,9,21,13,30,7,   5.2240000000
2020,9,21,13,30,7,   5.2200000000
2020,9,21,13,30,8,   5.2240000000
2020,9,21,13,30,8,   5.2240000000
2020,9,21,13,30,8,   5.2240000000
2020,9,21,13,30,8,   5.2240000000
2020,9,21,13,30,9,   5.2240000000
2020,9,21,13,30,9,   5.2200000000
2020,9,21,13,30,9,   5.2240000000
2020,9,21,13,30,9,   5.2040000000
2020,9,21,13,30,10,   5.2040000000
2020,9,21,13,30,10,   5.2240000000
2020,9,21,13,30,10,   5.2240000000
2020,9,21,13,30,11,   5.2280000000
2020,9,21,13,30,11,   5.2200000000
2020,9,21,13,30,11,   5.2320000000
2020,9,21,13,30,11,   5.2280000000
2020,9,21,13,30,12,   5.2160000000
2020,9,21,13,30,12,   5.2280000000
2020,9,21,13,30,12,   5.2240000000
2020,9,21,13,30,12,   5.2240000000
2020,9,21,13,30,13,   5.2240000000
2020,9,21,13,30,13,   5.2240000000
2020,9,21,13,30,13,   5.2240000000
2020,9,21,13,30,13,   5.2240000000
2020,9,21,13,30,14,   5.2240000000
2020,9,21,13,30,14,   5.2200000000
2020,9,21,13,30,14,   5.0880000000
2020,9,21,13,30,14,   5.2120000000
2020,9,21,13,30,15,   5.2240000000
2020,9,21,13,30,15,   5.2200000000
2020,9,21,13,30,15,   5.2280000000
2020,9,21,13,30,16,   5.2240000000
2020,9,21,13,30,16,   5.2240000000
2020,9,21,13,30,16,   5.2240000000
2020,9,21,13,30,16,   5.2240000000
2020,9,21,13,30,17,   5.2200000000
2020,9,21,13,30,17,   5.2240000000
2020,9,21,13,30,17,   5.2240000000
2020,9,21,13,30,17,   5.2240000000
2020,9,21,13,30,18,   5.2200000000
2020,9,21,13,30,18,   5.2320000000
2020,9,21,13,30,18,   5.2240000000
2020,9,21,13,30,18,   5.2240000000
2020,9,21,13,30,19,   5.2240000000
2020,9,21,13,30,19,   5.2200000000
2020,9,21,13,30,19,   5.2240000000
2020,9,21,13,30,19,   5.2280000000
2020,9,21,13,30,20,   5.2080000000
2020,9,21,13,30,20,   5.2040000000
2020,9,21,13,30,20,   5.2240000000
2020,9,21,13,30,21,   5.2240000000
2020,9,21,13,30,21,   5.2240000000
2020,9,21,13,30,21,   5.2280000000
2020,9,21,13,30,21,   5.2200000000
2020,9,21,13,30,22,   5.2200000000
2020,9,21,13,30,22,   5.2240000000
2020,9,21,13,30,22,   5.2240000000
2020,9,21,13,30,22,   5.2240000000
2020,9,21,13,30,23,   5.2200000000
2020,9,21,13,30,23,   5.2240000000
2020,9,21,13,30,23,   5.2240000000
2020,9,21,13,30,23,   5.2240000000
2020,9,21,13,30,24,   5.2240000000
2020,9,21,13,30,24,   5.2240000000
2020,9,21,13,30,24,   5.2240000000
2020,9,21,13,30,24,   5.2240000000
2020,9,21,13,30,25,   5.2200000000
2020,9,21,13,30,25,   5.2320000000
2020,9,21,13,30,25,   5.2160000000
2020,9,21,13,30,25,   5.2120000000
2020,9,21,13,30,26,   5.2240000000
2020,9,21,13,30,26,   5.2240000000
2020,9,21,13,30,26,   5.2240000000
2020,9,21,13,30,27,   5.2280000000
2020,9,21,13,30,27,   5.2240000000
2020,9,21,13,30,27,   5.2240000000
2020,9,21,13,30,27,   5.2240000000
2020,9,21,13,30,28,   5.2200000000
2020,9,21,13,30,28,   5.2240000000
2020,9,21,13,30,28,   5.2200000000
2020,9,21,13,30,28,   5.2320000000
2020,9,21,13,30,29,   5.2200000000
2020,9,21,13,30,29,   5.2240000000
2020,9,21,13,30,29,   5.2240000000
2020,9,21,13,30,29,   5.2240000000
2020,9,21,13,30,30,   5.2240000000
2020,9,21,13,30,30,   5.2240000000
2020,9,21,13,30,30,   5.2320000000
2020,9,21,13,30,30,   5.2200000000
2020,9,21,13,30,31,   5.2120000000
2020,9,21,13,30,31,   5.2160000000
2020,9,21,13,30,31,   5.2240000000
2020,9,21,13,30,32,   5.2240000000
2020,9,21,13,30,32,   5.2320000000
2020,9,21,13,30,32,   5.2240000000
2020,9,21,13,30,32,   5.2240000000
2020,9,21,13,30,33,   5.2280000000
2020,9,21,13,30,33,   5.2240000000
2020,9,21,13,30,33,   5.2240000000
2020,9,21,13,30,33,   5.2280000000
2020,9,21,13,30,34,   5.2240000000
2020,9,21,13,30,34,   5.2240000000
2020,9,21,13,30,34,   5.2240000000
2020,9,21,13,30,34,   5.2320000000
2020,9,21,13,30,35,   5.2200000000
2020,9,21,13,30,35,   5.2240000000
2020,9,21,13,30,35,   5.2240000000
2020,9,21,13,30,35,   5.2240000000
2020,9,21,13,30,36,   5.2240000000
2020,9,21,13,30,36,   5.2240000000
2020,9,21,13,30,36,   5.2120000000
2020,9,21,13,30,36,   5.2080000000
2020,9,21,13,30,37,   5.2240000000
2020,9,21,13,30,37,   5.2280000000
2020,9,21,13,30,37,   5.2320000000
2020,9,21,13,30,38,   5.2240000000
2020,9,21,13,30,38,   5.2240000000
2020,9,21,13,30,38,   5.2240000000
2020,9,21,13,30,38,   5.2240000000
2020,9,21,13,30,39,   5.2280000000
2020,9,21,13,30,39,   5.2280000000
2020,9,21,13,30,39,   5.2240000000
2020,9,21,13,30,39,   5.2320000000
2020,9,21,13,30,40,   5.2240000000
2020,9,21,13,30,40,   5.2240000000
2020,9,21,13,30,40,   5.2240000000
2020,9,21,13,30,40,   5.2240000000
2020,9,21,13,30,41,   5.2240000000
2020,9,21,13,30,41,   5.2240000000
2020,9,21,13,30,41,   5.2240000000
2020,9,21,13,30,41,   5.2280000000
2020,9,21,13,30,42,   5.0920000000
2020,9,21,13,30,42,   5.2120000000
2020,9,21,13,30,42,   5.2240000000
2020,9,21,13,30,43,   5.2320000000
2020,9,21,13,30,43,   5.2280000000
2020,9,21,13,30,43,   5.2280000000
2020,9,21,13,30,43,   5.2240000000
2020,9,21,13,30,44,   5.2280000000
2020,9,21,13,30,44,   5.2200000000
2020,9,21,13,30,44,   5.2240000000
2020,9,21,13,30,44,   5.2280000000
2020,9,21,13,30,45,   5.2240000000
2020,9,21,13,30,45,   5.2240000000
2020,9,21,13,30,45,   5.2200000000
2020,9,21,13,30,45,   5.2240000000
2020,9,21,13,30,46,   5.2280000000
2020,9,21,13,30,46,   5.2240000000
2020,9,21,13,30,46,   5.2200000000
2020,9,21,13,30,46,   5.2240000000
2020,9,21,13,30,47,   5.2240000000
2020,9,21,13,30,47,   5.2240000000
2020,9,21,13,30,47,   4.9880000000
2020,9,21,13,30,48,   5.2160000000
2020,9,21,13,30,48,   5.2200000000
2020,9,21,13,30,48,   5.2240000000
2020,9,21,13,30,48,   5.2280000000
2020,9,21,13,30,49,   5.2240000000
2020,9,21,13,30,49,   5.2240000000
2020,9,21,13,30,49,   5.2280000000
2020,9,21,13,30,49,   5.2240000000
2020,9,21,13,30,50,   5.2240000000
2020,9,21,13,30,50,   5.2240000000
2020,9,21,13,30,50,   5.2280000000
2020,9,21,13,30,50,   5.2240000000
2020,9,21,13,30,51,   5.2280000000
2020,9,21,13,30,51,   5.2280000000
2020,9,21,13,30,51,   5.2280000000
2020,9,21,13,30,51,   5.2280000000
2020,9,21,13,30,52,   5.2280000000
2020,9,21,13,30,52,   5.2240000000
2020,9,21,13,30,52,   5.2240000000
2020,9,21,13,30,53,   5.2240000000
2020,9,21,13,30,53,   5.1080000000
2020,9,21,13,30,53,   5.2120000000
2020,9,21,13,30,53,   5.2240000000
2020,9,21,13,30,54,   5.2240000000
2020,9,21,13,30,54,   5.2240000000
2020,9,21,13,30,54,   5.2240000000
2020,9,21,13,30,54,   5.2320000000
2020,9,21,13,30,55,   5.2240000000
2020,9,21,13,30,55,   5.2240000000
2020,9,21,13,30,55,   5.2240000000
2020,9,21,13,30,55,   5.2320000000
2020,9,21,13,30,56,   5.2240000000
2020,9,21,13,30,56,   5.2240000000
2020,9,21,13,30,56,   5.2240000000
2020,9,21,13,30,56,   5.2240000000
2020,9,21,13,30,57,   5.2240000000
2020,9,21,13,30,57,   5.2200000000
2020,9,21,13,30,57,   5.2240000000
2020,9,21,13,30,57,   5.2320000000
2020,9,21,13,30,58,   5.2240000000
2020,9,21,13,30,58,   5.2240000000
2020,9,21,13,30,58,   5.2240000000
2020,9,21,13,30,59,   5.2200000000
2020,9,21,13,30,59,   5.2200000000
2020,9,21,13,30,59,   5.2240000000
2020,9,21,13,30,59,   5.2240000000
2020,9,21,13,31,0,   5.2320000000
2020,9,21,13,31,0,   5.2240000000
2020,9,21,13,31,0,   5.2320000000
2020,9,21,13,31,0,   5.2240000000
2020,9,21,13,31,1,   5.2240000000
2020,9,21,13,31,1,   5.2320000000
2020,9,21,13,31,1,   5.2200000000
2020,9,21,13,31,1,   5.2240000000
2020,9,21,13,31,2,   5.2240000000
2020,9,21,13,31,2,   5.2240000000
2020,9,21,13,31,2,   5.2320000000
2020,9,21,13,31,2,   5.2280000000
2020,9,21,13,31,3,   5.2200000000
2020,9,21,13,31,3,   5.2280000000
2020,9,21,13,31,3,   5.2240000000
2020,9,21,13,31,4,   5.2320000000
2020,9,21,13,31,4,   5.2240000000
2020,9,21,13,31,4,   5.2120000000
2020,9,21,13,31,4,   5.2240000000
2020,9,21,13,31,5,   5.2240000000
2020,9,21,13,31,5,   5.2240000000
2020,9,21,13,31,5,   5.2200000000
2020,9,21,13,31,5,   5.2240000000
2020,9,21,13,31,6,   5.2240000000
2020,9,21,13,31,6,   5.2240000000
2020,9,21,13,31,6,   5.2280000000
2020,9,21,13,31,6,   5.2320000000
2020,9,21,13,31,7,   5.2200000000
2020,9,21,13,31,7,   5.2240000000
2020,9,21,13,31,7,   5.2240000000
2020,9,21,13,31,8,   5.2240000000
2020,9,21,13,31,8,   5.2280000000
2020,9,21,13,31,8,   5.2320000000
2020,9,21,13,31,8,   5.2240000000
2020,9,21,13,31,9,   5.2240000000
2020,9,21,13,31,9,   5.2200000000
2020,9,21,13,31,9,   5.2280000000
2020,9,21,13,31,9,   5.2240000000
2020,9,21,13,31,10,   5.2160000000
2020,9,21,13,31,10,   5.2240000000
2020,9,21,13,31,10,   5.2240000000
2020,9,21,13,31,10,   5.2240000000
2020,9,21,13,31,11,   5.2240000000
2020,9,21,13,31,11,   5.2240000000
2020,9,21,13,31,11,   5.2240000000
2020,9,21,13,31,12,   5.2240000000
2020,9,21,13,31,12,   5.2240000000
2020,9,21,13,31,12,   5.2280000000
2020,9,21,13,31,12,   5.2240000000
2020,9,21,13,31,13,   5.2240000000
2020,9,21,13,31,13,   5.2240000000
2020,9,21,13,31,13,   5.2240000000
2020,9,21,13,31,13,   5.2240000000
2020,9,21,13,31,14,   5.2320000000
2020,9,21,13,31,14,   5.2200000000
2020,9,21,13,31,14,   5.2200000000
2020,9,21,13,31,14,   5.2160000000
2020,9,21,13,31,15,   5.2240000000
2020,9,21,13,31,15,   5.2240000000
2020,9,21,13,31,15,   5.2280000000
2020,9,21,13,31,15,   5.2280000000
2020,9,21,13,31,16,   5.2240000000
2020,9,21,13,31,16,   5.2280000000
2020,9,21,13,31,16,   5.2240000000
2020,9,21,13,31,17,   5.2320000000
2020,9,21,13,31,17,   5.2240000000
2020,9,21,13,31,17,   5.2240000000
2020,9,21,13,31,17,   5.2240000000
2020,9,21,13,31,18,   5.2240000000
2020,9,21,13,31,18,   5.2240000000
2020,9,21,13,31,18,   5.2240000000
2020,9,21,13,31,18,   5.2240000000
2020,9,21,13,31,19,   5.2240000000
2020,9,21,13,31,19,   5.2320000000
2020,9,21,13,31,19,   5.2320000000
2020,9,21,13,31,19,   5.2240000000
2020,9,21,13,31,20,   5.2080000000
2020,9,21,13,31,20,   5.2000000000
2020,9,21,13,31,20,   5.2240000000
2020,9,21,13,31,20,   5.2280000000
2020,9,21,13,31,21,   5.2280000000
2020,9,21,13,31,21,   5.2280000000
2020,9,21,13,31,21,   5.2320000000
2020,9,21,13,31,21,   5.2240000000
2020,9,21,13,31,22,   5.2240000000
2020,9,21,13,31,22,   5.2240000000
2020,9,21,13,31,22,   5.2240000000
2020,9,21,13,31,23,   5.2240000000
2020,9,21,13,31,23,   5.2240000000
2020,9,21,13,31,23,   5.2240000000
2020,9,21,13,31,23,   5.2240000000
2020,9,21,13,31,24,   5.2240000000
2020,9,21,13,31,24,   5.2200000000
2020,9,21,13,31,24,   5.2280000000
2020,9,21,13,31,24,   5.2280000000
2020,9,21,13,31,25,   5.2240000000
2020,9,21,13,31,25,   5.2200000000
2020,9,21,13,31,25,   5.2160000000
2020,9,21,13,31,25,   5.2120000000
2020,9,21,13,31,26,   5.2240000000
2020,9,21,13,31,26,   5.2240000000
2020,9,21,13,31,26,   5.2240000000
2020,9,21,13,31,27,   5.2280000000
2020,9,21,13,31,27,   5.2280000000
2020,9,21,13,31,27,   5.2240000000
2020,9,21,13,31,27,   5.2240000000
2020,9,21,13,31,28,   5.2240000000
2020,9,21,13,31,28,   5.2280000000
2020,9,21,13,31,28,   5.2240000000
2020,9,21,13,31,28,   5.2240000000
2020,9,21,13,31,29,   5.2320000000
2020,9,21,13,31,29,   5.2240000000
2020,9,21,13,31,29,   5.2240000000
2020,9,21,13,31,29,   5.2280000000
2020,9,21,13,31,30,   5.2240000000
2020,9,21,13,31,30,   5.2240000000
2020,9,21,13,31,30,   5.2240000000
2020,9,21,13,31,31,   5.2280000000
2020,9,21,13,31,31,   5.2120000000
2020,9,21,13,31,31,   5.2120000000
2020,9,21,13,31,31,   5.2240000000
2020,9,21,13,31,32,   5.2240000000
2020,9,21,13,31,32,   5.2240000000
2020,9,21,13,31,32,   5.2240000000
2020,9,21,13,31,32,   5.2240000000
2020,9,21,13,31,33,   5.2320000000
2020,9,21,13,31,33,   5.2280000000
2020,9,21,13,31,33,   5.2320000000
2020,9,21,13,31,33,   5.2240000000
2020,9,21,13,31,34,   5.2240000000
2020,9,21,13,31,34,   5.2320000000
2020,9,21,13,31,34,   5.2240000000
2020,9,21,13,31,34,   5.2280000000
2020,9,21,13,31,35,   5.2240000000
2020,9,21,13,31,35,   5.2240000000
2020,9,21,13,31,35,   5.2240000000
2020,9,21,13,31,36,   5.2240000000
2020,9,21,13,31,36,   5.2240000000
2020,9,21,13,31,36,   5.2280000000
2020,9,21,13,31,36,   5.2160000000
2020,9,21,13,31,37,   5.2120000000
2020,9,21,13,31,37,   5.2240000000
2020,9,21,13,31,37,   5.2280000000
2020,9,21,13,31,37,   5.2280000000
2020,9,21,13,31,38,   5.2320000000
2020,9,21,13,31,38,   5.2280000000
2020,9,21,13,31,38,   5.2240000000
2020,9,21,13,31,38,   5.2280000000
2020,9,21,13,31,39,   5.2240000000
2020,9,21,13,31,39,   5.2240000000
2020,9,21,13,31,39,   5.2280000000
2020,9,21,13,31,40,   5.2280000000
2020,9,21,13,31,40,   5.2240000000
2020,9,21,13,31,40,   5.2240000000
2020,9,21,13,31,40,   5.2240000000
2020,9,21,13,31,41,   5.2240000000
2020,9,21,13,31,41,   5.2280000000
2020,9,21,13,31,41,   5.2280000000
2020,9,21,13,31,41,   5.2240000000
2020,9,21,13,31,42,   5.2280000000
2020,9,21,13,31,42,   5.2160000000
2020,9,21,13,31,42,   5.2160000000
2020,9,21,13,31,42,   5.2240000000
2020,9,21,13,31,43,   5.2240000000
2020,9,21,13,31,43,   5.2320000000
2020,9,21,13,31,43,   5.2240000000
2020,9,21,13,31,43,   5.2240000000
2020,9,21,13,31,44,   5.2240000000
2020,9,21,13,31,44,   5.2280000000
2020,9,21,13,31,44,   5.2280000000
2020,9,21,13,31,44,   5.2200000000
2020,9,21,13,31,45,   5.2240000000
2020,9,21,13,31,45,   5.2240000000
2020,9,21,13,31,45,   5.2320000000
2020,9,21,13,31,46,   5.2240000000
2020,9,21,13,31,46,   5.2200000000
2020,9,21,13,31,46,   5.2240000000
2020,9,21,13,31,46,   5.2240000000
2020,9,21,13,31,47,   5.2200000000
2020,9,21,13,31,47,   5.2320000000
2020,9,21,13,31,47,   5.2240000000
2020,9,21,13,31,47,   5.2160000000
2020,9,21,13,31,48,   5.2160000000
2020,9,21,13,31,48,   5.2240000000
2020,9,21,13,31,48,   5.2240000000
2020,9,21,13,31,48,   5.2240000000
2020,9,21,13,31,49,   5.2280000000
2020,9,21,13,31,49,   5.2240000000
2020,9,21,13,31,49,   5.2320000000
2020,9,21,13,31,49,   5.2240000000
2020,9,21,13,31,50,   5.2240000000
2020,9,21,13,31,50,   5.2240000000
2020,9,21,13,31,50,   5.2240000000
2020,9,21,13,31,51,   5.2240000000
2020,9,21,13,31,51,   5.2280000000
2020,9,21,13,31,51,   5.2240000000
2020,9,21,13,31,51,   5.2240000000
2020,9,21,13,31,52,   5.2200000000
2020,9,21,13,31,52,   5.2240000000
2020,9,21,13,31,52,   5.2240000000
2020,9,21,13,31,52,   5.2200000000
2020,9,21,13,31,53,   5.2240000000
2020,9,21,13,31,53,   5.2080000000
2020,9,21,13,31,53,   5.2160000000
2020,9,21,13,31,53,   5.2280000000
2020,9,21,13,31,54,   5.2240000000
2020,9,21,13,31,54,   5.2280000000
2020,9,21,13,31,54,   5.2280000000
2020,9,21,13,31,54,   5.2240000000
2020,9,21,13,31,55,   5.2240000000
2020,9,21,13,31,55,   5.2240000000
2020,9,21,13,31,55,   5.2240000000
2020,9,21,13,31,56,   5.2280000000
2020,9,21,13,31,56,   5.2240000000
2020,9,21,13,31,56,   5.2240000000
2020,9,21,13,31,56,   5.2240000000
2020,9,21,13,31,57,   5.2240000000
2020,9,21,13,31,57,   5.2280000000
2020,9,21,13,31,57,   5.2240000000
2020,9,21,13,31,57,   5.2280000000
2020,9,21,13,31,58,   5.2240000000
2020,9,21,13,31,58,   5.2240000000
2020,9,21,13,31,58,   5.2240000000
2020,9,21,13,31,58,   5.0840000000
2020,9,21,13,31,59,   5.2160000000
2020,9,21,13,31,59,   5.2240000000
2020,9,21,13,31,59,   5.2240000000
2020,9,21,13,32,0,   5.2200000000
2020,9,21,13,32,0,   5.2240000000
2020,9,21,13,32,0,   5.2280000000
2020,9,21,13,32,0,   5.2240000000
2020,9,21,13,32,1,   5.2200000000
2020,9,21,13,32,1,   5.2240000000
2020,9,21,13,32,1,   5.2240000000
2020,9,21,13,32,1,   5.2240000000
2020,9,21,13,32,2,   5.2240000000
2020,9,21,13,32,2,   5.2240000000
2020,9,21,13,32,2,   5.2240000000
2020,9,21,13,32,2,   5.2240000000
2020,9,21,13,32,3,   5.2240000000
2020,9,21,13,32,3,   5.2280000000
2020,9,21,13,32,3,   5.2240000000
2020,9,21,13,32,3,   5.2280000000
2020,9,21,13,32,4,   5.2320000000
2020,9,21,13,32,4,   5.2160000000
2020,9,21,13,32,4,   5.2200000000
2020,9,21,13,32,5,   5.2320000000
2020,9,21,13,32,5,   5.2280000000
2020,9,21,13,32,5,   5.2280000000
2020,9,21,13,32,5,   5.2200000000
2020,9,21,13,32,6,   5.2240000000
2020,9,21,13,32,6,   5.2280000000
2020,9,21,13,32,6,   5.2280000000
2020,9,21,13,32,6,   5.2240000000
2020,9,21,13,32,7,   5.2280000000
2020,9,21,13,32,7,   5.2240000000
2020,9,21,13,32,7,   5.2320000000
2020,9,21,13,32,7,   5.2240000000
2020,9,21,13,32,8,   5.2240000000
2020,9,21,13,32,8,   5.2240000000
2020,9,21,13,32,8,   5.2240000000
2020,9,21,13,32,8,   5.2280000000
2020,9,21,13,32,9,   5.2240000000
2020,9,21,13,32,9,   5.2240000000
2020,9,21,13,32,9,   5.2240000000
2020,9,21,13,32,10,   5.2120000000
2020,9,21,13,32,10,   5.2120000000
2020,9,21,13,32,10,   5.2240000000
2020,9,21,13,32,10,   5.2240000000
2020,9,21,13,32,11,   5.2280000000
2020,9,21,13,32,11,   5.2320000000
2020,9,21,13,32,11,   5.2280000000
2020,9,21,13,32,11,   5.2240000000
2020,9,21,13,32,12,   5.2280000000
2020,9,21,13,32,12,   5.2240000000
2020,9,21,13,32,12,   5.2280000000
2020,9,21,13,32,12,   5.2240000000
2020,9,21,13,32,13,   5.2280000000
2020,9,21,13,32,13,   5.2240000000
2020,9,21,13,32,13,   5.2280000000
2020,9,21,13,32,13,   5.2240000000
2020,9,21,13,32,14,   5.2320000000
2020,9,21,13,32,14,   5.2280000000
2020,9,21,13,32,14,   5.2120000000
2020,9,21,13,32,15,   5.2160000000
2020,9,21,13,32,15,   5.2280000000
2020,9,21,13,32,15,   5.2200000000
2020,9,21,13,32,15,   5.2200000000
2020,9,21,13,32,16,   5.2280000000
2020,9,21,13,32,16,   5.2240000000
2020,9,21,13,32,16,   5.2240000000
2020,9,21,13,32,16,   5.2240000000
2020,9,21,13,32,17,   5.2240000000
2020,9,21,13,32,17,   5.2280000000
2020,9,21,13,32,17,   5.2240000000
2020,9,21,13,32,17,   5.2240000000
2020,9,21,13,32,18,   5.2240000000
2020,9,21,13,32,18,   5.2240000000
2020,9,21,13,32,18,   5.2240000000
2020,9,21,13,32,18,   5.2280000000
2020,9,21,13,32,19,   5.2280000000
2020,9,21,13,32,19,   5.2240000000
2020,9,21,13,32,19,   5.2240000000
2020,9,21,13,32,20,   5.2200000000
2020,9,21,13,32,20,   5.0920000000
2020,9,21,13,32,20,   5.2240000000
2020,9,21,13,32,20,   5.2240000000
2020,9,21,13,32,21,   5.2240000000
2020,9,21,13,32,21,   5.2240000000
2020,9,21,13,32,21,   5.2280000000
2020,9,21,13,32,21,   5.2240000000
2020,9,21,13,32,22,   5.2280000000
2020,9,21,13,32,22,   5.2240000000
2020,9,21,13,32,22,   5.2240000000
2020,9,21,13,32,23,   5.2280000000
2020,9,21,13,32,23,   5.2240000000
2020,9,21,13,32,23,   5.2280000000
2020,9,21,13,32,23,   5.2240000000
2020,9,21,13,32,24,   5.2240000000
2020,9,21,13,32,24,   5.2240000000
2020,9,21,13,32,24,   5.2240000000
2020,9,21,13,32,24,   5.2240000000
2020,9,21,13,32,25,   5.2240000000
2020,9,21,13,32,25,   5.2280000000
2020,9,21,13,32,25,   5.2000000000
2020,9,21,13,32,25,   5.2120000000
2020,9,21,13,32,26,   5.2240000000
2020,9,21,13,32,26,   5.2280000000
2020,9,21,13,32,26,   5.2240000000
2020,9,21,13,32,26,   5.2320000000
2020,9,21,13,32,27,   5.2280000000
2020,9,21,13,32,27,   5.2240000000
2020,9,21,13,32,27,   5.2240000000
2020,9,21,13,32,28,   5.2240000000
2020,9,21,13,32,28,   5.2280000000
2020,9,21,13,32,28,   5.2200000000
2020,9,21,13,32,28,   5.2280000000
2020,9,21,13,32,29,   5.2240000000
2020,9,21,13,32,29,   5.2280000000
2020,9,21,13,32,29,   5.2280000000
2020,9,21,13,32,29,   5.2280000000
2020,9,21,13,32,30,   5.2240000000
2020,9,21,13,32,30,   5.2280000000
2020,9,21,13,32,30,   5.2240000000
2020,9,21,13,32,30,   5.2240000000
2020,9,21,13,32,31,   5.2120000000
2020,9,21,13,32,31,   5.2120000000
2020,9,21,13,32,31,   5.2200000000
2020,9,21,13,32,31,   5.2320000000
2020,9,21,13,32,32,   5.2240000000
2020,9,21,13,32,32,   5.2280000000
2020,9,21,13,32,32,   5.2240000000
2020,9,21,13,32,33,   5.2240000000
2020,9,21,13,32,33,   5.2320000000
2020,9,21,13,32,33,   5.2280000000
2020,9,21,13,32,33,   5.2200000000
2020,9,21,13,32,34,   5.2240000000
2020,9,21,13,32,34,   5.2080000000
2020,9,21,13,32,34,   5.2120000000
2020,9,21,13,32,34,   5.2160000000
2020,9,21,13,32,35,   5.2240000000
2020,9,21,13,32,35,   5.2240000000
2020,9,21,13,32,35,   5.2240000000
2020,9,21,13,32,35,   5.2280000000
2020,9,21,13,32,36,   5.2240000000
2020,9,21,13,32,36,   5.2240000000
2020,9,21,13,32,36,   5.1760000000
2020,9,21,13,32,36,   5.2240000000
2020,9,21,13,32,37,   5.2240000000
2020,9,21,13,32,37,   5.2240000000
2020,9,21,13,32,37,   5.2320000000
2020,9,21,13,32,37,   5.2240000000
2020,9,21,13,32,38,   5.2240000000
2020,9,21,13,32,38,   5.2240000000
2020,9,21,13,32,38,   5.2280000000
2020,9,21,13,32,39,   5.2240000000
2020,9,21,13,32,39,   5.2280000000
2020,9,21,13,32,39,   5.2240000000
2020,9,21,13,32,39,   5.2320000000
2020,9,21,13,32,40,   5.2280000000
2020,9,21,13,32,40,   5.2280000000
2020,9,21,13,32,40,   5.2240000000
2020,9,21,13,32,40,   5.2240000000
2020,9,21,13,32,41,   5.2240000000
2020,9,21,13,32,41,   5.2280000000
2020,9,21,13,32,41,   5.2240000000
2020,9,21,13,32,41,   5.2240000000
2020,9,21,13,32,42,   5.2240000000
2020,9,21,13,32,42,   5.2160000000
2020,9,21,13,32,42,   5.1640000000
2020,9,21,13,32,42,   5.2280000000
2020,9,21,13,32,43,   5.2280000000
2020,9,21,13,32,43,   5.2240000000
2020,9,21,13,32,43,   5.2280000000
2020,9,21,13,32,44,   5.2240000000
2020,9,21,13,32,44,   5.2280000000
2020,9,21,13,32,44,   5.2240000000
2020,9,21,13,32,44,   5.2240000000
2020,9,21,13,32,45,   5.2280000000
2020,9,21,13,32,45,   5.2240000000
2020,9,21,13,32,45,   5.2240000000
2020,9,21,13,32,45,   5.2240000000
2020,9,21,13,32,46,   5.2240000000
2020,9,21,13,32,46,   5.2240000000
2020,9,21,13,32,46,   5.2240000000
2020,9,21,13,32,46,   5.2240000000
2020,9,21,13,32,47,   5.2240000000
2020,9,21,13,32,47,   5.2280000000
2020,9,21,13,32,47,   5.2240000000
2020,9,21,13,32,47,   5.2200000000
2020,9,21,13,32,48,   5.2240000000
2020,9,21,13,32,48,   5.2240000000
2020,9,21,13,32,48,   5.2240000000
2020,9,21,13,32,49,   5.2280000000
2020,9,21,13,32,49,   5.2240000000
2020,9,21,13,32,49,   5.2240000000
2020,9,21,13,32,49,   5.2280000000
2020,9,21,13,32,50,   5.2240000000
2020,9,21,13,32,50,   5.2280000000
2020,9,21,13,32,50,   5.2240000000
2020,9,21,13,32,50,   5.2320000000
2020,9,21,13,32,51,   5.2240000000
2020,9,21,13,32,51,   5.2240000000
2020,9,21,13,32,51,   5.2240000000
2020,9,21,13,32,51,   5.2280000000
2020,9,21,13,32,52,   5.2280000000
2020,9,21,13,32,52,   5.2240000000
2020,9,21,13,32,52,   5.2240000000
2020,9,21,13,32,53,   5.2240000000
2020,9,21,13,32,53,   5.2240000000
2020,9,21,13,32,53,   5.0920000000
2020,9,21,13,32,53,   5.2200000000
2020,9,21,13,32,54,   5.2240000000
2020,9,21,13,32,54,   5.2280000000
2020,9,21,13,32,54,   5.2240000000
2020,9,21,13,32,54,   5.2280000000
2020,9,21,13,32,55,   5.2240000000
2020,9,21,13,32,55,   5.2240000000
2020,9,21,13,32,55,   5.2240000000
2020,9,21,13,32,55,   5.2240000000
2020,9,21,13,32,56,   5.2240000000
2020,9,21,13,32,56,   5.2240000000
2020,9,21,13,32,56,   5.2240000000
2020,9,21,13,32,57,   5.2200000000
2020,9,21,13,32,57,   5.2240000000
2020,9,21,13,32,57,   5.2280000000
2020,9,21,13,32,57,   5.2240000000
2020,9,21,13,32,58,   5.2240000000
2020,9,21,13,32,58,   5.2280000000
2020,9,21,13,32,58,   5.2240000000
2020,9,21,13,32,58,   5.2160000000
2020,9,21,13,32,59,   5.2160000000
2020,9,21,13,32,59,   5.2240000000
2020,9,21,13,32,59,   5.2240000000
2020,9,21,13,32,59,   5.2240000000
