2020,11,12,12,24,1,   5.0880000000
2020,11,12,12,24,1,   5.0960000000
2020,11,12,12,24,1,   5.0920000000
2020,11,12,12,24,1,   5.0920000000
2020,11,12,12,24,2,   5.0920000000
2020,11,12,12,24,2,   5.0880000000
2020,11,12,12,24,2,   5.0920000000
2020,11,12,12,24,3,   5.0960000000
2020,11,12,12,24,3,   5.0960000000
2020,11,12,12,24,3,   5.0960000000
2020,11,12,12,24,3,   5.0920000000
2020,11,12,12,24,4,   5.1240000000
2020,11,12,12,24,4,   5.1280000000
2020,11,12,12,24,4,   5.1440000000
2020,11,12,12,24,4,   5.1440000000
2020,11,12,12,24,5,   5.1360000000
2020,11,12,12,24,5,   5.1200000000
2020,11,12,12,24,5,   5.1200000000
2020,11,12,12,24,6,   5.1200000000
2020,11,12,12,24,6,   5.1200000000
2020,11,12,12,24,6,   5.1160000000
2020,11,12,12,24,6,   5.1240000000
2020,11,12,12,24,7,   5.1200000000
2020,11,12,12,24,7,   5.1440000000
2020,11,12,12,24,7,   5.1400000000
2020,11,12,12,24,7,   5.0960000000
2020,11,12,12,24,8,   5.0920000000
2020,11,12,12,24,8,   5.1320000000
2020,11,12,12,24,8,   5.0880000000
2020,11,12,12,24,8,   5.1000000000
2020,11,12,12,24,9,   5.1000000000
2020,11,12,12,24,9,   5.0960000000
2020,11,12,12,24,9,   5.0920000000
2020,11,12,12,24,10,   5.1200000000
2020,11,12,12,24,10,   5.1400000000
2020,11,12,12,24,10,   5.1440000000
2020,11,12,12,24,10,   5.1200000000
2020,11,12,12,24,11,   5.1360000000
2020,11,12,12,24,11,   5.1200000000
2020,11,12,12,24,11,   5.1200000000
2020,11,12,12,24,11,   5.0920000000
2020,11,12,12,24,12,   5.1000000000
2020,11,12,12,24,12,   5.1200000000
2020,11,12,12,24,12,   5.1240000000
2020,11,12,12,24,13,   5.1400000000
2020,11,12,12,24,13,   5.1160000000
2020,11,12,12,24,13,   5.1200000000
2020,11,12,12,24,13,   5.1400000000
2020,11,12,12,24,14,   5.1360000000
2020,11,12,12,24,14,   5.0920000000
2020,11,12,12,24,14,   5.0920000000
2020,11,12,12,24,14,   5.1000000000
2020,11,12,12,24,15,   5.0960000000
2020,11,12,12,24,15,   5.0960000000
2020,11,12,12,24,15,   5.1400000000
2020,11,12,12,24,16,   5.1280000000
2020,11,12,12,24,16,   5.1160000000
2020,11,12,12,24,16,   5.1400000000
2020,11,12,12,24,16,   5.1200000000
2020,11,12,12,24,17,   5.1400000000
2020,11,12,12,24,17,   5.1400000000
2020,11,12,12,24,17,   5.1040000000
2020,11,12,12,24,17,   5.1160000000
2020,11,12,12,24,18,   5.1000000000
2020,11,12,12,24,18,   5.0960000000
2020,11,12,12,24,18,   5.0960000000
2020,11,12,12,24,18,   5.1000000000
2020,11,12,12,24,19,   5.1400000000
2020,11,12,12,24,19,   5.1240000000
2020,11,12,12,24,19,   5.0960000000
2020,11,12,12,24,20,   5.0920000000
2020,11,12,12,24,20,   5.0960000000
2020,11,12,12,24,20,   5.0960000000
2020,11,12,12,24,20,   5.0960000000
2020,11,12,12,24,21,   5.1360000000
2020,11,12,12,24,21,   5.1240000000
2020,11,12,12,24,21,   5.1240000000
2020,11,12,12,24,21,   5.1240000000
2020,11,12,12,24,22,   5.0880000000
2020,11,12,12,24,22,   5.1000000000
2020,11,12,12,24,22,   5.0920000000
2020,11,12,12,24,22,   5.0960000000
2020,11,12,12,24,23,   5.0960000000
2020,11,12,12,24,23,   5.1280000000
2020,11,12,12,24,23,   5.1200000000
2020,11,12,12,24,24,   5.1120000000
2020,11,12,12,24,24,   5.1280000000
2020,11,12,12,24,24,   5.1320000000
2020,11,12,12,24,24,   5.1280000000
2020,11,12,12,24,25,   5.0960000000
2020,11,12,12,24,25,   5.0920000000
2020,11,12,12,24,25,   5.0920000000
2020,11,12,12,24,25,   5.0960000000
2020,11,12,12,24,26,   5.0960000000
2020,11,12,12,24,26,   5.1440000000
2020,11,12,12,24,26,   5.0920000000
2020,11,12,12,24,27,   5.0920000000
2020,11,12,12,24,27,   5.0920000000
2020,11,12,12,24,27,   5.0960000000
2020,11,12,12,24,27,   5.0960000000
2020,11,12,12,24,28,   5.1360000000
2020,11,12,12,24,28,   5.1200000000
2020,11,12,12,24,28,   5.1240000000
2020,11,12,12,24,28,   5.0920000000
2020,11,12,12,24,29,   5.0920000000
2020,11,12,12,24,29,   5.1320000000
2020,11,12,12,24,29,   5.1240000000
2020,11,12,12,24,29,   5.1240000000
2020,11,12,12,24,30,   5.1400000000
2020,11,12,12,24,30,   5.1160000000
2020,11,12,12,24,30,   5.0960000000
2020,11,12,12,24,30,   5.0920000000
2020,11,12,12,24,31,   5.0920000000
2020,11,12,12,24,31,   5.0960000000
2020,11,12,12,24,31,   5.0960000000
2020,11,12,12,24,31,   5.0960000000
2020,11,12,12,24,32,   5.1280000000
2020,11,12,12,24,32,   5.0920000000
2020,11,12,12,24,32,   5.0840000000
2020,11,12,12,24,33,   5.0920000000
2020,11,12,12,24,33,   5.1320000000
2020,11,12,12,24,33,   5.1360000000
2020,11,12,12,24,33,   5.1440000000
2020,11,12,12,24,34,   5.1400000000
2020,11,12,12,24,34,   5.1240000000
2020,11,12,12,24,34,   5.1240000000
2020,11,12,12,24,34,   5.1440000000
2020,11,12,12,24,35,   5.1400000000
2020,11,12,12,24,35,   5.1280000000
2020,11,12,12,24,35,   5.1280000000
2020,11,12,12,24,36,   5.1240000000
2020,11,12,12,24,36,   5.0920000000
2020,11,12,12,24,36,   5.0960000000
2020,11,12,12,24,36,   5.0920000000
2020,11,12,12,24,37,   5.0880000000
2020,11,12,12,24,37,   5.0960000000
2020,11,12,12,24,37,   5.1320000000
2020,11,12,12,24,37,   5.1240000000
2020,11,12,12,24,38,   5.1440000000
2020,11,12,12,24,38,   5.1360000000
2020,11,12,12,24,38,   5.1000000000
2020,11,12,12,24,38,   5.0960000000
2020,11,12,12,24,39,   5.0960000000
2020,11,12,12,24,39,   5.0960000000
2020,11,12,12,24,39,   5.0880000000
2020,11,12,12,24,40,   5.0920000000
2020,11,12,12,24,40,   5.1160000000
2020,11,12,12,24,40,   5.1440000000
2020,11,12,12,24,40,   5.1440000000
2020,11,12,12,24,41,   5.1280000000
2020,11,12,12,24,41,   5.0920000000
2020,11,12,12,24,41,   5.0920000000
2020,11,12,12,24,41,   5.0960000000
2020,11,12,12,24,42,   5.0960000000
2020,11,12,12,24,42,   5.0880000000
2020,11,12,12,24,42,   5.0880000000
2020,11,12,12,24,42,   5.0920000000
2020,11,12,12,24,43,   5.0960000000
2020,11,12,12,24,43,   5.1360000000
2020,11,12,12,24,43,   5.0920000000
2020,11,12,12,24,44,   5.0920000000
2020,11,12,12,24,44,   5.1200000000
2020,11,12,12,24,44,   5.1280000000
2020,11,12,12,24,44,   5.1320000000
2020,11,12,12,24,45,   5.1320000000
2020,11,12,12,24,45,   5.1240000000
2020,11,12,12,24,45,   5.1400000000
2020,11,12,12,24,45,   5.1240000000
2020,11,12,12,24,46,   5.1240000000
2020,11,12,12,24,46,   5.1400000000
2020,11,12,12,24,46,   5.1400000000
2020,11,12,12,24,46,   5.1240000000
2020,11,12,12,24,47,   5.1200000000
2020,11,12,12,24,47,   5.1320000000
2020,11,12,12,24,47,   5.0880000000
2020,11,12,12,24,48,   5.0880000000
2020,11,12,12,24,48,   5.0880000000
2020,11,12,12,24,48,   5.0880000000
2020,11,12,12,24,48,   5.0960000000
2020,11,12,12,24,49,   5.0880000000
2020,11,12,12,24,49,   5.0960000000
2020,11,12,12,24,49,   5.0920000000
2020,11,12,12,24,49,   5.1360000000
2020,11,12,12,24,50,   5.1160000000
2020,11,12,12,24,50,   5.1200000000
2020,11,12,12,24,50,   5.1440000000
2020,11,12,12,24,50,   5.1240000000
2020,11,12,12,24,51,   5.1160000000
2020,11,12,12,24,51,   5.1240000000
2020,11,12,12,24,51,   5.1200000000
2020,11,12,12,24,52,   5.1200000000
2020,11,12,12,24,52,   5.1360000000
2020,11,12,12,24,52,   5.1360000000
2020,11,12,12,24,52,   5.1160000000
2020,11,12,12,24,53,   5.0960000000
2020,11,12,12,24,53,   5.0920000000
2020,11,12,12,24,53,   5.0920000000
2020,11,12,12,24,53,   5.0960000000
2020,11,12,12,24,54,   5.0960000000
2020,11,12,12,24,54,   5.1200000000
2020,11,12,12,24,54,   5.1280000000
2020,11,12,12,24,54,   5.1280000000
2020,11,12,12,24,55,   5.1080000000
2020,11,12,12,24,55,   5.1360000000
2020,11,12,12,24,55,   5.1200000000
2020,11,12,12,24,56,   5.1320000000
2020,11,12,12,24,56,   5.0960000000
2020,11,12,12,24,56,   5.0920000000
2020,11,12,12,24,56,   5.0920000000
2020,11,12,12,24,57,   5.0880000000
2020,11,12,12,24,57,   5.0920000000
2020,11,12,12,24,57,   5.0920000000
2020,11,12,12,24,57,   5.0960000000
2020,11,12,12,24,58,   5.0960000000
2020,11,12,12,24,58,   5.1360000000
2020,11,12,12,24,58,   5.1240000000
2020,11,12,12,24,58,   5.0920000000
2020,11,12,12,24,59,   5.0920000000
2020,11,12,12,24,59,   5.0880000000
2020,11,12,12,24,59,   5.0920000000
2020,11,12,12,24,59,   5.0960000000
2020,11,12,12,25,0,   5.0960000000
2020,11,12,12,25,0,   5.0960000000
2020,11,12,12,25,0,   5.0960000000
2020,11,12,12,25,1,   5.1200000000
2020,11,12,12,25,1,   5.0920000000
2020,11,12,12,25,1,   5.0920000000
2020,11,12,12,25,1,   5.0920000000
2020,11,12,12,25,2,   5.0880000000
2020,11,12,12,25,2,   5.0960000000
2020,11,12,12,25,2,   5.1240000000
2020,11,12,12,25,2,   5.1440000000
2020,11,12,12,25,3,   5.0880000000
2020,11,12,12,25,3,   5.0920000000
2020,11,12,12,25,3,   5.1400000000
2020,11,12,12,25,3,   5.1160000000
2020,11,12,12,25,4,   5.0880000000
2020,11,12,12,25,4,   5.0920000000
2020,11,12,12,25,4,   5.0880000000
2020,11,12,12,25,4,   5.0920000000
2020,11,12,12,25,5,   5.0880000000
2020,11,12,12,25,5,   5.0920000000
2020,11,12,12,25,5,   5.1400000000
2020,11,12,12,25,5,   5.1240000000
2020,11,12,12,25,6,   5.1200000000
2020,11,12,12,25,6,   5.0920000000
2020,11,12,12,25,6,   5.0960000000
2020,11,12,12,25,7,   5.0960000000
2020,11,12,12,25,7,   5.0960000000
2020,11,12,12,25,7,   5.0960000000
2020,11,12,12,25,7,   5.0920000000
2020,11,12,12,25,8,   5.0920000000
2020,11,12,12,25,8,   5.0920000000
2020,11,12,12,25,8,   5.0960000000
2020,11,12,12,25,8,   5.0920000000
2020,11,12,12,25,9,   5.0960000000
2020,11,12,12,25,9,   5.0800000000
2020,11,12,12,25,9,   5.0920000000
2020,11,12,12,25,9,   5.0880000000
2020,11,12,12,25,10,   5.0960000000
2020,11,12,12,25,10,   5.0920000000
2020,11,12,12,25,10,   5.0880000000
2020,11,12,12,25,10,   5.0920000000
2020,11,12,12,25,11,   5.0920000000
2020,11,12,12,25,11,   5.0920000000
2020,11,12,12,25,11,   5.0920000000
2020,11,12,12,25,12,   5.0880000000
2020,11,12,12,25,12,   5.0920000000
2020,11,12,12,25,12,   5.0920000000
2020,11,12,12,25,12,   5.0920000000
2020,11,12,12,25,13,   5.0920000000
2020,11,12,12,25,13,   5.0960000000
2020,11,12,12,25,13,   5.0960000000
2020,11,12,12,25,13,   5.0920000000
2020,11,12,12,25,14,   5.0960000000
2020,11,12,12,25,14,   5.0920000000
2020,11,12,12,25,14,   5.0960000000
2020,11,12,12,25,14,   5.0920000000
2020,11,12,12,25,15,   5.0920000000
2020,11,12,12,25,15,   5.0920000000
2020,11,12,12,25,15,   5.0920000000
2020,11,12,12,25,15,   5.0880000000
2020,11,12,12,25,16,   5.0920000000
2020,11,12,12,25,16,   5.0880000000
2020,11,12,12,25,16,   5.0920000000
2020,11,12,12,25,16,   5.0920000000
2020,11,12,12,25,17,   5.0960000000
2020,11,12,12,25,17,   5.0960000000
2020,11,12,12,25,17,   5.0920000000
2020,11,12,12,25,17,   5.0960000000
2020,11,12,12,25,18,   5.0920000000
2020,11,12,12,25,18,   5.0920000000
2020,11,12,12,25,18,   5.0920000000
2020,11,12,12,25,19,   5.0920000000
2020,11,12,12,25,19,   5.0920000000
2020,11,12,12,25,19,   5.0920000000
2020,11,12,12,25,19,   5.0960000000
2020,11,12,12,25,20,   5.0920000000
2020,11,12,12,25,20,   5.0880000000
2020,11,12,12,25,20,   5.0960000000
2020,11,12,12,25,20,   5.1000000000
2020,11,12,12,25,21,   5.0960000000
2020,11,12,12,25,21,   5.0920000000
2020,11,12,12,25,21,   5.0920000000
2020,11,12,12,25,21,   5.0920000000
2020,11,12,12,25,22,   5.0880000000
2020,11,12,12,25,22,   5.0880000000
2020,11,12,12,25,22,   5.0920000000
2020,11,12,12,25,22,   5.0960000000
2020,11,12,12,25,23,   5.0920000000
2020,11,12,12,25,23,   5.0960000000
2020,11,12,12,25,23,   5.0960000000
2020,11,12,12,25,23,   5.0960000000
2020,11,12,12,25,24,   5.0960000000
2020,11,12,12,25,24,   5.0960000000
2020,11,12,12,25,24,   5.0960000000
2020,11,12,12,25,24,   5.0920000000
2020,11,12,12,25,25,   5.0960000000
2020,11,12,12,25,25,   5.0920000000
2020,11,12,12,25,25,   5.0920000000
2020,11,12,12,25,25,   5.0920000000
2020,11,12,12,25,26,   5.0920000000
2020,11,12,12,25,26,   5.0960000000
2020,11,12,12,25,26,   5.0920000000
2020,11,12,12,25,27,   5.0960000000
2020,11,12,12,25,27,   5.0960000000
2020,11,12,12,25,27,   5.0920000000
2020,11,12,12,25,27,   5.0960000000
2020,11,12,12,25,28,   5.0960000000
2020,11,12,12,25,28,   5.0960000000
2020,11,12,12,25,28,   5.0880000000
2020,11,12,12,25,28,   5.0960000000
2020,11,12,12,25,29,   5.0920000000
2020,11,12,12,25,29,   5.0920000000
2020,11,12,12,25,29,   5.1000000000
2020,11,12,12,25,29,   5.0960000000
2020,11,12,12,25,30,   5.0920000000
2020,11,12,12,25,30,   5.0920000000
2020,11,12,12,25,30,   5.0920000000
2020,11,12,12,25,30,   5.1000000000
2020,11,12,12,25,31,   5.0920000000
2020,11,12,12,25,31,   5.0920000000
2020,11,12,12,25,31,   5.0960000000
2020,11,12,12,25,31,   5.0920000000
2020,11,12,12,25,32,   5.0960000000
2020,11,12,12,25,32,   5.0960000000
2020,11,12,12,25,32,   5.0880000000
2020,11,12,12,25,32,   5.0960000000
2020,11,12,12,25,33,   5.0920000000
2020,11,12,12,25,33,   5.0920000000
2020,11,12,12,25,33,   5.0880000000
2020,11,12,12,25,33,   5.0920000000
2020,11,12,12,25,34,   5.0840000000
2020,11,12,12,25,34,   5.0960000000
2020,11,12,12,25,34,   5.0840000000
2020,11,12,12,25,35,   5.0880000000
2020,11,12,12,25,35,   5.0960000000
2020,11,12,12,25,35,   5.0960000000
2020,11,12,12,25,35,   5.0960000000
2020,11,12,12,25,36,   5.0920000000
2020,11,12,12,25,36,   5.0920000000
2020,11,12,12,25,36,   5.0920000000
2020,11,12,12,25,36,   5.0920000000
2020,11,12,12,25,37,   5.0960000000
2020,11,12,12,25,37,   5.0960000000
2020,11,12,12,25,37,   5.0920000000
2020,11,12,12,25,37,   5.0920000000
2020,11,12,12,25,38,   5.0960000000
2020,11,12,12,25,38,   5.0880000000
2020,11,12,12,25,38,   5.0920000000
2020,11,12,12,25,38,   5.0920000000
2020,11,12,12,25,39,   5.0920000000
2020,11,12,12,25,39,   5.0880000000
2020,11,12,12,25,39,   5.0880000000
2020,11,12,12,25,39,   5.0960000000
2020,11,12,12,25,40,   5.0880000000
2020,11,12,12,25,40,   5.0960000000
2020,11,12,12,25,40,   5.0960000000
2020,11,12,12,25,41,   5.0960000000
2020,11,12,12,25,41,   5.0960000000
2020,11,12,12,25,41,   5.0920000000
2020,11,12,12,25,41,   5.0960000000
2020,11,12,12,25,42,   5.0920000000
2020,11,12,12,25,42,   5.0920000000
2020,11,12,12,25,42,   5.0920000000
2020,11,12,12,25,42,   5.0920000000
2020,11,12,12,25,43,   5.0920000000
2020,11,12,12,25,43,   5.0880000000
2020,11,12,12,25,43,   5.0880000000
2020,11,12,12,25,43,   5.0920000000
2020,11,12,12,25,44,   5.0880000000
2020,11,12,12,25,44,   5.0920000000
2020,11,12,12,25,44,   5.0920000000
2020,11,12,12,25,44,   5.0920000000
2020,11,12,12,25,45,   5.0880000000
2020,11,12,12,25,45,   5.0920000000
2020,11,12,12,25,45,   5.0920000000
2020,11,12,12,25,45,   5.0960000000
2020,11,12,12,25,46,   5.0960000000
2020,11,12,12,25,46,   5.0920000000
2020,11,12,12,25,46,   5.0840000000
2020,11,12,12,25,47,   5.0920000000
2020,11,12,12,25,47,   5.0960000000
2020,11,12,12,25,47,   5.0920000000
2020,11,12,12,25,47,   5.0920000000
2020,11,12,12,25,48,   5.0920000000
2020,11,12,12,25,48,   5.0920000000
2020,11,12,12,25,48,   5.0960000000
2020,11,12,12,25,48,   5.0960000000
2020,11,12,12,25,49,   5.0840000000
2020,11,12,12,25,49,   5.0920000000
2020,11,12,12,25,49,   5.0920000000
2020,11,12,12,25,49,   5.0960000000
2020,11,12,12,25,50,   5.0920000000
2020,11,12,12,25,50,   5.0920000000
2020,11,12,12,25,50,   5.0920000000
2020,11,12,12,25,50,   5.0960000000
2020,11,12,12,25,51,   5.0960000000
2020,11,12,12,25,51,   5.0960000000
2020,11,12,12,25,51,   5.0920000000
2020,11,12,12,25,52,   5.1000000000
2020,11,12,12,25,52,   5.0880000000
2020,11,12,12,25,52,   5.0920000000
2020,11,12,12,25,52,   5.0960000000
2020,11,12,12,25,53,   5.0920000000
2020,11,12,12,25,53,   5.0960000000
2020,11,12,12,25,53,   5.0960000000
2020,11,12,12,25,53,   5.0960000000
2020,11,12,12,25,54,   5.0920000000
2020,11,12,12,25,54,   5.0960000000
2020,11,12,12,25,54,   5.0960000000
2020,11,12,12,25,54,   5.0960000000
2020,11,12,12,25,55,   5.0960000000
2020,11,12,12,25,55,   5.0920000000
2020,11,12,12,25,55,   5.0880000000
2020,11,12,12,25,55,   5.0960000000
2020,11,12,12,25,56,   5.0920000000
2020,11,12,12,25,56,   5.0960000000
2020,11,12,12,25,56,   5.0920000000
2020,11,12,12,25,57,   5.0880000000
2020,11,12,12,25,57,   5.0960000000
2020,11,12,12,25,57,   5.0920000000
2020,11,12,12,25,57,   5.0920000000
2020,11,12,12,25,58,   5.0960000000
2020,11,12,12,25,58,   5.0920000000
2020,11,12,12,25,58,   5.0920000000
2020,11,12,12,25,58,   5.0920000000
2020,11,12,12,25,59,   5.0960000000
2020,11,12,12,25,59,   5.0880000000
2020,11,12,12,25,59,   5.0960000000
2020,11,12,12,25,59,   5.0920000000
2020,11,12,12,26,0,   5.0960000000
2020,11,12,12,26,0,   5.0880000000
2020,11,12,12,26,0,   5.0960000000
2020,11,12,12,26,0,   5.0960000000
2020,11,12,12,26,1,   5.0960000000
2020,11,12,12,26,1,   5.0920000000
2020,11,12,12,26,1,   5.0960000000
2020,11,12,12,26,2,   5.0960000000
2020,11,12,12,26,2,   5.0920000000
2020,11,12,12,26,2,   5.0840000000
2020,11,12,12,26,2,   5.0920000000
2020,11,12,12,26,3,   5.0920000000
2020,11,12,12,26,3,   5.0840000000
2020,11,12,12,26,3,   5.0920000000
2020,11,12,12,26,3,   5.0920000000
2020,11,12,12,26,4,   5.0920000000
2020,11,12,12,26,4,   5.0920000000
2020,11,12,12,26,4,   5.0880000000
2020,11,12,12,26,4,   5.0920000000
2020,11,12,12,26,5,   5.0880000000
2020,11,12,12,26,5,   5.0920000000
2020,11,12,12,26,5,   5.0920000000
2020,11,12,12,26,5,   5.0840000000
2020,11,12,12,26,6,   5.0880000000
2020,11,12,12,26,6,   5.1000000000
2020,11,12,12,26,6,   5.0880000000
2020,11,12,12,26,6,   5.0880000000
2020,11,12,12,26,7,   5.0920000000
2020,11,12,12,26,7,   5.0880000000
2020,11,12,12,26,7,   5.0920000000
2020,11,12,12,26,8,   5.0920000000
2020,11,12,12,26,8,   5.0880000000
2020,11,12,12,26,8,   5.0920000000
2020,11,12,12,26,8,   5.0880000000
2020,11,12,12,26,9,   5.0920000000
2020,11,12,12,26,9,   5.0920000000
2020,11,12,12,26,9,   5.0920000000
2020,11,12,12,26,9,   5.0920000000
2020,11,12,12,26,10,   5.0960000000
2020,11,12,12,26,10,   5.0960000000
2020,11,12,12,26,10,   5.0960000000
2020,11,12,12,26,10,   5.0920000000
2020,11,12,12,26,11,   5.0800000000
2020,11,12,12,26,11,   5.0960000000
2020,11,12,12,26,11,   5.0960000000
2020,11,12,12,26,11,   5.0880000000
2020,11,12,12,26,12,   5.0960000000
2020,11,12,12,26,12,   5.0960000000
2020,11,12,12,26,12,   5.0920000000
2020,11,12,12,26,12,   5.0880000000
2020,11,12,12,26,13,   5.0960000000
2020,11,12,12,26,13,   5.0880000000
2020,11,12,12,26,13,   5.0920000000
2020,11,12,12,26,14,   5.0960000000
2020,11,12,12,26,14,   5.0960000000
2020,11,12,12,26,14,   5.0920000000
2020,11,12,12,26,14,   5.0960000000
2020,11,12,12,26,15,   5.0920000000
2020,11,12,12,26,15,   5.0920000000
2020,11,12,12,26,15,   5.0920000000
2020,11,12,12,26,15,   5.0920000000
2020,11,12,12,26,16,   5.0960000000
2020,11,12,12,26,16,   5.0920000000
2020,11,12,12,26,16,   5.0960000000
2020,11,12,12,26,16,   5.0920000000
2020,11,12,12,26,17,   5.0920000000
2020,11,12,12,26,17,   5.0960000000
2020,11,12,12,26,17,   5.0960000000
2020,11,12,12,26,17,   5.0920000000
2020,11,12,12,26,18,   5.0960000000
2020,11,12,12,26,18,   5.0920000000
2020,11,12,12,26,18,   5.0880000000
2020,11,12,12,26,18,   5.0960000000
2020,11,12,12,26,19,   5.0960000000
2020,11,12,12,26,19,   5.0880000000
2020,11,12,12,26,19,   5.0920000000
2020,11,12,12,26,20,   5.0880000000
2020,11,12,12,26,20,   5.0920000000
2020,11,12,12,26,20,   5.0920000000
2020,11,12,12,26,20,   5.0880000000
2020,11,12,12,26,21,   5.0960000000
2020,11,12,12,26,21,   5.0880000000
2020,11,12,12,26,21,   5.0880000000
2020,11,12,12,26,21,   5.0920000000
2020,11,12,12,26,22,   5.0960000000
2020,11,12,12,26,22,   5.0920000000
2020,11,12,12,26,22,   5.0880000000
2020,11,12,12,26,22,   5.0880000000
2020,11,12,12,26,23,   5.0960000000
2020,11,12,12,26,23,   5.0960000000
2020,11,12,12,26,23,   5.0920000000
2020,11,12,12,26,23,   5.0960000000
2020,11,12,12,26,24,   5.0920000000
2020,11,12,12,26,24,   5.0960000000
2020,11,12,12,26,24,   5.0960000000
2020,11,12,12,26,25,   5.0960000000
2020,11,12,12,26,25,   5.0960000000
2020,11,12,12,26,25,   5.0920000000
2020,11,12,12,26,25,   5.0960000000
2020,11,12,12,26,26,   5.0960000000
2020,11,12,12,26,26,   5.0640000000
2020,11,12,12,26,26,   5.0960000000
2020,11,12,12,26,26,   5.0960000000
2020,11,12,12,26,27,   5.0920000000
2020,11,12,12,26,27,   5.0960000000
2020,11,12,12,26,27,   5.0920000000
2020,11,12,12,26,27,   5.0920000000
2020,11,12,12,26,28,   5.0960000000
2020,11,12,12,26,28,   5.0880000000
2020,11,12,12,26,28,   5.0960000000
2020,11,12,12,26,28,   5.0960000000
2020,11,12,12,26,29,   5.0960000000
2020,11,12,12,26,29,   5.0920000000
2020,11,12,12,26,29,   5.0920000000
2020,11,12,12,26,30,   5.0920000000
2020,11,12,12,26,30,   5.0920000000
2020,11,12,12,26,30,   5.0920000000
2020,11,12,12,26,30,   5.0920000000
2020,11,12,12,26,31,   5.0920000000
2020,11,12,12,26,31,   5.0920000000
2020,11,12,12,26,31,   5.0960000000
2020,11,12,12,26,31,   5.0920000000
2020,11,12,12,26,32,   5.0880000000
2020,11,12,12,26,32,   5.0920000000
2020,11,12,12,26,32,   5.0920000000
2020,11,12,12,26,32,   5.0920000000
2020,11,12,12,26,33,   5.0920000000
2020,11,12,12,26,33,   5.0960000000
2020,11,12,12,26,33,   5.0880000000
2020,11,12,12,26,33,   5.0960000000
2020,11,12,12,26,34,   5.0920000000
2020,11,12,12,26,34,   5.0920000000
2020,11,12,12,26,34,   5.0920000000
2020,11,12,12,26,34,   5.0920000000
2020,11,12,12,26,35,   5.0920000000
2020,11,12,12,26,35,   5.0920000000
2020,11,12,12,26,35,   5.0920000000
2020,11,12,12,26,36,   5.0960000000
2020,11,12,12,26,36,   5.0960000000
2020,11,12,12,26,36,   5.0960000000
2020,11,12,12,26,36,   5.0920000000
2020,11,12,12,26,37,   5.0920000000
2020,11,12,12,26,37,   5.0920000000
2020,11,12,12,26,37,   5.0840000000
2020,11,12,12,26,37,   5.0920000000
2020,11,12,12,26,38,   5.0920000000
2020,11,12,12,26,38,   5.0960000000
2020,11,12,12,26,38,   5.0880000000
2020,11,12,12,26,38,   5.0920000000
2020,11,12,12,26,39,   5.0920000000
2020,11,12,12,26,39,   5.0920000000
2020,11,12,12,26,39,   5.0920000000
2020,11,12,12,26,40,   5.0960000000
2020,11,12,12,26,40,   5.0960000000
2020,11,12,12,26,40,   5.0840000000
2020,11,12,12,26,40,   5.0920000000
2020,11,12,12,26,41,   5.0880000000
2020,11,12,12,26,41,   5.0920000000
2020,11,12,12,26,41,   5.0880000000
2020,11,12,12,26,41,   5.0920000000
2020,11,12,12,26,42,   5.0960000000
2020,11,12,12,26,42,   5.0920000000
2020,11,12,12,26,42,   5.0920000000
2020,11,12,12,26,42,   5.0960000000
2020,11,12,12,26,43,   5.0920000000
2020,11,12,12,26,43,   5.0920000000
2020,11,12,12,26,43,   5.0880000000
2020,11,12,12,26,43,   5.0920000000
2020,11,12,12,26,44,   5.0920000000
2020,11,12,12,26,44,   5.0920000000
2020,11,12,12,26,44,   5.0960000000
2020,11,12,12,26,44,   5.0880000000
2020,11,12,12,26,45,   5.0920000000
2020,11,12,12,26,45,   5.0960000000
2020,11,12,12,26,45,   5.0920000000
2020,11,12,12,26,46,   5.0880000000
2020,11,12,12,26,46,   5.0920000000
2020,11,12,12,26,46,   5.0920000000
2020,11,12,12,26,46,   5.0920000000
2020,11,12,12,26,47,   5.0960000000
2020,11,12,12,26,47,   5.0960000000
2020,11,12,12,26,47,   5.0920000000
2020,11,12,12,26,47,   5.0920000000
2020,11,12,12,26,48,   5.0920000000
2020,11,12,12,26,48,   5.0920000000
2020,11,12,12,26,48,   5.0960000000
2020,11,12,12,26,48,   5.0960000000
2020,11,12,12,26,49,   5.0880000000
2020,11,12,12,26,49,   5.0840000000
2020,11,12,12,26,49,   5.0920000000
2020,11,12,12,26,49,   5.1000000000
2020,11,12,12,26,50,   5.0920000000
2020,11,12,12,26,50,   5.0960000000
2020,11,12,12,26,50,   5.0960000000
2020,11,12,12,26,51,   5.0920000000
2020,11,12,12,26,51,   5.0920000000
2020,11,12,12,26,51,   5.0960000000
2020,11,12,12,26,51,   5.0880000000
2020,11,12,12,26,52,   5.0920000000
2020,11,12,12,26,52,   5.0920000000
2020,11,12,12,26,52,   5.0880000000
2020,11,12,12,26,52,   5.0880000000
2020,11,12,12,26,53,   5.0920000000
2020,11,12,12,26,53,   5.0960000000
2020,11,12,12,26,53,   5.0920000000
2020,11,12,12,26,53,   5.0920000000
2020,11,12,12,26,54,   5.0960000000
2020,11,12,12,26,54,   5.0920000000
2020,11,12,12,26,54,   5.0920000000
2020,11,12,12,26,54,   5.0920000000
2020,11,12,12,26,55,   5.1000000000
2020,11,12,12,26,55,   5.0960000000
2020,11,12,12,26,55,   5.0920000000
2020,11,12,12,26,55,   5.0920000000
2020,11,12,12,26,56,   5.0960000000
2020,11,12,12,26,56,   5.0880000000
2020,11,12,12,26,56,   5.0720000000
2020,11,12,12,26,56,   5.0920000000
2020,11,12,12,26,57,   5.0920000000
2020,11,12,12,26,57,   5.0960000000
2020,11,12,12,26,57,   5.0920000000
2020,11,12,12,26,58,   5.0880000000
2020,11,12,12,26,58,   5.0880000000
2020,11,12,12,26,58,   5.0880000000
2020,11,12,12,26,59,   5.0880000000
2020,11,12,12,26,59,   5.0880000000
2020,11,12,12,26,59,   5.0920000000
2020,11,12,12,26,59,   5.0880000000
2020,11,12,12,27,0,   5.0920000000
2020,11,12,12,27,0,   5.0880000000
2020,11,12,12,27,0,   5.0880000000
2020,11,12,12,27,0,   5.0960000000
2020,11,12,12,27,1,   5.0920000000
2020,11,12,12,27,1,   5.0920000000
2020,11,12,12,27,1,   5.0960000000
2020,11,12,12,27,2,   5.0920000000
2020,11,12,12,27,2,   5.0920000000
2020,11,12,12,27,2,   5.0920000000
2020,11,12,12,27,2,   5.0880000000
2020,11,12,12,27,3,   5.0920000000
2020,11,12,12,27,3,   5.0920000000
2020,11,12,12,27,3,   5.0920000000
2020,11,12,12,27,3,   5.0880000000
2020,11,12,12,27,4,   5.0920000000
2020,11,12,12,27,4,   5.0920000000
2020,11,12,12,27,4,   5.0920000000
2020,11,12,12,27,4,   5.0920000000
2020,11,12,12,27,5,   5.0920000000
2020,11,12,12,27,5,   5.0920000000
2020,11,12,12,27,5,   5.0920000000
2020,11,12,12,27,5,   5.0880000000
2020,11,12,12,27,6,   5.0960000000
2020,11,12,12,27,6,   5.0920000000
2020,11,12,12,27,6,   5.0920000000
2020,11,12,12,27,7,   5.0920000000
2020,11,12,12,27,7,   5.0960000000
2020,11,12,12,27,7,   5.0880000000
2020,11,12,12,27,7,   5.0920000000
2020,11,12,12,27,8,   5.0960000000
2020,11,12,12,27,8,   5.0960000000
2020,11,12,12,27,8,   5.0920000000
2020,11,12,12,27,8,   5.0920000000
2020,11,12,12,27,9,   5.0960000000
2020,11,12,12,27,9,   5.0920000000
2020,11,12,12,27,9,   5.0960000000
2020,11,12,12,27,9,   5.0880000000
2020,11,12,12,27,10,   5.0920000000
2020,11,12,12,27,10,   5.0960000000
2020,11,12,12,27,10,   5.0920000000
2020,11,12,12,27,10,   5.0920000000
2020,11,12,12,27,11,   5.0920000000
2020,11,12,12,27,11,   5.0960000000
2020,11,12,12,27,11,   5.0880000000
2020,11,12,12,27,12,   5.0920000000
2020,11,12,12,27,12,   5.0920000000
2020,11,12,12,27,12,   5.0880000000
2020,11,12,12,27,12,   5.0960000000
2020,11,12,12,27,13,   5.0880000000
2020,11,12,12,27,13,   5.0960000000
2020,11,12,12,27,13,   5.0920000000
2020,11,12,12,27,13,   5.0920000000
2020,11,12,12,27,14,   5.0920000000
2020,11,12,12,27,14,   5.0920000000
2020,11,12,12,27,14,   5.0960000000
2020,11,12,12,27,14,   5.0920000000
2020,11,12,12,27,15,   5.0920000000
2020,11,12,12,27,15,   5.0920000000
2020,11,12,12,27,15,   5.0960000000
2020,11,12,12,27,15,   5.0960000000
2020,11,12,12,27,16,   5.0880000000
2020,11,12,12,27,16,   5.0920000000
2020,11,12,12,27,16,   5.0960000000
2020,11,12,12,27,16,   5.0920000000
2020,11,12,12,27,17,   5.0920000000
2020,11,12,12,27,17,   5.0880000000
2020,11,12,12,27,17,   5.0920000000
2020,11,12,12,27,17,   5.0920000000
2020,11,12,12,27,18,   5.0960000000
2020,11,12,12,27,18,   5.0920000000
2020,11,12,12,27,18,   5.0880000000
2020,11,12,12,27,18,   5.0920000000
2020,11,12,12,27,19,   5.0920000000
2020,11,12,12,27,19,   5.0880000000
2020,11,12,12,27,19,   5.0880000000
2020,11,12,12,27,20,   5.0880000000
2020,11,12,12,27,20,   5.0840000000
2020,11,12,12,27,20,   5.0760000000
2020,11,12,12,27,20,   5.0880000000
2020,11,12,12,27,21,   5.0840000000
2020,11,12,12,27,21,   5.0840000000
2020,11,12,12,27,21,   5.0600000000
2020,11,12,12,27,21,   5.0840000000
2020,11,12,12,27,22,   5.0880000000
2020,11,12,12,27,22,   5.0880000000
2020,11,12,12,27,22,   5.0840000000
2020,11,12,12,27,22,   5.0880000000
2020,11,12,12,27,23,   5.0840000000
2020,11,12,12,27,23,   5.0880000000
2020,11,12,12,27,23,   5.0840000000
2020,11,12,12,27,23,   5.0800000000
2020,11,12,12,27,24,   5.0880000000
2020,11,12,12,27,24,   5.0800000000
2020,11,12,12,27,24,   5.0880000000
2020,11,12,12,27,25,   5.0880000000
2020,11,12,12,27,25,   5.0840000000
2020,11,12,12,27,25,   5.0880000000
2020,11,12,12,27,25,   5.0800000000
2020,11,12,12,27,26,   5.0840000000
2020,11,12,12,27,26,   5.0840000000
2020,11,12,12,27,26,   5.0840000000
2020,11,12,12,27,26,   5.0560000000
2020,11,12,12,27,27,   5.0800000000
2020,11,12,12,27,27,   5.0760000000
2020,11,12,12,27,27,   5.0880000000
2020,11,12,12,27,27,   5.0800000000
2020,11,12,12,27,28,   5.0840000000
2020,11,12,12,27,28,   5.0840000000
2020,11,12,12,27,28,   5.0800000000
2020,11,12,12,27,28,   5.0840000000
2020,11,12,12,27,29,   5.0840000000
2020,11,12,12,27,29,   5.0880000000
2020,11,12,12,27,29,   5.0880000000
2020,11,12,12,27,29,   5.0840000000
2020,11,12,12,27,30,   5.0840000000
2020,11,12,12,27,30,   5.0800000000
2020,11,12,12,27,30,   5.0880000000
2020,11,12,12,27,31,   5.0840000000
2020,11,12,12,27,31,   5.0840000000
2020,11,12,12,27,31,   5.0800000000
2020,11,12,12,27,31,   5.0880000000
2020,11,12,12,27,32,   5.0800000000
2020,11,12,12,27,32,   5.0800000000
2020,11,12,12,27,32,   5.0760000000
2020,11,12,12,27,32,   5.0840000000
2020,11,12,12,27,33,   5.0880000000
2020,11,12,12,27,33,   5.0840000000
2020,11,12,12,27,33,   5.0880000000
2020,11,12,12,27,33,   5.0880000000
2020,11,12,12,27,34,   5.0840000000
2020,11,12,12,27,34,   5.0840000000
2020,11,12,12,27,34,   5.0840000000
2020,11,12,12,27,34,   5.0840000000
2020,11,12,12,27,35,   5.0840000000
2020,11,12,12,27,35,   5.0840000000
2020,11,12,12,27,35,   5.0800000000
2020,11,12,12,27,35,   5.0840000000
2020,11,12,12,27,36,   5.0840000000
2020,11,12,12,27,36,   5.0840000000
2020,11,12,12,27,36,   5.0840000000
2020,11,12,12,27,37,   5.0840000000
2020,11,12,12,27,37,   5.0880000000
2020,11,12,12,27,37,   5.0840000000
2020,11,12,12,27,37,   5.0800000000
2020,11,12,12,27,38,   5.0840000000
2020,11,12,12,27,38,   5.0760000000
2020,11,12,12,27,38,   5.0880000000
2020,11,12,12,27,38,   5.0800000000
2020,11,12,12,27,39,   5.0840000000
2020,11,12,12,27,39,   5.0880000000
2020,11,12,12,27,39,   5.0840000000
2020,11,12,12,27,39,   5.0880000000
2020,11,12,12,27,40,   5.0880000000
2020,11,12,12,27,40,   5.0840000000
2020,11,12,12,27,40,   5.0880000000
2020,11,12,12,27,40,   5.0920000000
2020,11,12,12,27,41,   5.0840000000
2020,11,12,12,27,41,   5.0800000000
2020,11,12,12,27,41,   5.0840000000
2020,11,12,12,27,41,   5.0800000000
2020,11,12,12,27,42,   5.0840000000
2020,11,12,12,27,42,   5.0800000000
2020,11,12,12,27,42,   5.0840000000
2020,11,12,12,27,42,   5.0840000000
2020,11,12,12,27,43,   5.0840000000
2020,11,12,12,27,43,   5.0840000000
2020,11,12,12,27,43,   5.0800000000
2020,11,12,12,27,44,   5.0880000000
2020,11,12,12,27,44,   5.0840000000
2020,11,12,12,27,44,   5.0800000000
2020,11,12,12,27,44,   5.0800000000
2020,11,12,12,27,45,   5.0880000000
2020,11,12,12,27,45,   5.0840000000
2020,11,12,12,27,45,   5.0840000000
2020,11,12,12,27,45,   5.0840000000
2020,11,12,12,27,46,   5.0840000000
2020,11,12,12,27,46,   5.0840000000
2020,11,12,12,27,46,   5.0800000000
2020,11,12,12,27,46,   5.0840000000
2020,11,12,12,27,47,   5.0880000000
2020,11,12,12,27,47,   5.0840000000
2020,11,12,12,27,47,   5.0880000000
2020,11,12,12,27,47,   5.0840000000
2020,11,12,12,27,48,   5.0800000000
2020,11,12,12,27,48,   5.0840000000
2020,11,12,12,27,48,   5.0840000000
2020,11,12,12,27,48,   5.0840000000
2020,11,12,12,27,49,   5.0840000000
2020,11,12,12,27,49,   5.0840000000
2020,11,12,12,27,49,   5.0840000000
2020,11,12,12,27,49,   5.0840000000
2020,11,12,12,27,50,   5.0880000000
2020,11,12,12,27,50,   5.0840000000
2020,11,12,12,27,50,   5.0880000000
2020,11,12,12,27,50,   5.0840000000
2020,11,12,12,27,51,   5.0760000000
2020,11,12,12,27,51,   5.0720000000
2020,11,12,12,27,51,   5.0840000000
2020,11,12,12,27,52,   5.0680000000
2020,11,12,12,27,52,   5.0840000000
2020,11,12,12,27,52,   5.0840000000
2020,11,12,12,27,52,   5.0840000000
2020,11,12,12,27,53,   5.0840000000
2020,11,12,12,27,53,   5.0840000000
2020,11,12,12,27,53,   5.0840000000
2020,11,12,12,27,53,   5.0840000000
2020,11,12,12,27,54,   5.0840000000
2020,11,12,12,27,54,   5.0840000000
2020,11,12,12,27,54,   5.0840000000
2020,11,12,12,27,54,   5.0880000000
2020,11,12,12,27,55,   5.0800000000
2020,11,12,12,27,55,   5.0800000000
2020,11,12,12,27,55,   5.0800000000
2020,11,12,12,27,55,   5.0840000000
2020,11,12,12,27,56,   5.0800000000
2020,11,12,12,27,56,   5.0880000000
2020,11,12,12,27,56,   5.0800000000
2020,11,12,12,27,56,   5.0840000000
2020,11,12,12,27,57,   5.0840000000
2020,11,12,12,27,57,   5.0880000000
2020,11,12,12,27,57,   5.0760000000
2020,11,12,12,27,58,   5.0840000000
2020,11,12,12,27,58,   5.0840000000
2020,11,12,12,27,58,   5.0760000000
2020,11,12,12,27,58,   5.0840000000
2020,11,12,12,27,59,   5.0840000000
2020,11,12,12,27,59,   5.0760000000
2020,11,12,12,27,59,   5.0800000000
2020,11,12,12,27,59,   5.0880000000
2020,11,12,12,28,0,   5.0760000000
2020,11,12,12,28,0,   5.0880000000
2020,11,12,12,28,0,   5.0840000000
2020,11,12,12,28,0,   5.0840000000
2020,11,12,12,28,1,   5.0880000000
2020,11,12,12,28,1,   5.0800000000
2020,11,12,12,28,1,   5.0800000000
2020,11,12,12,28,1,   5.0840000000
2020,11,12,12,28,2,   5.0760000000
2020,11,12,12,28,2,   5.0800000000
2020,11,12,12,28,2,   5.0840000000
2020,11,12,12,28,3,   5.0800000000
2020,11,12,12,28,3,   5.0880000000
2020,11,12,12,28,3,   5.0800000000
2020,11,12,12,28,3,   5.0880000000
2020,11,12,12,28,4,   5.0800000000
2020,11,12,12,28,4,   5.0840000000
2020,11,12,12,28,4,   5.0840000000
2020,11,12,12,28,4,   5.0800000000
2020,11,12,12,28,5,   5.0840000000
2020,11,12,12,28,5,   5.0880000000
2020,11,12,12,28,5,   5.0800000000
2020,11,12,12,28,5,   5.0800000000
2020,11,12,12,28,6,   5.0840000000
2020,11,12,12,28,6,   5.0800000000
2020,11,12,12,28,6,   5.0840000000
2020,11,12,12,28,6,   5.0800000000
2020,11,12,12,28,7,   5.0840000000
2020,11,12,12,28,7,   5.0680000000
2020,11,12,12,28,7,   5.0880000000
2020,11,12,12,28,7,   5.0840000000
2020,11,12,12,28,8,   5.0840000000
2020,11,12,12,28,8,   5.0840000000
2020,11,12,12,28,8,   5.0880000000
2020,11,12,12,28,8,   5.0800000000
2020,11,12,12,28,9,   5.0720000000
2020,11,12,12,28,9,   5.0720000000
2020,11,12,12,28,9,   5.0760000000
2020,11,12,12,28,9,   5.0800000000
2020,11,12,12,28,10,   5.0760000000
2020,11,12,12,28,10,   5.0720000000
2020,11,12,12,28,10,   5.0760000000
2020,11,12,12,28,11,   5.0760000000
2020,11,12,12,28,11,   5.0760000000
2020,11,12,12,28,11,   5.0800000000
2020,11,12,12,28,11,   5.0760000000
2020,11,12,12,28,12,   5.0800000000
2020,11,12,12,28,12,   5.0800000000
2020,11,12,12,28,12,   5.0720000000
2020,11,12,12,28,12,   5.0760000000
2020,11,12,12,28,13,   5.0720000000
2020,11,12,12,28,13,   5.0720000000
2020,11,12,12,28,13,   5.0720000000
2020,11,12,12,28,13,   5.0720000000
2020,11,12,12,28,14,   5.0760000000
2020,11,12,12,28,14,   5.0760000000
2020,11,12,12,28,14,   5.0760000000
2020,11,12,12,28,14,   5.0760000000
2020,11,12,12,28,15,   5.0840000000
2020,11,12,12,28,15,   5.0680000000
2020,11,12,12,28,15,   5.0840000000
2020,11,12,12,28,15,   5.0720000000
2020,11,12,12,28,16,   5.0760000000
2020,11,12,12,28,16,   5.0800000000
2020,11,12,12,28,16,   5.0760000000
2020,11,12,12,28,16,   5.0800000000
2020,11,12,12,28,17,   5.0720000000
2020,11,12,12,28,17,   5.0720000000
2020,11,12,12,28,17,   5.0760000000
2020,11,12,12,28,18,   5.0720000000
2020,11,12,12,28,18,   5.0760000000
2020,11,12,12,28,18,   5.0800000000
2020,11,12,12,28,18,   5.0800000000
2020,11,12,12,28,19,   5.0680000000
2020,11,12,12,28,19,   5.0800000000
2020,11,12,12,28,19,   5.0760000000
2020,11,12,12,28,19,   5.0800000000
2020,11,12,12,28,20,   5.0760000000
2020,11,12,12,28,20,   5.0760000000
2020,11,12,12,28,20,   5.0800000000
2020,11,12,12,28,20,   5.0760000000
2020,11,12,12,28,21,   5.0800000000
2020,11,12,12,28,21,   5.0680000000
2020,11,12,12,28,21,   5.0800000000
2020,11,12,12,28,21,   5.0760000000
2020,11,12,12,28,22,   5.0760000000
2020,11,12,12,28,22,   5.0800000000
2020,11,12,12,28,22,   5.0760000000
2020,11,12,12,28,23,   5.0760000000
2020,11,12,12,28,23,   5.0720000000
2020,11,12,12,28,23,   5.0800000000
2020,11,12,12,28,23,   5.0760000000
2020,11,12,12,28,24,   5.0680000000
2020,11,12,12,28,24,   5.0760000000
2020,11,12,12,28,24,   5.0680000000
2020,11,12,12,28,24,   5.0720000000
2020,11,12,12,28,25,   5.0680000000
2020,11,12,12,28,25,   5.0760000000
2020,11,12,12,28,25,   5.0760000000
2020,11,12,12,28,25,   5.0720000000
2020,11,12,12,28,26,   5.0800000000
2020,11,12,12,28,26,   5.0800000000
2020,11,12,12,28,26,   5.0800000000
2020,11,12,12,28,26,   5.0640000000
2020,11,12,12,28,27,   5.0760000000
2020,11,12,12,28,27,   5.0760000000
2020,11,12,12,28,27,   5.0760000000
2020,11,12,12,28,27,   5.0760000000
2020,11,12,12,28,28,   5.0720000000
2020,11,12,12,28,28,   5.0760000000
2020,11,12,12,28,28,   5.0760000000
2020,11,12,12,28,29,   5.0720000000
2020,11,12,12,28,29,   5.0800000000
2020,11,12,12,28,29,   5.0760000000
2020,11,12,12,28,29,   5.0760000000
2020,11,12,12,28,30,   5.0760000000
2020,11,12,12,28,30,   5.0720000000
2020,11,12,12,28,30,   5.0760000000
2020,11,12,12,28,30,   5.0800000000
2020,11,12,12,28,31,   5.0720000000
2020,11,12,12,28,31,   5.0760000000
2020,11,12,12,28,31,   5.0760000000
2020,11,12,12,28,31,   5.0720000000
2020,11,12,12,28,32,   5.0720000000
2020,11,12,12,28,32,   5.0680000000
2020,11,12,12,28,32,   5.0800000000
2020,11,12,12,28,32,   5.0800000000
2020,11,12,12,28,33,   5.0680000000
2020,11,12,12,28,33,   5.0760000000
2020,11,12,12,28,33,   5.0800000000
2020,11,12,12,28,33,   5.0720000000
2020,11,12,12,28,34,   5.0760000000
2020,11,12,12,28,34,   5.0760000000
2020,11,12,12,28,34,   5.0680000000
2020,11,12,12,28,34,   5.0760000000
2020,11,12,12,28,35,   5.0680000000
2020,11,12,12,28,35,   5.0800000000
2020,11,12,12,28,35,   5.0720000000
2020,11,12,12,28,35,   5.0760000000
2020,11,12,12,28,36,   5.0720000000
2020,11,12,12,28,36,   5.0680000000
2020,11,12,12,28,36,   5.0800000000
2020,11,12,12,28,37,   5.0720000000
2020,11,12,12,28,37,   5.0760000000
2020,11,12,12,28,37,   5.0760000000
2020,11,12,12,28,37,   5.0720000000
2020,11,12,12,28,38,   5.0720000000
2020,11,12,12,28,38,   5.0680000000
2020,11,12,12,28,38,   5.0720000000
2020,11,12,12,28,38,   5.0720000000
2020,11,12,12,28,39,   5.0720000000
2020,11,12,12,28,39,   5.0720000000
2020,11,12,12,28,39,   5.0680000000
2020,11,12,12,28,39,   5.0800000000
2020,11,12,12,28,40,   5.0720000000
2020,11,12,12,28,40,   5.0680000000
2020,11,12,12,28,40,   5.0760000000
2020,11,12,12,28,40,   5.0720000000
2020,11,12,12,28,41,   5.0720000000
2020,11,12,12,28,41,   5.0760000000
2020,11,12,12,28,41,   5.0800000000
2020,11,12,12,28,42,   5.0680000000
2020,11,12,12,28,42,   5.0680000000
2020,11,12,12,28,42,   5.0680000000
2020,11,12,12,28,42,   5.0720000000
2020,11,12,12,28,43,   5.0720000000
2020,11,12,12,28,43,   5.0760000000
2020,11,12,12,28,43,   5.0760000000
2020,11,12,12,28,43,   5.0720000000
2020,11,12,12,28,44,   5.0800000000
2020,11,12,12,28,44,   5.0680000000
2020,11,12,12,28,44,   5.0720000000
2020,11,12,12,28,44,   5.0760000000
2020,11,12,12,28,45,   5.0800000000
2020,11,12,12,28,45,   5.0680000000
2020,11,12,12,28,45,   5.0760000000
2020,11,12,12,28,45,   5.0760000000
2020,11,12,12,28,46,   5.0720000000
2020,11,12,12,28,46,   5.0680000000
2020,11,12,12,28,46,   5.0720000000
2020,11,12,12,28,47,   5.0760000000
2020,11,12,12,28,47,   5.0680000000
2020,11,12,12,28,47,   5.0720000000
2020,11,12,12,28,47,   5.0720000000
2020,11,12,12,28,48,   5.0760000000
2020,11,12,12,28,48,   5.0760000000
2020,11,12,12,28,48,   5.0800000000
2020,11,12,12,28,48,   5.0720000000
2020,11,12,12,28,49,   5.0720000000
2020,11,12,12,28,49,   5.0720000000
2020,11,12,12,28,49,   5.0760000000
2020,11,12,12,28,49,   5.0760000000
2020,11,12,12,28,50,   5.0720000000
2020,11,12,12,28,50,   5.0760000000
2020,11,12,12,28,50,   5.0760000000
2020,11,12,12,28,50,   5.0640000000
2020,11,12,12,28,51,   5.0720000000
2020,11,12,12,28,51,   5.0680000000
2020,11,12,12,28,51,   5.0720000000
2020,11,12,12,28,52,   5.0760000000
2020,11,12,12,28,52,   5.0680000000
2020,11,12,12,28,52,   5.0680000000
2020,11,12,12,28,52,   5.0760000000
2020,11,12,12,28,53,   5.0720000000
2020,11,12,12,28,53,   5.0760000000
2020,11,12,12,28,53,   5.0680000000
2020,11,12,12,28,53,   5.0720000000
2020,11,12,12,28,54,   5.0680000000
2020,11,12,12,28,54,   5.0720000000
2020,11,12,12,28,54,   5.0760000000
2020,11,12,12,28,54,   5.0720000000
2020,11,12,12,28,55,   5.0760000000
2020,11,12,12,28,55,   5.0720000000
2020,11,12,12,28,55,   5.0720000000
2020,11,12,12,28,55,   5.0720000000
2020,11,12,12,28,56,   5.0680000000
2020,11,12,12,28,56,   5.0760000000
2020,11,12,12,28,56,   5.0760000000
2020,11,12,12,28,57,   5.0760000000
2020,11,12,12,28,57,   5.0760000000
2020,11,12,12,28,57,   5.0760000000
2020,11,12,12,28,57,   5.0680000000
2020,11,12,12,28,58,   5.0680000000
2020,11,12,12,28,58,   5.0720000000
2020,11,12,12,28,58,   5.0720000000
2020,11,12,12,28,58,   5.0720000000
2020,11,12,12,28,59,   5.0760000000
2020,11,12,12,28,59,   5.0720000000
2020,11,12,12,28,59,   5.0680000000
2020,11,12,12,28,59,   5.0720000000
2020,11,12,12,29,0,   5.0720000000
2020,11,12,12,29,0,   5.0760000000
2020,11,12,12,29,0,   5.0760000000
2020,11,12,12,29,0,   5.0680000000
2020,11,12,12,29,1,   5.0760000000
2020,11,12,12,29,1,   5.0760000000
2020,11,12,12,29,1,   5.0720000000
2020,11,12,12,29,1,   5.0720000000
2020,11,12,12,29,2,   5.0680000000
2020,11,12,12,29,2,   5.0760000000
2020,11,12,12,29,2,   5.0760000000
2020,11,12,12,29,3,   5.0720000000
2020,11,12,12,29,3,   5.0720000000
2020,11,12,12,29,3,   5.0680000000
2020,11,12,12,29,3,   5.0760000000
2020,11,12,12,29,4,   5.0640000000
2020,11,12,12,29,4,   5.0760000000
2020,11,12,12,29,4,   5.0680000000
2020,11,12,12,29,4,   5.0680000000
2020,11,12,12,29,5,   5.0720000000
2020,11,12,12,29,5,   5.0680000000
2020,11,12,12,29,5,   5.0760000000
2020,11,12,12,29,5,   5.0800000000
2020,11,12,12,29,6,   5.0760000000
2020,11,12,12,29,6,   5.0720000000
2020,11,12,12,29,6,   5.0680000000
2020,11,12,12,29,6,   5.0480000000
2020,11,12,12,29,7,   5.0720000000
2020,11,12,12,29,7,   5.0720000000
2020,11,12,12,29,7,   5.0720000000
2020,11,12,12,29,8,   5.0720000000
2020,11,12,12,29,8,   5.0680000000
2020,11,12,12,29,8,   5.0720000000
2020,11,12,12,29,8,   5.0720000000
2020,11,12,12,29,9,   5.0720000000
2020,11,12,12,29,9,   5.0760000000
2020,11,12,12,29,9,   5.0720000000
2020,11,12,12,29,9,   5.0720000000
2020,11,12,12,29,10,   5.0680000000
2020,11,12,12,29,10,   5.0720000000
2020,11,12,12,29,10,   5.0720000000
2020,11,12,12,29,10,   5.0760000000
2020,11,12,12,29,11,   5.0680000000
2020,11,12,12,29,11,   5.0760000000
2020,11,12,12,29,11,   5.0800000000
2020,11,12,12,29,11,   5.0760000000
2020,11,12,12,29,12,   5.0720000000
2020,11,12,12,29,12,   5.0760000000
2020,11,12,12,29,12,   5.0720000000
2020,11,12,12,29,12,   5.0720000000
2020,11,12,12,29,13,   5.0720000000
2020,11,12,12,29,13,   5.0800000000
2020,11,12,12,29,13,   5.0720000000
2020,11,12,12,29,13,   5.0760000000
2020,11,12,12,29,14,   5.0760000000
2020,11,12,12,29,14,   5.0760000000
2020,11,12,12,29,14,   5.0760000000
2020,11,12,12,29,14,   5.0760000000
2020,11,12,12,29,15,   5.0720000000
2020,11,12,12,29,15,   5.0720000000
2020,11,12,12,29,15,   5.0720000000
2020,11,12,12,29,16,   5.0720000000
2020,11,12,12,29,16,   5.0720000000
2020,11,12,12,29,16,   5.0680000000
2020,11,12,12,29,16,   5.0680000000
2020,11,12,12,29,17,   5.0760000000
2020,11,12,12,29,17,   5.0720000000
2020,11,12,12,29,17,   5.0720000000
2020,11,12,12,29,17,   5.0760000000
2020,11,12,12,29,18,   5.0760000000
2020,11,12,12,29,18,   5.0720000000
2020,11,12,12,29,18,   5.0720000000
2020,11,12,12,29,18,   5.0720000000
2020,11,12,12,29,19,   5.0760000000
2020,11,12,12,29,19,   5.0680000000
2020,11,12,12,29,19,   5.0760000000
2020,11,12,12,29,19,   5.0720000000
2020,11,12,12,29,20,   5.0680000000
2020,11,12,12,29,20,   5.0720000000
2020,11,12,12,29,20,   5.0720000000
2020,11,12,12,29,20,   5.0760000000
2020,11,12,12,29,21,   5.0760000000
2020,11,12,12,29,21,   5.0640000000
2020,11,12,12,29,21,   5.0800000000
2020,11,12,12,29,21,   5.0720000000
2020,11,12,12,29,22,   5.0720000000
2020,11,12,12,29,22,   5.0760000000
2020,11,12,12,29,22,   5.0720000000
2020,11,12,12,29,22,   5.0680000000
2020,11,12,12,29,23,   5.0800000000
2020,11,12,12,29,23,   5.0760000000
2020,11,12,12,29,23,   5.0760000000
2020,11,12,12,29,24,   5.0760000000
2020,11,12,12,29,24,   5.0720000000
2020,11,12,12,29,24,   5.0680000000
2020,11,12,12,29,24,   5.0760000000
2020,11,12,12,29,25,   5.0680000000
2020,11,12,12,29,25,   5.0760000000
2020,11,12,12,29,25,   5.0680000000
2020,11,12,12,29,25,   5.0760000000
2020,11,12,12,29,26,   5.0760000000
2020,11,12,12,29,26,   5.0720000000
2020,11,12,12,29,26,   5.0720000000
2020,11,12,12,29,26,   5.0720000000
2020,11,12,12,29,27,   5.0760000000
2020,11,12,12,29,27,   5.0680000000
2020,11,12,12,29,27,   5.0720000000
2020,11,12,12,29,27,   5.0720000000
2020,11,12,12,29,28,   5.0680000000
2020,11,12,12,29,28,   5.0680000000
2020,11,12,12,29,28,   5.0720000000
2020,11,12,12,29,28,   5.0680000000
2020,11,12,12,29,29,   5.0720000000
2020,11,12,12,29,29,   5.0720000000
2020,11,12,12,29,29,   5.0680000000
2020,11,12,12,29,29,   5.0760000000
2020,11,12,12,29,30,   5.0760000000
2020,11,12,12,29,30,   5.0720000000
2020,11,12,12,29,30,   5.0680000000
2020,11,12,12,29,31,   5.0680000000
2020,11,12,12,29,31,   5.0680000000
2020,11,12,12,29,31,   5.0720000000
2020,11,12,12,29,31,   5.0720000000
2020,11,12,12,29,32,   5.0720000000
2020,11,12,12,29,32,   5.0680000000
2020,11,12,12,29,32,   5.0760000000
2020,11,12,12,29,32,   5.0720000000
2020,11,12,12,29,33,   5.0720000000
2020,11,12,12,29,33,   5.0720000000
2020,11,12,12,29,33,   5.0480000000
2020,11,12,12,29,33,   5.0720000000
2020,11,12,12,29,34,   5.0720000000
2020,11,12,12,29,34,   5.0680000000
2020,11,12,12,29,34,   5.0720000000
2020,11,12,12,29,34,   5.0640000000
2020,11,12,12,29,35,   5.0720000000
2020,11,12,12,29,35,   5.0720000000
2020,11,12,12,29,35,   5.0720000000
2020,11,12,12,29,35,   5.0760000000
2020,11,12,12,29,36,   5.0680000000
2020,11,12,12,29,36,   5.0600000000
2020,11,12,12,29,36,   5.0680000000
2020,11,12,12,29,36,   5.0680000000
2020,11,12,12,29,37,   5.0200000000
2020,11,12,12,29,37,   5.0680000000
2020,11,12,12,29,37,   5.0720000000
2020,11,12,12,29,38,   5.0680000000
2020,11,12,12,29,38,   5.0720000000
2020,11,12,12,29,38,   5.0680000000
2020,11,12,12,29,38,   5.0720000000
2020,11,12,12,29,39,   5.0720000000
2020,11,12,12,29,39,   5.0720000000
2020,11,12,12,29,39,   5.0720000000
2020,11,12,12,29,39,   5.0720000000
2020,11,12,12,29,40,   5.0720000000
2020,11,12,12,29,40,   5.0720000000
2020,11,12,12,29,40,   5.0680000000
2020,11,12,12,29,40,   5.0720000000
2020,11,12,12,29,41,   5.0680000000
2020,11,12,12,29,41,   5.0720000000
2020,11,12,12,29,41,   5.0720000000
2020,11,12,12,29,41,   5.0720000000
2020,11,12,12,29,42,   5.0680000000
2020,11,12,12,29,42,   5.0720000000
2020,11,12,12,29,42,   5.0760000000
2020,11,12,12,29,43,   5.0680000000
2020,11,12,12,29,43,   5.0760000000
2020,11,12,12,29,43,   5.0720000000
2020,11,12,12,29,43,   5.0680000000
2020,11,12,12,29,44,   5.0720000000
2020,11,12,12,29,44,   5.0680000000
2020,11,12,12,29,44,   5.0720000000
2020,11,12,12,29,44,   5.0680000000
2020,11,12,12,29,45,   5.0680000000
2020,11,12,12,29,45,   5.0680000000
2020,11,12,12,29,45,   5.0720000000
2020,11,12,12,29,45,   5.0680000000
2020,11,12,12,29,46,   5.0760000000
2020,11,12,12,29,46,   5.0680000000
2020,11,12,12,29,46,   5.0680000000
2020,11,12,12,29,46,   5.0720000000
2020,11,12,12,29,47,   5.0720000000
2020,11,12,12,29,47,   5.0680000000
2020,11,12,12,29,47,   5.0720000000
2020,11,12,12,29,47,   5.0680000000
2020,11,12,12,29,48,   5.0640000000
2020,11,12,12,29,48,   5.0760000000
2020,11,12,12,29,48,   5.0680000000
2020,11,12,12,29,48,   5.0760000000
2020,11,12,12,29,49,   5.0680000000
2020,11,12,12,29,49,   5.0720000000
2020,11,12,12,29,49,   5.0680000000
2020,11,12,12,29,50,   5.0640000000
2020,11,12,12,29,50,   5.0640000000
2020,11,12,12,29,50,   5.0720000000
2020,11,12,12,29,50,   5.0680000000
2020,11,12,12,29,51,   5.0720000000
2020,11,12,12,29,51,   5.0720000000
2020,11,12,12,29,51,   5.0680000000
2020,11,12,12,29,51,   5.0640000000
2020,11,12,12,29,52,   5.0680000000
2020,11,12,12,29,52,   5.0680000000
2020,11,12,12,29,52,   5.0680000000
2020,11,12,12,29,52,   5.0680000000
2020,11,12,12,29,53,   5.0680000000
2020,11,12,12,29,53,   5.0720000000
2020,11,12,12,29,53,   5.0680000000
2020,11,12,12,29,53,   5.0640000000
2020,11,12,12,29,54,   5.0720000000
2020,11,12,12,29,54,   5.0680000000
2020,11,12,12,29,54,   5.0720000000
2020,11,12,12,29,54,   5.0680000000
2020,11,12,12,29,55,   5.0680000000
2020,11,12,12,29,55,   5.0720000000
2020,11,12,12,29,55,   5.0760000000
2020,11,12,12,29,55,   5.0720000000
2020,11,12,12,29,56,   5.0720000000
2020,11,12,12,29,56,   5.0640000000
2020,11,12,12,29,56,   5.0680000000
2020,11,12,12,29,56,   5.0720000000
2020,11,12,12,29,57,   5.0720000000
2020,11,12,12,29,57,   5.0600000000
2020,11,12,12,29,57,   5.0600000000
2020,11,12,12,29,58,   5.0680000000
2020,11,12,12,29,58,   5.0720000000
2020,11,12,12,29,58,   5.0720000000
2020,11,12,12,29,58,   5.0720000000
2020,11,12,12,29,59,   5.0720000000
2020,11,12,12,29,59,   5.0640000000
2020,11,12,12,29,59,   5.0680000000
2020,11,12,12,29,59,   5.0640000000
2020,11,12,12,30,0,   5.0640000000
2020,11,12,12,30,0,   5.0680000000
2020,11,12,12,30,0,   5.0680000000
2020,11,12,12,30,0,   5.0680000000
2020,11,12,12,30,1,   5.0720000000
2020,11,12,12,30,1,   5.0720000000
2020,11,12,12,30,1,   5.0680000000
2020,11,12,12,30,1,   5.0720000000
2020,11,12,12,30,2,   5.0680000000
2020,11,12,12,30,2,   5.0640000000
2020,11,12,12,30,2,   5.0680000000
2020,11,12,12,30,2,   5.0720000000
2020,11,12,12,30,3,   5.0760000000
2020,11,12,12,30,3,   5.0680000000
2020,11,12,12,30,3,   5.0680000000
2020,11,12,12,30,3,   5.0720000000
2020,11,12,12,30,4,   5.0680000000
2020,11,12,12,30,4,   5.0680000000
2020,11,12,12,30,4,   5.0760000000
2020,11,12,12,30,5,   5.0760000000
2020,11,12,12,30,5,   5.0720000000
2020,11,12,12,30,5,   5.0760000000
2020,11,12,12,30,5,   5.0640000000
2020,11,12,12,30,6,   5.0680000000
2020,11,12,12,30,6,   5.0720000000
2020,11,12,12,30,6,   5.0680000000
2020,11,12,12,30,6,   5.0720000000
2020,11,12,12,30,7,   5.0680000000
2020,11,12,12,30,7,   5.0640000000
2020,11,12,12,30,7,   5.0480000000
2020,11,12,12,30,7,   5.0720000000
2020,11,12,12,30,8,   5.0720000000
2020,11,12,12,30,8,   5.0680000000
2020,11,12,12,30,8,   5.0680000000
2020,11,12,12,30,8,   5.0640000000
2020,11,12,12,30,9,   5.0680000000
2020,11,12,12,30,9,   5.0000000000
2020,11,12,12,30,9,   5.0600000000
2020,11,12,12,30,9,   5.0640000000
2020,11,12,12,30,10,   5.0640000000
2020,11,12,12,30,10,   5.0640000000
2020,11,12,12,30,10,   5.0640000000
2020,11,12,12,30,10,   5.0600000000
2020,11,12,12,30,11,   5.0640000000
2020,11,12,12,30,11,   5.0640000000
2020,11,12,12,30,11,   5.0600000000
2020,11,12,12,30,12,   5.0640000000
2020,11,12,12,30,12,   5.0560000000
2020,11,12,12,30,12,   5.0640000000
2020,11,12,12,30,12,   5.0600000000
2020,11,12,12,30,13,   5.0600000000
2020,11,12,12,30,13,   5.0640000000
2020,11,12,12,30,13,   5.0600000000
2020,11,12,12,30,13,   5.0600000000
2020,11,12,12,30,14,   5.0600000000
2020,11,12,12,30,14,   5.0560000000
2020,11,12,12,30,14,   5.0640000000
2020,11,12,12,30,14,   5.0640000000
2020,11,12,12,30,15,   5.0720000000
2020,11,12,12,30,15,   5.0640000000
2020,11,12,12,30,15,   5.0560000000
2020,11,12,12,30,15,   5.0640000000
2020,11,12,12,30,16,   5.0640000000
2020,11,12,12,30,16,   5.0680000000
2020,11,12,12,30,16,   5.0600000000
2020,11,12,12,30,17,   5.0600000000
2020,11,12,12,30,17,   5.0600000000
2020,11,12,12,30,17,   5.0560000000
2020,11,12,12,30,17,   5.0640000000
2020,11,12,12,30,18,   5.0600000000
2020,11,12,12,30,18,   5.0640000000
2020,11,12,12,30,18,   5.0640000000
2020,11,12,12,30,18,   5.0600000000
2020,11,12,12,30,19,   5.0640000000
2020,11,12,12,30,19,   5.0640000000
2020,11,12,12,30,19,   5.0640000000
2020,11,12,12,30,19,   5.0640000000
2020,11,12,12,30,20,   5.0680000000
2020,11,12,12,30,20,   5.0640000000
2020,11,12,12,30,20,   5.0600000000
2020,11,12,12,30,20,   5.0680000000
2020,11,12,12,30,21,   5.0640000000
2020,11,12,12,30,21,   5.0680000000
2020,11,12,12,30,21,   5.0400000000
2020,11,12,12,30,21,   5.0640000000
2020,11,12,12,30,22,   5.0680000000
2020,11,12,12,30,22,   5.0680000000
2020,11,12,12,30,22,   5.0680000000
2020,11,12,12,30,22,   5.0600000000
2020,11,12,12,30,23,   5.0600000000
2020,11,12,12,30,23,   5.0600000000
2020,11,12,12,30,23,   5.0600000000
2020,11,12,12,30,23,   5.0600000000
2020,11,12,12,30,24,   5.0600000000
2020,11,12,12,30,24,   5.0600000000
2020,11,12,12,30,24,   5.0640000000
2020,11,12,12,30,25,   5.0640000000
2020,11,12,12,30,25,   5.0600000000
2020,11,12,12,30,25,   5.0560000000
2020,11,12,12,30,25,   5.0600000000
2020,11,12,12,30,26,   5.0600000000
2020,11,12,12,30,26,   5.0600000000
2020,11,12,12,30,26,   5.0600000000
2020,11,12,12,30,26,   5.0600000000
2020,11,12,12,30,27,   5.0640000000
2020,11,12,12,30,27,   5.0560000000
2020,11,12,12,30,27,   5.0600000000
2020,11,12,12,30,27,   5.0560000000
2020,11,12,12,30,28,   5.0560000000
2020,11,12,12,30,28,   5.0520000000
2020,11,12,12,30,28,   5.0680000000
2020,11,12,12,30,28,   5.0640000000
2020,11,12,12,30,29,   5.0600000000
2020,11,12,12,30,29,   5.0560000000
2020,11,12,12,30,29,   5.0640000000
2020,11,12,12,30,30,   5.0640000000
2020,11,12,12,30,30,   5.0560000000
2020,11,12,12,30,30,   5.0600000000
2020,11,12,12,30,30,   5.0640000000
2020,11,12,12,30,31,   5.0600000000
2020,11,12,12,30,31,   5.0560000000
2020,11,12,12,30,31,   5.0600000000
2020,11,12,12,30,31,   5.0640000000
2020,11,12,12,30,32,   5.0600000000
2020,11,12,12,30,32,   5.0640000000
2020,11,12,12,30,32,   5.0640000000
2020,11,12,12,30,32,   5.0640000000
2020,11,12,12,30,33,   5.0600000000
2020,11,12,12,30,33,   5.0600000000
2020,11,12,12,30,33,   5.0640000000
2020,11,12,12,30,34,   5.0600000000
2020,11,12,12,30,34,   5.0560000000
2020,11,12,12,30,34,   5.0600000000
2020,11,12,12,30,34,   5.0560000000
2020,11,12,12,30,35,   5.0640000000
2020,11,12,12,30,35,   5.0680000000
2020,11,12,12,30,35,   5.0600000000
2020,11,12,12,30,35,   5.0560000000
2020,11,12,12,30,36,   5.0600000000
2020,11,12,12,30,36,   5.0600000000
2020,11,12,12,30,36,   5.0640000000
2020,11,12,12,30,36,   5.0600000000
2020,11,12,12,30,37,   5.0600000000
2020,11,12,12,30,37,   5.0640000000
2020,11,12,12,30,37,   5.0320000000
2020,11,12,12,30,37,   5.0520000000
2020,11,12,12,30,38,   5.0640000000
2020,11,12,12,30,38,   5.0600000000
2020,11,12,12,30,38,   5.0600000000
2020,11,12,12,30,38,   5.0560000000
2020,11,12,12,30,39,   5.0560000000
2020,11,12,12,30,39,   5.0640000000
2020,11,12,12,30,39,   5.0560000000
2020,11,12,12,30,40,   5.0520000000
2020,11,12,12,30,40,   5.0560000000
2020,11,12,12,30,40,   5.0560000000
2020,11,12,12,30,40,   5.0600000000
2020,11,12,12,30,41,   5.0600000000
2020,11,12,12,30,41,   5.0600000000
2020,11,12,12,30,41,   5.0600000000
2020,11,12,12,30,41,   5.0640000000
2020,11,12,12,30,42,   5.0600000000
2020,11,12,12,30,42,   5.0600000000
2020,11,12,12,30,42,   5.0600000000
2020,11,12,12,30,42,   5.0480000000
2020,11,12,12,30,43,   5.0560000000
2020,11,12,12,30,43,   5.0520000000
2020,11,12,12,30,43,   5.0520000000
2020,11,12,12,30,43,   5.0520000000
2020,11,12,12,30,44,   5.0560000000
2020,11,12,12,30,44,   5.0520000000
2020,11,12,12,30,44,   5.0560000000
2020,11,12,12,30,44,   5.0560000000
2020,11,12,12,30,45,   5.0520000000
2020,11,12,12,30,45,   5.0520000000
2020,11,12,12,30,45,   5.0520000000
2020,11,12,12,30,45,   5.0480000000
2020,11,12,12,30,46,   5.0600000000
2020,11,12,12,30,46,   5.0520000000
2020,11,12,12,30,46,   5.0520000000
2020,11,12,12,30,47,   5.0520000000
2020,11,12,12,30,47,   5.0520000000
2020,11,12,12,30,47,   5.0520000000
2020,11,12,12,30,47,   5.0520000000
2020,11,12,12,30,48,   5.0560000000
2020,11,12,12,30,48,   5.0640000000
2020,11,12,12,30,48,   5.0520000000
2020,11,12,12,30,48,   5.0600000000
2020,11,12,12,30,49,   5.0600000000
2020,11,12,12,30,49,   5.0560000000
2020,11,12,12,30,49,   5.0560000000
2020,11,12,12,30,49,   5.0560000000
2020,11,12,12,30,50,   5.0560000000
2020,11,12,12,30,50,   5.0520000000
2020,11,12,12,30,50,   5.0520000000
2020,11,12,12,30,50,   5.0560000000
2020,11,12,12,30,51,   5.0520000000
2020,11,12,12,30,51,   5.0560000000
2020,11,12,12,30,51,   5.0520000000
2020,11,12,12,30,51,   5.0600000000
2020,11,12,12,30,52,   5.0520000000
2020,11,12,12,30,52,   5.0480000000
2020,11,12,12,30,52,   5.0600000000
2020,11,12,12,30,52,   5.0520000000
2020,11,12,12,30,53,   5.0520000000
2020,11,12,12,30,53,   5.0520000000
2020,11,12,12,30,53,   5.0520000000
2020,11,12,12,30,54,   5.0480000000
2020,11,12,12,30,54,   5.0480000000
2020,11,12,12,30,54,   5.0480000000
2020,11,12,12,30,54,   5.0480000000
2020,11,12,12,30,55,   5.0440000000
2020,11,12,12,30,55,   5.0520000000
2020,11,12,12,30,55,   5.0480000000
2020,11,12,12,30,55,   5.0480000000
2020,11,12,12,30,56,   5.0480000000
2020,11,12,12,30,56,   5.0480000000
2020,11,12,12,30,56,   5.0480000000
2020,11,12,12,30,56,   5.0480000000
2020,11,12,12,30,57,   5.0480000000
2020,11,12,12,30,57,   5.0480000000
2020,11,12,12,30,57,   5.0520000000
2020,11,12,12,30,57,   5.0440000000
2020,11,12,12,30,58,   5.0480000000
2020,11,12,12,30,58,   5.0520000000
2020,11,12,12,30,58,   5.0440000000
2020,11,12,12,30,58,   5.0520000000
2020,11,12,12,30,59,   5.0480000000
2020,11,12,12,30,59,   5.0520000000
2020,11,12,12,30,59,   5.0520000000
2020,11,12,12,30,59,   5.0400000000
2020,11,12,12,31,0,   5.0480000000
2020,11,12,12,31,0,   5.0440000000
2020,11,12,12,31,0,   5.0480000000
2020,11,12,12,31,1,   5.0520000000
2020,11,12,12,31,1,   5.0440000000
2020,11,12,12,31,1,   5.0480000000
2020,11,12,12,31,1,   5.0560000000
2020,11,12,12,31,2,   5.0480000000
2020,11,12,12,31,2,   5.0560000000
2020,11,12,12,31,2,   5.0560000000
2020,11,12,12,31,2,   5.0520000000
2020,11,12,12,31,3,   5.0440000000
2020,11,12,12,31,3,   5.0440000000
2020,11,12,12,31,3,   5.0480000000
2020,11,12,12,31,3,   5.0480000000
2020,11,12,12,31,4,   5.0440000000
2020,11,12,12,31,4,   5.0480000000
2020,11,12,12,31,4,   5.0480000000
2020,11,12,12,31,4,   5.0520000000
2020,11,12,12,31,5,   5.0520000000
2020,11,12,12,31,5,   5.0480000000
2020,11,12,12,31,5,   5.0320000000
2020,11,12,12,31,5,   5.0480000000
2020,11,12,12,31,6,   5.0480000000
2020,11,12,12,31,6,   5.0480000000
2020,11,12,12,31,6,   5.0480000000
2020,11,12,12,31,6,   5.0480000000
2020,11,12,12,31,7,   5.0440000000
2020,11,12,12,31,7,   5.0480000000
2020,11,12,12,31,7,   5.0480000000
2020,11,12,12,31,7,   5.0360000000
2020,11,12,12,31,8,   5.0240000000
2020,11,12,12,31,8,   5.0280000000
2020,11,12,12,31,8,   4.8520000000
2020,11,12,12,31,9,   5.0440000000
2020,11,12,12,31,9,   4.9480000000
2020,11,12,12,31,9,   5.0400000000
2020,11,12,12,31,9,   5.0280000000
2020,11,12,12,31,10,   5.0400000000
2020,11,12,12,31,10,   5.0360000000
2020,11,12,12,31,10,   5.0360000000
2020,11,12,12,31,10,   5.0400000000
2020,11,12,12,31,11,   5.0360000000
2020,11,12,12,31,11,   5.0320000000
2020,11,12,12,31,11,   5.0320000000
2020,11,12,12,31,11,   5.0360000000
2020,11,12,12,31,12,   5.0360000000
2020,11,12,12,31,12,   5.0400000000
2020,11,12,12,31,12,   5.0400000000
2020,11,12,12,31,12,   5.0080000000
2020,11,12,12,31,13,   5.0160000000
2020,11,12,12,31,13,   5.0360000000
2020,11,12,12,31,13,   5.0360000000
2020,11,12,12,31,14,   5.0360000000
2020,11,12,12,31,14,   5.0400000000
2020,11,12,12,31,14,   5.0320000000
2020,11,12,12,31,14,   5.0360000000
2020,11,12,12,31,15,   5.0400000000
2020,11,12,12,31,15,   5.0360000000
2020,11,12,12,31,15,   5.0360000000
2020,11,12,12,31,15,   5.0400000000
2020,11,12,12,31,16,   5.0360000000
2020,11,12,12,31,16,   5.0360000000
2020,11,12,12,31,16,   5.0400000000
2020,11,12,12,31,16,   5.0360000000
2020,11,12,12,31,17,   5.0360000000
2020,11,12,12,31,17,   5.0360000000
2020,11,12,12,31,17,   5.0360000000
2020,11,12,12,31,17,   5.0320000000
2020,11,12,12,31,18,   5.0360000000
2020,11,12,12,31,18,   5.0320000000
2020,11,12,12,31,18,   5.0320000000
2020,11,12,12,31,18,   5.0320000000
2020,11,12,12,31,19,   5.0280000000
2020,11,12,12,31,19,   5.0320000000
2020,11,12,12,31,19,   5.0360000000
2020,11,12,12,31,20,   5.0280000000
2020,11,12,12,31,20,   5.0320000000
2020,11,12,12,31,20,   5.0320000000
2020,11,12,12,31,20,   5.0320000000
2020,11,12,12,31,21,   5.0360000000
2020,11,12,12,31,21,   5.0320000000
2020,11,12,12,31,21,   5.0360000000
2020,11,12,12,31,21,   5.0120000000
2020,11,12,12,31,22,   5.0360000000
2020,11,12,12,31,22,   5.0360000000
2020,11,12,12,31,22,   5.0320000000
2020,11,12,12,31,22,   5.0280000000
2020,11,12,12,31,23,   5.0360000000
2020,11,12,12,31,23,   5.0320000000
2020,11,12,12,31,23,   5.0320000000
2020,11,12,12,31,23,   5.0360000000
2020,11,12,12,31,24,   5.0320000000
2020,11,12,12,31,24,   5.0320000000
2020,11,12,12,31,24,   5.0280000000
2020,11,12,12,31,24,   5.0360000000
2020,11,12,12,31,25,   5.0360000000
2020,11,12,12,31,25,   5.0320000000
2020,11,12,12,31,25,   5.0360000000
2020,11,12,12,31,25,   5.0320000000
2020,11,12,12,31,26,   5.0360000000
2020,11,12,12,31,26,   5.0360000000
2020,11,12,12,31,26,   5.0360000000
2020,11,12,12,31,27,   5.0360000000
2020,11,12,12,31,27,   5.0360000000
2020,11,12,12,31,27,   5.0320000000
2020,11,12,12,31,27,   5.0320000000
2020,11,12,12,31,28,   5.0320000000
2020,11,12,12,31,28,   5.0320000000
2020,11,12,12,31,28,   5.0360000000
2020,11,12,12,31,28,   5.0400000000
2020,11,12,12,31,29,   5.0360000000
2020,11,12,12,31,29,   5.0320000000
2020,11,12,12,31,29,   5.0360000000
2020,11,12,12,31,29,   5.0320000000
2020,11,12,12,31,30,   5.0320000000
2020,11,12,12,31,30,   5.0360000000
2020,11,12,12,31,30,   5.0000000000
2020,11,12,12,31,30,   5.0400000000
2020,11,12,12,31,31,   5.0400000000
2020,11,12,12,31,31,   5.0360000000
2020,11,12,12,31,31,   5.0360000000
2020,11,12,12,31,31,   5.0360000000
2020,11,12,12,31,32,   5.0320000000
2020,11,12,12,31,32,   5.0360000000
2020,11,12,12,31,32,   5.0360000000
2020,11,12,12,31,33,   5.0120000000
2020,11,12,12,31,33,   5.0280000000
2020,11,12,12,31,33,   5.0320000000
2020,11,12,12,31,34,   5.0360000000
2020,11,12,12,31,34,   5.0360000000
2020,11,12,12,31,34,   5.0320000000
2020,11,12,12,31,34,   5.0320000000
2020,11,12,12,31,35,   5.0320000000
2020,11,12,12,31,35,   5.0280000000
2020,11,12,12,31,35,   5.0400000000
2020,11,12,12,31,36,   5.0320000000
2020,11,12,12,31,36,   5.0320000000
2020,11,12,12,31,36,   5.0360000000
2020,11,12,12,31,36,   5.0320000000
2020,11,12,12,31,37,   5.0320000000
2020,11,12,12,31,37,   5.0320000000
2020,11,12,12,31,37,   5.0360000000
2020,11,12,12,31,37,   5.0360000000
2020,11,12,12,31,38,   5.0360000000
2020,11,12,12,31,38,   5.0280000000
2020,11,12,12,31,38,   5.0320000000
2020,11,12,12,31,38,   5.0280000000
2020,11,12,12,31,39,   5.0360000000
2020,11,12,12,31,39,   5.0320000000
2020,11,12,12,31,39,   5.0320000000
2020,11,12,12,31,39,   5.0320000000
2020,11,12,12,31,40,   5.0360000000
2020,11,12,12,31,40,   5.0320000000
2020,11,12,12,31,40,   5.0360000000
2020,11,12,12,31,40,   5.0320000000
2020,11,12,12,31,41,   5.0280000000
2020,11,12,12,31,41,   5.0360000000
2020,11,12,12,31,41,   5.0320000000
2020,11,12,12,31,42,   5.0280000000
2020,11,12,12,31,42,   5.0360000000
2020,11,12,12,31,42,   5.0360000000
2020,11,12,12,31,42,   5.0320000000
2020,11,12,12,31,43,   5.0360000000
2020,11,12,12,31,43,   5.0280000000
2020,11,12,12,31,43,   5.0320000000
2020,11,12,12,31,43,   5.0280000000
2020,11,12,12,31,44,   5.0360000000
2020,11,12,12,31,44,   5.0320000000
2020,11,12,12,31,44,   5.0320000000
2020,11,12,12,31,44,   5.0320000000
2020,11,12,12,31,45,   5.0360000000
2020,11,12,12,31,45,   5.0320000000
2020,11,12,12,31,45,   5.0360000000
2020,11,12,12,31,45,   5.0320000000
2020,11,12,12,31,46,   5.0320000000
2020,11,12,12,31,46,   5.0320000000
2020,11,12,12,31,46,   5.0320000000
2020,11,12,12,31,47,   5.0320000000
2020,11,12,12,31,47,   5.0320000000
2020,11,12,12,31,47,   5.0360000000
2020,11,12,12,31,47,   5.0360000000
2020,11,12,12,31,48,   5.0280000000
2020,11,12,12,31,48,   5.0320000000
2020,11,12,12,31,48,   5.0320000000
2020,11,12,12,31,48,   5.0360000000
2020,11,12,12,31,49,   5.0320000000
2020,11,12,12,31,49,   5.0360000000
2020,11,12,12,31,49,   5.0360000000
2020,11,12,12,31,49,   5.0320000000
2020,11,12,12,31,50,   5.0320000000
2020,11,12,12,31,50,   5.0280000000
2020,11,12,12,31,50,   5.0360000000
2020,11,12,12,31,50,   5.0360000000
2020,11,12,12,31,51,   5.0320000000
2020,11,12,12,31,51,   5.0320000000
2020,11,12,12,31,51,   5.0360000000
2020,11,12,12,31,51,   5.0320000000
2020,11,12,12,31,52,   5.0360000000
2020,11,12,12,31,52,   5.0360000000
2020,11,12,12,31,52,   5.0360000000
2020,11,12,12,31,53,   5.0320000000
2020,11,12,12,31,53,   5.0280000000
2020,11,12,12,31,53,   5.0360000000
2020,11,12,12,31,53,   5.0320000000
2020,11,12,12,31,54,   5.0320000000
2020,11,12,12,31,54,   5.0280000000
2020,11,12,12,31,54,   5.0320000000
2020,11,12,12,31,54,   5.0320000000
2020,11,12,12,31,55,   5.0320000000
2020,11,12,12,31,55,   5.0280000000
2020,11,12,12,31,55,   5.0280000000
2020,11,12,12,31,55,   5.0320000000
2020,11,12,12,31,56,   5.0360000000
2020,11,12,12,31,56,   5.0280000000
2020,11,12,12,31,56,   5.0320000000
2020,11,12,12,31,56,   5.0240000000
2020,11,12,12,31,57,   5.0280000000
2020,11,12,12,31,57,   5.0360000000
2020,11,12,12,31,57,   5.0320000000
2020,11,12,12,31,57,   5.0320000000
2020,11,12,12,31,58,   5.0320000000
2020,11,12,12,31,58,   5.0280000000
2020,11,12,12,31,58,   5.0320000000
2020,11,12,12,31,59,   5.0320000000
2020,11,12,12,31,59,   5.0360000000
2020,11,12,12,31,59,   5.0280000000
2020,11,12,12,31,59,   5.0200000000
2020,11,12,12,32,0,   5.0240000000
2020,11,12,12,32,0,   5.0200000000
2020,11,12,12,32,0,   5.0280000000
2020,11,12,12,32,0,   5.0200000000
2020,11,12,12,32,1,   5.0280000000
2020,11,12,12,32,1,   5.0240000000
2020,11,12,12,32,1,   5.0240000000
2020,11,12,12,32,1,   5.0280000000
2020,11,12,12,32,2,   5.0280000000
2020,11,12,12,32,2,   5.0240000000
2020,11,12,12,32,2,   5.0280000000
2020,11,12,12,32,3,   5.0240000000
2020,11,12,12,32,3,   5.0280000000
2020,11,12,12,32,3,   5.0280000000
2020,11,12,12,32,3,   5.0240000000
2020,11,12,12,32,4,   5.0280000000
2020,11,12,12,32,4,   5.0160000000
2020,11,12,12,32,4,   5.0280000000
2020,11,12,12,32,4,   5.0280000000
2020,11,12,12,32,5,   5.0280000000
2020,11,12,12,32,5,   5.0240000000
2020,11,12,12,32,5,   5.0200000000
2020,11,12,12,32,5,   5.0240000000
2020,11,12,12,32,6,   5.0280000000
2020,11,12,12,32,6,   5.0240000000
2020,11,12,12,32,6,   5.0320000000
2020,11,12,12,32,6,   5.0240000000
2020,11,12,12,32,7,   5.0240000000
2020,11,12,12,32,7,   5.0280000000
2020,11,12,12,32,7,   5.0280000000
2020,11,12,12,32,7,   5.0280000000
2020,11,12,12,32,8,   5.0200000000
2020,11,12,12,32,8,   4.9960000000
2020,11,12,12,32,8,   5.0360000000
2020,11,12,12,32,9,   5.0320000000
2020,11,12,12,32,9,   5.0480000000
2020,11,12,12,32,9,   5.0400000000
2020,11,12,12,32,9,   5.0360000000
2020,11,12,12,32,10,   5.0360000000
2020,11,12,12,32,10,   5.0400000000
2020,11,12,12,32,10,   5.0360000000
2020,11,12,12,32,10,   5.0360000000
2020,11,12,12,32,11,   5.0360000000
2020,11,12,12,32,11,   5.0440000000
2020,11,12,12,32,11,   5.0440000000
2020,11,12,12,32,11,   5.0360000000
2020,11,12,12,32,12,   5.0360000000
2020,11,12,12,32,12,   5.0360000000
2020,11,12,12,32,12,   5.0400000000
2020,11,12,12,32,12,   5.0400000000
2020,11,12,12,32,13,   5.0360000000
2020,11,12,12,32,13,   5.0360000000
2020,11,12,12,32,13,   5.0400000000
2020,11,12,12,32,13,   5.0360000000
2020,11,12,12,32,14,   5.0360000000
2020,11,12,12,32,14,   5.0400000000
2020,11,12,12,32,14,   5.0360000000
2020,11,12,12,32,14,   5.0320000000
2020,11,12,12,32,15,   5.0360000000
2020,11,12,12,32,15,   5.0400000000
2020,11,12,12,32,15,   5.0280000000
2020,11,12,12,32,15,   5.0320000000
2020,11,12,12,32,16,   5.0320000000
2020,11,12,12,32,16,   5.0320000000
2020,11,12,12,32,16,   5.0320000000
2020,11,12,12,32,17,   5.0360000000
2020,11,12,12,32,17,   5.0320000000
2020,11,12,12,32,17,   5.0360000000
2020,11,12,12,32,17,   5.0280000000
2020,11,12,12,32,18,   5.0360000000
2020,11,12,12,32,18,   5.0320000000
2020,11,12,12,32,18,   5.0360000000
2020,11,12,12,32,18,   5.0320000000
2020,11,12,12,32,19,   5.0320000000
2020,11,12,12,32,19,   5.0360000000
2020,11,12,12,32,19,   5.0280000000
2020,11,12,12,32,19,   5.0280000000
2020,11,12,12,32,20,   5.0360000000
2020,11,12,12,32,20,   5.0360000000
2020,11,12,12,32,20,   5.0320000000
2020,11,12,12,32,20,   5.0360000000
2020,11,12,12,32,21,   5.0320000000
2020,11,12,12,32,21,   5.0360000000
2020,11,12,12,32,21,   5.0360000000
2020,11,12,12,32,21,   5.0200000000
2020,11,12,12,32,22,   5.0320000000
2020,11,12,12,32,22,   5.0360000000
2020,11,12,12,32,22,   5.0040000000
2020,11,12,12,32,22,   5.0360000000
2020,11,12,12,32,23,   5.0360000000
2020,11,12,12,32,23,   5.0280000000
2020,11,12,12,32,23,   5.0320000000
2020,11,12,12,32,23,   5.0320000000
2020,11,12,12,32,24,   5.0360000000
2020,11,12,12,32,24,   5.0200000000
2020,11,12,12,32,24,   5.0360000000
2020,11,12,12,32,25,   5.0360000000
2020,11,12,12,32,25,   5.0320000000
2020,11,12,12,32,25,   5.0360000000
2020,11,12,12,32,25,   5.0280000000
2020,11,12,12,32,26,   5.0360000000
2020,11,12,12,32,26,   5.0320000000
2020,11,12,12,32,26,   5.0280000000
2020,11,12,12,32,26,   5.0360000000
2020,11,12,12,32,27,   5.0320000000
2020,11,12,12,32,27,   5.0320000000
2020,11,12,12,32,27,   5.0360000000
2020,11,12,12,32,27,   5.0120000000
2020,11,12,12,32,28,   5.0320000000
2020,11,12,12,32,28,   5.0360000000
2020,11,12,12,32,28,   5.0400000000
2020,11,12,12,32,28,   5.0400000000
2020,11,12,12,32,29,   5.0400000000
2020,11,12,12,32,29,   5.0400000000
2020,11,12,12,32,29,   5.0360000000
2020,11,12,12,32,29,   5.0400000000
2020,11,12,12,32,30,   5.0440000000
2020,11,12,12,32,30,   5.0400000000
2020,11,12,12,32,30,   5.0360000000
2020,11,12,12,32,30,   5.0440000000
2020,11,12,12,32,31,   5.0440000000
2020,11,12,12,32,31,   5.0400000000
2020,11,12,12,32,31,   5.0360000000
2020,11,12,12,32,32,   5.0400000000
2020,11,12,12,32,32,   5.0400000000
2020,11,12,12,32,32,   5.0400000000
2020,11,12,12,32,32,   5.0400000000
2020,11,12,12,32,33,   5.0400000000
2020,11,12,12,32,33,   5.0400000000
2020,11,12,12,32,33,   5.0400000000
2020,11,12,12,32,33,   5.0440000000
2020,11,12,12,32,34,   5.0360000000
2020,11,12,12,32,34,   5.0400000000
2020,11,12,12,32,34,   5.0400000000
2020,11,12,12,32,34,   5.0400000000
2020,11,12,12,32,35,   5.0400000000
2020,11,12,12,32,35,   5.0400000000
2020,11,12,12,32,35,   5.0440000000
2020,11,12,12,32,35,   5.0400000000
2020,11,12,12,32,36,   5.0400000000
2020,11,12,12,32,36,   5.0400000000
2020,11,12,12,32,36,   5.0400000000
2020,11,12,12,32,36,   5.0360000000
2020,11,12,12,32,37,   5.0400000000
2020,11,12,12,32,37,   5.0400000000
2020,11,12,12,32,37,   5.0360000000
2020,11,12,12,32,37,   5.0360000000
2020,11,12,12,32,38,   5.0400000000
2020,11,12,12,32,38,   5.0320000000
2020,11,12,12,32,38,   5.0360000000
2020,11,12,12,32,38,   5.0360000000
2020,11,12,12,32,39,   5.0360000000
2020,11,12,12,32,39,   5.0360000000
2020,11,12,12,32,39,   5.0360000000
2020,11,12,12,32,39,   5.0320000000
2020,11,12,12,32,40,   5.0360000000
2020,11,12,12,32,40,   5.0240000000
2020,11,12,12,32,40,   5.0320000000
2020,11,12,12,32,41,   5.0360000000
2020,11,12,12,32,41,   5.0360000000
2020,11,12,12,32,41,   5.0360000000
2020,11,12,12,32,41,   5.0400000000
2020,11,12,12,32,42,   5.0360000000
2020,11,12,12,32,42,   5.0360000000
2020,11,12,12,32,42,   5.0360000000
2020,11,12,12,32,42,   5.0360000000
2020,11,12,12,32,43,   5.0360000000
2020,11,12,12,32,43,   5.0360000000
2020,11,12,12,32,43,   5.0360000000
2020,11,12,12,32,43,   5.0320000000
2020,11,12,12,32,44,   5.0280000000
2020,11,12,12,32,44,   5.0320000000
2020,11,12,12,32,44,   5.0400000000
2020,11,12,12,32,44,   5.0360000000
2020,11,12,12,32,45,   5.0360000000
2020,11,12,12,32,45,   5.0360000000
2020,11,12,12,32,45,   5.0360000000
2020,11,12,12,32,45,   5.0320000000
2020,11,12,12,32,46,   5.0360000000
2020,11,12,12,32,46,   5.0400000000
2020,11,12,12,32,46,   5.0320000000
2020,11,12,12,32,47,   5.0360000000
2020,11,12,12,32,47,   5.0360000000
2020,11,12,12,32,47,   5.0360000000
2020,11,12,12,32,47,   5.0400000000
2020,11,12,12,32,48,   5.0360000000
2020,11,12,12,32,48,   5.0400000000
2020,11,12,12,32,48,   5.0400000000
2020,11,12,12,32,48,   5.0320000000
2020,11,12,12,32,49,   5.0400000000
2020,11,12,12,32,49,   5.0360000000
2020,11,12,12,32,49,   5.0400000000
2020,11,12,12,32,49,   5.0320000000
2020,11,12,12,32,50,   5.0440000000
2020,11,12,12,32,50,   5.0400000000
2020,11,12,12,32,50,   5.0400000000
2020,11,12,12,32,50,   5.0400000000
2020,11,12,12,32,51,   5.0360000000
2020,11,12,12,32,51,   5.0400000000
2020,11,12,12,32,51,   5.0400000000
2020,11,12,12,32,51,   5.0400000000
2020,11,12,12,32,52,   5.0400000000
2020,11,12,12,32,52,   5.0360000000
2020,11,12,12,32,52,   5.0400000000
2020,11,12,12,32,53,   5.0400000000
2020,11,12,12,32,53,   5.0400000000
2020,11,12,12,32,53,   5.0400000000
2020,11,12,12,32,53,   5.0360000000
2020,11,12,12,32,54,   5.0360000000
2020,11,12,12,32,54,   5.0360000000
2020,11,12,12,32,54,   5.0360000000
2020,11,12,12,32,54,   5.0360000000
2020,11,12,12,32,55,   5.0360000000
2020,11,12,12,32,55,   5.0400000000
2020,11,12,12,32,55,   5.0360000000
2020,11,12,12,32,55,   5.0360000000
2020,11,12,12,32,56,   5.0360000000
2020,11,12,12,32,56,   5.0360000000
2020,11,12,12,32,56,   5.0440000000
