2020,9,21,13,0,1,   5.2240000000
2020,9,21,13,0,1,   5.2240000000
2020,9,21,13,0,1,   5.2240000000
2020,9,21,13,0,1,   5.2240000000
2020,9,21,13,0,2,   5.2240000000
2020,9,21,13,0,2,   5.2240000000
2020,9,21,13,0,2,   5.2480000000
2020,9,21,13,0,2,   5.2520000000
2020,9,21,13,0,3,   5.2480000000
2020,9,21,13,0,3,   5.2520000000
2020,9,21,13,0,3,   5.2520000000
2020,9,21,13,0,3,   5.2480000000
2020,9,21,13,0,4,   5.2480000000
2020,9,21,13,0,4,   5.2400000000
2020,9,21,13,0,4,   5.2360000000
2020,9,21,13,0,4,   5.2240000000
2020,9,21,13,0,5,   5.2280000000
2020,9,21,13,0,5,   5.2240000000
2020,9,21,13,0,5,   5.2520000000
2020,9,21,13,0,6,   5.2240000000
2020,9,21,13,0,6,   5.2240000000
2020,9,21,13,0,6,   5.2200000000
2020,9,21,13,0,6,   5.2240000000
2020,9,21,13,0,7,   5.2280000000
2020,9,21,13,0,7,   5.2240000000
2020,9,21,13,0,7,   5.2240000000
2020,9,21,13,0,7,   5.2240000000
2020,9,21,13,0,8,   5.2280000000
2020,9,21,13,0,8,   5.2240000000
2020,9,21,13,0,8,   5.2240000000
2020,9,21,13,0,8,   5.2240000000
2020,9,21,13,0,9,   5.2240000000
2020,9,21,13,0,9,   5.2240000000
2020,9,21,13,0,9,   5.2240000000
2020,9,21,13,0,9,   5.1200000000
2020,9,21,13,0,10,   5.2080000000
2020,9,21,13,0,10,   5.2240000000
2020,9,21,13,0,10,   5.2240000000
2020,9,21,13,0,11,   5.2240000000
2020,9,21,13,0,11,   5.2240000000
2020,9,21,13,0,11,   5.2240000000
2020,9,21,13,0,11,   5.2280000000
2020,9,21,13,0,12,   5.2320000000
2020,9,21,13,0,12,   5.2240000000
2020,9,21,13,0,12,   5.2280000000
2020,9,21,13,0,12,   5.2200000000
2020,9,21,13,0,13,   5.2240000000
2020,9,21,13,0,13,   5.2240000000
2020,9,21,13,0,13,   5.2240000000
2020,9,21,13,0,13,   5.2240000000
2020,9,21,13,0,14,   5.2240000000
2020,9,21,13,0,14,   5.2240000000
2020,9,21,13,0,14,   5.2120000000
2020,9,21,13,0,15,   5.2120000000
2020,9,21,13,0,15,   5.2240000000
2020,9,21,13,0,15,   5.2280000000
2020,9,21,13,0,15,   5.2240000000
2020,9,21,13,0,16,   5.2240000000
2020,9,21,13,0,16,   5.2240000000
2020,9,21,13,0,16,   5.2240000000
2020,9,21,13,0,16,   5.2200000000
2020,9,21,13,0,17,   5.2240000000
2020,9,21,13,0,17,   5.2240000000
2020,9,21,13,0,17,   5.2280000000
2020,9,21,13,0,17,   5.2240000000
2020,9,21,13,0,18,   5.2240000000
2020,9,21,13,0,18,   5.2240000000
2020,9,21,13,0,18,   5.2240000000
2020,9,21,13,0,19,   5.2280000000
2020,9,21,13,0,19,   5.2240000000
2020,9,21,13,0,19,   5.2280000000
2020,9,21,13,0,19,   5.2280000000
2020,9,21,13,0,20,   5.2080000000
2020,9,21,13,0,20,   5.2080000000
2020,9,21,13,0,20,   5.2200000000
2020,9,21,13,0,20,   5.2320000000
2020,9,21,13,0,21,   5.2240000000
2020,9,21,13,0,21,   5.2240000000
2020,9,21,13,0,21,   5.2240000000
2020,9,21,13,0,21,   5.2240000000
2020,9,21,13,0,22,   5.2240000000
2020,9,21,13,0,22,   5.2200000000
2020,9,21,13,0,22,   5.2240000000
2020,9,21,13,0,23,   5.2240000000
2020,9,21,13,0,23,   5.2280000000
2020,9,21,13,0,23,   5.2240000000
2020,9,21,13,0,23,   5.2280000000
2020,9,21,13,0,24,   5.2240000000
2020,9,21,13,0,24,   5.2280000000
2020,9,21,13,0,24,   5.2240000000
2020,9,21,13,0,24,   5.2240000000
2020,9,21,13,0,25,   5.2200000000
2020,9,21,13,0,25,   5.2240000000
2020,9,21,13,0,25,   5.1000000000
2020,9,21,13,0,25,   5.0760000000
2020,9,21,13,0,26,   5.2280000000
2020,9,21,13,0,26,   5.2240000000
2020,9,21,13,0,26,   5.2240000000
2020,9,21,13,0,27,   5.2200000000
2020,9,21,13,0,27,   5.2280000000
2020,9,21,13,0,27,   5.2200000000
2020,9,21,13,0,27,   5.2240000000
2020,9,21,13,0,28,   5.2280000000
2020,9,21,13,0,28,   5.2240000000
2020,9,21,13,0,28,   5.2240000000
2020,9,21,13,0,28,   5.2240000000
2020,9,21,13,0,29,   5.2240000000
2020,9,21,13,0,29,   5.2240000000
2020,9,21,13,0,29,   5.2280000000
2020,9,21,13,0,29,   5.2280000000
2020,9,21,13,0,30,   5.2240000000
2020,9,21,13,0,30,   5.2240000000
2020,9,21,13,0,30,   5.2240000000
2020,9,21,13,0,31,   5.2240000000
2020,9,21,13,0,31,   5.2120000000
2020,9,21,13,0,31,   5.2160000000
2020,9,21,13,0,31,   5.2240000000
2020,9,21,13,0,32,   5.2280000000
2020,9,21,13,0,32,   5.2240000000
2020,9,21,13,0,32,   5.2240000000
2020,9,21,13,0,32,   5.2240000000
2020,9,21,13,0,33,   5.2200000000
2020,9,21,13,0,33,   5.2240000000
2020,9,21,13,0,33,   5.2240000000
2020,9,21,13,0,33,   5.2240000000
2020,9,21,13,0,34,   5.2240000000
2020,9,21,13,0,34,   5.2240000000
2020,9,21,13,0,34,   5.2240000000
2020,9,21,13,0,34,   5.2240000000
2020,9,21,13,0,35,   5.2240000000
2020,9,21,13,0,35,   5.2200000000
2020,9,21,13,0,35,   5.2240000000
2020,9,21,13,0,36,   5.2240000000
2020,9,21,13,0,36,   5.2320000000
2020,9,21,13,0,36,   5.2240000000
2020,9,21,13,0,36,   5.0880000000
2020,9,21,13,0,37,   5.1640000000
2020,9,21,13,0,37,   5.2240000000
2020,9,21,13,0,37,   5.2200000000
2020,9,21,13,0,37,   5.2240000000
2020,9,21,13,0,38,   5.2240000000
2020,9,21,13,0,38,   5.2240000000
2020,9,21,13,0,38,   5.2240000000
2020,9,21,13,0,38,   5.2240000000
2020,9,21,13,0,39,   5.2240000000
2020,9,21,13,0,39,   5.2240000000
2020,9,21,13,0,39,   5.2240000000
2020,9,21,13,0,40,   5.2240000000
2020,9,21,13,0,40,   5.2240000000
2020,9,21,13,0,40,   5.2280000000
2020,9,21,13,0,40,   5.2240000000
2020,9,21,13,0,41,   5.2240000000
2020,9,21,13,0,41,   5.2280000000
2020,9,21,13,0,41,   5.2240000000
2020,9,21,13,0,41,   5.2240000000
2020,9,21,13,0,42,   5.2240000000
2020,9,21,13,0,42,   5.2160000000
2020,9,21,13,0,42,   5.2200000000
2020,9,21,13,0,42,   5.2240000000
2020,9,21,13,0,43,   5.2200000000
2020,9,21,13,0,43,   5.2200000000
2020,9,21,13,0,43,   5.2240000000
2020,9,21,13,0,44,   5.2240000000
2020,9,21,13,0,44,   5.2240000000
2020,9,21,13,0,44,   5.2240000000
2020,9,21,13,0,44,   5.2240000000
2020,9,21,13,0,45,   5.2240000000
2020,9,21,13,0,45,   5.2240000000
2020,9,21,13,0,45,   5.2240000000
2020,9,21,13,0,45,   5.2200000000
2020,9,21,13,0,46,   5.2200000000
2020,9,21,13,0,46,   5.2200000000
2020,9,21,13,0,46,   5.2280000000
2020,9,21,13,0,46,   5.2240000000
2020,9,21,13,0,47,   5.2240000000
2020,9,21,13,0,47,   5.2200000000
2020,9,21,13,0,47,   5.0680000000
2020,9,21,13,0,47,   5.2120000000
2020,9,21,13,0,48,   5.2200000000
2020,9,21,13,0,48,   5.2240000000
2020,9,21,13,0,48,   5.2200000000
2020,9,21,13,0,49,   5.2240000000
2020,9,21,13,0,49,   5.2240000000
2020,9,21,13,0,49,   5.2240000000
2020,9,21,13,0,49,   5.2240000000
2020,9,21,13,0,50,   5.2240000000
2020,9,21,13,0,50,   5.2200000000
2020,9,21,13,0,50,   5.2200000000
2020,9,21,13,0,50,   5.2240000000
2020,9,21,13,0,51,   5.2240000000
2020,9,21,13,0,51,   5.2240000000
2020,9,21,13,0,51,   5.2240000000
2020,9,21,13,0,51,   5.2280000000
2020,9,21,13,0,52,   5.2200000000
2020,9,21,13,0,52,   5.2240000000
2020,9,21,13,0,52,   5.2240000000
2020,9,21,13,0,52,   5.2240000000
2020,9,21,13,0,53,   5.1200000000
2020,9,21,13,0,53,   5.2120000000
2020,9,21,13,0,53,   5.2200000000
2020,9,21,13,0,54,   5.2240000000
2020,9,21,13,0,54,   5.2240000000
2020,9,21,13,0,54,   5.2280000000
2020,9,21,13,0,54,   5.2240000000
2020,9,21,13,0,55,   5.2280000000
2020,9,21,13,0,55,   5.2240000000
2020,9,21,13,0,55,   5.2200000000
2020,9,21,13,0,55,   5.2280000000
2020,9,21,13,0,56,   5.2200000000
2020,9,21,13,0,56,   5.2200000000
2020,9,21,13,0,56,   5.2240000000
2020,9,21,13,0,56,   5.2200000000
2020,9,21,13,0,57,   5.2200000000
2020,9,21,13,0,57,   5.2240000000
2020,9,21,13,0,57,   5.2320000000
2020,9,21,13,0,57,   5.2200000000
2020,9,21,13,0,58,   5.2200000000
2020,9,21,13,0,58,   5.2240000000
2020,9,21,13,0,58,   5.1080000000
2020,9,21,13,0,59,   5.2200000000
2020,9,21,13,0,59,   5.2200000000
2020,9,21,13,0,59,   5.2240000000
2020,9,21,13,0,59,   5.2240000000
2020,9,21,13,1,0,   5.2240000000
2020,9,21,13,1,0,   5.2240000000
2020,9,21,13,1,0,   5.2240000000
2020,9,21,13,1,0,   5.2240000000
2020,9,21,13,1,1,   5.2240000000
2020,9,21,13,1,1,   5.2240000000
2020,9,21,13,1,1,   5.2240000000
2020,9,21,13,1,1,   5.2240000000
2020,9,21,13,1,2,   5.2280000000
2020,9,21,13,1,2,   5.2240000000
2020,9,21,13,1,2,   5.2240000000
2020,9,21,13,1,3,   5.2240000000
2020,9,21,13,1,3,   5.2240000000
2020,9,21,13,1,3,   5.2240000000
2020,9,21,13,1,3,   5.2240000000
2020,9,21,13,1,4,   5.2200000000
2020,9,21,13,1,4,   5.2120000000
2020,9,21,13,1,4,   5.2080000000
2020,9,21,13,1,4,   5.2280000000
2020,9,21,13,1,5,   5.2200000000
2020,9,21,13,1,5,   5.2200000000
2020,9,21,13,1,5,   5.2280000000
2020,9,21,13,1,5,   5.2240000000
2020,9,21,13,1,6,   5.2240000000
2020,9,21,13,1,6,   5.2240000000
2020,9,21,13,1,6,   5.2240000000
2020,9,21,13,1,6,   5.2240000000
2020,9,21,13,1,7,   5.2240000000
2020,9,21,13,1,7,   5.2240000000
2020,9,21,13,1,7,   5.2240000000
2020,9,21,13,1,8,   5.2240000000
2020,9,21,13,1,8,   5.2240000000
2020,9,21,13,1,8,   5.2200000000
2020,9,21,13,1,8,   5.2240000000
2020,9,21,13,1,9,   5.2240000000
2020,9,21,13,1,9,   5.2240000000
2020,9,21,13,1,9,   5.2240000000
2020,9,21,13,1,9,   5.0920000000
2020,9,21,13,1,10,   5.2160000000
2020,9,21,13,1,10,   5.2240000000
2020,9,21,13,1,10,   5.2240000000
2020,9,21,13,1,10,   5.2240000000
2020,9,21,13,1,11,   5.2240000000
2020,9,21,13,1,11,   5.2200000000
2020,9,21,13,1,11,   5.2240000000
2020,9,21,13,1,12,   5.2240000000
2020,9,21,13,1,12,   5.2280000000
2020,9,21,13,1,12,   5.2240000000
2020,9,21,13,1,12,   5.2240000000
2020,9,21,13,1,13,   5.2240000000
2020,9,21,13,1,13,   5.2240000000
2020,9,21,13,1,13,   5.2240000000
2020,9,21,13,1,13,   5.2200000000
2020,9,21,13,1,14,   5.2240000000
2020,9,21,13,1,14,   5.2240000000
2020,9,21,13,1,14,   5.2000000000
2020,9,21,13,1,14,   5.2160000000
2020,9,21,13,1,15,   5.2200000000
2020,9,21,13,1,15,   5.2280000000
2020,9,21,13,1,15,   5.2200000000
2020,9,21,13,1,15,   5.2280000000
2020,9,21,13,1,16,   5.2240000000
2020,9,21,13,1,16,   5.2280000000
2020,9,21,13,1,16,   5.2240000000
2020,9,21,13,1,17,   5.2240000000
2020,9,21,13,1,17,   5.2200000000
2020,9,21,13,1,17,   5.2280000000
2020,9,21,13,1,17,   5.2240000000
2020,9,21,13,1,18,   5.2240000000
2020,9,21,13,1,18,   5.2200000000
2020,9,21,13,1,18,   5.2240000000
2020,9,21,13,1,18,   5.2240000000
2020,9,21,13,1,19,   5.2200000000
2020,9,21,13,1,19,   5.2240000000
2020,9,21,13,1,19,   5.2240000000
2020,9,21,13,1,19,   5.2240000000
2020,9,21,13,1,20,   5.2160000000
2020,9,21,13,1,20,   5.0840000000
2020,9,21,13,1,20,   5.2240000000
2020,9,21,13,1,20,   5.2240000000
2020,9,21,13,1,21,   5.2240000000
2020,9,21,13,1,21,   5.2240000000
2020,9,21,13,1,21,   5.2240000000
2020,9,21,13,1,22,   5.2240000000
2020,9,21,13,1,22,   5.2280000000
2020,9,21,13,1,22,   5.2240000000
2020,9,21,13,1,22,   5.2240000000
2020,9,21,13,1,23,   5.2200000000
2020,9,21,13,1,23,   5.2200000000
2020,9,21,13,1,23,   5.2240000000
2020,9,21,13,1,23,   5.2280000000
2020,9,21,13,1,24,   5.2240000000
2020,9,21,13,1,24,   5.2240000000
2020,9,21,13,1,24,   5.2200000000
2020,9,21,13,1,24,   5.2240000000
2020,9,21,13,1,25,   5.2200000000
2020,9,21,13,1,25,   5.2240000000
2020,9,21,13,1,25,   5.2120000000
2020,9,21,13,1,25,   5.2200000000
2020,9,21,13,1,26,   5.2240000000
2020,9,21,13,1,26,   5.2280000000
2020,9,21,13,1,26,   5.2240000000
2020,9,21,13,1,27,   5.2200000000
2020,9,21,13,1,27,   5.2240000000
2020,9,21,13,1,27,   5.2240000000
2020,9,21,13,1,27,   5.2240000000
2020,9,21,13,1,28,   5.2240000000
2020,9,21,13,1,28,   5.2240000000
2020,9,21,13,1,28,   5.2240000000
2020,9,21,13,1,28,   5.2280000000
2020,9,21,13,1,29,   5.2200000000
2020,9,21,13,1,29,   5.2240000000
2020,9,21,13,1,29,   5.2200000000
2020,9,21,13,1,29,   5.2240000000
2020,9,21,13,1,30,   5.2240000000
2020,9,21,13,1,30,   5.2200000000
2020,9,21,13,1,30,   5.2240000000
2020,9,21,13,1,30,   5.2320000000
2020,9,21,13,1,31,   5.2120000000
2020,9,21,13,1,31,   5.2120000000
2020,9,21,13,1,31,   5.2280000000
2020,9,21,13,1,32,   5.2240000000
2020,9,21,13,1,32,   5.2240000000
2020,9,21,13,1,32,   5.2240000000
2020,9,21,13,1,32,   5.2200000000
2020,9,21,13,1,33,   5.2200000000
2020,9,21,13,1,33,   5.2240000000
2020,9,21,13,1,33,   5.2240000000
2020,9,21,13,1,33,   5.2280000000
2020,9,21,13,1,34,   5.2240000000
2020,9,21,13,1,34,   5.2240000000
2020,9,21,13,1,34,   5.2280000000
2020,9,21,13,1,34,   5.2240000000
2020,9,21,13,1,35,   5.2240000000
2020,9,21,13,1,35,   5.2240000000
2020,9,21,13,1,35,   5.2240000000
2020,9,21,13,1,36,   5.2280000000
2020,9,21,13,1,36,   5.2200000000
2020,9,21,13,1,36,   5.2280000000
2020,9,21,13,1,36,   5.2120000000
2020,9,21,13,1,37,   5.2160000000
2020,9,21,13,1,37,   5.2240000000
2020,9,21,13,1,37,   5.2240000000
2020,9,21,13,1,37,   5.2240000000
2020,9,21,13,1,38,   5.2240000000
2020,9,21,13,1,38,   5.2240000000
2020,9,21,13,1,38,   5.2240000000
2020,9,21,13,1,38,   5.2240000000
2020,9,21,13,1,39,   5.2240000000
2020,9,21,13,1,39,   5.2240000000
2020,9,21,13,1,39,   5.2240000000
2020,9,21,13,1,39,   5.2280000000
2020,9,21,13,1,40,   5.2240000000
2020,9,21,13,1,40,   5.2240000000
2020,9,21,13,1,40,   5.2200000000
2020,9,21,13,1,41,   5.2320000000
2020,9,21,13,1,41,   5.2240000000
2020,9,21,13,1,41,   5.2240000000
2020,9,21,13,1,41,   5.2240000000
2020,9,21,13,1,42,   5.2240000000
2020,9,21,13,1,42,   5.2160000000
2020,9,21,13,1,42,   5.2160000000
2020,9,21,13,1,42,   5.2240000000
2020,9,21,13,1,43,   5.2200000000
2020,9,21,13,1,43,   5.2240000000
2020,9,21,13,1,43,   5.2240000000
2020,9,21,13,1,43,   5.2280000000
2020,9,21,13,1,44,   5.2240000000
2020,9,21,13,1,44,   5.2160000000
2020,9,21,13,1,44,   5.2240000000
2020,9,21,13,1,45,   5.2200000000
2020,9,21,13,1,45,   5.2240000000
2020,9,21,13,1,45,   5.2240000000
2020,9,21,13,1,45,   5.2240000000
2020,9,21,13,1,46,   5.2240000000
2020,9,21,13,1,46,   5.2240000000
2020,9,21,13,1,46,   5.2240000000
2020,9,21,13,1,46,   5.2200000000
2020,9,21,13,1,47,   5.2200000000
2020,9,21,13,1,47,   5.2240000000
2020,9,21,13,1,47,   5.2240000000
2020,9,21,13,1,47,   5.2080000000
2020,9,21,13,1,48,   5.1120000000
2020,9,21,13,1,48,   5.2200000000
2020,9,21,13,1,48,   5.2200000000
2020,9,21,13,1,48,   5.2200000000
2020,9,21,13,1,49,   5.2240000000
2020,9,21,13,1,49,   5.2240000000
2020,9,21,13,1,49,   5.2240000000
2020,9,21,13,1,50,   5.2200000000
2020,9,21,13,1,50,   5.2240000000
2020,9,21,13,1,50,   5.2240000000
2020,9,21,13,1,50,   5.2240000000
2020,9,21,13,1,51,   5.2200000000
2020,9,21,13,1,51,   5.2240000000
2020,9,21,13,1,51,   5.2240000000
2020,9,21,13,1,51,   5.2240000000
2020,9,21,13,1,52,   5.2240000000
2020,9,21,13,1,52,   5.2240000000
2020,9,21,13,1,52,   5.2240000000
2020,9,21,13,1,52,   5.2200000000
2020,9,21,13,1,53,   5.2200000000
2020,9,21,13,1,53,   5.2160000000
2020,9,21,13,1,53,   5.2240000000
2020,9,21,13,1,54,   5.2240000000
2020,9,21,13,1,54,   5.2240000000
2020,9,21,13,1,54,   5.2240000000
2020,9,21,13,1,54,   5.2240000000
2020,9,21,13,1,55,   5.2240000000
2020,9,21,13,1,55,   5.2240000000
2020,9,21,13,1,55,   5.2240000000
2020,9,21,13,1,55,   5.2240000000
2020,9,21,13,1,56,   5.2200000000
2020,9,21,13,1,56,   5.2240000000
2020,9,21,13,1,56,   5.2200000000
2020,9,21,13,1,56,   5.2240000000
2020,9,21,13,1,57,   5.2280000000
2020,9,21,13,1,57,   5.2240000000
2020,9,21,13,1,57,   5.2320000000
2020,9,21,13,1,57,   5.2240000000
2020,9,21,13,1,58,   5.2280000000
2020,9,21,13,1,58,   5.2200000000
2020,9,21,13,1,58,   5.2240000000
2020,9,21,13,1,59,   5.2120000000
2020,9,21,13,1,59,   5.0680000000
2020,9,21,13,1,59,   5.2240000000
2020,9,21,13,1,59,   5.2240000000
2020,9,21,13,2,0,   5.2240000000
2020,9,21,13,2,0,   5.2240000000
2020,9,21,13,2,0,   5.2240000000
2020,9,21,13,2,0,   5.2240000000
2020,9,21,13,2,1,   5.2240000000
2020,9,21,13,2,1,   5.2200000000
2020,9,21,13,2,1,   5.2240000000
2020,9,21,13,2,1,   5.2240000000
2020,9,21,13,2,2,   5.2240000000
2020,9,21,13,2,2,   5.2200000000
2020,9,21,13,2,2,   5.2240000000
2020,9,21,13,2,2,   5.2240000000
2020,9,21,13,2,3,   5.2200000000
2020,9,21,13,2,3,   5.2240000000
2020,9,21,13,2,3,   5.2200000000
2020,9,21,13,2,4,   5.2280000000
2020,9,21,13,2,4,   5.2240000000
2020,9,21,13,2,4,   5.0800000000
2020,9,21,13,2,4,   5.2160000000
2020,9,21,13,2,5,   5.2240000000
2020,9,21,13,2,5,   5.2240000000
2020,9,21,13,2,5,   5.2240000000
2020,9,21,13,2,5,   5.2240000000
2020,9,21,13,2,6,   5.2240000000
2020,9,21,13,2,6,   5.2240000000
2020,9,21,13,2,6,   5.2240000000
2020,9,21,13,2,6,   5.2200000000
2020,9,21,13,2,7,   5.2240000000
2020,9,21,13,2,7,   5.2240000000
2020,9,21,13,2,7,   5.2240000000
2020,9,21,13,2,7,   5.2240000000
2020,9,21,13,2,8,   5.2240000000
2020,9,21,13,2,8,   5.2200000000
2020,9,21,13,2,8,   5.2240000000
2020,9,21,13,2,9,   5.2200000000
2020,9,21,13,2,9,   5.2200000000
2020,9,21,13,2,9,   5.2240000000
2020,9,21,13,2,9,   5.2240000000
2020,9,21,13,2,10,   5.2120000000
2020,9,21,13,2,10,   5.2200000000
2020,9,21,13,2,10,   5.2200000000
2020,9,21,13,2,10,   5.2240000000
2020,9,21,13,2,11,   5.2240000000
2020,9,21,13,2,11,   5.2200000000
2020,9,21,13,2,11,   5.2280000000
2020,9,21,13,2,11,   5.2240000000
2020,9,21,13,2,12,   5.2200000000
2020,9,21,13,2,12,   5.2320000000
2020,9,21,13,2,12,   5.2240000000
2020,9,21,13,2,13,   5.2240000000
2020,9,21,13,2,13,   5.2240000000
2020,9,21,13,2,13,   5.2240000000
2020,9,21,13,2,13,   5.2240000000
2020,9,21,13,2,14,   5.2280000000
2020,9,21,13,2,14,   5.2240000000
2020,9,21,13,2,14,   5.2120000000
2020,9,21,13,2,14,   5.2080000000
2020,9,21,13,2,15,   5.2200000000
2020,9,21,13,2,15,   5.2240000000
2020,9,21,13,2,15,   5.2200000000
2020,9,21,13,2,15,   5.2200000000
2020,9,21,13,2,16,   5.2240000000
2020,9,21,13,2,16,   5.2240000000
2020,9,21,13,2,16,   5.2240000000
2020,9,21,13,2,16,   5.2240000000
2020,9,21,13,2,17,   5.2240000000
2020,9,21,13,2,17,   5.2240000000
2020,9,21,13,2,17,   5.2240000000
2020,9,21,13,2,18,   5.2200000000
2020,9,21,13,2,18,   5.2240000000
2020,9,21,13,2,18,   5.2240000000
2020,9,21,13,2,18,   5.2240000000
2020,9,21,13,2,19,   5.2240000000
2020,9,21,13,2,19,   5.2240000000
2020,9,21,13,2,19,   5.2240000000
2020,9,21,13,2,19,   5.2240000000
2020,9,21,13,2,20,   5.2120000000
2020,9,21,13,2,20,   5.2200000000
2020,9,21,13,2,20,   5.2240000000
2020,9,21,13,2,20,   5.2240000000
2020,9,21,13,2,21,   5.2280000000
2020,9,21,13,2,21,   5.2320000000
2020,9,21,13,2,21,   5.2320000000
2020,9,21,13,2,22,   5.2320000000
2020,9,21,13,2,22,   5.2320000000
2020,9,21,13,2,22,   5.2280000000
2020,9,21,13,2,22,   5.2240000000
2020,9,21,13,2,23,   5.2240000000
2020,9,21,13,2,23,   5.2320000000
2020,9,21,13,2,23,   5.2320000000
2020,9,21,13,2,23,   5.2280000000
2020,9,21,13,2,24,   5.2320000000
2020,9,21,13,2,24,   5.2320000000
2020,9,21,13,2,24,   5.2320000000
2020,9,21,13,2,24,   5.2280000000
2020,9,21,13,2,25,   5.2320000000
2020,9,21,13,2,25,   5.2320000000
2020,9,21,13,2,25,   5.2200000000
2020,9,21,13,2,25,   5.2200000000
2020,9,21,13,2,26,   5.2320000000
2020,9,21,13,2,26,   5.2320000000
2020,9,21,13,2,26,   5.2280000000
2020,9,21,13,2,27,   5.2280000000
2020,9,21,13,2,27,   5.2240000000
2020,9,21,13,2,27,   5.2320000000
2020,9,21,13,2,27,   5.2320000000
2020,9,21,13,2,28,   5.2280000000
2020,9,21,13,2,28,   5.2320000000
2020,9,21,13,2,28,   5.2280000000
2020,9,21,13,2,28,   5.2320000000
2020,9,21,13,2,29,   5.2280000000
2020,9,21,13,2,29,   5.2320000000
2020,9,21,13,2,29,   5.2280000000
2020,9,21,13,2,29,   5.2200000000
2020,9,21,13,2,30,   5.2240000000
2020,9,21,13,2,30,   5.2320000000
2020,9,21,13,2,30,   5.2280000000
2020,9,21,13,2,30,   5.2280000000
2020,9,21,13,2,31,   5.2120000000
2020,9,21,13,2,31,   5.2200000000
2020,9,21,13,2,31,   5.2280000000
2020,9,21,13,2,31,   5.2280000000
2020,9,21,13,2,32,   5.2280000000
2020,9,21,13,2,32,   5.2280000000
2020,9,21,13,2,32,   5.2280000000
2020,9,21,13,2,33,   5.2280000000
2020,9,21,13,2,33,   5.2280000000
2020,9,21,13,2,33,   5.2280000000
2020,9,21,13,2,33,   5.2280000000
2020,9,21,13,2,34,   5.2280000000
2020,9,21,13,2,34,   5.2280000000
2020,9,21,13,2,34,   5.2280000000
2020,9,21,13,2,34,   5.2280000000
2020,9,21,13,2,35,   5.2320000000
2020,9,21,13,2,35,   5.2240000000
2020,9,21,13,2,35,   5.2320000000
2020,9,21,13,2,35,   5.2320000000
2020,9,21,13,2,36,   5.2320000000
2020,9,21,13,2,36,   5.2280000000
2020,9,21,13,2,36,   5.2160000000
2020,9,21,13,2,37,   5.1120000000
2020,9,21,13,2,37,   5.2280000000
2020,9,21,13,2,37,   5.2320000000
2020,9,21,13,2,37,   5.2280000000
2020,9,21,13,2,38,   5.2280000000
2020,9,21,13,2,38,   5.2280000000
2020,9,21,13,2,38,   5.2280000000
2020,9,21,13,2,38,   5.2280000000
2020,9,21,13,2,39,   5.2280000000
2020,9,21,13,2,39,   5.2280000000
2020,9,21,13,2,39,   5.2320000000
2020,9,21,13,2,39,   5.2320000000
2020,9,21,13,2,40,   5.2280000000
2020,9,21,13,2,40,   5.2280000000
2020,9,21,13,2,40,   5.2280000000
2020,9,21,13,2,40,   5.2280000000
2020,9,21,13,2,41,   5.2280000000
2020,9,21,13,2,41,   5.2280000000
2020,9,21,13,2,41,   5.2280000000
2020,9,21,13,2,41,   5.2280000000
2020,9,21,13,2,42,   5.2120000000
2020,9,21,13,2,42,   5.2200000000
2020,9,21,13,2,42,   5.2280000000
2020,9,21,13,2,43,   5.2280000000
2020,9,21,13,2,43,   5.2280000000
2020,9,21,13,2,43,   5.2280000000
2020,9,21,13,2,43,   5.2200000000
2020,9,21,13,2,44,   5.2320000000
2020,9,21,13,2,44,   5.2280000000
2020,9,21,13,2,44,   5.2280000000
2020,9,21,13,2,44,   5.2280000000
2020,9,21,13,2,45,   5.2320000000
2020,9,21,13,2,45,   5.2280000000
2020,9,21,13,2,45,   5.2280000000
2020,9,21,13,2,45,   5.2320000000
2020,9,21,13,2,46,   5.2320000000
2020,9,21,13,2,46,   5.2320000000
2020,9,21,13,2,46,   5.2280000000
2020,9,21,13,2,46,   5.2320000000
2020,9,21,13,2,47,   5.2280000000
2020,9,21,13,2,47,   5.2280000000
2020,9,21,13,2,47,   5.2200000000
2020,9,21,13,2,47,   5.2160000000
2020,9,21,13,2,48,   5.2240000000
2020,9,21,13,2,48,   5.2280000000
2020,9,21,13,2,48,   5.2320000000
2020,9,21,13,2,49,   5.2320000000
2020,9,21,13,2,49,   5.2280000000
2020,9,21,13,2,49,   5.2280000000
2020,9,21,13,2,49,   5.2320000000
2020,9,21,13,2,50,   5.2280000000
2020,9,21,13,2,50,   5.2320000000
2020,9,21,13,2,50,   5.2280000000
2020,9,21,13,2,50,   5.2280000000
2020,9,21,13,2,51,   5.2280000000
2020,9,21,13,2,51,   5.2280000000
2020,9,21,13,2,51,   5.2280000000
2020,9,21,13,2,51,   5.2320000000
2020,9,21,13,2,52,   5.2280000000
2020,9,21,13,2,52,   5.2280000000
2020,9,21,13,2,52,   5.2280000000
2020,9,21,13,2,52,   5.2320000000
2020,9,21,13,2,53,   5.2320000000
2020,9,21,13,2,53,   5.2240000000
2020,9,21,13,2,53,   5.2200000000
2020,9,21,13,2,53,   5.2280000000
2020,9,21,13,2,54,   5.2280000000
2020,9,21,13,2,54,   5.2320000000
2020,9,21,13,2,54,   5.2280000000
2020,9,21,13,2,55,   5.2320000000
2020,9,21,13,2,55,   5.2240000000
2020,9,21,13,2,55,   5.2280000000
2020,9,21,13,2,55,   5.2280000000
2020,9,21,13,2,56,   5.2320000000
2020,9,21,13,2,56,   5.2280000000
2020,9,21,13,2,56,   5.2280000000
2020,9,21,13,2,56,   5.2320000000
2020,9,21,13,2,57,   5.2280000000
2020,9,21,13,2,57,   5.2280000000
2020,9,21,13,2,57,   5.2320000000
2020,9,21,13,2,57,   5.2320000000
2020,9,21,13,2,58,   5.2280000000
2020,9,21,13,2,58,   5.2280000000
2020,9,21,13,2,58,   5.2280000000
2020,9,21,13,2,58,   5.2160000000
2020,9,21,13,2,59,   5.2160000000
2020,9,21,13,2,59,   5.2280000000
2020,9,21,13,2,59,   5.2320000000
2020,9,21,13,3,0,   5.2320000000
2020,9,21,13,3,0,   5.2320000000
2020,9,21,13,3,0,   5.2320000000
2020,9,21,13,3,0,   5.2160000000
2020,9,21,13,3,1,   5.2280000000
2020,9,21,13,3,1,   5.2240000000
2020,9,21,13,3,1,   5.2280000000
2020,9,21,13,3,1,   5.2240000000
2020,9,21,13,3,2,   5.2280000000
2020,9,21,13,3,2,   5.2240000000
2020,9,21,13,3,2,   5.2280000000
2020,9,21,13,3,2,   5.2320000000
2020,9,21,13,3,3,   5.2280000000
2020,9,21,13,3,3,   5.2280000000
2020,9,21,13,3,3,   5.2280000000
2020,9,21,13,3,3,   5.2280000000
2020,9,21,13,3,4,   5.2320000000
2020,9,21,13,3,4,   5.2160000000
2020,9,21,13,3,4,   5.2200000000
2020,9,21,13,3,5,   5.2280000000
2020,9,21,13,3,5,   5.2320000000
2020,9,21,13,3,5,   5.2280000000
2020,9,21,13,3,5,   5.2280000000
2020,9,21,13,3,6,   5.2280000000
2020,9,21,13,3,6,   5.2280000000
2020,9,21,13,3,6,   5.2280000000
2020,9,21,13,3,6,   5.2280000000
2020,9,21,13,3,7,   5.2280000000
2020,9,21,13,3,7,   5.2320000000
2020,9,21,13,3,7,   5.2280000000
2020,9,21,13,3,7,   5.2320000000
2020,9,21,13,3,8,   5.2280000000
2020,9,21,13,3,8,   5.2320000000
2020,9,21,13,3,8,   5.2280000000
2020,9,21,13,3,9,   5.2280000000
2020,9,21,13,3,9,   5.2240000000
2020,9,21,13,3,9,   5.2280000000
2020,9,21,13,3,9,   5.2280000000
2020,9,21,13,3,10,   5.2160000000
2020,9,21,13,3,10,   5.2240000000
2020,9,21,13,3,10,   5.2280000000
2020,9,21,13,3,10,   5.2240000000
2020,9,21,13,3,11,   5.2320000000
2020,9,21,13,3,11,   5.2240000000
2020,9,21,13,3,11,   5.2280000000
2020,9,21,13,3,11,   5.2280000000
2020,9,21,13,3,12,   5.2320000000
2020,9,21,13,3,12,   5.2280000000
2020,9,21,13,3,12,   5.2280000000
2020,9,21,13,3,12,   5.2280000000
2020,9,21,13,3,13,   5.2320000000
2020,9,21,13,3,13,   5.2280000000
2020,9,21,13,3,13,   5.2280000000
2020,9,21,13,3,13,   5.2280000000
2020,9,21,13,3,14,   5.2280000000
2020,9,21,13,3,14,   5.2280000000
2020,9,21,13,3,14,   5.2200000000
2020,9,21,13,3,15,   5.2280000000
2020,9,21,13,3,15,   5.2280000000
2020,9,21,13,3,15,   5.2280000000
2020,9,21,13,3,15,   5.2320000000
2020,9,21,13,3,16,   5.2320000000
2020,9,21,13,3,16,   5.2280000000
2020,9,21,13,3,16,   5.2280000000
2020,9,21,13,3,16,   5.2320000000
2020,9,21,13,3,17,   5.2280000000
2020,9,21,13,3,17,   5.2320000000
2020,9,21,13,3,17,   5.2280000000
2020,9,21,13,3,17,   5.2280000000
2020,9,21,13,3,18,   5.2280000000
2020,9,21,13,3,18,   5.2320000000
2020,9,21,13,3,18,   5.2320000000
2020,9,21,13,3,18,   5.2280000000
2020,9,21,13,3,19,   5.2280000000
2020,9,21,13,3,19,   5.2280000000
2020,9,21,13,3,19,   5.2320000000
2020,9,21,13,3,20,   5.2200000000
2020,9,21,13,3,20,   5.2000000000
2020,9,21,13,3,20,   5.2240000000
2020,9,21,13,3,20,   5.2240000000
2020,9,21,13,3,21,   5.2240000000
2020,9,21,13,3,21,   5.2280000000
2020,9,21,13,3,21,   5.2280000000
2020,9,21,13,3,21,   5.2280000000
2020,9,21,13,3,22,   5.2280000000
2020,9,21,13,3,22,   5.2280000000
2020,9,21,13,3,22,   5.2280000000
2020,9,21,13,3,22,   5.2280000000
2020,9,21,13,3,23,   5.2280000000
2020,9,21,13,3,23,   5.2320000000
2020,9,21,13,3,23,   5.2280000000
2020,9,21,13,3,23,   5.2280000000
2020,9,21,13,3,24,   5.2280000000
2020,9,21,13,3,24,   5.2320000000
2020,9,21,13,3,24,   5.2280000000
2020,9,21,13,3,25,   5.2280000000
2020,9,21,13,3,25,   5.2280000000
2020,9,21,13,3,25,   5.2320000000
2020,9,21,13,3,25,   5.2160000000
2020,9,21,13,3,26,   5.2160000000
2020,9,21,13,3,26,   5.2280000000
2020,9,21,13,3,26,   5.2280000000
2020,9,21,13,3,26,   5.2240000000
2020,9,21,13,3,27,   5.2280000000
2020,9,21,13,3,27,   5.2280000000
2020,9,21,13,3,27,   5.2280000000
2020,9,21,13,3,27,   5.2320000000
2020,9,21,13,3,28,   5.2280000000
2020,9,21,13,3,28,   5.2320000000
2020,9,21,13,3,28,   5.2320000000
2020,9,21,13,3,28,   5.2320000000
2020,9,21,13,3,29,   5.2280000000
2020,9,21,13,3,29,   5.2280000000
2020,9,21,13,3,29,   5.2280000000
2020,9,21,13,3,30,   5.2320000000
2020,9,21,13,3,30,   5.2280000000
2020,9,21,13,3,30,   5.2280000000
2020,9,21,13,3,30,   5.2320000000
2020,9,21,13,3,31,   5.2280000000
2020,9,21,13,3,31,   5.2200000000
2020,9,21,13,3,31,   5.1400000000
2020,9,21,13,3,31,   5.2280000000
2020,9,21,13,3,32,   5.2280000000
2020,9,21,13,3,32,   5.2320000000
2020,9,21,13,3,32,   5.2320000000
2020,9,21,13,3,32,   5.2280000000
2020,9,21,13,3,33,   5.2280000000
2020,9,21,13,3,33,   5.2320000000
2020,9,21,13,3,33,   5.2280000000
2020,9,21,13,3,33,   5.2280000000
2020,9,21,13,3,34,   5.2280000000
2020,9,21,13,3,34,   5.2320000000
2020,9,21,13,3,34,   5.2280000000
2020,9,21,13,3,35,   5.2280000000
2020,9,21,13,3,35,   5.2320000000
2020,9,21,13,3,35,   5.2280000000
2020,9,21,13,3,35,   5.2280000000
2020,9,21,13,3,36,   5.2280000000
2020,9,21,13,3,36,   5.2320000000
2020,9,21,13,3,36,   5.2280000000
2020,9,21,13,3,36,   5.2080000000
2020,9,21,13,3,37,   5.2040000000
2020,9,21,13,3,37,   5.2280000000
2020,9,21,13,3,37,   5.2280000000
2020,9,21,13,3,37,   5.2280000000
2020,9,21,13,3,38,   5.2320000000
2020,9,21,13,3,38,   5.2320000000
2020,9,21,13,3,38,   5.2280000000
2020,9,21,13,3,38,   5.2240000000
2020,9,21,13,3,39,   5.2240000000
2020,9,21,13,3,39,   5.2280000000
2020,9,21,13,3,39,   5.2280000000
2020,9,21,13,3,39,   5.2280000000
2020,9,21,13,3,40,   5.2320000000
2020,9,21,13,3,40,   5.2280000000
2020,9,21,13,3,40,   5.2280000000
2020,9,21,13,3,41,   5.2280000000
2020,9,21,13,3,41,   5.2280000000
2020,9,21,13,3,41,   5.2320000000
2020,9,21,13,3,41,   5.2280000000
2020,9,21,13,3,42,   5.2320000000
2020,9,21,13,3,42,   5.2240000000
2020,9,21,13,3,42,   5.2160000000
2020,9,21,13,3,42,   5.2280000000
2020,9,21,13,3,43,   5.2280000000
2020,9,21,13,3,43,   5.2240000000
2020,9,21,13,3,43,   5.2280000000
2020,9,21,13,3,43,   5.2280000000
2020,9,21,13,3,44,   5.2280000000
2020,9,21,13,3,44,   5.2280000000
2020,9,21,13,3,44,   5.2280000000
2020,9,21,13,3,45,   5.2240000000
2020,9,21,13,3,45,   5.2280000000
2020,9,21,13,3,45,   5.2280000000
2020,9,21,13,3,45,   5.2280000000
2020,9,21,13,3,46,   5.2320000000
2020,9,21,13,3,46,   5.2320000000
2020,9,21,13,3,46,   5.2320000000
2020,9,21,13,3,46,   5.2280000000
2020,9,21,13,3,47,   5.2320000000
2020,9,21,13,3,47,   5.2280000000
2020,9,21,13,3,47,   5.2320000000
2020,9,21,13,3,47,   5.2240000000
2020,9,21,13,3,48,   5.2160000000
2020,9,21,13,3,48,   5.2320000000
2020,9,21,13,3,48,   5.2240000000
2020,9,21,13,3,48,   5.2280000000
2020,9,21,13,3,49,   5.2320000000
2020,9,21,13,3,49,   5.2320000000
2020,9,21,13,3,49,   5.2320000000
2020,9,21,13,3,50,   5.2320000000
2020,9,21,13,3,50,   5.2320000000
2020,9,21,13,3,50,   5.2280000000
2020,9,21,13,3,50,   5.2280000000
2020,9,21,13,3,51,   5.2280000000
2020,9,21,13,3,51,   5.2280000000
2020,9,21,13,3,51,   5.2320000000
2020,9,21,13,3,51,   5.2320000000
2020,9,21,13,3,52,   5.2280000000
2020,9,21,13,3,52,   5.2280000000
2020,9,21,13,3,52,   5.2280000000
2020,9,21,13,3,52,   5.2280000000
2020,9,21,13,3,53,   5.2280000000
2020,9,21,13,3,53,   5.2120000000
2020,9,21,13,3,53,   5.2160000000
2020,9,21,13,3,53,   5.2280000000
2020,9,21,13,3,54,   5.2320000000
2020,9,21,13,3,54,   5.2280000000
2020,9,21,13,3,54,   5.2280000000
2020,9,21,13,3,54,   5.2280000000
2020,9,21,13,3,55,   5.2280000000
2020,9,21,13,3,55,   5.2280000000
2020,9,21,13,3,55,   5.2320000000
2020,9,21,13,3,56,   5.2320000000
2020,9,21,13,3,56,   5.2320000000
2020,9,21,13,3,56,   5.2320000000
2020,9,21,13,3,56,   5.2280000000
2020,9,21,13,3,57,   5.2280000000
2020,9,21,13,3,57,   5.2280000000
2020,9,21,13,3,57,   5.2280000000
2020,9,21,13,3,57,   5.2240000000
2020,9,21,13,3,58,   5.2280000000
2020,9,21,13,3,58,   5.2280000000
2020,9,21,13,3,58,   5.2280000000
2020,9,21,13,3,58,   5.2160000000
2020,9,21,13,3,59,   5.2160000000
2020,9,21,13,3,59,   5.2320000000
2020,9,21,13,3,59,   5.2280000000
2020,9,21,13,4,0,   5.2280000000
2020,9,21,13,4,0,   5.2280000000
2020,9,21,13,4,0,   5.2280000000
2020,9,21,13,4,0,   5.2320000000
2020,9,21,13,4,1,   5.2280000000
2020,9,21,13,4,1,   5.2320000000
2020,9,21,13,4,1,   5.2280000000
2020,9,21,13,4,1,   5.2280000000
2020,9,21,13,4,2,   5.2280000000
2020,9,21,13,4,2,   5.2320000000
2020,9,21,13,4,2,   5.2280000000
2020,9,21,13,4,2,   5.2280000000
2020,9,21,13,4,3,   5.2280000000
2020,9,21,13,4,3,   5.2280000000
2020,9,21,13,4,3,   5.2280000000
2020,9,21,13,4,4,   5.2280000000
2020,9,21,13,4,4,   5.2280000000
2020,9,21,13,4,4,   5.2160000000
2020,9,21,13,4,4,   5.2160000000
2020,9,21,13,4,5,   5.2280000000
2020,9,21,13,4,5,   5.2280000000
2020,9,21,13,4,5,   5.2320000000
2020,9,21,13,4,5,   5.2280000000
2020,9,21,13,4,6,   5.2320000000
2020,9,21,13,4,6,   5.2320000000
2020,9,21,13,4,6,   5.2280000000
2020,9,21,13,4,6,   5.2280000000
2020,9,21,13,4,7,   5.2280000000
2020,9,21,13,4,7,   5.2320000000
2020,9,21,13,4,7,   5.2280000000
2020,9,21,13,4,7,   5.2280000000
2020,9,21,13,4,8,   5.2280000000
2020,9,21,13,4,8,   5.2280000000
2020,9,21,13,4,8,   5.2280000000
2020,9,21,13,4,9,   5.2280000000
2020,9,21,13,4,9,   5.2280000000
2020,9,21,13,4,9,   5.2320000000
2020,9,21,13,4,9,   5.2280000000
2020,9,21,13,4,10,   5.2200000000
2020,9,21,13,4,10,   5.1760000000
2020,9,21,13,4,10,   5.2280000000
2020,9,21,13,4,10,   5.2280000000
2020,9,21,13,4,11,   5.2320000000
2020,9,21,13,4,11,   5.2280000000
2020,9,21,13,4,11,   5.2320000000
2020,9,21,13,4,11,   5.2280000000
2020,9,21,13,4,12,   5.2320000000
2020,9,21,13,4,12,   5.2280000000
2020,9,21,13,4,12,   5.2200000000
2020,9,21,13,4,12,   5.2280000000
2020,9,21,13,4,13,   5.2320000000
2020,9,21,13,4,13,   5.2320000000
2020,9,21,13,4,13,   5.2320000000
2020,9,21,13,4,13,   5.2280000000
2020,9,21,13,4,14,   5.2280000000
2020,9,21,13,4,14,   5.2280000000
2020,9,21,13,4,14,   5.2200000000
2020,9,21,13,4,15,   5.2080000000
2020,9,21,13,4,15,   5.2280000000
2020,9,21,13,4,15,   5.2280000000
2020,9,21,13,4,15,   5.2320000000
2020,9,21,13,4,16,   5.2280000000
2020,9,21,13,4,16,   5.2280000000
2020,9,21,13,4,16,   5.2280000000
2020,9,21,13,4,16,   5.2320000000
2020,9,21,13,4,17,   5.2280000000
2020,9,21,13,4,17,   5.2280000000
2020,9,21,13,4,17,   5.2320000000
2020,9,21,13,4,17,   5.2280000000
2020,9,21,13,4,18,   5.2320000000
2020,9,21,13,4,18,   5.2280000000
2020,9,21,13,4,18,   5.2320000000
2020,9,21,13,4,18,   5.2280000000
2020,9,21,13,4,19,   5.2280000000
2020,9,21,13,4,19,   5.2280000000
2020,9,21,13,4,19,   5.2280000000
2020,9,21,13,4,19,   5.2320000000
2020,9,21,13,4,20,   5.0960000000
2020,9,21,13,4,20,   5.2160000000
2020,9,21,13,4,20,   5.2280000000
2020,9,21,13,4,21,   5.2280000000
2020,9,21,13,4,21,   5.2280000000
2020,9,21,13,4,21,   5.2280000000
2020,9,21,13,4,21,   5.2280000000
2020,9,21,13,4,22,   5.2280000000
2020,9,21,13,4,22,   5.2280000000
2020,9,21,13,4,22,   5.2320000000
2020,9,21,13,4,22,   5.2280000000
2020,9,21,13,4,23,   5.2280000000
2020,9,21,13,4,23,   5.2280000000
2020,9,21,13,4,23,   5.2280000000
2020,9,21,13,4,23,   5.2280000000
2020,9,21,13,4,24,   5.2280000000
2020,9,21,13,4,24,   5.2280000000
2020,9,21,13,4,24,   5.2280000000
2020,9,21,13,4,24,   5.2240000000
2020,9,21,13,4,25,   5.2280000000
2020,9,21,13,4,25,   5.2280000000
2020,9,21,13,4,25,   5.2160000000
2020,9,21,13,4,26,   5.2200000000
2020,9,21,13,4,26,   5.2280000000
2020,9,21,13,4,26,   5.2320000000
2020,9,21,13,4,26,   5.2320000000
2020,9,21,13,4,27,   5.2280000000
2020,9,21,13,4,27,   5.2280000000
2020,9,21,13,4,27,   5.2280000000
2020,9,21,13,4,27,   5.2280000000
2020,9,21,13,4,28,   5.2280000000
2020,9,21,13,4,28,   5.2320000000
2020,9,21,13,4,28,   5.2280000000
2020,9,21,13,4,28,   5.2280000000
2020,9,21,13,4,29,   5.2280000000
2020,9,21,13,4,29,   5.2280000000
2020,9,21,13,4,29,   5.2280000000
2020,9,21,13,4,29,   5.2280000000
2020,9,21,13,4,30,   5.2280000000
2020,9,21,13,4,30,   5.2320000000
2020,9,21,13,4,30,   5.2280000000
2020,9,21,13,4,31,   5.2280000000
2020,9,21,13,4,31,   5.2160000000
2020,9,21,13,4,31,   5.2240000000
2020,9,21,13,4,31,   5.2280000000
2020,9,21,13,4,32,   5.2280000000
2020,9,21,13,4,32,   5.2320000000
2020,9,21,13,4,32,   5.2280000000
2020,9,21,13,4,32,   5.2320000000
2020,9,21,13,4,33,   5.2280000000
2020,9,21,13,4,33,   5.2280000000
2020,9,21,13,4,33,   5.2320000000
2020,9,21,13,4,33,   5.2280000000
2020,9,21,13,4,34,   5.2320000000
2020,9,21,13,4,34,   5.2320000000
2020,9,21,13,4,34,   5.2320000000
2020,9,21,13,4,34,   5.2280000000
2020,9,21,13,4,35,   5.2280000000
2020,9,21,13,4,35,   5.2280000000
2020,9,21,13,4,35,   5.2280000000
2020,9,21,13,4,36,   5.2280000000
2020,9,21,13,4,36,   5.2280000000
2020,9,21,13,4,36,   5.2280000000
2020,9,21,13,4,36,   5.2160000000
2020,9,21,13,4,37,   5.2200000000
2020,9,21,13,4,37,   5.2280000000
2020,9,21,13,4,37,   5.2320000000
2020,9,21,13,4,37,   5.2280000000
2020,9,21,13,4,38,   5.2280000000
2020,9,21,13,4,38,   5.2280000000
2020,9,21,13,4,38,   5.2280000000
2020,9,21,13,4,38,   5.2240000000
2020,9,21,13,4,39,   5.2280000000
2020,9,21,13,4,39,   5.2280000000
2020,9,21,13,4,39,   5.2280000000
2020,9,21,13,4,39,   5.2280000000
2020,9,21,13,4,40,   5.2280000000
2020,9,21,13,4,40,   5.2280000000
2020,9,21,13,4,40,   5.2280000000
2020,9,21,13,4,40,   5.2320000000
2020,9,21,13,4,41,   5.2280000000
2020,9,21,13,4,41,   5.2320000000
2020,9,21,13,4,41,   5.2320000000
2020,9,21,13,4,42,   5.2320000000
2020,9,21,13,4,42,   5.0960000000
2020,9,21,13,4,42,   5.0920000000
2020,9,21,13,4,42,   5.2320000000
2020,9,21,13,4,43,   5.2280000000
2020,9,21,13,4,43,   5.2320000000
2020,9,21,13,4,43,   5.2320000000
2020,9,21,13,4,43,   5.2280000000
2020,9,21,13,4,44,   5.2280000000
2020,9,21,13,4,44,   5.2280000000
2020,9,21,13,4,44,   5.2280000000
2020,9,21,13,4,44,   5.2280000000
2020,9,21,13,4,45,   5.2280000000
2020,9,21,13,4,45,   5.2280000000
2020,9,21,13,4,45,   5.2320000000
2020,9,21,13,4,46,   5.2280000000
2020,9,21,13,4,46,   5.2320000000
2020,9,21,13,4,46,   5.2280000000
2020,9,21,13,4,46,   5.2240000000
2020,9,21,13,4,47,   5.2280000000
2020,9,21,13,4,47,   5.2280000000
2020,9,21,13,4,47,   5.2320000000
2020,9,21,13,4,47,   5.2240000000
2020,9,21,13,4,48,   5.2200000000
2020,9,21,13,4,48,   5.2320000000
2020,9,21,13,4,48,   5.2280000000
2020,9,21,13,4,48,   5.2320000000
2020,9,21,13,4,49,   5.2240000000
2020,9,21,13,4,49,   5.2280000000
2020,9,21,13,4,49,   5.2320000000
2020,9,21,13,4,49,   5.2320000000
2020,9,21,13,4,50,   5.2280000000
2020,9,21,13,4,50,   5.2280000000
2020,9,21,13,4,50,   5.2280000000
2020,9,21,13,4,51,   5.2320000000
2020,9,21,13,4,51,   5.2320000000
2020,9,21,13,4,51,   5.2320000000
2020,9,21,13,4,51,   5.2240000000
2020,9,21,13,4,52,   5.2320000000
2020,9,21,13,4,52,   5.2280000000
2020,9,21,13,4,52,   5.2280000000
2020,9,21,13,4,52,   5.2280000000
2020,9,21,13,4,53,   5.2280000000
2020,9,21,13,4,53,   5.2160000000
2020,9,21,13,4,53,   5.2160000000
2020,9,21,13,4,53,   5.2240000000
2020,9,21,13,4,54,   5.2320000000
2020,9,21,13,4,54,   5.2240000000
2020,9,21,13,4,54,   5.2280000000
2020,9,21,13,4,54,   5.2280000000
2020,9,21,13,4,55,   5.2280000000
2020,9,21,13,4,55,   5.2320000000
2020,9,21,13,4,55,   5.2280000000
2020,9,21,13,4,55,   5.2240000000
2020,9,21,13,4,56,   5.2280000000
2020,9,21,13,4,56,   5.2280000000
2020,9,21,13,4,56,   5.2280000000
2020,9,21,13,4,57,   5.2280000000
2020,9,21,13,4,57,   5.2320000000
2020,9,21,13,4,57,   5.2280000000
2020,9,21,13,4,57,   5.2280000000
2020,9,21,13,4,58,   5.2280000000
2020,9,21,13,4,58,   5.2280000000
2020,9,21,13,4,58,   5.2280000000
2020,9,21,13,4,58,   5.2200000000
2020,9,21,13,4,59,   5.0920000000
2020,9,21,13,4,59,   5.2280000000
2020,9,21,13,4,59,   5.2320000000
2020,9,21,13,4,59,   5.2320000000
2020,9,21,13,5,0,   5.2280000000
2020,9,21,13,5,0,   5.2280000000
2020,9,21,13,5,0,   5.2280000000
2020,9,21,13,5,0,   5.2280000000
2020,9,21,13,5,1,   5.2280000000
2020,9,21,13,5,1,   5.2280000000
2020,9,21,13,5,1,   5.2280000000
2020,9,21,13,5,2,   5.2280000000
2020,9,21,13,5,2,   5.2280000000
2020,9,21,13,5,2,   5.2280000000
2020,9,21,13,5,2,   5.2320000000
2020,9,21,13,5,3,   5.2320000000
2020,9,21,13,5,3,   5.2280000000
2020,9,21,13,5,3,   5.2320000000
2020,9,21,13,5,3,   5.2280000000
2020,9,21,13,5,4,   5.2320000000
2020,9,21,13,5,4,   5.2160000000
2020,9,21,13,5,4,   5.0960000000
2020,9,21,13,5,4,   5.2280000000
2020,9,21,13,5,5,   5.2320000000
2020,9,21,13,5,5,   5.2280000000
2020,9,21,13,5,5,   5.2280000000
2020,9,21,13,5,5,   5.2280000000
2020,9,21,13,5,6,   5.2280000000
2020,9,21,13,5,6,   5.2280000000
2020,9,21,13,5,6,   5.2280000000
2020,9,21,13,5,7,   5.2280000000
2020,9,21,13,5,7,   5.2280000000
2020,9,21,13,5,7,   5.2320000000
2020,9,21,13,5,7,   5.2240000000
2020,9,21,13,5,8,   5.2240000000
2020,9,21,13,5,8,   5.2200000000
2020,9,21,13,5,8,   5.2200000000
2020,9,21,13,5,8,   5.2240000000
2020,9,21,13,5,9,   5.2200000000
2020,9,21,13,5,9,   5.2240000000
2020,9,21,13,5,9,   5.2240000000
2020,9,21,13,5,9,   5.2120000000
2020,9,21,13,5,10,   5.2160000000
2020,9,21,13,5,10,   5.2240000000
2020,9,21,13,5,10,   5.2240000000
2020,9,21,13,5,11,   5.2240000000
2020,9,21,13,5,11,   5.2240000000
2020,9,21,13,5,11,   5.2200000000
2020,9,21,13,5,11,   5.2240000000
2020,9,21,13,5,12,   5.2240000000
2020,9,21,13,5,12,   5.2280000000
2020,9,21,13,5,12,   5.2240000000
2020,9,21,13,5,12,   5.2240000000
2020,9,21,13,5,13,   5.2240000000
2020,9,21,13,5,13,   5.2240000000
2020,9,21,13,5,13,   5.2320000000
2020,9,21,13,5,13,   5.2240000000
2020,9,21,13,5,14,   5.2280000000
2020,9,21,13,5,14,   5.2200000000
2020,9,21,13,5,14,   5.2120000000
2020,9,21,13,5,15,   5.2120000000
2020,9,21,13,5,15,   5.2240000000
2020,9,21,13,5,15,   5.2240000000
2020,9,21,13,5,15,   5.2280000000
2020,9,21,13,5,16,   5.2240000000
2020,9,21,13,5,16,   5.2200000000
2020,9,21,13,5,16,   5.2240000000
2020,9,21,13,5,16,   5.2240000000
2020,9,21,13,5,17,   5.2240000000
2020,9,21,13,5,17,   5.2240000000
2020,9,21,13,5,17,   5.2240000000
2020,9,21,13,5,17,   5.2280000000
2020,9,21,13,5,18,   5.2240000000
2020,9,21,13,5,18,   5.2240000000
2020,9,21,13,5,18,   5.2240000000
2020,9,21,13,5,18,   5.2240000000
2020,9,21,13,5,19,   5.2200000000
2020,9,21,13,5,19,   5.2320000000
2020,9,21,13,5,19,   5.2200000000
2020,9,21,13,5,20,   5.2240000000
2020,9,21,13,5,20,   5.2120000000
2020,9,21,13,5,20,   5.2120000000
2020,9,21,13,5,20,   5.2240000000
2020,9,21,13,5,21,   5.2240000000
2020,9,21,13,5,21,   5.2160000000
2020,9,21,13,5,21,   5.2240000000
2020,9,21,13,5,21,   5.2240000000
2020,9,21,13,5,22,   5.2240000000
2020,9,21,13,5,22,   5.2240000000
2020,9,21,13,5,22,   5.2240000000
2020,9,21,13,5,22,   5.2280000000
2020,9,21,13,5,23,   5.2240000000
2020,9,21,13,5,23,   5.2240000000
2020,9,21,13,5,23,   5.2240000000
2020,9,21,13,5,23,   5.2320000000
2020,9,21,13,5,24,   5.2200000000
2020,9,21,13,5,24,   5.2240000000
2020,9,21,13,5,24,   5.2240000000
2020,9,21,13,5,24,   5.2240000000
2020,9,21,13,5,25,   5.2280000000
2020,9,21,13,5,25,   5.2200000000
2020,9,21,13,5,25,   5.2240000000
2020,9,21,13,5,26,   5.2120000000
2020,9,21,13,5,26,   5.2000000000
2020,9,21,13,5,26,   5.2240000000
2020,9,21,13,5,26,   5.2200000000
2020,9,21,13,5,27,   5.2160000000
2020,9,21,13,5,27,   5.2240000000
2020,9,21,13,5,27,   5.2240000000
2020,9,21,13,5,27,   5.2240000000
2020,9,21,13,5,28,   5.2240000000
2020,9,21,13,5,28,   5.2240000000
2020,9,21,13,5,28,   5.2240000000
2020,9,21,13,5,28,   5.2200000000
2020,9,21,13,5,29,   5.2240000000
2020,9,21,13,5,29,   5.2200000000
2020,9,21,13,5,29,   5.2240000000
2020,9,21,13,5,30,   5.2240000000
2020,9,21,13,5,30,   5.2280000000
2020,9,21,13,5,30,   5.2280000000
2020,9,21,13,5,30,   5.2240000000
2020,9,21,13,5,31,   5.2200000000
2020,9,21,13,5,31,   5.2160000000
2020,9,21,13,5,31,   5.2160000000
2020,9,21,13,5,31,   5.2240000000
2020,9,21,13,5,32,   5.2240000000
2020,9,21,13,5,32,   5.2240000000
2020,9,21,13,5,32,   5.2240000000
2020,9,21,13,5,32,   5.2200000000
2020,9,21,13,5,33,   5.2240000000
2020,9,21,13,5,33,   5.2240000000
2020,9,21,13,5,33,   5.2240000000
2020,9,21,13,5,33,   5.2240000000
2020,9,21,13,5,34,   5.2240000000
2020,9,21,13,5,34,   5.2240000000
2020,9,21,13,5,34,   5.2200000000
2020,9,21,13,5,35,   5.2240000000
2020,9,21,13,5,35,   5.2200000000
2020,9,21,13,5,35,   5.2240000000
2020,9,21,13,5,35,   5.2200000000
2020,9,21,13,5,36,   5.2240000000
2020,9,21,13,5,36,   5.2240000000
2020,9,21,13,5,36,   5.2200000000
2020,9,21,13,5,36,   5.2120000000
2020,9,21,13,5,37,   5.2160000000
2020,9,21,13,5,37,   5.2240000000
2020,9,21,13,5,37,   5.2240000000
2020,9,21,13,5,37,   5.2240000000
2020,9,21,13,5,38,   5.2240000000
2020,9,21,13,5,38,   5.2240000000
2020,9,21,13,5,38,   5.2280000000
2020,9,21,13,5,38,   5.2240000000
2020,9,21,13,5,39,   5.2240000000
2020,9,21,13,5,39,   5.2240000000
2020,9,21,13,5,39,   5.2200000000
2020,9,21,13,5,39,   5.2240000000
2020,9,21,13,5,40,   5.2280000000
2020,9,21,13,5,40,   5.2280000000
2020,9,21,13,5,40,   5.2240000000
2020,9,21,13,5,41,   5.2240000000
2020,9,21,13,5,41,   5.2240000000
2020,9,21,13,5,41,   5.2240000000
2020,9,21,13,5,41,   5.2200000000
2020,9,21,13,5,42,   5.2240000000
2020,9,21,13,5,42,   5.2160000000
2020,9,21,13,5,42,   5.2200000000
2020,9,21,13,5,42,   5.2240000000
2020,9,21,13,5,43,   5.2320000000
2020,9,21,13,5,43,   5.2320000000
2020,9,21,13,5,43,   5.2240000000
2020,9,21,13,5,43,   5.2200000000
2020,9,21,13,5,44,   5.2200000000
2020,9,21,13,5,44,   5.2240000000
2020,9,21,13,5,44,   5.2240000000
2020,9,21,13,5,45,   5.2240000000
2020,9,21,13,5,45,   5.2200000000
2020,9,21,13,5,45,   5.2320000000
2020,9,21,13,5,45,   5.2240000000
2020,9,21,13,5,46,   5.2240000000
2020,9,21,13,5,46,   5.2240000000
2020,9,21,13,5,46,   5.2240000000
2020,9,21,13,5,46,   5.2240000000
2020,9,21,13,5,47,   5.2240000000
2020,9,21,13,5,47,   5.2240000000
2020,9,21,13,5,47,   5.2200000000
2020,9,21,13,5,47,   5.2080000000
2020,9,21,13,5,48,   5.2120000000
2020,9,21,13,5,48,   5.2240000000
2020,9,21,13,5,48,   5.2200000000
2020,9,21,13,5,49,   5.2240000000
2020,9,21,13,5,49,   5.2200000000
2020,9,21,13,5,49,   5.2240000000
2020,9,21,13,5,49,   5.2200000000
2020,9,21,13,5,50,   5.2240000000
2020,9,21,13,5,50,   5.2240000000
2020,9,21,13,5,50,   5.2240000000
2020,9,21,13,5,50,   5.2240000000
2020,9,21,13,5,51,   5.2200000000
2020,9,21,13,5,51,   5.2240000000
2020,9,21,13,5,51,   5.2280000000
2020,9,21,13,5,51,   5.2240000000
2020,9,21,13,5,52,   5.2200000000
2020,9,21,13,5,52,   5.2240000000
2020,9,21,13,5,52,   5.2240000000
2020,9,21,13,5,53,   5.2240000000
2020,9,21,13,5,53,   5.2200000000
2020,9,21,13,5,53,   5.2120000000
2020,9,21,13,5,53,   5.2240000000
2020,9,21,13,5,54,   5.2240000000
2020,9,21,13,5,54,   5.2200000000
2020,9,21,13,5,54,   5.2200000000
2020,9,21,13,5,54,   5.2240000000
2020,9,21,13,5,55,   5.2240000000
2020,9,21,13,5,55,   5.2240000000
2020,9,21,13,5,55,   5.2240000000
2020,9,21,13,5,55,   5.2280000000
2020,9,21,13,5,56,   5.2280000000
2020,9,21,13,5,56,   5.2240000000
2020,9,21,13,5,56,   5.2240000000
2020,9,21,13,5,56,   5.2240000000
2020,9,21,13,5,57,   5.2200000000
2020,9,21,13,5,57,   5.2200000000
2020,9,21,13,5,57,   5.2240000000
2020,9,21,13,5,58,   5.2320000000
2020,9,21,13,5,58,   5.2240000000
2020,9,21,13,5,58,   5.2200000000
2020,9,21,13,5,58,   5.2120000000
2020,9,21,13,5,59,   5.2160000000
2020,9,21,13,5,59,   5.2240000000
2020,9,21,13,5,59,   5.2200000000
2020,9,21,13,5,59,   5.2320000000
2020,9,21,13,6,0,   5.2240000000
2020,9,21,13,6,0,   5.2240000000
2020,9,21,13,6,0,   5.2240000000
2020,9,21,13,6,0,   5.2240000000
2020,9,21,13,6,1,   5.2240000000
2020,9,21,13,6,1,   5.2240000000
2020,9,21,13,6,1,   5.2240000000
2020,9,21,13,6,2,   5.2200000000
2020,9,21,13,6,2,   5.2240000000
2020,9,21,13,6,2,   5.2240000000
2020,9,21,13,6,2,   5.2320000000
2020,9,21,13,6,3,   5.2200000000
2020,9,21,13,6,3,   5.2240000000
2020,9,21,13,6,3,   5.2240000000
2020,9,21,13,6,3,   5.2200000000
2020,9,21,13,6,4,   5.2240000000
2020,9,21,13,6,4,   5.2120000000
2020,9,21,13,6,4,   5.2160000000
2020,9,21,13,6,4,   5.2120000000
2020,9,21,13,6,5,   5.2240000000
2020,9,21,13,6,5,   5.2280000000
2020,9,21,13,6,5,   5.2200000000
2020,9,21,13,6,6,   5.2240000000
2020,9,21,13,6,6,   5.2200000000
2020,9,21,13,6,6,   5.2200000000
2020,9,21,13,6,6,   5.2240000000
2020,9,21,13,6,7,   5.2280000000
2020,9,21,13,6,7,   5.2240000000
2020,9,21,13,6,7,   5.2200000000
2020,9,21,13,6,7,   5.2240000000
2020,9,21,13,6,8,   5.2240000000
2020,9,21,13,6,8,   5.2200000000
2020,9,21,13,6,8,   5.2240000000
2020,9,21,13,6,8,   5.2240000000
2020,9,21,13,6,9,   5.2280000000
2020,9,21,13,6,9,   5.2240000000
2020,9,21,13,6,9,   5.2240000000
2020,9,21,13,6,9,   5.2080000000
2020,9,21,13,6,10,   5.2080000000
2020,9,21,13,6,10,   5.2240000000
2020,9,21,13,6,10,   5.2240000000
2020,9,21,13,6,11,   5.2040000000
2020,9,21,13,6,11,   5.2240000000
2020,9,21,13,6,11,   5.2280000000
2020,9,21,13,6,11,   5.2240000000
2020,9,21,13,6,12,   5.2200000000
2020,9,21,13,6,12,   5.2200000000
2020,9,21,13,6,12,   5.2200000000
2020,9,21,13,6,12,   5.2240000000
2020,9,21,13,6,13,   5.2240000000
2020,9,21,13,6,13,   5.2240000000
2020,9,21,13,6,13,   5.2240000000
2020,9,21,13,6,13,   5.2240000000
2020,9,21,13,6,14,   5.2240000000
2020,9,21,13,6,14,   5.2240000000
2020,9,21,13,6,14,   5.2120000000
2020,9,21,13,6,14,   5.2120000000
2020,9,21,13,6,15,   5.2240000000
2020,9,21,13,6,15,   5.2240000000
2020,9,21,13,6,15,   5.2240000000
2020,9,21,13,6,15,   5.2240000000
2020,9,21,13,6,16,   5.2200000000
2020,9,21,13,6,16,   5.2240000000
2020,9,21,13,6,16,   5.2200000000
2020,9,21,13,6,17,   5.2200000000
2020,9,21,13,6,17,   5.2200000000
2020,9,21,13,6,17,   5.2240000000
2020,9,21,13,6,17,   5.2240000000
2020,9,21,13,6,18,   5.2200000000
2020,9,21,13,6,18,   5.2240000000
2020,9,21,13,6,18,   5.2160000000
2020,9,21,13,6,18,   5.2240000000
2020,9,21,13,6,19,   5.2240000000
2020,9,21,13,6,19,   5.2320000000
2020,9,21,13,6,19,   5.2240000000
2020,9,21,13,6,19,   5.2240000000
2020,9,21,13,6,20,   5.2120000000
2020,9,21,13,6,20,   5.2040000000
2020,9,21,13,6,20,   5.2240000000
2020,9,21,13,6,20,   5.2240000000
2020,9,21,13,6,21,   5.2200000000
2020,9,21,13,6,21,   5.2200000000
2020,9,21,13,6,21,   5.2080000000
2020,9,21,13,6,22,   5.2240000000
2020,9,21,13,6,22,   5.2240000000
2020,9,21,13,6,22,   5.2240000000
2020,9,21,13,6,22,   5.2240000000
2020,9,21,13,6,23,   5.2240000000
2020,9,21,13,6,23,   5.2200000000
2020,9,21,13,6,23,   5.2240000000
2020,9,21,13,6,23,   5.2240000000
2020,9,21,13,6,24,   5.2240000000
2020,9,21,13,6,24,   5.2200000000
2020,9,21,13,6,24,   5.2240000000
2020,9,21,13,6,24,   5.2240000000
2020,9,21,13,6,25,   5.2240000000
2020,9,21,13,6,25,   5.2240000000
2020,9,21,13,6,25,   5.2120000000
2020,9,21,13,6,25,   5.2120000000
2020,9,21,13,6,26,   5.2240000000
2020,9,21,13,6,26,   5.2240000000
2020,9,21,13,6,26,   5.2240000000
2020,9,21,13,6,26,   5.2280000000
2020,9,21,13,6,27,   5.2280000000
2020,9,21,13,6,27,   5.2200000000
2020,9,21,13,6,27,   5.2200000000
2020,9,21,13,6,28,   5.2200000000
2020,9,21,13,6,28,   5.2240000000
2020,9,21,13,6,28,   5.2240000000
2020,9,21,13,6,28,   5.2280000000
2020,9,21,13,6,29,   5.2240000000
2020,9,21,13,6,29,   5.2200000000
2020,9,21,13,6,29,   5.2240000000
2020,9,21,13,6,29,   5.2240000000
2020,9,21,13,6,30,   5.2280000000
2020,9,21,13,6,30,   5.2320000000
2020,9,21,13,6,30,   5.2200000000
2020,9,21,13,6,30,   5.2240000000
2020,9,21,13,6,31,   5.2040000000
2020,9,21,13,6,31,   5.2120000000
2020,9,21,13,6,31,   5.2280000000
2020,9,21,13,6,31,   5.2240000000
2020,9,21,13,6,32,   5.2320000000
2020,9,21,13,6,32,   5.2240000000
2020,9,21,13,6,32,   5.2240000000
2020,9,21,13,6,33,   5.2200000000
2020,9,21,13,6,33,   5.2240000000
2020,9,21,13,6,33,   5.2240000000
2020,9,21,13,6,33,   5.2280000000
2020,9,21,13,6,34,   5.2240000000
2020,9,21,13,6,34,   5.2200000000
2020,9,21,13,6,34,   5.2240000000
2020,9,21,13,6,34,   5.2280000000
2020,9,21,13,6,35,   5.2240000000
2020,9,21,13,6,35,   5.2240000000
2020,9,21,13,6,35,   5.2240000000
2020,9,21,13,6,35,   5.2240000000
2020,9,21,13,6,36,   5.2200000000
2020,9,21,13,6,36,   5.2240000000
2020,9,21,13,6,36,   5.2080000000
2020,9,21,13,6,36,   5.2120000000
2020,9,21,13,6,37,   5.2240000000
2020,9,21,13,6,37,   5.2240000000
2020,9,21,13,6,37,   5.2240000000
2020,9,21,13,6,37,   5.2240000000
2020,9,21,13,6,38,   5.2160000000
2020,9,21,13,6,38,   5.2240000000
2020,9,21,13,6,38,   5.2240000000
2020,9,21,13,6,39,   5.2280000000
2020,9,21,13,6,39,   5.2240000000
2020,9,21,13,6,39,   5.2240000000
2020,9,21,13,6,39,   5.2280000000
2020,9,21,13,6,40,   5.2240000000
2020,9,21,13,6,40,   5.2240000000
2020,9,21,13,6,40,   5.2240000000
2020,9,21,13,6,40,   5.2240000000
2020,9,21,13,6,41,   5.2120000000
2020,9,21,13,6,41,   5.2200000000
2020,9,21,13,6,41,   5.2240000000
2020,9,21,13,6,41,   5.2200000000
2020,9,21,13,6,42,   5.2160000000
2020,9,21,13,6,42,   5.0960000000
2020,9,21,13,6,42,   5.2240000000
2020,9,21,13,6,42,   5.2240000000
2020,9,21,13,6,43,   5.2240000000
2020,9,21,13,6,43,   5.2240000000
2020,9,21,13,6,43,   5.2240000000
2020,9,21,13,6,44,   5.2240000000
2020,9,21,13,6,44,   5.2240000000
2020,9,21,13,6,44,   5.2240000000
2020,9,21,13,6,44,   5.2240000000
2020,9,21,13,6,45,   5.2240000000
2020,9,21,13,6,45,   5.2240000000
2020,9,21,13,6,45,   5.2240000000
2020,9,21,13,6,45,   5.2240000000
2020,9,21,13,6,46,   5.2240000000
2020,9,21,13,6,46,   5.2240000000
2020,9,21,13,6,46,   5.2240000000
2020,9,21,13,6,46,   5.2240000000
2020,9,21,13,6,47,   5.2240000000
2020,9,21,13,6,47,   5.2320000000
2020,9,21,13,6,47,   5.2200000000
2020,9,21,13,6,47,   5.0880000000
2020,9,21,13,6,48,   5.2120000000
2020,9,21,13,6,48,   5.2200000000
2020,9,21,13,6,48,   5.2240000000
2020,9,21,13,6,49,   5.2280000000
2020,9,21,13,6,49,   5.2240000000
2020,9,21,13,6,49,   5.2240000000
2020,9,21,13,6,49,   5.2280000000
2020,9,21,13,6,50,   5.2240000000
2020,9,21,13,6,50,   5.2240000000
2020,9,21,13,6,50,   5.2240000000
2020,9,21,13,6,50,   5.2240000000
2020,9,21,13,6,51,   5.2240000000
2020,9,21,13,6,51,   5.2200000000
2020,9,21,13,6,51,   5.2200000000
2020,9,21,13,6,51,   5.2240000000
2020,9,21,13,6,52,   5.2240000000
2020,9,21,13,6,52,   5.2240000000
2020,9,21,13,6,52,   5.2200000000
2020,9,21,13,6,52,   5.2240000000
2020,9,21,13,6,53,   5.2240000000
2020,9,21,13,6,53,   5.2120000000
2020,9,21,13,6,53,   5.2120000000
2020,9,21,13,6,54,   5.2200000000
2020,9,21,13,6,54,   5.2240000000
2020,9,21,13,6,54,   5.2240000000
2020,9,21,13,6,54,   5.2200000000
2020,9,21,13,6,55,   5.2240000000
2020,9,21,13,6,55,   5.2240000000
2020,9,21,13,6,55,   5.2200000000
2020,9,21,13,6,55,   5.2320000000
2020,9,21,13,6,56,   5.2240000000
2020,9,21,13,6,56,   5.2320000000
2020,9,21,13,6,56,   5.2240000000
2020,9,21,13,6,56,   5.2240000000
2020,9,21,13,6,57,   5.2240000000
2020,9,21,13,6,57,   5.2240000000
2020,9,21,13,6,57,   5.2320000000
2020,9,21,13,6,57,   5.2240000000
2020,9,21,13,6,58,   5.2240000000
2020,9,21,13,6,58,   5.2200000000
2020,9,21,13,6,58,   5.2240000000
2020,9,21,13,6,58,   5.2080000000
2020,9,21,13,6,59,   5.2120000000
2020,9,21,13,6,59,   5.2240000000
2020,9,21,13,6,59,   5.2280000000
2020,9,21,13,7,0,   5.2240000000
2020,9,21,13,7,0,   5.2280000000
2020,9,21,13,7,0,   5.2240000000
2020,9,21,13,7,0,   5.2280000000
2020,9,21,13,7,1,   5.2200000000
2020,9,21,13,7,1,   5.2200000000
2020,9,21,13,7,1,   5.2280000000
2020,9,21,13,7,1,   5.2240000000
2020,9,21,13,7,2,   5.2240000000
2020,9,21,13,7,2,   5.2200000000
2020,9,21,13,7,2,   5.2240000000
2020,9,21,13,7,2,   5.2240000000
2020,9,21,13,7,3,   5.2280000000
2020,9,21,13,7,3,   5.2200000000
2020,9,21,13,7,3,   5.2240000000
2020,9,21,13,7,3,   5.2240000000
2020,9,21,13,7,4,   5.2240000000
2020,9,21,13,7,4,   5.2120000000
2020,9,21,13,7,4,   5.2120000000
2020,9,21,13,7,4,   5.2240000000
2020,9,21,13,7,5,   5.2240000000
2020,9,21,13,7,5,   5.2240000000
2020,9,21,13,7,5,   5.2240000000
2020,9,21,13,7,6,   5.2200000000
2020,9,21,13,7,6,   5.2200000000
2020,9,21,13,7,6,   5.2240000000
2020,9,21,13,7,6,   5.2240000000
2020,9,21,13,7,7,   5.2240000000
2020,9,21,13,7,7,   5.2240000000
2020,9,21,13,7,7,   5.2240000000
2020,9,21,13,7,7,   5.2240000000
2020,9,21,13,7,8,   5.2240000000
2020,9,21,13,7,8,   5.2280000000
2020,9,21,13,7,8,   5.2240000000
2020,9,21,13,7,8,   5.2240000000
2020,9,21,13,7,9,   5.2240000000
2020,9,21,13,7,9,   5.2240000000
2020,9,21,13,7,9,   5.2280000000
2020,9,21,13,7,9,   5.2240000000
2020,9,21,13,7,10,   5.2160000000
2020,9,21,13,7,10,   5.2240000000
2020,9,21,13,7,10,   5.2240000000
2020,9,21,13,7,11,   5.2240000000
2020,9,21,13,7,11,   5.2200000000
2020,9,21,13,7,11,   5.2240000000
2020,9,21,13,7,11,   5.2200000000
2020,9,21,13,7,12,   5.2240000000
2020,9,21,13,7,12,   5.2240000000
2020,9,21,13,7,12,   5.2200000000
2020,9,21,13,7,12,   5.2240000000
2020,9,21,13,7,13,   5.2240000000
2020,9,21,13,7,13,   5.2240000000
2020,9,21,13,7,13,   5.2280000000
2020,9,21,13,7,13,   5.2240000000
2020,9,21,13,7,14,   5.2240000000
2020,9,21,13,7,14,   5.2240000000
2020,9,21,13,7,14,   5.2080000000
2020,9,21,13,7,14,   5.2120000000
2020,9,21,13,7,15,   5.2240000000
2020,9,21,13,7,15,   5.2240000000
2020,9,21,13,7,15,   5.2240000000
2020,9,21,13,7,15,   5.2240000000
2020,9,21,13,7,16,   5.2280000000
2020,9,21,13,7,16,   5.2200000000
2020,9,21,13,7,16,   5.2240000000
2020,9,21,13,7,17,   5.2200000000
2020,9,21,13,7,17,   5.2240000000
2020,9,21,13,7,17,   5.2240000000
2020,9,21,13,7,17,   5.2200000000
2020,9,21,13,7,18,   5.2200000000
2020,9,21,13,7,18,   5.2240000000
2020,9,21,13,7,18,   5.2240000000
2020,9,21,13,7,18,   5.2240000000
2020,9,21,13,7,19,   5.2240000000
2020,9,21,13,7,19,   5.2200000000
2020,9,21,13,7,19,   5.2200000000
2020,9,21,13,7,19,   5.2240000000
2020,9,21,13,7,20,   5.1480000000
2020,9,21,13,7,20,   5.2040000000
2020,9,21,13,7,20,   5.2240000000
2020,9,21,13,7,20,   5.2240000000
2020,9,21,13,7,21,   5.2320000000
2020,9,21,13,7,21,   5.2200000000
2020,9,21,13,7,21,   5.2200000000
2020,9,21,13,7,21,   5.2240000000
2020,9,21,13,7,22,   5.2280000000
2020,9,21,13,7,22,   5.2240000000
2020,9,21,13,7,22,   5.2240000000
2020,9,21,13,7,23,   5.2280000000
2020,9,21,13,7,23,   5.2200000000
2020,9,21,13,7,23,   5.2240000000
2020,9,21,13,7,23,   5.2240000000
2020,9,21,13,7,24,   5.2200000000
2020,9,21,13,7,24,   5.2240000000
2020,9,21,13,7,24,   5.2200000000
2020,9,21,13,7,24,   5.2200000000
2020,9,21,13,7,25,   5.2240000000
2020,9,21,13,7,25,   5.2320000000
2020,9,21,13,7,25,   5.2120000000
2020,9,21,13,7,25,   5.2080000000
2020,9,21,13,7,26,   5.2240000000
2020,9,21,13,7,26,   5.2240000000
2020,9,21,13,7,26,   5.2280000000
2020,9,21,13,7,26,   5.2200000000
2020,9,21,13,7,27,   5.2280000000
2020,9,21,13,7,27,   5.2240000000
2020,9,21,13,7,27,   5.2240000000
2020,9,21,13,7,28,   5.2280000000
2020,9,21,13,7,28,   5.2200000000
2020,9,21,13,7,28,   5.2280000000
2020,9,21,13,7,28,   5.2240000000
2020,9,21,13,7,29,   5.2240000000
2020,9,21,13,7,29,   5.2240000000
2020,9,21,13,7,29,   5.2200000000
2020,9,21,13,7,29,   5.2200000000
2020,9,21,13,7,30,   5.2200000000
2020,9,21,13,7,30,   5.2240000000
2020,9,21,13,7,30,   5.2200000000
2020,9,21,13,7,30,   5.2280000000
2020,9,21,13,7,31,   5.2120000000
2020,9,21,13,7,31,   5.2120000000
2020,9,21,13,7,31,   5.2240000000
2020,9,21,13,7,31,   5.2200000000
2020,9,21,13,7,32,   5.2240000000
2020,9,21,13,7,32,   5.2200000000
2020,9,21,13,7,32,   5.2240000000
2020,9,21,13,7,33,   5.2240000000
2020,9,21,13,7,33,   5.2200000000
2020,9,21,13,7,33,   5.2200000000
2020,9,21,13,7,33,   5.2240000000
2020,9,21,13,7,34,   5.2200000000
2020,9,21,13,7,34,   5.2200000000
2020,9,21,13,7,34,   5.2240000000
2020,9,21,13,7,34,   5.2240000000
2020,9,21,13,7,35,   5.2240000000
2020,9,21,13,7,35,   5.2240000000
2020,9,21,13,7,35,   5.2200000000
2020,9,21,13,7,35,   5.2240000000
2020,9,21,13,7,36,   5.2240000000
2020,9,21,13,7,36,   5.2240000000
2020,9,21,13,7,36,   5.2080000000
2020,9,21,13,7,37,   5.2080000000
2020,9,21,13,7,37,   5.2240000000
2020,9,21,13,7,37,   5.2240000000
2020,9,21,13,7,37,   5.2320000000
2020,9,21,13,7,38,   5.2200000000
2020,9,21,13,7,38,   5.2200000000
2020,9,21,13,7,38,   5.2240000000
2020,9,21,13,7,38,   5.2240000000
2020,9,21,13,7,39,   5.2240000000
2020,9,21,13,7,39,   5.2280000000
2020,9,21,13,7,39,   5.2240000000
2020,9,21,13,7,39,   5.2240000000
2020,9,21,13,7,40,   5.2200000000
2020,9,21,13,7,40,   5.2240000000
2020,9,21,13,7,40,   5.2240000000
2020,9,21,13,7,41,   5.2280000000
2020,9,21,13,7,41,   5.2200000000
2020,9,21,13,7,41,   5.2240000000
2020,9,21,13,7,41,   5.2240000000
2020,9,21,13,7,42,   5.2280000000
2020,9,21,13,7,42,   5.2200000000
2020,9,21,13,7,42,   5.2120000000
2020,9,21,13,7,42,   5.2200000000
2020,9,21,13,7,43,   5.2200000000
2020,9,21,13,7,43,   5.2240000000
2020,9,21,13,7,43,   5.2320000000
2020,9,21,13,7,43,   5.2200000000
2020,9,21,13,7,44,   5.2240000000
2020,9,21,13,7,44,   5.2200000000
2020,9,21,13,7,44,   5.2240000000
2020,9,21,13,7,45,   5.2200000000
2020,9,21,13,7,45,   5.2240000000
2020,9,21,13,7,45,   5.2240000000
2020,9,21,13,7,45,   5.2200000000
2020,9,21,13,7,46,   5.2240000000
2020,9,21,13,7,46,   5.2200000000
2020,9,21,13,7,46,   5.2240000000
2020,9,21,13,7,46,   5.2200000000
2020,9,21,13,7,47,   5.2200000000
2020,9,21,13,7,47,   5.2240000000
2020,9,21,13,7,47,   5.2280000000
2020,9,21,13,7,47,   5.2080000000
2020,9,21,13,7,48,   5.2200000000
2020,9,21,13,7,48,   5.2280000000
2020,9,21,13,7,48,   5.2240000000
2020,9,21,13,7,49,   5.2160000000
2020,9,21,13,7,49,   5.2240000000
2020,9,21,13,7,49,   5.2240000000
2020,9,21,13,7,49,   5.2200000000
2020,9,21,13,7,50,   5.2240000000
2020,9,21,13,7,50,   5.2240000000
2020,9,21,13,7,50,   5.2240000000
2020,9,21,13,7,50,   5.2240000000
2020,9,21,13,7,51,   5.2240000000
2020,9,21,13,7,51,   5.2240000000
2020,9,21,13,7,51,   5.2240000000
2020,9,21,13,7,51,   5.2280000000
2020,9,21,13,7,52,   5.2240000000
2020,9,21,13,7,52,   5.2240000000
2020,9,21,13,7,52,   5.2240000000
2020,9,21,13,7,52,   5.2240000000
2020,9,21,13,7,53,   5.2240000000
2020,9,21,13,7,53,   5.2080000000
2020,9,21,13,7,53,   5.2160000000
2020,9,21,13,7,53,   5.2240000000
2020,9,21,13,7,54,   5.2240000000
2020,9,21,13,7,54,   5.2240000000
2020,9,21,13,7,54,   5.2240000000
2020,9,21,13,7,55,   5.2240000000
2020,9,21,13,7,55,   5.2280000000
2020,9,21,13,7,55,   5.2240000000
2020,9,21,13,7,55,   5.2200000000
2020,9,21,13,7,56,   5.2280000000
2020,9,21,13,7,56,   5.2240000000
2020,9,21,13,7,56,   5.2200000000
2020,9,21,13,7,56,   5.2240000000
2020,9,21,13,7,57,   5.2240000000
2020,9,21,13,7,57,   5.2240000000
2020,9,21,13,7,57,   5.2280000000
2020,9,21,13,7,57,   5.2200000000
2020,9,21,13,7,58,   5.2240000000
2020,9,21,13,7,58,   5.2240000000
2020,9,21,13,7,58,   5.2240000000
2020,9,21,13,7,58,   5.2120000000
2020,9,21,13,7,59,   5.2080000000
2020,9,21,13,7,59,   5.2240000000
2020,9,21,13,7,59,   5.2200000000
2020,9,21,13,8,0,   5.2240000000
2020,9,21,13,8,0,   5.2240000000
2020,9,21,13,8,0,   5.2200000000
2020,9,21,13,8,0,   5.2240000000
2020,9,21,13,8,1,   5.2240000000
2020,9,21,13,8,1,   5.2240000000
2020,9,21,13,8,1,   5.2240000000
2020,9,21,13,8,1,   5.2240000000
2020,9,21,13,8,2,   5.2240000000
2020,9,21,13,8,2,   5.2240000000
2020,9,21,13,8,2,   5.2240000000
2020,9,21,13,8,2,   5.2200000000
2020,9,21,13,8,3,   5.2240000000
2020,9,21,13,8,3,   5.2240000000
2020,9,21,13,8,3,   5.2240000000
2020,9,21,13,8,4,   5.2240000000
2020,9,21,13,8,4,   5.2240000000
2020,9,21,13,8,4,   5.2080000000
2020,9,21,13,8,4,   5.1920000000
2020,9,21,13,8,5,   5.2240000000
2020,9,21,13,8,5,   5.2280000000
2020,9,21,13,8,5,   5.2240000000
2020,9,21,13,8,5,   5.2240000000
2020,9,21,13,8,6,   5.2240000000
2020,9,21,13,8,6,   5.2240000000
2020,9,21,13,8,6,   5.2280000000
2020,9,21,13,8,6,   5.2200000000
2020,9,21,13,8,7,   5.2240000000
2020,9,21,13,8,7,   5.2240000000
2020,9,21,13,8,7,   5.2240000000
2020,9,21,13,8,7,   5.2240000000
2020,9,21,13,8,8,   5.2240000000
2020,9,21,13,8,8,   5.2320000000
2020,9,21,13,8,8,   5.2240000000
2020,9,21,13,8,8,   5.2240000000
2020,9,21,13,8,9,   5.2240000000
2020,9,21,13,8,9,   5.2240000000
2020,9,21,13,8,9,   5.2240000000
2020,9,21,13,8,10,   5.2200000000
2020,9,21,13,8,10,   5.2160000000
2020,9,21,13,8,10,   5.2200000000
2020,9,21,13,8,10,   5.2240000000
2020,9,21,13,8,11,   5.2200000000
2020,9,21,13,8,11,   5.2240000000
2020,9,21,13,8,11,   5.2240000000
2020,9,21,13,8,11,   5.2240000000
2020,9,21,13,8,12,   5.2240000000
2020,9,21,13,8,12,   5.2200000000
2020,9,21,13,8,12,   5.2240000000
2020,9,21,13,8,12,   5.2240000000
2020,9,21,13,8,13,   5.2240000000
2020,9,21,13,8,13,   5.2200000000
2020,9,21,13,8,13,   5.2240000000
2020,9,21,13,8,13,   5.2240000000
2020,9,21,13,8,14,   5.2240000000
2020,9,21,13,8,14,   5.2240000000
2020,9,21,13,8,14,   5.2080000000
2020,9,21,13,8,15,   5.2120000000
2020,9,21,13,8,15,   5.2200000000
2020,9,21,13,8,15,   5.2240000000
2020,9,21,13,8,15,   5.2240000000
2020,9,21,13,8,16,   5.2240000000
2020,9,21,13,8,16,   5.2280000000
2020,9,21,13,8,16,   5.2240000000
2020,9,21,13,8,16,   5.2200000000
2020,9,21,13,8,17,   5.2200000000
2020,9,21,13,8,17,   5.2240000000
2020,9,21,13,8,17,   5.2240000000
2020,9,21,13,8,17,   5.2240000000
2020,9,21,13,8,18,   5.2240000000
2020,9,21,13,8,18,   5.2240000000
2020,9,21,13,8,18,   5.2200000000
2020,9,21,13,8,18,   5.2240000000
2020,9,21,13,8,19,   5.2280000000
2020,9,21,13,8,19,   5.2240000000
2020,9,21,13,8,19,   5.2240000000
2020,9,21,13,8,20,   5.2240000000
2020,9,21,13,8,20,   5.1120000000
2020,9,21,13,8,20,   5.1080000000
2020,9,21,13,8,20,   5.2240000000
2020,9,21,13,8,21,   5.2280000000
2020,9,21,13,8,21,   5.2240000000
2020,9,21,13,8,21,   5.2240000000
2020,9,21,13,8,21,   5.2200000000
2020,9,21,13,8,22,   5.2200000000
2020,9,21,13,8,22,   5.2240000000
2020,9,21,13,8,22,   5.2240000000
2020,9,21,13,8,22,   5.2240000000
2020,9,21,13,8,23,   5.2320000000
2020,9,21,13,8,23,   5.2240000000
2020,9,21,13,8,23,   5.2240000000
2020,9,21,13,8,23,   5.2240000000
2020,9,21,13,8,24,   5.2200000000
2020,9,21,13,8,24,   5.2240000000
2020,9,21,13,8,24,   5.2240000000
2020,9,21,13,8,24,   5.2240000000
2020,9,21,13,8,25,   5.2240000000
2020,9,21,13,8,25,   5.2280000000
2020,9,21,13,8,25,   5.2120000000
2020,9,21,13,8,26,   5.2160000000
2020,9,21,13,8,26,   5.2080000000
2020,9,21,13,8,26,   5.2200000000
2020,9,21,13,8,26,   5.2200000000
2020,9,21,13,8,27,   5.2200000000
2020,9,21,13,8,27,   5.2200000000
2020,9,21,13,8,27,   5.2240000000
2020,9,21,13,8,27,   5.2240000000
2020,9,21,13,8,28,   5.2240000000
2020,9,21,13,8,28,   5.2240000000
2020,9,21,13,8,28,   5.2240000000
2020,9,21,13,8,28,   5.2240000000
2020,9,21,13,8,29,   5.2240000000
2020,9,21,13,8,29,   5.2320000000
2020,9,21,13,8,29,   5.2240000000
2020,9,21,13,8,29,   5.2240000000
2020,9,21,13,8,30,   5.2240000000
2020,9,21,13,8,30,   5.2240000000
2020,9,21,13,8,30,   5.2240000000
2020,9,21,13,8,30,   5.2200000000
2020,9,21,13,8,31,   5.2080000000
2020,9,21,13,8,31,   5.2080000000
2020,9,21,13,8,31,   5.2240000000
2020,9,21,13,8,32,   5.2280000000
2020,9,21,13,8,32,   5.2240000000
2020,9,21,13,8,32,   5.2240000000
2020,9,21,13,8,32,   5.2240000000
2020,9,21,13,8,33,   5.2320000000
2020,9,21,13,8,33,   5.2240000000
2020,9,21,13,8,33,   5.2240000000
2020,9,21,13,8,33,   5.2240000000
2020,9,21,13,8,34,   5.2280000000
2020,9,21,13,8,34,   5.2240000000
2020,9,21,13,8,34,   5.2280000000
2020,9,21,13,8,34,   5.2240000000
2020,9,21,13,8,35,   5.2280000000
2020,9,21,13,8,35,   5.2240000000
2020,9,21,13,8,35,   5.2240000000
2020,9,21,13,8,35,   5.2240000000
2020,9,21,13,8,36,   5.2240000000
2020,9,21,13,8,36,   5.2240000000
2020,9,21,13,8,36,   5.0880000000
2020,9,21,13,8,36,   5.2160000000
2020,9,21,13,8,37,   5.2240000000
2020,9,21,13,8,37,   5.2240000000
2020,9,21,13,8,37,   5.2240000000
2020,9,21,13,8,38,   5.2240000000
2020,9,21,13,8,38,   5.2200000000
2020,9,21,13,8,38,   5.2200000000
2020,9,21,13,8,38,   5.2240000000
2020,9,21,13,8,39,   5.2200000000
2020,9,21,13,8,39,   5.2240000000
2020,9,21,13,8,39,   5.2240000000
2020,9,21,13,8,39,   5.2240000000
2020,9,21,13,8,40,   5.2280000000
2020,9,21,13,8,40,   5.2200000000
2020,9,21,13,8,40,   5.2240000000
2020,9,21,13,8,40,   5.2240000000
2020,9,21,13,8,41,   5.2240000000
2020,9,21,13,8,41,   5.2240000000
2020,9,21,13,8,41,   5.2240000000
2020,9,21,13,8,41,   5.2240000000
2020,9,21,13,8,42,   5.2200000000
2020,9,21,13,8,42,   5.2160000000
2020,9,21,13,8,42,   5.2200000000
2020,9,21,13,8,43,   5.2240000000
2020,9,21,13,8,43,   5.2200000000
2020,9,21,13,8,43,   5.2240000000
2020,9,21,13,8,43,   5.2240000000
2020,9,21,13,8,44,   5.2240000000
2020,9,21,13,8,44,   5.2200000000
2020,9,21,13,8,44,   5.2200000000
2020,9,21,13,8,44,   5.2280000000
2020,9,21,13,8,45,   5.2240000000
2020,9,21,13,8,45,   5.2200000000
2020,9,21,13,8,45,   5.2240000000
2020,9,21,13,8,45,   5.2240000000
2020,9,21,13,8,46,   5.2240000000
2020,9,21,13,8,46,   5.2280000000
2020,9,21,13,8,46,   5.2240000000
2020,9,21,13,8,47,   5.2200000000
2020,9,21,13,8,47,   5.2240000000
2020,9,21,13,8,47,   5.2240000000
2020,9,21,13,8,47,   5.2120000000
2020,9,21,13,8,48,   5.2080000000
2020,9,21,13,8,48,   5.2280000000
2020,9,21,13,8,48,   5.2240000000
2020,9,21,13,8,48,   5.2240000000
2020,9,21,13,8,49,   5.2280000000
2020,9,21,13,8,49,   5.2240000000
2020,9,21,13,8,49,   5.2320000000
2020,9,21,13,8,50,   5.2240000000
2020,9,21,13,8,50,   5.2240000000
2020,9,21,13,8,50,   5.2280000000
2020,9,21,13,8,50,   5.2240000000
2020,9,21,13,8,51,   5.2240000000
2020,9,21,13,8,51,   5.2240000000
2020,9,21,13,8,51,   5.2200000000
2020,9,21,13,8,51,   5.2240000000
2020,9,21,13,8,52,   5.2240000000
2020,9,21,13,8,52,   5.2240000000
2020,9,21,13,8,52,   5.2200000000
2020,9,21,13,8,52,   5.2200000000
2020,9,21,13,8,53,   5.2200000000
2020,9,21,13,8,53,   5.2080000000
2020,9,21,13,8,53,   5.2120000000
2020,9,21,13,8,53,   5.2240000000
2020,9,21,13,8,54,   5.2240000000
2020,9,21,13,8,54,   5.2200000000
2020,9,21,13,8,54,   5.2200000000
2020,9,21,13,8,55,   5.2200000000
2020,9,21,13,8,55,   5.2200000000
2020,9,21,13,8,55,   5.2240000000
2020,9,21,13,8,55,   5.2240000000
2020,9,21,13,8,56,   5.2240000000
2020,9,21,13,8,56,   5.2000000000
2020,9,21,13,8,56,   5.2240000000
2020,9,21,13,8,56,   5.2200000000
2020,9,21,13,8,57,   5.2240000000
2020,9,21,13,8,57,   5.2240000000
2020,9,21,13,8,57,   5.2200000000
2020,9,21,13,8,57,   5.2240000000
2020,9,21,13,8,58,   5.2280000000
2020,9,21,13,8,58,   5.2240000000
2020,9,21,13,8,58,   5.2280000000
2020,9,21,13,8,58,   5.2080000000
2020,9,21,13,8,59,   5.2120000000
2020,9,21,13,8,59,   5.2200000000
2020,9,21,13,8,59,   5.2200000000
2020,9,21,13,9,0,   5.2240000000
2020,9,21,13,9,0,   5.2240000000
