2020,9,21,14,12,0, 130.3226000000
2020,9,21,14,12,1,  63.2258000000
2020,9,21,14,12,1, 135.1613000000
2020,9,21,14,12,1,  96.7742000000
2020,9,21,14,12,1,  82.9032000000
2020,9,21,14,12,2, -50.0000000000
2020,9,21,14,12,2, 131.6129000000
2020,9,21,14,12,2,  81.9355000000
2020,9,21,14,12,2, -50.0000000000
2020,9,21,14,12,3, 129.6774000000
2020,9,21,14,12,3,  65.4839000000
2020,9,21,14,12,3,   5.1613000000
2020,9,21,14,12,3,  88.3871000000
2020,9,21,14,12,4, -50.0000000000
2020,9,21,14,12,4, 123.5484000000
2020,9,21,14,12,4, -50.0000000000
2020,9,21,14,12,4, -27.4194000000
2020,9,21,14,12,5,  95.1613000000
2020,9,21,14,12,5, 117.7419000000
2020,9,21,14,12,5,  93.5484000000
2020,9,21,14,12,5, 130.6452000000
2020,9,21,14,12,6,  93.2258000000
2020,9,21,14,12,6,  96.7742000000
2020,9,21,14,12,6, 123.2258000000
2020,9,21,14,12,7, -50.0000000000
2020,9,21,14,12,7, -50.0000000000
2020,9,21,14,12,7,  80.9677000000
2020,9,21,14,12,7, -50.0000000000
2020,9,21,14,12,8, 118.0645000000
2020,9,21,14,12,8, -50.0000000000
2020,9,21,14,12,8, -26.4516000000
2020,9,21,14,12,8, 100.6452000000
2020,9,21,14,12,9, -50.0000000000
2020,9,21,14,12,9, 132.2581000000
2020,9,21,14,12,9,  -1.6129000000
2020,9,21,14,12,9, -16.4516000000
2020,9,21,14,12,10, 101.2903000000
2020,9,21,14,12,10, -50.0000000000
2020,9,21,14,12,10,  55.8065000000
2020,9,21,14,12,10,  82.9032000000
2020,9,21,14,12,11, -50.0000000000
2020,9,21,14,12,11, 133.8710000000
2020,9,21,14,12,11,  26.4516000000
2020,9,21,14,12,11, -44.5161000000
2020,9,21,14,12,12, 123.2258000000
2020,9,21,14,12,12, 128.0645000000
2020,9,21,14,12,12,  69.0323000000
2020,9,21,14,12,12, -49.6774000000
2020,9,21,14,12,13, 121.6129000000
2020,9,21,14,12,13, -50.0000000000
2020,9,21,14,12,13, 123.8710000000
2020,9,21,14,12,13,  77.4194000000
2020,9,21,14,12,14, -50.0000000000
2020,9,21,14,12,14, 120.0000000000
2020,9,21,14,12,14, 114.1935000000
2020,9,21,14,12,14, -50.0000000000
2020,9,21,14,12,15, -22.2581000000
2020,9,21,14,12,15, 115.1613000000
2020,9,21,14,12,15, -50.0000000000
2020,9,21,14,12,16, -23.2258000000
2020,9,21,14,12,16, 117.4194000000
2020,9,21,14,12,16, -50.0000000000
2020,9,21,14,12,16,  -1.9355000000
2020,9,21,14,12,17, 104.1935000000
2020,9,21,14,12,17, -14.8387000000
2020,9,21,14,12,17, 110.0000000000
2020,9,21,14,12,17, -50.0000000000
2020,9,21,14,12,18,  -8.0645000000
2020,9,21,14,12,18, 101.6129000000
2020,9,21,14,12,18, -50.0000000000
2020,9,21,14,12,18, 124.8387000000
2020,9,21,14,12,19, -50.0000000000
2020,9,21,14,12,19,  10.0000000000
2020,9,21,14,12,19, -50.0000000000
2020,9,21,14,12,19,  93.8710000000
2020,9,21,14,12,20,  67.7419000000
2020,9,21,14,12,20, -44.5161000000
2020,9,21,14,12,20, 124.5161000000
2020,9,21,14,12,20,  27.7419000000
2020,9,21,14,12,21, -39.3548000000
2020,9,21,14,12,21, -49.3548000000
2020,9,21,14,12,21, 101.9355000000
2020,9,21,14,12,21, -50.0000000000
2020,9,21,14,12,22, -50.0000000000
2020,9,21,14,12,22,  74.8387000000
2020,9,21,14,12,22,  80.0000000000
2020,9,21,14,12,23, -50.0000000000
2020,9,21,14,12,23, -20.0000000000
2020,9,21,14,12,23, -23.2258000000
2020,9,21,14,12,23, 114.5161000000
2020,9,21,14,12,24, 100.6452000000
2020,9,21,14,12,24,  83.5484000000
2020,9,21,14,12,24, -50.0000000000
2020,9,21,14,12,24, -42.9032000000
2020,9,21,14,12,25, 123.5484000000
2020,9,21,14,12,25, 123.8710000000
2020,9,21,14,12,25,  -2.9032000000
2020,9,21,14,12,25, -50.0000000000
2020,9,21,14,12,26,  85.4839000000
2020,9,21,14,12,26, -50.0000000000
2020,9,21,14,12,26, -13.2258000000
2020,9,21,14,12,26, 106.7742000000
2020,9,21,14,12,27, -50.0000000000
2020,9,21,14,12,27,  69.0323000000
2020,9,21,14,12,27,  89.0323000000
2020,9,21,14,12,27, -50.0000000000
2020,9,21,14,12,28, 128.3871000000
2020,9,21,14,12,28,  79.0323000000
2020,9,21,14,12,28, -50.0000000000
2020,9,21,14,12,29,  95.1613000000
2020,9,21,14,12,29, -50.0000000000
2020,9,21,14,12,29, 116.7742000000
2020,9,21,14,12,29,  61.6129000000
2020,9,21,14,12,30, -48.3871000000
2020,9,21,14,12,30, 126.1290000000
2020,9,21,14,12,30, -50.0000000000
2020,9,21,14,12,30,  38.3871000000
2020,9,21,14,12,31,  97.7419000000
2020,9,21,14,12,31, -50.0000000000
2020,9,21,14,12,31, 135.8065000000
2020,9,21,14,12,31,   6.7742000000
2020,9,21,14,12,32, -43.2258000000
2020,9,21,14,12,32, -29.0323000000
2020,9,21,14,12,32, 119.3548000000
2020,9,21,14,12,32, -50.0000000000
2020,9,21,14,12,33,  26.4516000000
2020,9,21,14,12,33,  99.6774000000
2020,9,21,14,12,33, -50.0000000000
2020,9,21,14,12,33,  54.5161000000
2020,9,21,14,12,34, -42.5806000000
2020,9,21,14,12,34, 122.9032000000
2020,9,21,14,12,34,  90.3226000000
2020,9,21,14,12,34,  88.0645000000
2020,9,21,14,12,35, -16.7742000000
2020,9,21,14,12,35, 103.5484000000
2020,9,21,14,12,35, -50.0000000000
2020,9,21,14,12,35, 127.7419000000
2020,9,21,14,12,36,  79.6774000000
2020,9,21,14,12,36, -50.0000000000
2020,9,21,14,12,36, 123.8710000000
2020,9,21,14,12,36, -13.5484000000
2020,9,21,14,12,37, -37.4194000000
2020,9,21,14,12,37, 120.0000000000
2020,9,21,14,12,37, -50.0000000000
2020,9,21,14,12,38,  -9.3548000000
2020,9,21,14,12,38, 106.7742000000
2020,9,21,14,12,38, -50.0000000000
2020,9,21,14,12,38, 125.8065000000
2020,9,21,14,12,39,  68.3871000000
2020,9,21,14,12,39, -50.0000000000
2020,9,21,14,12,39,  81.9355000000
2020,9,21,14,12,39, -26.1290000000
2020,9,21,14,12,40,  60.3226000000
2020,9,21,14,12,40, -50.0000000000
2020,9,21,14,12,40, 125.1613000000
2020,9,21,14,12,40,  35.1613000000
2020,9,21,14,12,41, -34.8387000000
2020,9,21,14,12,41, 111.9355000000
2020,9,21,14,12,41, -50.0000000000
2020,9,21,14,12,41,  40.9677000000
2020,9,21,14,12,42,  96.1290000000
2020,9,21,14,12,42, -50.0000000000
2020,9,21,14,12,42, 124.8387000000
2020,9,21,14,12,42,  39.3548000000
2020,9,21,14,12,43, -44.1935000000
2020,9,21,14,12,43, 123.8710000000
2020,9,21,14,12,43, -42.5806000000
2020,9,21,14,12,43, -15.4839000000
2020,9,21,14,12,44, 110.9677000000
2020,9,21,14,12,44, -50.0000000000
2020,9,21,14,12,44, -10.0000000000
2020,9,21,14,12,44, 107.7419000000
2020,9,21,14,12,45, -50.0000000000
2020,9,21,14,12,45,  -0.3226000000
2020,9,21,14,12,45, 102.9032000000
2020,9,21,14,12,45, 140.3226000000
2020,9,21,14,12,46,  75.4839000000
2020,9,21,14,12,46, -50.0000000000
2020,9,21,14,12,46, 129.6774000000
2020,9,21,14,12,47,  40.3226000000
2020,9,21,14,12,47, -27.7419000000
2020,9,21,14,12,47, 117.4194000000
2020,9,21,14,12,47, -50.0000000000
2020,9,21,14,12,48,  86.4516000000
2020,9,21,14,12,48,  76.1290000000
2020,9,21,14,12,48,  50.0000000000
2020,9,21,14,12,48, -43.8710000000
2020,9,21,14,12,49, 124.1935000000
2020,9,21,14,12,49, -50.0000000000
2020,9,21,14,12,49, -14.1935000000
2020,9,21,14,12,49, 108.7097000000
2020,9,21,14,12,50,  82.5806000000
2020,9,21,14,12,50, -42.9032000000
2020,9,21,14,12,50,  -3.5484000000
2020,9,21,14,12,50, 106.4516000000
2020,9,21,14,12,51, -50.0000000000
2020,9,21,14,12,51, 123.5484000000
2020,9,21,14,12,51, -33.8710000000
2020,9,21,14,12,51,  36.1290000000
2020,9,21,14,12,52, -44.5161000000
2020,9,21,14,12,52, 124.5161000000
2020,9,21,14,12,52, -47.0968000000
2020,9,21,14,12,52, -27.7419000000
2020,9,21,14,12,53, -50.0000000000
2020,9,21,14,12,53,  69.6774000000
2020,9,21,14,12,53, -50.0000000000
2020,9,21,14,12,53, 121.2903000000
2020,9,21,14,12,54, 122.5806000000
2020,9,21,14,12,54,   0.0000000000
2020,9,21,14,12,54, -38.0645000000
2020,9,21,14,12,55, 118.0645000000
2020,9,21,14,12,55, -50.0000000000
2020,9,21,14,12,55, -17.7419000000
2020,9,21,14,12,55, 113.5484000000
2020,9,21,14,12,56, -50.0000000000
2020,9,21,14,12,56,  61.6129000000
2020,9,21,14,12,56,  91.6129000000
2020,9,21,14,12,56, -50.0000000000
2020,9,21,14,12,57, 129.3548000000
2020,9,21,14,12,57,  79.6774000000
2020,9,21,14,12,57, -50.0000000000
2020,9,21,14,12,57, 130.0000000000
2020,9,21,14,12,58, -29.6774000000
2020,9,21,14,12,58, -13.8710000000
2020,9,21,14,12,58,  95.1613000000
2020,9,21,14,12,58, -50.0000000000
2020,9,21,14,12,59,  95.1613000000
2020,9,21,14,12,59, -50.0000000000
2020,9,21,14,12,59, 124.5161000000
2020,9,21,14,12,59,   3.5484000000
2020,9,21,14,13,0, 101.9355000000
2020,9,21,14,13,0, -49.0323000000
2020,9,21,14,13,0, -50.0000000000
2020,9,21,14,13,0,  72.5806000000
2020,9,21,14,13,1,  90.0000000000
2020,9,21,14,13,1, -50.0000000000
2020,9,21,14,13,1, -50.0000000000
2020,9,21,14,13,1, -50.0000000000
2020,9,21,14,13,2, -24.1935000000
2020,9,21,14,13,2, -50.0000000000
2020,9,21,14,13,2,  99.3548000000
2020,9,21,14,13,3,  74.1935000000
2020,9,21,14,13,3, -50.0000000000
2020,9,21,14,13,3, 123.5484000000
2020,9,21,14,13,3,  25.8065000000
2020,9,21,14,13,4, -43.5484000000
2020,9,21,14,13,4,  62.2581000000
2020,9,21,14,13,4, 118.0645000000
2020,9,21,14,13,4, -50.0000000000
2020,9,21,14,13,5,  89.6774000000
2020,9,21,14,13,5, 124.1935000000
2020,9,21,14,13,5, -50.0000000000
2020,9,21,14,13,5,  82.9032000000
2020,9,21,14,13,6, -50.0000000000
2020,9,21,14,13,6, -50.0000000000
2020,9,21,14,13,6, -16.1290000000
2020,9,21,14,13,6, -10.6452000000
2020,9,21,14,13,7, 107.0968000000
2020,9,21,14,13,7, -50.0000000000
2020,9,21,14,13,7, 102.2581000000
2020,9,21,14,13,7,  87.0968000000
2020,9,21,14,13,8, -50.0000000000
2020,9,21,14,13,8, 132.9032000000
2020,9,21,14,13,8,  79.6774000000
2020,9,21,14,13,9, -35.8065000000
2020,9,21,14,13,9, 118.0645000000
2020,9,21,14,13,9, -50.0000000000
2020,9,21,14,13,9, 134.1935000000
2020,9,21,14,13,10, 129.032300000022020,9,21,14,13,10,  69.677400000022020,9,21,14,13,10, -50.000000000022020,9,21,14,13,10, 137.419400000022020,9,21,14,13,11,  62.258100000022020,9,21,14,13,11, -49.032300000022020,9,21,14,13,11, 125.806500000022020,9,21,14,13,11, -50.000000000022020,9,21,14,13,12,  48.709700000022020,9,21,14,13,12,  79.677400000022020,9,21,14,13,12, -50.000000000022020,9,21,14,13,12, 126.451600000022020,9,21,14,13,13, -50.000000000022020,9,21,14,13,13,  68.064500000022020,9,21,14,13,13, -50.000000000022020,9,21,14,13,13, 124.193500000022020,9,21,14,13,14,  19.354800000022020,9,21,14,13,14, -40.967700000022020,9,21,14,13,14,  -0.645200000022020,9,21,14,13,14, -36.774200000022020,9,21,14,13,15, 117.419400000022020,9,21,14,13,15, -50.000000000022020,9,21,14,13,15, 106.129000000022020,9,21,14,13,15, -50.000000000022020,9,21,14,13,16,  14.516100000022020,9,21,14,13,16, -50.000000000022020,9,21,14,13,16,  91.612900000022020,9,21,14,13,17,  89.677400000022020,9,21,14,13,17, -50.000000000022020,9,21,14,13,17, 112.580600000022020,9,21,14,13,17, -28.387100000022020,9,21,14,13,18, 105.161300000022020,9,21,14,13,18, -50.000000000022020,9,21,14,13,18,  61.290300000022020,9,21,14,13,18,  96.129000000022020,9,21,14,13,19, -50.000000000022020,9,21,14,13,19, 130.645200000022020,9,21,14,13,19, 110.322600000022020,9,21,14,13,19, -50.000000000022020,9,21,14,13,20,   5.806500000022020,9,21,14,13,20,  47.419400000022020,9,21,14,13,20, -47.741900000022020,9,21,14,13,20, 124.516100000022020,9,21,14,13,21, -19.677400000022020,9,21,14,13,21, -15.806500000022020,9,21,14,13,21, -50.000000000022020,9,21,14,13,21, -10.967700000022020,9,21,14,13,22, 108.064500000022020,9,21,14,13,22, -39.677400000022020,9,21,14,13,22,  78.709700000022020,9,21,14,13,22,  91.935500000022020,9,21,14,13,23, -50.000000000022020,9,21,14,13,23, 130.645200000022020,9,21,14,13,23, -50.000000000022020,9,21,14,13,24,  43.548400000022020,9,21,14,13,24,  97.096800000022020,9,21,14,13,24, -50.000000000022020,9,21,14,13,24, 111.290300000022020,9,21,14,13,25, -50.000000000022020,9,21,14,13,25, 131.612900000022020,9,21,14,13,25,  65.161300000022020,9,21,14,13,25, -49.677400000022020,9,21,14,13,26, 123.225800000022020,9,21,14,13,26,  26.129000000022020,9,21,14,13,26, -42.580600000022020,9,21,14,13,26,  85.806500000022020,9,21,14,13,27,  -2.580600000022020,9,21,14,13,27, 102.258100000022020,9,21,14,13,27, -50.000000000022020,9,21,14,13,27, 130.645200000022020,9,21,14,13,28, -50.000000000022020,9,21,14,13,28,   0.000000000022020,9,21,14,13,28,  94.516100000022020,9,21,14,13,28, -50.000000000022020,9,21,14,13,29,  97.096800000022020,9,21,14,13,29,  64.838700000022020,9,21,14,13,29,  92.903200000022020,9,21,14,13,29, -50.000000000022020,9,21,14,13,30, 118.064500000022020,9,21,14,13,30,  75.483900000022020,9,21,14,13,30, -35.483900000022020,9,21,14,13,30, -19.677400000022020,9,21,14,13,31,  97.419400000022020,9,21,14,13,31, -50.000000000022020,9,21,14,13,31, 124.516100000022020,9,21,14,13,32,  29.032300000022020,9,21,14,13,32, -41.290300000022020,9,21,14,13,32, 103.548400000022020,9,21,14,13,32, -50.000000000022020,9,21,14,13,33,  36.451600000022020,9,21,14,13,33,  95.483900000022020,9,21,14,13,33, -50.000000000022020,9,21,14,13,33, 136.451600000022020,9,21,14,13,34,  23.225800000022020,9,21,14,13,34, -39.032300000022020,9,21,14,13,34, 123.871000000022020,9,21,14,13,34, -38.064500000022020,9,21,14,13,35, -33.225800000022020,9,21,14,13,35, 121.935500000022020,9,21,14,13,35, -50.000000000022020,9,21,14,13,35, 112.903200000022020,9,21,14,13,36, -50.000000000022020,9,21,14,13,36, -50.000000000022020,9,21,14,13,36, -50.000000000022020,9,21,14,13,36, -50.000000000022020,9,21,14,13,37, -25.806500000022020,9,21,14,13,37, 111.612900000022020,9,21,14,13,37, -50.000000000022020,9,21,14,13,37,  -7.741900000022020,9,21,14,13,38, 103.548400000022020,9,21,14,13,38, -50.000000000022020,9,21,14,13,38,  18.709700000022020,9,21,14,13,38,  98.387100000022020,9,21,14,13,39, -50.000000000022020,9,21,14,13,39, 100.322600000022020,9,21,14,13,39,  32.580600000022020,9,21,14,13,40, -30.645200000022020,9,21,14,13,40, -50.000000000022020,9,21,14,13,40,  -6.774200000022020,9,21,14,13,40,  99.354800000022020,9,21,14,13,41, -50.000000000022020,9,21,14,13,41, 133.225800000022020,9,21,14,13,41,  74.838700000022020,9,21,14,13,41, -49.677400000022020,9,21,14,13,42,  96.129000000022020,9,21,14,13,42, 110.000000000022020,9,21,14,13,42, -50.000000000022020,9,21,14,13,42, 103.225800000022020,9,21,14,13,43, -50.000000000022020,9,21,14,13,43,  60.322600000022020,9,21,14,13,43,  84.516100000022020,9,21,14,13,43, -50.000000000022020,9,21,14,13,44, 137.419400000022020,9,21,14,13,44,  34.19350000002020,9,21,14,13,44,  43.5484000000
2020,9,21,14,13,44, 130.0000000000
2020,9,21,14,13,45,  72.2581000000
2020,9,21,14,13,45, -50.0000000000
2020,9,21,14,13,45, 122.2581000000
2020,9,21,14,13,45, -50.0000000000
2020,9,21,14,13,46, -14.8387000000
2020,9,21,14,13,46, 111.9355000000
2020,9,21,14,13,46, -50.0000000000
22020,9,21,14,13,46, -29.35480000002020,9,21,14,13,47,  85.4839000000
22020,9,21,14,13,47,  -9.67740000002020,9,21,14,13,47,  43.5484000000
2020,9,21,14,13,47, -50.0000000000
2020,9,21,14,13,48,  84.5161000000
2020,9,21,14,13,48, -50.0000000000
2020,9,21,14,13,48, -12.2581000000
2020,9,21,14,13,49, 108.3871000000
2020,9,21,14,13,49, -50.0000000000
2020,9,21,14,13,49,  35.4839000000
2020,9,21,14,13,49,  92.5806000000
2020,9,21,14,13,50, -50.0000000000
2020,9,21,14,13,50, 114.8387000000
2020,9,21,14,13,50,  80.3226000000
2020,9,21,14,13,50, -50.0000000000
2020,9,21,14,13,51, 125.1613000000
2020,9,21,14,13,51, -50.0000000000
2020,9,21,14,13,51,  40.9677000000
2020,9,21,14,13,51,  96.7742000000
2020,9,21,14,13,52, 108.0645000000
2020,9,21,14,13,52, -50.0000000000
2020,9,21,14,13,52,  -5.4839000000
2020,9,21,14,13,52, 104.8387000000
2020,9,21,14,13,53, -50.0000000000
22020,9,21,14,13,53, 130.96770000002020,9,21,14,13,53, -50.0000000000
2020,9,21,14,13,53, -50.0000000000
2020,9,21,14,13,54,  70.0000000000
2020,9,21,14,13,54,  90.3226000000
2020,9,21,14,13,54, -50.0000000000
2020,9,21,14,13,54, -49.3548000000
2020,9,21,14,13,55, 111.6129000000
2020,9,21,14,13,55, 120.6452000000
2020,9,21,14,13,55, -49.0323000000
2020,9,21,14,13,56,  53.2258000000
2020,9,21,14,13,56, -20.9677000000
2020,9,21,14,13,56, 134.5161000000
2020,9,21,14,13,56, 102.9032000000
2020,9,21,14,13,57, -50.0000000000
2020,9,21,14,13,57,  95.8065000000
2020,9,21,14,13,57,  67.7419000000
2020,9,21,14,13,57, -50.0000000000
2020,9,21,14,13,58, 124.1935000000
2020,9,21,14,13,58, -17.0968000000
2020,9,21,14,13,58, -11.6129000000
2020,9,21,14,13,58, -17.7419000000
2020,9,21,14,13,59, 112.5806000000
2020,9,21,14,13,59, -50.0000000000
2020,9,21,14,13,59,  -1.6129000000
2020,9,21,14,13,59, 104.5161000000
2020,9,21,14,14,0, -50.0000000000
2020,9,21,14,14,0, 136.1290000000
2020,9,21,14,14,0,  72.5806000000
2020,9,21,14,14,1,  67.0968000000
2020,9,21,14,14,1, -50.0000000000
2020,9,21,14,14,1, 123.2258000000
2020,9,21,14,14,1,  32.5806000000
2020,9,21,14,14,2, -37.4194000000
2020,9,21,14,14,2, 111.9355000000
2020,9,21,14,14,2, -50.0000000000
2020,9,21,14,14,2,  -7.7419000000
2020,9,21,14,14,3, -50.0000000000
2020,9,21,14,14,3,   0.3226000000
2020,9,21,14,14,3, 100.3226000000
2020,9,21,14,14,3, -50.0000000000
2020,9,21,14,14,4, 127.4194000000
2020,9,21,14,14,4, -50.0000000000
2020,9,21,14,14,4,  -4.8387000000
2020,9,21,14,14,4,  61.6129000000
2020,9,21,14,14,5, -48.0645000000
2020,9,21,14,14,5,   7.4194000000
2020,9,21,14,14,5, -39.0323000000
2020,9,21,14,14,5, -50.0000000000
2020,9,21,14,14,6, 123.5484000000
2020,9,21,14,14,6,  40.3226000000
2020,9,21,14,14,6, -41.9355000000
2020,9,21,14,14,6, 112.2581000000
2020,9,21,14,14,7, -50.0000000000
2020,9,21,14,14,7,  49.3548000000
2020,9,21,14,14,7,  95.8065000000
2020,9,21,14,14,7, -50.0000000000
2020,9,21,14,14,8,  89.3548000000
2020,9,21,14,14,8,  33.8710000000
2020,9,21,14,14,8,  87.4194000000
2020,9,21,14,14,8, -48.3871000000
2020,9,21,14,14,9, 119.3548000000
2020,9,21,14,14,9, -50.0000000000
2020,9,21,14,14,9, 131.2903000000
2020,9,21,14,14,10,  52.5806000000
2020,9,21,14,14,10, -43.8710000000
2020,9,21,14,14,10, 123.8710000000
2020,9,21,14,14,10, 120.0000000000
2020,9,21,14,14,11, -50.0000000000
2020,9,21,14,14,11, -26.4516000000
2020,9,21,14,14,11, 117.4194000000
2020,9,21,14,14,11, -50.0000000000
2020,9,21,14,14,12, 113.2258000000
2020,9,21,14,14,12, -50.0000000000
2020,9,21,14,14,12,  -9.0323000000
2020,9,21,14,14,12, 100.3226000000
2020,9,21,14,14,13, -50.0000000000
2020,9,21,14,14,13, 120.0000000000
2020,9,21,14,14,13, -50.0000000000
2020,9,21,14,14,13, 134.5161000000
2020,9,21,14,14,14, -20.9677000000
2020,9,21,14,14,14, -50.0000000000
2020,9,21,14,14,14, 103.8710000000
2020,9,21,14,14,14, -50.0000000000
2020,9,21,14,14,15, 131.9355000000
2020,9,21,14,14,15,  43.8710000000
2020,9,21,14,14,15, -45.8065000000
2020,9,21,14,14,16, 125.8065000000
2020,9,21,14,14,16, 131.9355000000
2020,9,21,14,14,16,  79.3548000000
2020,9,21,14,14,16,  80.3226000000
2020,9,21,14,14,17, -50.0000000000
2020,9,21,14,14,17, 130.6452000000
2020,9,21,14,14,17,  68.3871000000
2020,9,21,14,14,17, -32.9032000000
2020,9,21,14,14,18, 113.5484000000
2020,9,21,14,14,18, -50.0000000000
2020,9,21,14,14,18,  -7.0968000000
2020,9,21,14,14,18,  88.0645000000
2020,9,21,14,14,19, -50.0000000000
2020,9,21,14,14,19, 134.1935000000
2020,9,21,14,14,19, -13.8710000000
2020,9,21,14,14,19, -13.5484000000
2020,9,21,14,14,20,  98.3871000000
2020,9,21,14,14,20, -50.0000000000
2020,9,21,14,14,20, 102.9032000000
2020,9,21,14,14,20,  80.9677000000
2020,9,21,14,14,21, -50.0000000000
2020,9,21,14,14,21, 130.6452000000
2020,9,21,14,14,21,  55.1613000000
2020,9,21,14,14,21, -42.9032000000
2020,9,21,14,14,22, 122.2581000000
2020,9,21,14,14,22, 126.1290000000
2020,9,21,14,14,22,  35.8065000000
2020,9,21,14,14,22, -36.7742000000
2020,9,21,14,14,23, 107.7419000000
2020,9,21,14,14,23, -50.0000000000
2020,9,21,14,14,23, 127.7419000000
2020,9,21,14,14,23, 121.9355000000
2020,9,21,14,14,24, -28.7097000000
2020,9,21,14,14,24, -33.8710000000
2020,9,21,14,14,24,  12.2581000000
2020,9,21,14,14,25,  77.4194000000
2020,9,21,14,14,25, -39.0323000000
2020,9,21,14,14,25, 113.5484000000
2020,9,21,14,14,25, -50.0000000000
2020,9,21,14,14,26, 130.3226000000
2020,9,21,14,14,26,  69.0323000000
2020,9,21,14,14,26, 108.0645000000
2020,9,21,14,14,26, -50.0000000000
2020,9,21,14,14,27,  -1.6129000000
2020,9,21,14,14,27, 102.5806000000
2020,9,21,14,14,27, -50.0000000000
2020,9,21,14,14,27,  50.6452000000
2020,9,21,14,14,28,  95.1613000000
2020,9,21,14,14,28, -10.6452000000
2020,9,21,14,14,28, 104.1935000000
2020,9,21,14,14,28, -50.0000000000
2020,9,21,14,14,29, 103.8710000000
2020,9,21,14,14,29, -39.3548000000
2020,9,21,14,14,29, 119.6774000000
2020,9,21,14,14,29, -50.0000000000
2020,9,21,14,14,30, -21.9355000000
2020,9,21,14,14,30, -49.3548000000
2020,9,21,14,14,30, -21.6129000000
2020,9,21,14,14,30, 100.9677000000
2020,9,21,14,14,31, -50.0000000000
2020,9,21,14,14,31, 125.8065000000
2020,9,21,14,14,31, -50.0000000000
2020,9,21,14,14,31,  42.2581000000
2020,9,21,14,14,32,  95.8065000000
2020,9,21,14,14,32, -50.0000000000
2020,9,21,14,14,32, 113.8710000000
2020,9,21,14,14,33, -42.2581000000
2020,9,21,14,14,33, -32.9032000000
2020,9,21,14,14,33, 119.3548000000
2020,9,21,14,14,33, -50.0000000000
2020,9,21,14,14,34,  87.0968000000
2020,9,21,14,14,34, 133.2258000000
2020,9,21,14,14,34,  76.1290000000
2020,9,21,14,14,34, -50.0000000000
2020,9,21,14,14,35, 129.3548000000
2020,9,21,14,14,35, -30.9677000000
2020,9,21,14,14,35, -13.5484000000
2020,9,21,14,14,35, 109.6774000000
2020,9,21,14,14,36, -50.0000000000
2020,9,21,14,14,36,  35.1613000000
2020,9,21,14,14,36,  -7.4194000000
2020,9,21,14,14,36, 106.4516000000
2020,9,21,14,14,37, -50.0000000000
2020,9,21,14,14,37,  61.6129000000
2020,9,21,14,14,37,  82.5806000000
2020,9,21,14,14,37, -50.0000000000
2020,9,21,14,14,38, 132.2581000000
2020,9,21,14,14,38,  71.9355000000
2020,9,21,14,14,38,  60.6452000000
2020,9,21,14,14,38, -41.9355000000
2020,9,21,14,14,39, 124.5161000000
2020,9,21,14,14,39, -50.0000000000
2020,9,21,14,14,39,  91.2903000000
2020,9,21,14,14,39, -50.0000000000
2020,9,21,14,14,40, 133.5484000000
2020,9,21,14,14,40,  70.9677000000
2020,9,21,14,14,40, -44.8387000000
2020,9,21,14,14,40, 117.4194000000
2020,9,21,14,14,41, -33.5484000000
2020,9,21,14,14,41, 119.0323000000
2020,9,21,14,14,41, -50.0000000000
2020,9,21,14,14,42,  -8.3871000000
2020,9,21,14,14,42,  80.9677000000
2020,9,21,14,14,42, -21.6129000000
2020,9,21,14,14,42, 113.5484000000
2020,9,21,14,14,43, -50.0000000000
2020,9,21,14,14,43,  -5.8065000000
2020,9,21,14,14,43, -38.7097000000
2020,9,21,14,14,43, 121.6129000000
2020,9,21,14,14,44, -50.0000000000
2020,9,21,14,14,44, 118.3871000000
2020,9,21,14,14,44,  78.0645000000
2020,9,21,14,14,44, -50.0000000000
2020,9,21,14,14,45, 125.4839000000
2020,9,21,14,14,45, -17.0968000000
2020,9,21,14,14,45, -50.0000000000
2020,9,21,14,14,45, 106.1290000000
2020,9,21,14,14,46,  86.1290000000
2020,9,21,14,14,46, -50.0000000000
2020,9,21,14,14,46, 127.4194000000
2020,9,21,14,14,46, -50.0000000000
2020,9,21,14,14,47, 125.4839000000
2020,9,21,14,14,47,  81.2903000000
2020,9,21,14,14,47, -50.0000000000
2020,9,21,14,14,47, 130.6452000000
2020,9,21,14,14,48,  -5.8065000000
2020,9,21,14,14,48, -39.6774000000
2020,9,21,14,14,48, 121.2903000000
2020,9,21,14,14,49,  11.2903000000
2020,9,21,14,14,49, 100.6452000000
2020,9,21,14,14,49, 121.9355000000
2020,9,21,14,14,49, -40.0000000000
2020,9,21,14,14,50,  29.0323000000
2020,9,21,14,14,50, -41.9355000000
2020,9,21,14,14,50, 125.1613000000
2020,9,21,14,14,50, -25.8065000000
2020,9,21,14,14,51, -30.9677000000
2020,9,21,14,14,51, 104.5161000000
2020,9,21,14,14,51,  -3.8710000000
2020,9,21,14,14,51, 104.1935000000
2020,9,21,14,14,52, -50.0000000000
2020,9,21,14,14,52, 103.5484000000
2020,9,21,14,14,52,  73.8710000000
2020,9,21,14,14,52, -50.0000000000
2020,9,21,14,14,53, 130.3226000000
2020,9,21,14,14,53,  61.9355000000
2020,9,21,14,14,53, -24.8387000000
2020,9,21,14,14,53,  72.9032000000
2020,9,21,14,14,54,  72.9032000000
2020,9,21,14,14,54, -45.1613000000
2020,9,21,14,14,54, 120.0000000000
2020,9,21,14,14,54, -50.0000000000
2020,9,21,14,14,55,  -0.9677000000
2020,9,21,14,14,55, 102.2581000000
2020,9,21,14,14,55, -40.6452000000
2020,9,21,14,14,56,  28.7097000000
2020,9,21,14,14,56, -41.2903000000
2020,9,21,14,14,56, 122.9032000000
2020,9,21,14,14,56, -50.0000000000
2020,9,21,14,14,57, -26.7742000000
2020,9,21,14,14,57,  93.5484000000
2020,9,21,14,14,57,  52.2581000000
2020,9,21,14,14,57, -45.4839000000
2020,9,21,14,14,58, 104.8387000000
2020,9,21,14,14,58, -50.0000000000
2020,9,21,14,14,58,  20.3226000000
2020,9,21,14,14,58, -50.0000000000
2020,9,21,14,14,59, -14.5161000000
2020,9,21,14,14,59, 107.7419000000
2020,9,21,14,14,59, -50.0000000000
2020,9,21,14,14,59,  72.5806000000
2020,9,21,14,15,0,  94.8387000000
2020,9,21,14,15,0, -50.0000000000
2020,9,21,14,15,0,  78.3871000000
2020,9,21,14,15,0,  90.0000000000
2020,9,21,14,15,1, -50.0000000000
2020,9,21,14,15,1,  95.4839000000
2020,9,21,14,15,1, -50.0000000000
2020,9,21,14,15,1,  22.5806000000
2020,9,21,14,15,2,  98.7097000000
2020,9,21,14,15,2, 111.9355000000
2020,9,21,14,15,2, -50.0000000000
2020,9,21,14,15,2,  -5.1613000000
2020,9,21,14,15,3, 101.6129000000
2020,9,21,14,15,3, -50.0000000000
2020,9,21,14,15,3, 123.2258000000
2020,9,21,14,15,4,  35.8065000000
2020,9,21,14,15,4, -38.0645000000
2020,9,21,14,15,4, 114.1935000000
2020,9,21,14,15,4, -50.0000000000
2020,9,21,14,15,5,  -2.2581000000
2020,9,21,14,15,5, 103.2258000000
2020,9,21,14,15,5, -50.0000000000
2020,9,21,14,15,5, 133.8710000000
2020,9,21,14,15,6, 130.3226000000
2020,9,21,14,15,6,  70.3226000000
2020,9,21,14,15,6, 131.2903000000
2020,9,21,14,15,6,  27.4194000000
2020,9,21,14,15,7,  69.6774000000
2020,9,21,14,15,7,  90.3226000000
2020,9,21,14,15,7, -50.0000000000
2020,9,21,14,15,7, 131.6129000000
2020,9,21,14,15,8, -50.0000000000
2020,9,21,14,15,8, -27.0968000000
2020,9,21,14,15,8, 118.0645000000
2020,9,21,14,15,8, -50.0000000000
2020,9,21,14,15,9,  75.8065000000
2020,9,21,14,15,9,  73.8710000000
2020,9,21,14,15,9, -49.6774000000
2020,9,21,14,15,9, 128.7097000000
2020,9,21,14,15,10, -50.0000000000
2020,9,21,14,15,10, 122.5806000000
2020,9,21,14,15,10, -50.0000000000
2020,9,21,14,15,11, 128.7097000000
2020,9,21,14,15,11,  67.0968000000
2020,9,21,14,15,11, -49.0323000000
2020,9,21,14,15,11, 123.8710000000
2020,9,21,14,15,12, -50.0000000000
2020,9,21,14,15,12,  30.9677000000
2020,9,21,14,15,12,  95.8065000000
2020,9,21,14,15,12, -50.0000000000
2020,9,21,14,15,13, -50.0000000000
2020,9,21,14,15,13,  -0.6452000000
2020,9,21,14,15,13, 102.9032000000
2020,9,21,14,15,13, -50.0000000000
2020,9,21,14,15,14, 131.9355000000
2020,9,21,14,15,14,  78.7097000000
2020,9,21,14,15,14, -50.0000000000
2020,9,21,14,15,14,  70.6452000000
2020,9,21,14,15,15, -39.3548000000
2020,9,21,14,15,15,  62.9032000000
2020,9,21,14,15,15, 117.4194000000
2020,9,21,14,15,15, -50.0000000000
2020,9,21,14,15,16, 117.7419000000
2020,9,21,14,15,16,  66.1290000000
2020,9,21,14,15,16, -50.0000000000
2020,9,21,14,15,16, 124.1935000000
2020,9,21,14,15,17,  -2.2581000000
2020,9,21,14,15,17, -18.0645000000
2020,9,21,14,15,17,  25.4839000000
2020,9,21,14,15,18, 121.2903000000
2020,9,21,14,15,18,  80.9677000000
2020,9,21,14,15,18, -50.0000000000
2020,9,21,14,15,18, 105.8065000000
2020,9,21,14,15,19, -50.0000000000
2020,9,21,14,15,19,  -0.3226000000
2020,9,21,14,15,19,  96.4516000000
2020,9,21,14,15,19, -50.0000000000
2020,9,21,14,15,20, 130.6452000000
2020,9,21,14,15,20,  72.2581000000
2020,9,21,14,15,20, -43.8710000000
2020,9,21,14,15,20, 120.9677000000
2020,9,21,14,15,21, 125.8065000000
2020,9,21,14,15,21, -47.0968000000
2020,9,21,14,15,21, -19.3548000000
2020,9,21,14,15,21, 111.9355000000
2020,9,21,14,15,22, -50.0000000000
2020,9,21,14,15,22, -50.0000000000
2020,9,21,14,15,22, 132.2581000000
2020,9,21,14,15,22, -50.0000000000
2020,9,21,14,15,23,  19.6774000000
2020,9,21,14,15,23,  49.0323000000
2020,9,21,14,15,23,  94.5161000000
2020,9,21,14,15,23, -42.9032000000
2020,9,21,14,15,24, 120.3226000000
2020,9,21,14,15,24, -50.0000000000
2020,9,21,14,15,24, -14.5161000000
2020,9,21,14,15,24,  81.6129000000
2020,9,21,14,15,25, -39.6774000000
2020,9,21,14,15,25, 118.7097000000
2020,9,21,14,15,25, 121.6129000000
2020,9,21,14,15,25, -50.0000000000
2020,9,21,14,15,26, -14.8387000000
2020,9,21,14,15,26,  96.1290000000
2020,9,21,14,15,26, -50.0000000000
2020,9,21,14,15,27, -49.0323000000
2020,9,21,14,15,27, -50.0000000000
2020,9,21,14,15,27,  82.2581000000
2020,9,21,14,15,27, -48.0645000000
2020,9,21,14,15,28, -13.2258000000
2020,9,21,14,15,28, 116.7742000000
2020,9,21,14,15,28, -28.7097000000
2020,9,21,14,15,28, 103.5484000000
2020,9,21,14,15,29, -50.0000000000
2020,9,21,14,15,29,  93.2258000000
2020,9,21,14,15,29, 122.2581000000
2020,9,21,14,15,29, -36.1290000000
2020,9,21,14,15,30, -32.5806000000
2020,9,21,14,15,30, 120.6452000000
2020,9,21,14,15,30, -50.0000000000
2020,9,21,14,15,30, -12.5806000000
2020,9,21,14,15,31, 106.7742000000
2020,9,21,14,15,31, -50.0000000000
2020,9,21,14,15,31,  95.1613000000
2020,9,21,14,15,32, -50.0000000000
2020,9,21,14,15,32, 124.8387000000
2020,9,21,14,15,32,  81.6129000000
2020,9,21,14,15,32, -50.0000000000
2020,9,21,14,15,33, 132.5806000000
2020,9,21,14,15,33,  74.5161000000
2020,9,21,14,15,33, -48.3871000000
2020,9,21,14,15,33, -28.3871000000
2020,9,21,14,15,34, 117.7419000000
2020,9,21,14,15,34, -50.0000000000
2020,9,21,14,15,34,  -2.5806000000
2020,9,21,14,15,34,  84.8387000000
2020,9,21,14,15,35, -50.0000000000
2020,9,21,14,15,35, 129.3548000000
2020,9,21,14,15,35,  66.4516000000
2020,9,21,14,15,35, -46.4516000000
2020,9,21,14,15,36, 123.5484000000
2020,9,21,14,15,36, -50.0000000000
2020,9,21,14,15,36,  14.8387000000
2020,9,21,14,15,36,  89.0323000000
2020,9,21,14,15,37, -50.0000000000
2020,9,21,14,15,37, -33.8710000000
2020,9,21,14,15,37, 118.0645000000
2020,9,21,14,15,37, -50.0000000000
2020,9,21,14,15,38, -12.2581000000
2020,9,21,14,15,38, 101.2903000000
2020,9,21,14,15,38, -50.0000000000
2020,9,21,14,15,38, 130.6452000000
2020,9,21,14,15,39,  70.6452000000
2020,9,21,14,15,39,  -9.0323000000
2020,9,21,14,15,39, 105.8065000000
2020,9,21,14,15,39, -50.0000000000
2020,9,21,14,15,40,  41.9355000000
2020,9,21,14,15,40,  66.1290000000
2020,9,21,14,15,40, -25.4839000000
2020,9,21,14,15,41,  85.4839000000
2020,9,21,14,15,41, -50.0000000000
2020,9,21,14,15,41,  88.0645000000
2020,9,21,14,15,41, -50.0000000000
2020,9,21,14,15,42, 130.6452000000
2020,9,21,14,15,42, -50.0000000000
2020,9,21,14,15,42,  22.5806000000
2020,9,21,14,15,42,  73.8710000000
2020,9,21,14,15,43, -44.8387000000
2020,9,21,14,15,43, 123.5484000000
2020,9,21,14,15,43, -50.0000000000
2020,9,21,14,15,43, -10.0000000000
2020,9,21,14,15,44,  94.5161000000
2020,9,21,14,15,44, -50.0000000000
2020,9,21,14,15,44,  86.1290000000
2020,9,21,14,15,44,  82.2581000000
2020,9,21,14,15,45, -18.3871000000
2020,9,21,14,15,45, -44.8387000000
2020,9,21,14,15,45, 123.8710000000
2020,9,21,14,15,45, -50.0000000000
2020,9,21,14,15,46, 122.5806000000
2020,9,21,14,15,46, -22.9032000000
2020,9,21,14,15,46, -32.5806000000
2020,9,21,14,15,46, 120.0000000000
2020,9,21,14,15,47, -50.0000000000
2020,9,21,14,15,47, -24.1935000000
2020,9,21,14,15,47, -50.0000000000
2020,9,21,14,15,47,  12.5806000000
2020,9,21,14,15,48,  92.9032000000
2020,9,21,14,15,48, -49.0323000000
2020,9,21,14,15,48, 117.4194000000
2020,9,21,14,15,48, -13.8710000000
2020,9,21,14,15,49, 108.3871000000
2020,9,21,14,15,49, -50.0000000000
2020,9,21,14,15,49,  -2.9032000000
2020,9,21,14,15,50,  99.6774000000
2020,9,21,14,15,50, -50.0000000000
2020,9,21,14,15,50, 125.4839000000
2020,9,21,14,15,50, -50.0000000000
2020,9,21,14,15,51, -50.0000000000
2020,9,21,14,15,51,  30.9677000000
2020,9,21,14,15,51, -48.0645000000
2020,9,21,14,15,51, -30.0000000000
2020,9,21,14,15,52, 120.0000000000
2020,9,21,14,15,52, -50.0000000000
2020,9,21,14,15,52, -28.3871000000
2020,9,21,14,15,52, 119.6774000000
2020,9,21,14,15,53, -50.0000000000
2020,9,21,14,15,53, 121.6129000000
2020,9,21,14,15,53, -50.0000000000
2020,9,21,14,15,53,  -2.9032000000
2020,9,21,14,15,54,  91.9355000000
2020,9,21,14,15,54, -50.0000000000
2020,9,21,14,15,54, 118.0645000000
2020,9,21,14,15,54,  72.9032000000
2020,9,21,14,15,55, -36.1290000000
2020,9,21,14,15,55, 110.3226000000
2020,9,21,14,15,55, -50.0000000000
2020,9,21,14,15,55, 100.0000000000
2020,9,21,14,15,56, -50.0000000000
2020,9,21,14,15,56,  70.6452000000
2020,9,21,14,15,56, -50.0000000000
2020,9,21,14,15,56, 134.8387000000
2020,9,21,14,15,57, -50.0000000000
2020,9,21,14,15,57,  -6.4516000000
2020,9,21,14,15,57,  96.4516000000
2020,9,21,14,15,58,  30.9677000000
2020,9,21,14,15,58, 129.6774000000
2020,9,21,14,15,58,  76.1290000000
2020,9,21,14,15,58, -50.0000000000
2020,9,21,14,15,59, 130.0000000000
2020,9,21,14,15,59,  44.1935000000
2020,9,21,14,15,59, 106.4516000000
2020,9,21,14,15,59, -50.0000000000
2020,9,21,14,16,0, 125.4839000000
2020,9,21,14,16,0, -50.0000000000
2020,9,21,14,16,0, 132.2581000000
2020,9,21,14,16,0,  73.5484000000
2020,9,21,14,16,1, -46.7742000000
2020,9,21,14,16,1, 123.2258000000
2020,9,21,14,16,1, -50.0000000000
2020,9,21,14,16,1, -24.8387000000
2020,9,21,14,16,2, 113.8710000000
2020,9,21,14,16,2, -50.0000000000
2020,9,21,14,16,2,  -8.7097000000
2020,9,21,14,16,2, -50.0000000000
2020,9,21,14,16,3,  88.0645000000
2020,9,21,14,16,3,  82.5806000000
2020,9,21,14,16,3, -50.0000000000
2020,9,21,14,16,3,  62.2581000000
2020,9,21,14,16,4,  16.1290000000
2020,9,21,14,16,4,  95.4839000000
2020,9,21,14,16,4,  88.7097000000
2020,9,21,14,16,5, -50.0000000000
2020,9,21,14,16,5, 131.6129000000
2020,9,21,14,16,5,  64.1935000000
2020,9,21,14,16,5, -36.1290000000
2020,9,21,14,16,6, 110.0000000000
2020,9,21,14,16,6, -50.0000000000
2020,9,21,14,16,6,  93.8710000000
2020,9,21,14,16,6, -50.0000000000
2020,9,21,14,16,7, 200.6452000000
2020,9,21,14,16,7, -40.3226000000
2020,9,21,14,16,7,  23.8710000000
2020,9,21,14,16,7,  98.7097000000
2020,9,21,14,16,8, -50.0000000000
2020,9,21,14,16,8, 126.1290000000
2020,9,21,14,16,8,  61.6129000000
2020,9,21,14,16,8, -45.4839000000
2020,9,21,14,16,9, 123.8710000000
2020,9,21,14,16,9, -47.4194000000
2020,9,21,14,16,9, 104.1935000000
2020,9,21,14,16,9, -42.9032000000
2020,9,21,14,16,10, 106.1290000000
2020,9,21,14,16,10, -50.0000000000
2020,9,21,14,16,10,   9.6774000000
2020,9,21,14,16,11,  91.6129000000
2020,9,21,14,16,11, -50.0000000000
2020,9,21,14,16,11, 130.6452000000
2020,9,21,14,16,11,  68.3871000000
2020,9,21,14,16,12, -46.1290000000
2020,9,21,14,16,12, 121.6129000000
2020,9,21,14,16,12, -50.0000000000
2020,9,21,14,16,12, -31.2903000000
2020,9,21,14,16,13,  -6.7742000000
2020,9,21,14,16,13, 122.2581000000
2020,9,21,14,16,13, -50.0000000000
2020,9,21,14,16,13,  -1.6129000000
2020,9,21,14,16,14, 101.2903000000
2020,9,21,14,16,14, -50.0000000000
2020,9,21,14,16,14, 131.9355000000
2020,9,21,14,16,14,  58.0645000000
2020,9,21,14,16,15, -40.9677000000
2020,9,21,14,16,15, -36.4516000000
2020,9,21,14,16,15, 123.2258000000
2020,9,21,14,16,15,  60.6452000000
2020,9,21,14,16,16,  96.7742000000
2020,9,21,14,16,16,  84.1935000000
2020,9,21,14,16,16, 176.4516000000
2020,9,21,14,16,17, 116.1290000000
2020,9,21,14,16,17, 127.4194000000
2020,9,21,14,16,17,  60.9677000000
2020,9,21,14,16,17, -37.4194000000
2020,9,21,14,16,18, 112.2581000000
2020,9,21,14,16,18, -50.0000000000
2020,9,21,14,16,18, 114.5161000000
2020,9,21,14,16,18, 119.6774000000
2020,9,21,14,16,19, -50.0000000000
2020,9,21,14,16,19, -24.1935000000
2020,9,21,14,16,19, 113.8710000000
2020,9,21,14,16,19, -50.0000000000
2020,9,21,14,16,20, 118.7097000000
2020,9,21,14,16,20, -50.0000000000
2020,9,21,14,16,20, -36.4516000000
2020,9,21,14,16,20, 111.2903000000
2020,9,21,14,16,21, -50.0000000000
2020,9,21,14,16,21, 130.0000000000
2020,9,21,14,16,21,  70.9677000000
2020,9,21,14,16,21, -50.0000000000
2020,9,21,14,16,22, 123.8710000000
2020,9,21,14,16,22,   7.7419000000
2020,9,21,14,16,22, -22.9032000000
2020,9,21,14,16,22, 116.1290000000
2020,9,21,14,16,23, -50.0000000000
2020,9,21,14,16,23, -16.1290000000
2020,9,21,14,16,23, 111.2903000000
2020,9,21,14,16,23, -50.0000000000
2020,9,21,14,16,24, 134.8387000000
2020,9,21,14,16,24,  64.8387000000
2020,9,21,14,16,24,  31.9355000000
2020,9,21,14,16,25,  89.6774000000
2020,9,21,14,16,25, -50.0000000000
2020,9,21,14,16,25, 127.4194000000
2020,9,21,14,16,25,  59.6774000000
2020,9,21,14,16,26,  59.3548000000
2020,9,21,14,16,26, 111.2903000000
2020,9,21,14,16,26, -50.0000000000
2020,9,21,14,16,26, -10.9677000000
2020,9,21,14,16,27, 106.7742000000
2020,9,21,14,16,27, -50.0000000000
2020,9,21,14,16,27,   7.4194000000
2020,9,21,14,16,27,  94.8387000000
2020,9,21,14,16,28, -50.0000000000
2020,9,21,14,16,28, 122.9032000000
2020,9,21,14,16,28, -50.0000000000
2020,9,21,14,16,28,  -8.3871000000
2020,9,21,14,16,29, 104.8387000000
2020,9,21,14,16,29, -50.0000000000
2020,9,21,14,16,29, 125.4839000000
2020,9,21,14,16,29, 122.5806000000
2020,9,21,14,16,30, -50.0000000000
2020,9,21,14,16,30, 100.6452000000
2020,9,21,14,16,30, -50.0000000000
2020,9,21,14,16,30, 129.6774000000
2020,9,21,14,16,31,  73.8710000000
2020,9,21,14,16,31, -50.0000000000
2020,9,21,14,16,31, 126.1290000000
2020,9,21,14,16,31, -29.6774000000
2020,9,21,14,16,32, 128.0645000000
2020,9,21,14,16,32,  51.6129000000
2020,9,21,14,16,32, -43.2258000000
2020,9,21,14,16,33, 122.5806000000
2020,9,21,14,16,33, -31.6129000000
2020,9,21,14,16,33, -50.0000000000
2020,9,21,14,16,33, 130.6452000000
2020,9,21,14,16,34,  69.0323000000
2020,9,21,14,16,34, -23.5484000000
2020,9,21,14,16,34, 114.5161000000
2020,9,21,14,16,34, -50.0000000000
2020,9,21,14,16,35,  -0.6452000000
2020,9,21,14,16,35,  80.3226000000
2020,9,21,14,16,35, -39.3548000000
2020,9,21,14,16,35, -35.8065000000
2020,9,21,14,16,36, 120.3226000000
2020,9,21,14,16,36, -50.0000000000
2020,9,21,14,16,36,  17.7419000000
2020,9,21,14,16,36,  83.8710000000
2020,9,21,14,16,37, -50.0000000000
2020,9,21,14,16,37, 131.2903000000
2020,9,21,14,16,37,  71.6129000000
2020,9,21,14,16,37, -22.5806000000
2020,9,21,14,16,38, -45.4839000000
2020,9,21,14,16,38, -50.0000000000
2020,9,21,14,16,38,  45.8065000000
2020,9,21,14,16,38, -40.3226000000
2020,9,21,14,16,39, 121.9355000000
2020,9,21,14,16,39, -50.0000000000
2020,9,21,14,16,39,  -7.4194000000
2020,9,21,14,16,39,  92.9032000000
2020,9,21,14,16,40, -50.0000000000
2020,9,21,14,16,40, 115.1613000000
2020,9,21,14,16,40,  83.2258000000
2020,9,21,14,16,41, -50.0000000000
2020,9,21,14,16,41, 130.0000000000
2020,9,21,14,16,41, -14.8387000000
2020,9,21,14,16,41,  45.1613000000
2020,9,21,14,16,42, -41.9355000000
2020,9,21,14,16,42, 119.3548000000
2020,9,21,14,16,42, -50.0000000000
2020,9,21,14,16,42,  80.0000000000
2020,9,21,14,16,43, -50.0000000000
2020,9,21,14,16,43, 129.0323000000
2020,9,21,14,16,43,  57.7419000000
2020,9,21,14,16,43, -46.4516000000
2020,9,21,14,16,44, 120.3226000000
2020,9,21,14,16,44, -50.0000000000
2020,9,21,14,16,44, -19.3548000000
2020,9,21,14,16,44, 111.2903000000
2020,9,21,14,16,45, -50.0000000000
2020,9,21,14,16,45,  40.3226000000
2020,9,21,14,16,45,  89.3548000000
2020,9,21,14,16,45, -49.0323000000
2020,9,21,14,16,46, 118.0645000000
2020,9,21,14,16,46, -50.0000000000
2020,9,21,14,16,46,  52.9032000000
2020,9,21,14,16,46,  91.6129000000
2020,9,21,14,16,47, -50.0000000000
2020,9,21,14,16,47, 124.1935000000
2020,9,21,14,16,47, 123.5484000000
2020,9,21,14,16,47, -50.0000000000
2020,9,21,14,16,48, -18.7097000000
2020,9,21,14,16,48, -50.0000000000
2020,9,21,14,16,48,  61.9355000000
2020,9,21,14,16,49,  70.3226000000
2020,9,21,14,16,49,  90.6452000000
2020,9,21,14,16,49, -50.0000000000
2020,9,21,14,16,49, 128.7097000000
2020,9,21,14,16,50,  13.5484000000
2020,9,21,14,16,50, -34.5161000000
2020,9,21,14,16,50, 119.3548000000
2020,9,21,14,16,50, -50.0000000000
2020,9,21,14,16,51, -18.7097000000
2020,9,21,14,16,51,   0.6452000000
2020,9,21,14,16,51, 102.9032000000
2020,9,21,14,16,51, -50.0000000000
2020,9,21,14,16,52,  77.0968000000
2020,9,21,14,16,52,  78.0645000000
2020,9,21,14,16,52, -50.0000000000
2020,9,21,14,16,52, 124.8387000000
2020,9,21,14,16,53,  43.5484000000
2020,9,21,14,16,53, 110.3226000000
2020,9,21,14,16,53, -39.3548000000
2020,9,21,14,16,53, 101.2903000000
2020,9,21,14,16,54, -50.0000000000
2020,9,21,14,16,54, 110.0000000000
2020,9,21,14,16,54,  81.9355000000
2020,9,21,14,16,54, -50.0000000000
2020,9,21,14,16,55, 130.9677000000
2020,9,21,14,16,55, -12.9032000000
2020,9,21,14,16,55, -16.7742000000
2020,9,21,14,16,55,  90.6452000000
2020,9,21,14,16,56, -50.0000000000
2020,9,21,14,16,56, 130.6452000000
2020,9,21,14,16,56,  67.7419000000
2020,9,21,14,16,57, 130.6452000000
2020,9,21,14,16,57,  70.0000000000
2020,9,21,14,16,57, -50.0000000000
2020,9,21,14,16,57, 125.1613000000
2020,9,21,14,16,58, -50.0000000000
2020,9,21,14,16,58,  66.4516000000
2020,9,21,14,16,58,  91.6129000000
2020,9,21,14,16,58, -50.0000000000
2020,9,21,14,16,59, 124.5161000000
2020,9,21,14,16,59, -50.0000000000
2020,9,21,14,16,59, -16.1290000000
2020,9,21,14,16,59, 106.7742000000
2020,9,21,14,17,0, -50.0000000000
2020,9,21,14,17,0, 134.1935000000
2020,9,21,14,17,0, -50.0000000000
2020,9,21,14,17,0,  73.8710000000
2020,9,21,14,17,1,  82.9032000000
2020,9,21,14,17,1, -47.7419000000
2020,9,21,14,17,1,  -7.7419000000
2020,9,21,14,17,1, 100.3226000000
2020,9,21,14,17,2, -50.0000000000
2020,9,21,14,17,2, -50.0000000000
2020,9,21,14,17,2, 112.2581000000
2020,9,21,14,17,2, 210.0000000000
2020,9,21,14,17,3, -36.1290000000
2020,9,21,14,17,3, -28.0645000000
2020,9,21,14,17,3, 117.7419000000
2020,9,21,14,17,3, -50.0000000000
2020,9,21,14,17,4, -12.5806000000
2020,9,21,14,17,4, 105.4839000000
2020,9,21,14,17,4, -50.0000000000
2020,9,21,14,17,4, 126.4516000000
2020,9,21,14,17,5,  57.4194000000
2020,9,21,14,17,5, -37.7419000000
2020,9,21,14,17,5, 109.3548000000
2020,9,21,14,17,6,   5.8065000000
2020,9,21,14,17,6,  75.1613000000
2020,9,21,14,17,6, 120.3226000000
2020,9,21,14,17,6, -50.0000000000
2020,9,21,14,17,7, -10.6452000000
2020,9,21,14,17,7,  95.1613000000
2020,9,21,14,17,7, -50.0000000000
2020,9,21,14,17,7, 130.0000000000
2020,9,21,14,17,8,  80.9677000000
2020,9,21,14,17,8, -50.0000000000
2020,9,21,14,17,8, 130.6452000000
2020,9,21,14,17,8,  43.2258000000
2020,9,21,14,17,9, -48.3871000000
2020,9,21,14,17,9, 124.8387000000
22020,9,21,14,17,9, 123.54840000002020,9,21,14,17,9, -50.0000000000
22020,9,21,14,17,10,  52.58060000002020,9,21,14,17,10, -50.0000000000
2020,9,21,14,17,10, -50.0000000000
22020,9,21,14,17,10, -50.00000000002020,9,21,14,17,11,  59.6774000000
2020,9,21,14,17,11,  41.2903000000
2020,9,21,14,17,11, -50.0000000000
22020,9,21,14,17,11,   6.774200000022020,9,21,14,17,12, -29.354800000022020,9,21,14,17,12, -50.000000000022020,9,21,14,17,12,  36.774200000022020,9,21,14,17,13, -12.580600000022020,9,21,14,17,13, -37.096800000022020,9,21,14,17,13,  74.516100000022020,9,21,14,17,13,  92.580600000022020,9,21,14,17,14, -50.000000000022020,9,21,14,17,14,  56.451600000022020,9,21,14,17,14, -46.129000000022020,9,21,14,17,14, -42.580600000022020,9,21,14,17,15, -50.000000000022020,9,21,14,17,15, 124.193500000022020,9,21,14,17,15, 112.258100000022020,9,21,14,17,15, -50.000000000022020,9,21,14,17,16,   7.419400000022020,9,21,14,17,16,  77.096800000022020,9,21,14,17,16, -40.322600000022020,9,21,14,17,16, 117.741900000022020,9,21,14,17,17, -50.000000000022020,9,21,14,17,17, -13.225800000022020,9,21,14,17,17, -50.000000000022020,9,21,14,17,17,   9.677400000022020,9,21,14,17,18,  97.096800000022020,9,21,14,17,18, -50.000000000022020,9,21,14,17,18, 136.129000000022020,9,21,14,17,19, 128.387100000022020,9,21,14,17,19,  53.548400000022020,9,21,14,17,19, -44.838700000022020,9,21,14,17,19, 123.225800000022020,9,21,14,17,20, -21.935500000022020,9,21,14,17,20, -32.903200000022020,9,21,14,17,20, 117.741900000022020,9,21,14,17,20, -50.000000000022020,9,21,14,17,21, -10.96770000002020,9,21,14,17,21, 118.0645000000
2020,9,21,14,17,21, 120.3226000000
22020,9,21,14,17,21, 128.064500000022020,9,21,14,17,22,  98.709700000022020,9,21,14,17,22,  79.354800000022020,9,21,14,17,22,  -4.516100000022020,9,21,14,17,22, -17.419400000022020,9,21,14,17,23, 110.000000000022020,9,21,14,17,23, 101.935500000022020,9,21,14,17,23, -50.000000000022020,9,21,14,17,23,  83.548400000022020,9,21,14,17,24, -50.000000000022020,9,21,14,17,24, 134.516100000022020,9,21,14,17,24, -48.387100000022020,9,21,14,17,25, -29.032300000022020,9,21,14,17,25, 119.032300000022020,9,21,14,17,25, -50.000000000022020,9,21,14,17,25, -17.419400000022020,9,21,14,17,26, 105.161300000022020,9,21,14,17,26, -50.000000000022020,9,21,14,17,26,  99.354800000022020,9,21,14,17,26,  86.774200000022020,9,21,14,17,27, -50.000000000022020,9,21,14,17,27, 124.193500000022020,9,21,14,17,27,   5.483900000022020,9,21,14,17,27, -37.096800000022020,9,21,14,17,28, 120.322600000022020,9,21,14,17,28, -50.000000000022020,9,21,14,17,28, -50.000000000022020,9,21,14,17,28, 121.612900000022020,9,21,14,17,29,  75.161300000022020,9,21,14,17,29, -45.806500000022020,9,21,14,17,29, 120.967700000022020,9,21,14,17,29, -50.000000000022020,9,21,14,17,30, -45.161300000022020,9,21,14,17,30, 103.225800000022020,9,21,14,17,30, -50.000000000022020,9,21,14,17,30, -23.225800000022020,9,21,14,17,31, -16.451600000022020,9,21,14,17,31,  70.645200000022020,9,21,14,17,31, -47.419400000022020,9,21,14,17,32, -50.000000000022020,9,21,14,17,32,  51.612900000022020,9,21,14,17,32,  93.871000000022020,9,21,14,17,32, -50.000000000022020,9,21,14,17,33, 113.871000000022020,9,21,14,17,33,  80.967700000022020,9,21,14,17,33, -50.000000000022020,9,21,14,17,33, 135.806500000022020,9,21,14,17,34,  29.354800000022020,9,21,14,17,34, -16.451600000022020,9,21,14,17,34, 130.967700000022020,9,21,14,17,34, -30.967700000022020,9,21,14,17,35, -50.000000000022020,9,21,14,17,35, -50.000000000022020,9,21,14,17,35, -19.677400000022020,9,21,14,17,35, 123.548400000022020,9,21,14,17,36, 105.161300000022020,9,21,14,17,36,  79.677400000022020,9,21,14,17,36, -50.000000000022020,9,21,14,17,37,  -5.483900000022020,9,21,14,17,37,  30.000000000022020,9,21,14,17,37,  98.387100000022020,9,21,14,17,37, -50.000000000022020,9,21,14,17,38,  80.967700000022020,9,21,14,17,38,  92.580600000022020,9,21,14,17,38, -50.000000000022020,9,21,14,17,38, 135.806500000022020,9,21,14,17,39,  18.387100000022020,9,21,14,17,39, 120.322600000022020,9,21,14,17,39, -50.000000000022020,9,21,14,17,39, -14.516100000022020,9,21,14,17,40,  96.129000000022020,9,21,14,17,40, -50.000000000022020,9,21,14,17,40,  98.064500000022020,9,21,14,17,40, -50.000000000022020,9,21,14,17,41,  89.677400000022020,9,21,14,17,41,  -5.161300000022020,9,21,14,17,41, -38.387100000022020,9,21,14,17,41, 117.741900000022020,9,21,14,17,42, -50.000000000022020,9,21,14,17,42,  67.741900000022020,9,21,14,17,42,  88.064500000022020,9,21,14,17,42,  97.419400000022020,9,21,14,17,43, -50.000000000022020,9,21,14,17,43,  80.322600000022020,9,21,14,17,43,  79.354800000022020,9,21,14,17,43, -48.064500000022020,9,21,14,17,44, 123.225800000022020,9,21,14,17,44, -48.709700000022020,9,21,14,17,44, -14.516100000022020,9,21,14,17,45,   4.193500000022020,9,21,14,17,45, 123.548400000022020,9,21,14,17,45, -50.000000000022020,9,21,14,17,45, -22.258100000022020,9,21,14,17,46, 108.064500000022020,9,21,14,17,46, 131.612900000022020,9,21,14,17,46,  76.129000000022020,9,21,14,17,46, -50.000000000022020,9,21,14,17,47, 126.774200000022020,9,21,14,17,47,  42.903200000022020,9,21,14,17,47, -40.967700000022020,9,21,14,17,47, 120.967700000022020,9,21,14,17,48, -47.741900000022020,9,21,14,17,48, -21.935500000022020,9,21,14,17,48,  79.032300000022020,9,21,14,17,48, -50.000000000022020,9,21,14,17,49, 130.645200000022020,9,21,14,17,49, -50.000000000022020,9,21,14,17,49,  16.451600000022020,9,21,14,17,49,  98.709700000022020,9,21,14,17,50, -50.000000000022020,9,21,14,17,50, 135.483900000022020,9,21,14,17,50, -50.000000000022020,9,21,14,17,50,  27.419400000022020,9,21,14,17,51, -50.000000000022020,9,21,14,17,51, 107.096800000022020,9,21,14,17,51, -50.000000000022020,9,21,14,17,51,  20.645200000022020,9,21,14,17,52,  93.871000000022020,9,21,14,17,52, -50.000000000022020,9,21,14,17,52, 120.322600000022020,9,21,14,17,52, -50.000000000022020,9,21,14,17,53, -26.451600000022020,9,21,14,17,53, 114.838700000022020,9,21,14,17,53, -50.000000000022020,9,21,14,17,53,   8.064500000022020,9,21,14,17,54, 100.000000000022020,9,21,14,17,54, -50.000000000022020,9,21,14,17,54, 102.903200000022020,9,21,14,17,55, -50.000000000022020,9,21,14,17,55, 127.419400000022020,9,21,14,17,55, 133.548400000022020,9,21,14,17,55,  67.096800000022020,9,21,14,17,56, -28.064500000022020,9,21,14,17,56,  98.709700000022020,9,21,14,17,56, -50.000000000022020,9,21,14,17,56, 130.645200000022020,9,21,14,17,57,  61.612900000022020,9,21,14,17,57, -38.387100000022020,9,21,14,17,57, 106.129000000022020,9,21,14,17,57,  80.967700000022020,9,21,14,17,58, -50.000000000022020,9,21,14,17,58, 124.838700000022020,9,21,14,17,58, -50.000000000022020,9,21,14,17,58,  39.032300000022020,9,21,14,17,59,  93.548400000022020,9,21,14,17,59, 123.548400000022020,9,21,14,17,59, -48.387100000022020,9,21,14,17,59, -50.000000000022020,9,21,14,18,0,  93.548400000022020,9,21,14,18,0, -50.000000000022020,9,21,14,18,0, 130.645200000022020,9,21,14,18,1, -50.000000000022020,9,21,14,18,1, 121.935500000022020,9,21,14,18,1, -44.838700000022020,9,21,14,18,1, -29.354800000022020,9,21,14,18,2,  31.935500000022020,9,21,14,18,2, -31.290300000022020,9,21,14,18,2, 112.580600000022020,9,21,14,18,2, -16.774200000022020,9,21,14,18,3, 107.096800000022020,9,21,14,18,3, -50.000000000022020,9,21,14,18,3, 130.322600000022020,9,21,14,18,3,  63.548400000022020,9,21,14,18,4, -38.064500000022020,9,21,14,18,4, 109.032300000022020,9,21,14,18,4, -50.000000000022020,9,21,14,18,4, 120.000000000022020,9,21,14,18,5,  73.548400000022020,9,21,14,18,5, -50.000000000022020,9,21,14,18,5, 126.129000000022020,9,21,14,18,5,  22.258100000022020,9,21,14,18,6, -41.290300000022020,9,21,14,18,6, 122.903200000022020,9,21,14,18,6, -50.000000000022020,9,21,14,18,6,  57.741900000022020,9,21,14,18,7,  -0.967700000022020,9,21,14,18,7,  99.677400000022020,9,21,14,18,7, -50.000000000022020,9,21,14,18,7, 128.064500000022020,9,21,14,18,8, -50.000000000022020,9,21,14,18,8, -18.064500000022020,9,21,14,18,8, -50.000000000022020,9,21,14,18,8, 131.935500000022020,9,21,14,18,9, -20.322600000022020,9,21,14,18,9, -28.387100000022020,9,21,14,18,9, 115.483900000022020,9,21,14,18,10, -50.000000000202020,9,21,14,18,10, -10.000000000202020,9,21,14,18,10, -12.580600000202020,9,21,14,18,10, 106.129000000202020,9,21,14,18,11, -50.000000000202020,9,21,14,18,11, 124.516100000202020,9,21,14,18,11,  -3.871000000202020,9,21,14,18,11, -39.354800000202020,9,21,14,18,12, 124.516100000202020,9,21,14,18,12, -50.000000000202020,9,21,14,18,12,   0.322600000202020,9,21,14,18,12,  82.580600000202020,9,21,14,18,13, -50.000000000202020,9,21,14,18,13, 130.000000000202020,9,21,14,18,13,  29.677400000202020,9,21,14,18,13, -28.387100000202020,9,21,14,18,14, -50.000000000202020,9,21,14,18,14, -19.032300000202020,9,21,14,18,14, 106.129000000202020,9,21,14,18,14, -14.838700000202020,9,21,14,18,15,  99.354800000202020,9,21,14,18,15, 114.193500000202020,9,21,14,18,15,  82.258100000202020,9,21,14,18,15, -50.000000000202020,9,21,14,18,16, 130.967700000202020,9,21,14,18,16, -50.000000000202020,9,21,14,18,16, 123.225800000202020,9,21,14,18,16, 120.000000000202020,9,21,14,18,17, -50.000000000202020,9,21,14,18,17,  28.709700000202020,9,21,14,18,17,  98.064500000202020,9,21,14,18,18, -50.000000000202020,9,21,14,18,18,  84.838700000202020,9,21,14,18,18, -46.129000000202020,9,21,14,18,18, 124.193500000202020,9,21,14,18,19, -10.645200000202020,9,21,14,18,19, -33.871000000202020,9,21,14,18,19, 122.903200000202020,9,21,14,18,19, -50.000000000202020,9,21,14,18,20, -22.580600000202020,9,21,14,18,20, 111.935500000202020,9,21,14,18,20, -50.000000000202020,9,21,14,18,20, 112.903200000202020,9,21,14,18,21,  66.129000000202020,9,21,14,18,21,  87.741900000202020,9,21,14,18,21, -50.000000000202020,9,21,14,18,21, 131.935500000202020,9,21,14,18,22,  75.483900000202020,9,21,14,18,22, -23.871000000202020,9,21,14,18,22, 112.580600000202020,9,21,14,18,22, -50.000000000202020,9,21,14,18,23,  80.967700000202020,9,21,14,18,23, -50.000000000202020,9,21,14,18,23, 130.645200000202020,9,21,14,18,23,  73.871000000202020,9,21,14,18,24, -50.000000000202020,9,21,14,18,24, 128.387100000202020,9,21,14,18,24,  66.774200000202020,9,21,14,18,24, -50.000000000202020,9,21,14,18,25, 124.838700000202020,9,21,14,18,25, -50.000000000202020,9,21,14,18,25, -47.741900000202020,9,21,14,18,25, 122.903200000202020,9,21,14,18,26, -50.000000000202020,9,21,14,18,26, -29.677400000202020,9,21,14,18,26, 105.806500000202020,9,21,14,18,27, -50.000000000202020,9,21,14,18,27,  -8.064500000202020,9,21,14,18,27,  91.612900000202020,9,21,14,18,27, -30.967700000202020,9,21,14,18,28, 110.322600000202020,9,21,14,18,28, -50.000000000202020,9,21,14,18,28, 130.645200000202020,9,21,14,18,28, -50.000000000202020,9,21,14,18,29,  -4.193500000202020,9,21,14,18,29, 104.516100000202020,9,21,14,18,29, -41.290300000202020,9,21,14,18,29, 120.000000000202020,9,21,14,18,30, -50.000000000202020,9,21,14,18,30, -45.806500000202020,9,21,14,18,30, 120.967700000202020,9,21,14,18,31, -50.000000000202020,9,21,14,18,31, -24.516100000202020,9,21,14,18,31, -34.516100000202020,9,21,14,18,31, 120.322600000202020,9,21,14,18,32, -50.000000000202020,9,21,14,18,32,  37.096800000202020,9,21,14,18,32,  86.774200000202020,9,21,14,18,32,  84.516100000202020,9,21,14,18,33, -50.000000000202020,9,21,14,18,33, 129.032300000202020,9,21,14,18,33,  57.419400000202020,9,21,14,18,33, -38.709700000202020,9,21,14,18,34, 126.129000000202020,9,21,14,18,34, -50.000000000202020,9,21,14,18,34, -19.354800000202020,9,21,14,18,34, 101.290300000202020,9,21,14,18,35, -50.000000000202020,9,21,14,18,35, 117.741900000202020,9,21,14,18,35,  55.806500000202020,9,21,14,18,35, 122.258100000202020,9,21,14,18,36, -25.483900000202020,9,21,14,18,36, 137.096800000202020,9,21,14,18,36, -50.000000000202020,9,21,14,18,37,  81.290300000202020,9,21,14,18,37,  78.709700000202020,9,21,14,18,37, -39.677400000202020,9,21,14,18,37, 122.258100000202020,9,21,14,18,38, -50.000000000202020,9,21,14,18,38, 125.161300000202020,9,21,14,18,38, 129.032300000202020,9,21,14,18,38,  78.387100000202020,9,21,14,18,39, -50.000000000202020,9,21,14,18,39, 129.354800000202020,9,21,14,18,39,  -3.225800000202020,9,21,14,18,39, -20.645200000202020,9,21,14,18,40, 110.645200000202020,9,21,14,18,40, -50.000000000202020,9,21,14,18,40,  38.709700000202020,9,21,14,18,40,  78.064500000202020,9,21,14,18,41, 121.290300000202020,9,21,14,18,41, -37.741900000202020,9,21,14,18,41, -20.000000000202020,9,21,14,18,41,  95.806500000202020,9,21,14,18,42, -50.000000000202020,9,21,14,18,42, 132.903200000202020,9,21,14,18,42,  76.774200000202020,9,21,14,18,42, -50.000000000202020,9,21,14,18,43, 123.548400000202020,9,21,14,18,43, -49.677400000202020,9,21,14,18,43, -30.000000000202020,9,21,14,18,43, 118.064500000202020,9,21,14,18,44, -50.000000000202020,9,21,14,18,44,  23.548400000202020,9,21,14,18,44, -43.548400000202020,9,21,14,18,44, 123.225800000202020,9,21,14,18,45, -50.000000000202020,9,21,14,18,45,  -7.419400000202020,9,21,14,18,45, -50.000000000202020,9,21,14,18,46, 123.225800000202020,9,21,14,18,46, -50.000000000202020,9,21,14,18,46, 132.580600000202020,9,21,14,18,46,  -2.580600000202020,9,21,14,18,47, -35.806500000202020,9,21,14,18,47, 113.225800000202020,9,21,14,18,47, 121.290300000202020,9,21,14,18,47, -50.000000000202020,9,21,14,18,48,  25.806500000202020,9,21,14,18,48, 130.967700000202020,9,21,14,18,48, -46.451600000202020,9,21,14,18,48, 123.548400000202020,9,21,14,18,49, 124.516100000202020,9,21,14,18,49,  13.225800000202020,9,21,14,18,49, 104.193500000202020,9,21,14,18,49,  52.580600000202020,9,21,14,18,50,  -6.451600000202020,9,21,14,18,50, 129.354800000202020,9,21,14,18,50, -32.903200000202020,9,21,14,18,50, 118.709700000202020,9,21,14,18,51, 121.935500000202020,9,21,14,18,51, -50.000000000202020,9,21,14,18,51,  53.871000000202020,9,21,14,18,52,  81.290300000202020,9,21,14,18,52, -50.000000000202020,9,21,14,18,52,  89.3548000000
2020,9,21,14,18,52, -50.0000000000
2020,9,21,14,18,53,  -2.5806000000
2020,9,21,14,18,53, -29.3548000000
2020,9,21,14,18,53, -50.0000000000
2020,9,21,14,18,53, 132.5806000000
2020,9,21,14,18,54,   1.935500000202020,9,21,14,18,54, -40.645200000202020,9,21,14,18,54, 122.258100000202020,9,21,14,18,54, -50.000000000202020,9,21,14,18,55, -19.677400000202020,9,21,14,18,55,  97.741900000202020,9,21,14,18,55, -50.000000000202020,9,21,14,18,55, 124.193500000202020,9,21,14,18,56, -10.322600000202020,9,21,14,18,56,  70.967700000202020,9,21,14,18,56, -50.000000000202020,9,21,14,18,56, 125.483900000202020,9,21,14,18,57, -13.225800000202020,9,21,14,18,57, -50.000000000202020,9,21,14,18,57,  37.741900000202020,9,21,14,18,57,  97.096800000202020,9,21,14,18,58, -50.000000000202020,9,21,14,18,58, 118.064500000202020,9,21,14,18,58, -50.000000000202020,9,21,14,18,59,  -9.032300000202020,9,21,14,18,59, 106.451600000202020,9,21,14,18,59, -50.000000000202020,9,21,14,18,59, 122.258100000202020,9,21,14,19,0, -50.000000000022020,9,21,14,19,0, -24.838700000022020,9,21,14,19,0, 110.645200000022020,9,21,14,19,0,  51.612900000022020,9,21,14,19,1, -50.000000000022020,9,21,14,19,1, -50.0000000000
2020,9,21,14,19,1,  36.451600000022020,9,21,14,19,1, -50.000000000022020,9,21,14,19,2, 132.258100000022020,9,21,14,19,2,  76.774200000022020,9,21,14,19,2, -50.000000000022020,9,21,14,19,2, 128.709700000022020,9,21,14,19,3,  66.129000000022020,9,21,14,19,3, -50.000000000022020,9,21,14,19,3, 124.838700000022020,9,21,14,19,3,   8.064500000022020,9,21,14,19,4, -24.516100000022020,9,21,14,19,4, 116.774200000022020,9,21,14,19,4, -50.000000000022020,9,21,14,19,4, -14.516100000022020,9,21,14,19,5, 110.967700000022020,9,21,14,19,5, -50.000000000022020,9,21,14,19,5,  -5.483900000022020,9,21,14,19,5, 102.580600000022020,9,21,14,19,6, -50.000000000022020,9,21,14,19,6,  91.290300000022020,9,21,14,19,6, -50.000000000022020,9,21,14,19,7, 124.193500000022020,9,21,14,19,7,  24.516100000022020,9,21,14,19,7, -40.322600000022020,9,21,14,19,7,  90.322600000022020,9,21,14,19,8, -50.000000000022020,9,21,14,19,8, 129.677400000022020,9,21,14,19,8,  77.096800000022020,9,21,14,19,8, -50.000000000022020,9,21,14,19,9, 120.967700000022020,9,21,14,19,9, -44.838700000022020,9,21,14,19,9, 123.548400000022020,9,21,14,19,9, -50.000000000022020,9,21,14,19,10,   2.903200000202020,9,21,14,19,10, -50.000000000202020,9,21,14,19,10,  16.129000000202020,9,21,14,19,10,  91.612900000202020,9,21,14,19,11, -48.709700000202020,9,21,14,19,11, 119.677400000202020,9,21,14,19,11, -50.000000000202020,9,21,14,19,11, -24.193500000202020,9,21,14,19,12,  39.677400000202020,9,21,14,19,12, 128.709700000202020,9,21,14,19,12, -50.000000000202020,9,21,14,19,12, 119.032300000202020,9,21,14,19,13,  78.709700000202020,9,21,14,19,13, -50.000000000202020,9,21,14,19,13, 128.709700000202020,9,21,14,19,13, 136.451600000202020,9,21,14,19,14, -32.258100000202020,9,21,14,19,14, -19.354800000202020,9,21,14,19,14,  58.387100000202020,9,21,14,19,15,  99.677400000202020,9,21,14,19,15, -50.000000000202020,9,21,14,19,15, 123.548400000202020,9,21,14,19,15, -41.612900000202020,9,21,14,19,16, -29.032300000202020,9,21,14,19,16, 110.322600000202020,9,21,14,19,16, -50.000000000202020,9,21,14,19,16,  95.161300000202020,9,21,14,19,17, 120.322600000202020,9,21,14,19,17, -50.000000000202020,9,21,14,19,17, -22.903200000202020,9,21,14,19,17, 111.935500000202020,9,21,14,19,18, -50.000000000202020,9,21,14,19,18, 131.9355000000
2020,9,21,14,19,18, -50.000000000202020,9,21,14,19,18, 133.225800000202020,9,21,14,19,19,  79.032300000202020,9,21,14,19,19, -50.000000000202020,9,21,14,19,19, 128.387100000202020,9,21,14,19,19, -50.000000000202020,9,21,14,19,20, -25.8065000000
2020,9,21,14,19,20, 114.8387000000
2020,9,21,14,19,20,  98.7097000000
2020,9,21,14,19,20, -50.0000000000
2020,9,21,14,19,21,  57.0968000000
2020,9,21,14,19,21,  88.0645000000
2020,9,21,14,19,21, -50.0000000000
2020,9,21,14,19,22, 124.8387000000
2020,9,21,14,19,22,  53.5484000000
2020,9,21,14,19,22, -41.6129000000
2020,9,21,14,19,22, 103.8710000000
2020,9,21,14,19,23, -49.3548000000
2020,9,21,14,19,23, 127.741900000202020,9,21,14,19,23, -50.000000000202020,9,21,14,19,23, 122.5806000000
2020,9,21,14,19,24, 129.3548000000
2020,9,21,14,19,24, 127.741900000202020,9,21,14,19,24, -50.000000000202020,9,21,14,19,24, 120.322600000202020,9,21,14,19,25, -50.000000000202020,9,21,14,19,25,  -6.451600000202020,9,21,14,19,25,  95.806500000202020,9,21,14,19,25, -50.000000000202020,9,21,14,19,26, 102.903200000202020,9,21,14,19,26, -50.000000000202020,9,21,14,19,26,  73.548400000202020,9,21,14,19,26, -50.000000000202020,9,21,14,19,27, 131.290300000202020,9,21,14,19,27,  62.580600000202020,9,21,14,19,27,   4.516100000202020,9,21,14,19,27, -50.000000000202020,9,21,14,19,28, 117.741900000202020,9,21,14,19,28, -50.000000000202020,9,21,14,19,28,  -3.225800000202020,9,21,14,19,29,  77.741900000202020,9,21,14,19,29, 120.322600000202020,9,21,14,19,29, -50.000000000202020,9,21,14,19,29, -16.451600000202020,9,21,14,19,30, 110.000000000202020,9,21,14,19,30, 121.290300000202020,9,21,14,19,30, -50.000000000202020,9,21,14,19,30, -14.516100000202020,9,21,14,19,31, -18.064500000202020,9,21,14,19,31, 120.322600000202020,9,21,14,19,31,  27.4194000000
2020,9,21,14,19,31, -41.9355000000
2020,9,21,14,19,32,  73.2258000000
2020,9,21,14,19,32, -38.3871000000
2020,9,21,14,19,32, 115.4839000000
2020,9,21,14,19,32, -50.0000000000
2020,9,21,14,19,33, -10.9677000000
2020,9,21,14,19,33, 101.2903000000
2020,9,21,14,19,33, -50.0000000000
2020,9,21,14,19,33, 117.4194000000
2020,9,21,14,19,34,  81.9355000000
2020,9,21,14,19,34, -50.0000000000
2020,9,21,14,19,34, 124.1935000000
2020,9,21,14,19,34, -50.0000000000
2020,9,21,14,19,35, -50.0000000000
2020,9,21,14,19,35, 129.6774000000
2020,9,21,14,19,35,  73.5484000000
2020,9,21,14,19,36, -50.0000000000
2020,9,21,14,19,36, 139.032300000202020,9,21,14,19,36, -50.0000000000
2020,9,21,14,19,36, -50.000000000202020,9,21,14,19,37, -50.0000000000
2020,9,21,14,19,37, -50.000000000202020,9,21,14,19,37, -50.0000000000
2020,9,21,14,19,37, -50.000000000202020,9,21,14,19,38, -50.000000000202020,9,21,14,19,38,  11.290300000202020,9,21,14,19,38,  99.354800000202020,9,21,14,19,38, -50.000000000202020,9,21,14,19,39, 100.322600000202020,9,21,14,19,39, -26.774200000202020,9,21,14,19,39, 106.451600000202020,9,21,14,19,39, -50.000000000202020,9,21,14,19,40,   8.709700000202020,9,21,14,19,40,  73.871000000202020,9,21,14,19,40, -35.806500000202020,9,21,14,19,40, 117.741900000202020,9,21,14,19,41, -50.000000000202020,9,21,14,19,41, 129.354800000202020,9,21,14,19,41,  70.967700000202020,9,21,14,19,41, -50.000000000202020,9,21,14,19,42, 128.709700000202020,9,21,14,19,42, -50.000000000202020,9,21,14,19,42, 136.774200000202020,9,21,14,19,43,  70.000000000202020,9,21,14,19,43, -29.032300000202020,9,21,14,19,43, 117.096800000202020,9,21,14,19,43, -50.000000000202020,9,21,14,19,44,  49.677400000202020,9,21,14,19,44,  93.225800000202020,9,21,14,19,44, -50.000000000202020,9,21,14,19,44, 134.5161000002020,9,21,14,19,45, -50.0000000000
202020,9,21,14,19,45, -19.677400000202020,9,21,14,19,45, 133.548400000202020,9,21,14,19,45, -50.000000000202020,9,21,14,19,46, -39.032300000202020,9,21,14,19,46, -50.000000000202020,9,21,14,19,46,  83.548400000202020,9,21,14,19,46,  86.129000000202020,9,21,14,19,47, -50.000000000202020,9,21,14,19,47, 109.032300000202020,9,21,14,19,47, -50.000000000202020,9,21,14,19,47,  89.032300000202020,9,21,14,19,48,  86.774200000202020,9,21,14,19,48, -50.000000000202020,9,21,14,19,48, 121.935500000202020,9,21,14,19,48,  92.903200000202020,9,21,14,19,49, -50.000000000202020,9,21,14,19,49,  75.483900000202020,9,21,14,19,49,  90.645200000202020,9,21,14,19,50, -50.000000000202020,9,21,14,19,50, 102.258100000202020,9,21,14,19,50,  88.387100000202020,9,21,14,19,50, -50.000000000202020,9,21,14,19,51, 125.483900000202020,9,21,14,19,51, -50.000000000202020,9,21,14,19,51, -24.516100000202020,9,21,14,19,51, 112.580600000202020,9,21,14,19,52, -50.000000000202020,9,21,14,19,52, 130.645200000202020,9,21,14,19,52,  78.709700000202020,9,21,14,19,52, 125.806500000202020,9,21,14,19,53,  58.709700000202020,9,21,14,19,53, -44.193500000202020,9,21,14,19,53, 125.161300000202020,9,21,14,19,53,   4.193500000202020,9,21,14,19,54, -37.741900000202020,9,21,14,19,54, 122.258100000202020,9,21,14,19,54, -50.000000000202020,9,21,14,19,54, 105.806500000202020,9,21,14,19,55, 132.580600000202020,9,21,14,19,55,  60.645200000202020,9,21,14,19,55, -50.000000000202020,9,21,14,19,55, -50.000000000202020,9,21,14,19,56,  -2.580600000202020,9,21,14,19,56,  99.354800000202020,9,21,14,19,56, -50.000000000202020,9,21,14,19,56, 123.548400000202020,9,21,14,19,57,   5.161300000202020,9,21,14,19,57, -40.645200000202020,9,21,14,19,57, 121.935500000202020,9,21,14,19,58, -50.000000000202020,9,21,14,19,58, 123.548400000202020,9,21,14,19,58, -16.774200000202020,9,21,14,19,58, 112.903200000202020,9,21,14,19,59, -50.000000000202020,9,21,14,19,59, 130.645200000202020,9,21,14,19,59,  66.451600000202020,9,21,14,19,59, -50.000000000202020,9,21,14,20,0, 126.774200000202020,9,21,14,20,0, -50.000000000202020,9,21,14,20,0,  58.387100000202020,9,21,14,20,0,  77.096800000202020,9,21,14,20,1, -49.354800000202020,9,21,14,20,1, 125.161300000202020,9,21,14,20,1,  30.645200000202020,9,21,14,20,1, -41.612900000202020,9,21,14,20,2, 124.516100000202020,9,21,14,20,2, -44.838700000202020,9,21,14,20,2, -32.258100000202020,9,21,14,20,2, 118.709700000202020,9,21,14,20,3, -50.000000000202020,9,21,14,20,3, -18.709700000202020,9,21,14,20,3,  96.451600000202020,9,21,14,20,3, -50.000000000202020,9,21,14,20,4,   7.096800000202020,9,21,14,20,4, -39.032300000202020,9,21,14,20,4, 121.612900000202020,9,21,14,20,4, -50.000000000202020,9,21,14,20,5, -20.000000000202020,9,21,14,20,5, 111.935500000202020,9,21,14,20,5, -50.000000000202020,9,21,14,20,6, 117.096800000202020,9,21,14,20,6, -20.645200000202020,9,21,14,20,6, 111.935500000202020,9,21,14,20,6, -50.000000000202020,9,21,14,20,7, 135.806500000202020,9,21,14,20,7,  -9.032300000202020,9,21,14,20,7,  97.096800000202020,9,21,14,20,7,  98.064500000202020,9,21,14,20,8,  99.032300000202020,9,21,14,20,8, -50.000000000202020,9,21,14,20,8, -50.000000000202020,9,21,14,20,8, -18.387100000202020,9,21,14,20,9, -49.354800000202020,9,21,14,20,9, 125.161300000202020,9,21,14,20,9,   7.741900000202020,9,21,14,20,9,  64.516100000202020,9,21,14,20,10, -50.000000000202020,9,21,14,20,10, 124.838700000202020,9,21,14,20,10, -50.000000000202020,9,21,14,20,10,  81.290300000202020,9,21,14,20,11,  86.451600000202020,9,21,14,20,11, -50.000000000202020,9,21,14,20,11, 135.483900000202020,9,21,14,20,11, -40.322600000202020,9,21,14,20,12, -13.871000000202020,9,21,14,20,12, 110.322600000202020,9,21,14,20,12, -50.000000000202020,9,21,14,20,12,  74.193500000202020,9,21,14,20,13,  73.871000000202020,9,21,14,20,13, -50.000000000202020,9,21,14,20,13, 128.709700000202020,9,21,14,20,14, -50.000000000202020,9,21,14,20,14, -50.000000000202020,9,21,14,20,14, 117.419400000202020,9,21,14,20,14,  36.129000000202020,9,21,14,20,15,  98.387100000202020,9,21,14,20,15, 110.645200000202020,9,21,14,20,15, -50.000000000202020,9,21,14,20,15,  -4.193500000202020,9,21,14,20,16, 100.967700000202020,9,21,14,20,16, -50.000000000202020,9,21,14,20,16, 139.677400000202020,9,21,14,20,16, 120.000000000202020,9,21,14,20,17, -50.000000000202020,9,21,14,20,17, -17.419400000202020,9,21,14,20,17,  94.516100000202020,9,21,14,20,17, -50.000000000202020,9,21,14,20,18, 130.000000000202020,9,21,14,20,18,  67.419400000202020,9,21,14,20,18,  80.967700000202020,9,21,14,20,18, -31.290300000202020,9,21,14,20,19, 102.580600000202020,9,21,14,20,19, -50.000000000202020,9,21,14,20,19, -24.193500000202020,9,21,14,20,20, -49.032300000202020,9,21,14,20,20, -50.000000000202020,9,21,14,20,20, 120.322600000202020,9,21,14,20,20, -31.935500000202020,9,21,14,20,21, 115.483900000202020,9,21,14,20,21, -50.000000000202020,9,21,14,20,21,  -6.129000000202020,9,21,14,20,21,  90.000000000202020,9,21,14,20,22, -50.000000000202020,9,21,14,20,22, 123.225800000202020,9,21,14,20,22, -25.161300000202020,9,21,14,20,22, -36.774200000202020,9,21,14,20,23, 121.290300000202020,9,21,14,20,23, -46.451600000202020,9,21,14,20,23, -27.741900000202020,9,21,14,20,23, 118.709700000202020,9,21,14,20,24, -50.000000000202020,9,21,14,20,24, -24.516100000202020,9,21,14,20,24, 116.129000000202020,9,21,14,20,24, 116.451600000202020,9,21,14,20,25,  59.354800000202020,9,21,14,20,25, -24.193500000202020,9,21,14,20,25,  95.161300000202020,9,21,14,20,25, -50.000000000202020,9,21,14,20,26, -50.000000000202020,9,21,14,20,26, -50.000000000202020,9,21,14,20,26, 102.580600000202020,9,21,14,20,26,  -3.871000000202020,9,21,14,20,27, -50.000000000202020,9,21,14,20,27, -16.451600000202020,9,21,14,20,27, 110.322600000202020,9,21,14,20,28, -50.000000000202020,9,21,14,20,28, 127.419400000202020,9,21,14,20,28, -50.000000000202020,9,21,14,20,28, 122.258100000202020,9,21,14,20,29, -50.000000000202020,9,21,14,20,29, -18.387100000202020,9,21,14,20,29, 103.871000000202020,9,21,14,20,29, -50.000000000202020,9,21,14,20,30,  34.193500000202020,9,21,14,20,30,  90.000000000202020,9,21,14,20,30, -50.000000000202020,9,21,14,20,30, 122.580600000202020,9,21,14,20,31, -50.000000000202020,9,21,14,20,31, -50.000000000202020,9,21,14,20,31, 131.935500000202020,9,21,14,20,31, -50.000000000202020,9,21,14,20,32, 120.967700000202020,9,21,14,20,32, -50.000000000202020,9,21,14,20,32, 126.129000000202020,9,21,14,20,32, 120.645200000202020,9,21,14,20,33, -50.000000000202020,9,21,14,20,33,  12.258100000202020,9,21,14,20,33, -36.774200000202020,9,21,14,20,34, -20.967700000202020,9,21,14,20,34,  87.741900000202020,9,21,14,20,34, 110.322600000202020,9,21,14,20,34, -50.000000000202020,9,21,14,20,35,  -6.774200000202020,9,21,14,20,35, 103.225800000202020,9,21,14,20,35, -50.000000000202020,9,21,14,20,35,  74.838700000202020,9,21,14,20,36,  -2.903200000202020,9,21,14,20,36, -14.193500000202020,9,21,14,20,36,  61.290300000202020,9,21,14,20,36, -45.483900000202020,9,21,14,20,37, 122.903200000202020,9,21,14,20,37, -27.419400000202020,9,21,14,20,37, -33.871000000202020,9,21,14,20,37, 119.354800000202020,9,21,14,20,38, -50.000000000202020,9,21,14,20,38, -20.967700000202020,9,21,14,20,38, 111.290300000202020,9,21,14,20,38, -50.000000000202020,9,21,14,20,39, 120.967700000202020,9,21,14,20,39, -50.000000000202020,9,21,14,20,39, 123.871000000202020,9,21,14,20,39, -50.000000000202020,9,21,14,20,40,   0.645200000202020,9,21,14,20,40,  29.354800000202020,9,21,14,20,40, -42.258100000202020,9,21,14,20,40, 124.193500000202020,9,21,14,20,41, -32.258100000202020,9,21,14,20,41, -20.967700000202020,9,21,14,20,41, 113.548400000202020,9,21,14,20,41, -50.000000000202020,9,21,14,20,42,  -7.419400000202020,9,21,14,20,42, 108.709700000202020,9,21,14,20,42, 123.225800000202020,9,21,14,20,43,   0.322600000202020,9,21,14,20,43,  38.387100000202020,9,21,14,20,43, -50.000000000202020,9,21,14,20,43,  10.000000000202020,9,21,14,20,44,  98.064500000202020,9,21,14,20,44, -50.000000000202020,9,21,14,20,44, 122.580600000202020,9,21,14,20,44, -50.000000000202020,9,21,14,20,45, -11.290300000202020,9,21,14,20,45,  92.903200000202020,9,21,14,20,45, -50.000000000202020,9,21,14,20,45, 123.871000000202020,9,21,14,20,46, 121.935500000202020,9,21,14,20,46, -42.580600000202020,9,21,14,20,46, -31.935500000202020,9,21,14,20,46, 121.935500000202020,9,21,14,20,47, -50.000000000202020,9,21,14,20,47, -29.032300000202020,9,21,14,20,47, 116.774200000202020,9,21,14,20,47, -50.000000000202020,9,21,14,20,48, 134.838700000202020,9,21,14,20,48, 117.419400000202020,9,21,14,20,48, -50.000000000202020,9,21,14,20,48,  62.903200000202020,9,21,14,20,49, -47.096800000202020,9,21,14,20,49, 123.548400000202020,9,21,14,20,49,   1.612900000202020,9,21,14,20,50, -39.677400000202020,9,21,14,20,50, 120.9677000000
