2020,11,12,12,24,1, -47.7419000000
2020,11,12,12,24,1, -50.0000000000
2020,11,12,12,24,1, -48.3871000000
2020,11,12,12,24,1, -49.6774000000
2020,11,12,12,24,2, -48.7097000000
2020,11,12,12,24,2, -49.3548000000
2020,11,12,12,24,2, -49.0323000000
2020,11,12,12,24,2, -50.0000000000
2020,11,12,12,24,3, -48.3871000000
2020,11,12,12,24,3, -50.0000000000
2020,11,12,12,24,3, -50.0000000000
2020,11,12,12,24,4, -50.0000000000
2020,11,12,12,24,4, -47.0968000000
2020,11,12,12,24,4, -50.0000000000
2020,11,12,12,24,4, -48.0645000000
2020,11,12,12,24,5, -50.0000000000
2020,11,12,12,24,5, -49.6774000000
2020,11,12,12,24,5, -50.0000000000
2020,11,12,12,24,5, -48.3871000000
2020,11,12,12,24,6, -50.0000000000
2020,11,12,12,24,6, -47.7419000000
2020,11,12,12,24,6, -50.0000000000
2020,11,12,12,24,6, -48.7097000000
2020,11,12,12,24,7, -50.0000000000
2020,11,12,12,24,7, -50.0000000000
2020,11,12,12,24,7, -48.7097000000
2020,11,12,12,24,7, -47.7419000000
2020,11,12,12,24,8, -48.3871000000
2020,11,12,12,24,8, -48.0645000000
2020,11,12,12,24,8, -49.6774000000
2020,11,12,12,24,8, -50.0000000000
2020,11,12,12,24,9, -48.0645000000
2020,11,12,12,24,9, -50.0000000000
2020,11,12,12,24,9, -50.0000000000
2020,11,12,12,24,10, -50.0000000000
2020,11,12,12,24,10, -47.0968000000
2020,11,12,12,24,10, -50.0000000000
2020,11,12,12,24,10, -49.3548000000
2020,11,12,12,24,11, -48.3871000000
2020,11,12,12,24,11, -50.0000000000
2020,11,12,12,24,11, -47.0968000000
2020,11,12,12,24,11, -50.0000000000
2020,11,12,12,24,12, -47.4194000000
2020,11,12,12,24,12, -50.0000000000
2020,11,12,12,24,12, -48.3871000000
2020,11,12,12,24,12, -50.0000000000
2020,11,12,12,24,13, -47.7419000000
2020,11,12,12,24,13, -50.0000000000
2020,11,12,12,24,13, -47.4194000000
2020,11,12,12,24,13, -50.0000000000
2020,11,12,12,24,14, -48.7097000000
2020,11,12,12,24,14, -50.0000000000
2020,11,12,12,24,14, -50.0000000000
2020,11,12,12,24,14, -47.0968000000
2020,11,12,12,24,15, -50.0000000000
2020,11,12,12,24,15, -48.7097000000
2020,11,12,12,24,15, -48.0645000000
2020,11,12,12,24,15, -50.0000000000
2020,11,12,12,24,16, -48.3871000000
2020,11,12,12,24,16, -49.0323000000
2020,11,12,12,24,16, -50.0000000000
2020,11,12,12,24,17, -48.3871000000
2020,11,12,12,24,17, -50.0000000000
2020,11,12,12,24,17, -48.0645000000
2020,11,12,12,24,17, -49.6774000000
2020,11,12,12,24,18, -50.0000000000
2020,11,12,12,24,18, -47.4194000000
2020,11,12,12,24,18, -50.0000000000
2020,11,12,12,24,18, -50.0000000000
2020,11,12,12,24,19, -48.0645000000
2020,11,12,12,24,19, -50.0000000000
2020,11,12,12,24,19, -49.0323000000
2020,11,12,12,24,19, -49.3548000000
2020,11,12,12,24,20, -47.7419000000
2020,11,12,12,24,20, -50.0000000000
2020,11,12,12,24,20, -48.7097000000
2020,11,12,12,24,20, -48.7097000000
2020,11,12,12,24,21, -50.0000000000
2020,11,12,12,24,21, -47.4194000000
2020,11,12,12,24,21, -50.0000000000
2020,11,12,12,24,22, -49.0323000000
2020,11,12,12,24,22, -50.0000000000
2020,11,12,12,24,22, -47.4194000000
2020,11,12,12,24,22, -50.0000000000
2020,11,12,12,24,23, -48.7097000000
2020,11,12,12,24,23, -48.3871000000
2020,11,12,12,24,23, -50.0000000000
2020,11,12,12,24,23, -47.4194000000
2020,11,12,12,24,24, -50.0000000000
2020,11,12,12,24,24, -47.7419000000
2020,11,12,12,24,24, -50.0000000000
2020,11,12,12,24,24, -48.0645000000
2020,11,12,12,24,25, -49.6774000000
2020,11,12,12,24,25, -48.7097000000
2020,11,12,12,24,25, -49.6774000000
2020,11,12,12,24,25, -49.6774000000
2020,11,12,12,24,26, -49.6774000000
2020,11,12,12,24,26, -49.6774000000
2020,11,12,12,24,26, -48.0645000000
2020,11,12,12,24,26, -50.0000000000
2020,11,12,12,24,27, -46.7742000000
2020,11,12,12,24,27, -50.0000000000
2020,11,12,12,24,27, -49.6774000000
2020,11,12,12,24,27, -48.3871000000
2020,11,12,12,24,28, -50.0000000000
2020,11,12,12,24,28, -49.6774000000
2020,11,12,12,24,28, -49.0323000000
2020,11,12,12,24,29, -50.0000000000
2020,11,12,12,24,29, -46.7742000000
2020,11,12,12,24,29, -50.0000000000
2020,11,12,12,24,29, -50.0000000000
2020,11,12,12,24,30, -47.7419000000
2020,11,12,12,24,30, -50.0000000000
2020,11,12,12,24,30, -46.7742000000
2020,11,12,12,24,30, -50.0000000000
2020,11,12,12,24,31, -48.0645000000
2020,11,12,12,24,31, -48.7097000000
2020,11,12,12,24,31, -50.0000000000
2020,11,12,12,24,31, -50.0000000000
2020,11,12,12,24,32, -49.3548000000
2020,11,12,12,24,32, -48.3871000000
2020,11,12,12,24,32, -50.0000000000
2020,11,12,12,24,32, -50.0000000000
2020,11,12,12,24,33, -48.3871000000
2020,11,12,12,24,33, -48.0645000000
2020,11,12,12,24,33, -50.0000000000
2020,11,12,12,24,33, -46.7742000000
2020,11,12,12,24,34, -50.0000000000
2020,11,12,12,24,34, -48.7097000000
2020,11,12,12,24,34, -49.0323000000
2020,11,12,12,24,34, -50.0000000000
2020,11,12,12,24,35, -48.7097000000
2020,11,12,12,24,35, -48.3871000000
2020,11,12,12,24,35, -50.0000000000
2020,11,12,12,24,35, -48.7097000000
2020,11,12,12,24,36, -49.3548000000
2020,11,12,12,24,36, -50.0000000000
2020,11,12,12,24,36, -47.0968000000
2020,11,12,12,24,36, -50.0000000000
2020,11,12,12,24,37, -50.0000000000
2020,11,12,12,24,37, -47.0968000000
2020,11,12,12,24,37, -50.0000000000
2020,11,12,12,24,38, -48.3871000000
2020,11,12,12,24,38, -48.3871000000
2020,11,12,12,24,38, -50.0000000000
2020,11,12,12,24,38, -47.0968000000
2020,11,12,12,24,39, -50.0000000000
2020,11,12,12,24,39, -47.4194000000
2020,11,12,12,24,39, -49.3548000000
2020,11,12,12,24,39, -50.0000000000
2020,11,12,12,24,40, -47.0968000000
2020,11,12,12,24,40, -50.0000000000
2020,11,12,12,24,40, -49.6774000000
2020,11,12,12,24,40, -48.0645000000
2020,11,12,12,24,41, -50.0000000000
2020,11,12,12,24,41, -46.7742000000
2020,11,12,12,24,41, -50.0000000000
2020,11,12,12,24,41, -48.3871000000
2020,11,12,12,24,42, -50.0000000000
2020,11,12,12,24,42, -49.3548000000
2020,11,12,12,24,42, -50.0000000000
2020,11,12,12,24,42, -49.0323000000
2020,11,12,12,24,43, -50.0000000000
2020,11,12,12,24,43, -49.3548000000
2020,11,12,12,24,43, -49.0323000000
2020,11,12,12,24,43, -50.0000000000
2020,11,12,12,24,44, -48.3871000000
2020,11,12,12,24,44, -50.0000000000
2020,11,12,12,24,44, -49.0323000000
2020,11,12,12,24,45, -49.0323000000
2020,11,12,12,24,45, -49.0323000000
2020,11,12,12,24,45, -50.0000000000
2020,11,12,12,24,45, -47.4194000000
2020,11,12,12,24,46, -50.0000000000
2020,11,12,12,24,46, -47.4194000000
2020,11,12,12,24,46, -50.0000000000
2020,11,12,12,24,46, -48.7097000000
2020,11,12,12,24,47, -49.3548000000
2020,11,12,12,24,47, -50.0000000000
2020,11,12,12,24,47, -47.4194000000
2020,11,12,12,24,47, -50.0000000000
2020,11,12,12,24,48, -50.0000000000
2020,11,12,12,24,48, -48.3871000000
2020,11,12,12,24,48, -49.6774000000
2020,11,12,12,24,48, -50.0000000000
2020,11,12,12,24,49, -50.0000000000
2020,11,12,12,24,49, -49.0323000000
2020,11,12,12,24,49, -49.6774000000
2020,11,12,12,24,49, -50.0000000000
2020,11,12,12,24,50, -47.7419000000
2020,11,12,12,24,50, -50.0000000000
2020,11,12,12,24,50, -48.7097000000
2020,11,12,12,24,50, -49.6774000000
2020,11,12,12,24,51, -48.3871000000
2020,11,12,12,24,51, -50.0000000000
2020,11,12,12,24,51, -47.0968000000
2020,11,12,12,24,51, -50.0000000000
2020,11,12,12,24,52, -47.4194000000
2020,11,12,12,24,52, -50.0000000000
2020,11,12,12,24,52, -48.7097000000
2020,11,12,12,24,53, -50.0000000000
2020,11,12,12,24,53, -47.4194000000
2020,11,12,12,24,53, -50.0000000000
2020,11,12,12,24,53, -48.3871000000
2020,11,12,12,24,54, -50.0000000000
2020,11,12,12,24,54, -48.7097000000
2020,11,12,12,24,54, -49.6774000000
2020,11,12,12,24,54, -50.0000000000
2020,11,12,12,24,55, -48.7097000000
2020,11,12,12,24,55, -50.0000000000
2020,11,12,12,24,55, -48.0645000000
2020,11,12,12,24,55, -50.0000000000
2020,11,12,12,24,56, -48.3871000000
2020,11,12,12,24,56, -50.0000000000
2020,11,12,12,24,56, -50.0000000000
2020,11,12,12,24,56, -48.7097000000
2020,11,12,12,24,57, -50.0000000000
2020,11,12,12,24,57, -47.7419000000
2020,11,12,12,24,57, -50.0000000000
2020,11,12,12,24,57, -47.4194000000
2020,11,12,12,24,58, -48.7097000000
2020,11,12,12,24,58, -50.0000000000
2020,11,12,12,24,58, -47.7419000000
2020,11,12,12,24,58, -50.0000000000
2020,11,12,12,24,59, -48.3871000000
2020,11,12,12,24,59, -50.0000000000
2020,11,12,12,24,59, -50.0000000000
2020,11,12,12,24,59, -47.7419000000
2020,11,12,12,25,0, -49.6774000000
2020,11,12,12,25,0, -50.0000000000
2020,11,12,12,25,0, -48.3871000000
2020,11,12,12,25,1, -49.6774000000
2020,11,12,12,25,1, -50.0000000000
2020,11,12,12,25,1, -50.0000000000
2020,11,12,12,25,1, -50.0000000000
2020,11,12,12,25,2, -47.4194000000
2020,11,12,12,25,2, -50.0000000000
2020,11,12,12,25,2, -49.6774000000
2020,11,12,12,25,2, -47.7419000000
2020,11,12,12,25,3, -49.0323000000
2020,11,12,12,25,3, -49.6774000000
2020,11,12,12,25,3, -50.0000000000
2020,11,12,12,25,3, -49.6774000000
2020,11,12,12,25,4, -47.0968000000
2020,11,12,12,25,4, -50.0000000000
2020,11,12,12,25,4, -47.4194000000
2020,11,12,12,25,4, -50.0000000000
2020,11,12,12,25,5, -48.7097000000
2020,11,12,12,25,5, -49.6774000000
2020,11,12,12,25,5, -47.7419000000
2020,11,12,12,25,5, -50.0000000000
2020,11,12,12,25,6, -47.0968000000
2020,11,12,12,25,6, -50.0000000000
2020,11,12,12,25,6, -48.0645000000
2020,11,12,12,25,7, -50.0000000000
2020,11,12,12,25,7, -49.3548000000
2020,11,12,12,25,7, -50.0000000000
2020,11,12,12,25,7, -50.0000000000
2020,11,12,12,25,8, -48.7097000000
2020,11,12,12,25,8, -50.0000000000
2020,11,12,12,25,8, -48.0645000000
2020,11,12,12,25,8, -50.0000000000
2020,11,12,12,25,9, -49.3548000000
2020,11,12,12,25,9, -48.3871000000
2020,11,12,12,25,9, -50.0000000000
2020,11,12,12,25,9, -48.3871000000
2020,11,12,12,25,10, -50.0000000000
2020,11,12,12,25,10, -49.3548000000
2020,11,12,12,25,10, -48.7097000000
2020,11,12,12,25,10, -47.7419000000
2020,11,12,12,25,11, -50.0000000000
2020,11,12,12,25,11, -50.0000000000
2020,11,12,12,25,11, -49.6774000000
2020,11,12,12,25,11, -50.0000000000
2020,11,12,12,25,12, -49.0323000000
2020,11,12,12,25,12, -47.7419000000
2020,11,12,12,25,12, -50.0000000000
2020,11,12,12,25,13, -50.0000000000
2020,11,12,12,25,13, -48.3871000000
2020,11,12,12,25,13, -50.0000000000
2020,11,12,12,25,13, -48.3871000000
2020,11,12,12,25,14, -48.3871000000
2020,11,12,12,25,14, -49.6774000000
2020,11,12,12,25,14, -48.3871000000
2020,11,12,12,25,14, -50.0000000000
2020,11,12,12,25,15, -50.0000000000
2020,11,12,12,25,15, -50.0000000000
2020,11,12,12,25,15, -50.0000000000
2020,11,12,12,25,15, -48.3871000000
2020,11,12,12,25,16, -50.0000000000
2020,11,12,12,25,16, -49.0323000000
2020,11,12,12,25,16, -50.0000000000
2020,11,12,12,25,16, -49.0323000000
2020,11,12,12,25,17, -48.3871000000
2020,11,12,12,25,17, -50.0000000000
2020,11,12,12,25,17, -47.0968000000
2020,11,12,12,25,18, -50.0000000000
2020,11,12,12,25,18, -47.7419000000
2020,11,12,12,25,18, -50.0000000000
2020,11,12,12,25,18, -48.3871000000
2020,11,12,12,25,19, -48.3871000000
2020,11,12,12,25,19, -50.0000000000
2020,11,12,12,25,19, -50.0000000000
2020,11,12,12,25,19, -48.3871000000
2020,11,12,12,25,20, -49.3548000000
2020,11,12,12,25,20, -50.0000000000
2020,11,12,12,25,20, -50.0000000000
2020,11,12,12,25,20, -48.3871000000
2020,11,12,12,25,21, -50.0000000000
2020,11,12,12,25,21, -48.3871000000
2020,11,12,12,25,21, -49.6774000000
2020,11,12,12,25,21, -49.0323000000
2020,11,12,12,25,22, -50.0000000000
2020,11,12,12,25,22, -47.4194000000
2020,11,12,12,25,22, -50.0000000000
2020,11,12,12,25,22, -50.0000000000
2020,11,12,12,25,23, -48.3871000000
2020,11,12,12,25,23, -50.0000000000
2020,11,12,12,25,23, -47.7419000000
2020,11,12,12,25,23, -48.7097000000
2020,11,12,12,25,24, -50.0000000000
2020,11,12,12,25,24, -49.3548000000
2020,11,12,12,25,24, -50.0000000000
2020,11,12,12,25,25, -47.4194000000
2020,11,12,12,25,25, -50.0000000000
2020,11,12,12,25,25, -48.0645000000
2020,11,12,12,25,25, -48.7097000000
2020,11,12,12,25,26, -50.0000000000
2020,11,12,12,25,26, -50.0000000000
2020,11,12,12,25,26, -47.0968000000
2020,11,12,12,25,26, -50.0000000000
2020,11,12,12,25,27, -48.7097000000
2020,11,12,12,25,27, -49.3548000000
2020,11,12,12,25,27, -50.0000000000
2020,11,12,12,25,27, -47.7419000000
2020,11,12,12,25,28, -50.0000000000
2020,11,12,12,25,28, -48.0645000000
2020,11,12,12,25,28, -50.0000000000
2020,11,12,12,25,28, -48.3871000000
2020,11,12,12,25,29, -50.0000000000
2020,11,12,12,25,29, -50.0000000000
2020,11,12,12,25,29, -50.0000000000
2020,11,12,12,25,29, -49.0323000000
2020,11,12,12,25,30, -48.0645000000
2020,11,12,12,25,30, -50.0000000000
2020,11,12,12,25,30, -49.3548000000
2020,11,12,12,25,31, -48.0645000000
2020,11,12,12,25,31, -50.0000000000
2020,11,12,12,25,31, -48.7097000000
2020,11,12,12,25,31, -50.0000000000
2020,11,12,12,25,32, -50.0000000000
2020,11,12,12,25,32, -48.0645000000
2020,11,12,12,25,32, -50.0000000000
2020,11,12,12,25,32, -48.0645000000
2020,11,12,12,25,33, -50.0000000000
2020,11,12,12,25,33, -50.0000000000
2020,11,12,12,25,33, -47.4194000000
2020,11,12,12,25,33, -50.0000000000
2020,11,12,12,25,34, -50.0000000000
2020,11,12,12,25,34, -47.4194000000
2020,11,12,12,25,34, -49.0323000000
2020,11,12,12,25,34, -49.3548000000
2020,11,12,12,25,35, -47.7419000000
2020,11,12,12,25,35, -50.0000000000
2020,11,12,12,25,35, -49.0323000000
2020,11,12,12,25,35, -48.3871000000
2020,11,12,12,25,36, -50.0000000000
2020,11,12,12,25,36, -48.7097000000
2020,11,12,12,25,36, -50.0000000000
2020,11,12,12,25,36, -48.0645000000
2020,11,12,12,25,37, -50.0000000000
2020,11,12,12,25,37, -49.0323000000
2020,11,12,12,25,37, -50.0000000000
2020,11,12,12,25,38, -48.7097000000
2020,11,12,12,25,38, -50.0000000000
2020,11,12,12,25,38, -48.3871000000
2020,11,12,12,25,38, -50.0000000000
2020,11,12,12,25,39, -48.7097000000
2020,11,12,12,25,39, -49.0323000000
2020,11,12,12,25,39, -48.7097000000
2020,11,12,12,25,39, -50.0000000000
2020,11,12,12,25,40, -49.6774000000
2020,11,12,12,25,40, -47.4194000000
2020,11,12,12,25,40, -50.0000000000
2020,11,12,12,25,40, -50.0000000000
2020,11,12,12,25,41, -47.4194000000
2020,11,12,12,25,41, -50.0000000000
2020,11,12,12,25,41, -47.4194000000
2020,11,12,12,25,41, -50.0000000000
2020,11,12,12,25,42, -49.3548000000
2020,11,12,12,25,42, -50.0000000000
2020,11,12,12,25,42, -50.0000000000
2020,11,12,12,25,42, -46.7742000000
2020,11,12,12,25,43, -50.0000000000
2020,11,12,12,25,43, -48.7097000000
2020,11,12,12,25,43, -50.0000000000
2020,11,12,12,25,43, -49.3548000000
2020,11,12,12,25,44, -48.0645000000
2020,11,12,12,25,44, -50.0000000000
2020,11,12,12,25,44, -49.6774000000
2020,11,12,12,25,45, -48.7097000000
2020,11,12,12,25,45, -50.0000000000
2020,11,12,12,25,45, -48.3871000000
2020,11,12,12,25,45, -50.0000000000
2020,11,12,12,25,46, -49.3548000000
2020,11,12,12,25,46, -48.3871000000
2020,11,12,12,25,46, -50.0000000000
2020,11,12,12,25,46, -48.7097000000
2020,11,12,12,25,47, -50.0000000000
2020,11,12,12,25,47, -50.0000000000
2020,11,12,12,25,47, -47.4194000000
2020,11,12,12,25,47, -50.0000000000
2020,11,12,12,25,48, -49.0323000000
2020,11,12,12,25,48, -50.0000000000
2020,11,12,12,25,48, -48.0645000000
2020,11,12,12,25,48, -49.3548000000
2020,11,12,12,25,49, -50.0000000000
2020,11,12,12,25,49, -48.0645000000
2020,11,12,12,25,49, -50.0000000000
2020,11,12,12,25,49, -48.3871000000
2020,11,12,12,25,50, -50.0000000000
2020,11,12,12,25,50, -47.4194000000
2020,11,12,12,25,50, -50.0000000000
2020,11,12,12,25,50, -49.0323000000
2020,11,12,12,25,51, -50.0000000000
2020,11,12,12,25,51, -47.4194000000
2020,11,12,12,25,51, -50.0000000000
2020,11,12,12,25,52, -50.0000000000
2020,11,12,12,25,52, -49.0323000000
2020,11,12,12,25,52, -48.3871000000
2020,11,12,12,25,52, -49.6774000000
2020,11,12,12,25,53, -50.0000000000
2020,11,12,12,25,53, -48.0645000000
2020,11,12,12,25,53, -50.0000000000
2020,11,12,12,25,53, -48.7097000000
2020,11,12,12,25,54, -50.0000000000
2020,11,12,12,25,54, -48.0645000000
2020,11,12,12,25,54, -50.0000000000
2020,11,12,12,25,54, -48.0645000000
2020,11,12,12,25,55, -50.0000000000
2020,11,12,12,25,55, -49.0323000000
2020,11,12,12,25,55, -50.0000000000
2020,11,12,12,25,55, -47.4194000000
2020,11,12,12,25,56, -50.0000000000
2020,11,12,12,25,56, -48.3871000000
2020,11,12,12,25,56, -50.0000000000
2020,11,12,12,25,56, -49.6774000000
2020,11,12,12,25,57, -48.0645000000
2020,11,12,12,25,57, -50.0000000000
2020,11,12,12,25,57, -50.0000000000
2020,11,12,12,25,58, -47.4194000000
2020,11,12,12,25,58, -50.0000000000
2020,11,12,12,25,58, -49.3548000000
2020,11,12,12,25,58, -50.0000000000
2020,11,12,12,25,59, -47.0968000000
2020,11,12,12,25,59, -50.0000000000
2020,11,12,12,25,59, -49.3548000000
2020,11,12,12,25,59, -50.0000000000
2020,11,12,12,26,0, -48.3871000000
2020,11,12,12,26,0, -50.0000000000
2020,11,12,12,26,0, -47.7419000000
2020,11,12,12,26,0, -50.0000000000
2020,11,12,12,26,1, -49.6774000000
2020,11,12,12,26,1, -50.0000000000
2020,11,12,12,26,1, -48.7097000000
2020,11,12,12,26,1, -50.0000000000
2020,11,12,12,26,2, -48.3871000000
2020,11,12,12,26,2, -49.3548000000
2020,11,12,12,26,2, -50.0000000000
2020,11,12,12,26,2, -48.3871000000
2020,11,12,12,26,3, -47.7419000000
2020,11,12,12,26,3, -50.0000000000
2020,11,12,12,26,3, -48.0645000000
2020,11,12,12,26,3, -50.0000000000
2020,11,12,12,26,4, -48.7097000000
2020,11,12,12,26,4, -48.0645000000
2020,11,12,12,26,4, -50.0000000000
2020,11,12,12,26,5, -48.3871000000
2020,11,12,12,26,5, -50.0000000000
2020,11,12,12,26,5, -47.7419000000
2020,11,12,12,26,5, -50.0000000000
2020,11,12,12,26,6, -48.3871000000
2020,11,12,12,26,6, -50.0000000000
2020,11,12,12,26,6, -48.0645000000
2020,11,12,12,26,6, -50.0000000000
2020,11,12,12,26,7, -50.0000000000
2020,11,12,12,26,7, -49.3548000000
2020,11,12,12,26,7, -49.3548000000
2020,11,12,12,26,7, -47.7419000000
2020,11,12,12,26,8, -50.0000000000
2020,11,12,12,26,8, -50.0000000000
2020,11,12,12,26,8, -48.3871000000
2020,11,12,12,26,8, -50.0000000000
2020,11,12,12,26,9, -49.0323000000
2020,11,12,12,26,9, -50.0000000000
2020,11,12,12,26,9, -47.7419000000
2020,11,12,12,26,9, -50.0000000000
2020,11,12,12,26,10, -47.7419000000
2020,11,12,12,26,10, -48.3871000000
2020,11,12,12,26,10, -50.0000000000
2020,11,12,12,26,11, -48.3871000000
2020,11,12,12,26,11, -50.0000000000
2020,11,12,12,26,11, -47.0968000000
2020,11,12,12,26,11, -50.0000000000
2020,11,12,12,26,12, -50.0000000000
2020,11,12,12,26,12, -49.3548000000
2020,11,12,12,26,12, -50.0000000000
2020,11,12,12,26,12, -48.3871000000
2020,11,12,12,26,13, -50.0000000000
2020,11,12,12,26,13, -49.0323000000
2020,11,12,12,26,13, -49.3548000000
2020,11,12,12,26,13, -49.6774000000
2020,11,12,12,26,14, -50.0000000000
2020,11,12,12,26,14, -47.7419000000
2020,11,12,12,26,14, -50.0000000000
2020,11,12,12,26,14, -50.0000000000
2020,11,12,12,26,15, -48.7097000000
2020,11,12,12,26,15, -48.7097000000
2020,11,12,12,26,15, -50.0000000000
2020,11,12,12,26,15, -48.3871000000
2020,11,12,12,26,16, -50.0000000000
2020,11,12,12,26,16, -50.0000000000
2020,11,12,12,26,16, -48.0645000000
2020,11,12,12,26,16, -50.0000000000
2020,11,12,12,26,17, -50.0000000000
2020,11,12,12,26,17, -48.7097000000
2020,11,12,12,26,17, -48.7097000000
2020,11,12,12,26,17, -50.0000000000
2020,11,12,12,26,18, -50.0000000000
2020,11,12,12,26,18, -48.3871000000
2020,11,12,12,26,18, -49.6774000000
2020,11,12,12,26,19, -50.0000000000
2020,11,12,12,26,19, -49.0323000000
2020,11,12,12,26,19, -48.7097000000
2020,11,12,12,26,19, -50.0000000000
2020,11,12,12,26,20, -48.0645000000
2020,11,12,12,26,20, -50.0000000000
2020,11,12,12,26,20, -48.3871000000
2020,11,12,12,26,20, -50.0000000000
2020,11,12,12,26,21, -50.0000000000
2020,11,12,12,26,21, -47.7419000000
2020,11,12,12,26,21, -49.6774000000
2020,11,12,12,26,21, -48.7097000000
2020,11,12,12,26,22, -47.7419000000
2020,11,12,12,26,22, -50.0000000000
2020,11,12,12,26,22, -50.0000000000
2020,11,12,12,26,22, -48.7097000000
2020,11,12,12,26,23, -50.0000000000
2020,11,12,12,26,23, -48.0645000000
2020,11,12,12,26,23, -50.0000000000
2020,11,12,12,26,23, -50.0000000000
2020,11,12,12,26,24, -48.0645000000
2020,11,12,12,26,24, -50.0000000000
2020,11,12,12,26,24, -47.7419000000
2020,11,12,12,26,25,  32.5806000000
2020,11,12,12,26,25, -50.0000000000
2020,11,12,12,26,25, -50.0000000000
2020,11,12,12,26,25, -46.7742000000
2020,11,12,12,26,26, -50.0000000000
2020,11,12,12,26,26, -48.7097000000
2020,11,12,12,26,26, -48.0645000000
2020,11,12,12,26,26, -50.0000000000
2020,11,12,12,26,27, -48.3871000000
2020,11,12,12,26,27, -50.0000000000
2020,11,12,12,26,27, -49.0323000000
2020,11,12,12,26,27, -48.7097000000
2020,11,12,12,26,28, -49.6774000000
2020,11,12,12,26,28, -50.0000000000
2020,11,12,12,26,28, -48.7097000000
2020,11,12,12,26,28, -50.0000000000
2020,11,12,12,26,29, -47.4194000000
2020,11,12,12,26,29, -48.3871000000
2020,11,12,12,26,29, -50.0000000000
2020,11,12,12,26,29, -50.0000000000
2020,11,12,12,26,30, -49.3548000000
2020,11,12,12,26,30, -50.0000000000
2020,11,12,12,26,30, -50.0000000000
2020,11,12,12,26,31, -50.0000000000
2020,11,12,12,26,31, -47.7419000000
2020,11,12,12,26,31, -50.0000000000
2020,11,12,12,26,31, -50.0000000000
2020,11,12,12,26,32, -50.0000000000
2020,11,12,12,26,32, -48.0645000000
2020,11,12,12,26,32, -50.0000000000
2020,11,12,12,26,32, -50.0000000000
2020,11,12,12,26,33, -50.0000000000
2020,11,12,12,26,33, -50.0000000000
2020,11,12,12,26,33, -50.0000000000
2020,11,12,12,26,33, -50.0000000000
2020,11,12,12,26,34, -48.7097000000
2020,11,12,12,26,34, -50.0000000000
2020,11,12,12,26,34, -48.0645000000
2020,11,12,12,26,34, -50.0000000000
2020,11,12,12,26,35, -50.0000000000
2020,11,12,12,26,35, -50.0000000000
2020,11,12,12,26,35, -50.0000000000
2020,11,12,12,26,36, -50.0000000000
2020,11,12,12,26,36, -49.0323000000
2020,11,12,12,26,36, -50.0000000000
2020,11,12,12,26,36, -48.0645000000
2020,11,12,12,26,37, -48.7097000000
2020,11,12,12,26,37, -49.3548000000
2020,11,12,12,26,37, -50.0000000000
2020,11,12,12,26,37, -48.3871000000
2020,11,12,12,26,38, -50.0000000000
2020,11,12,12,26,38, -48.0645000000
2020,11,12,12,26,38, -50.0000000000
2020,11,12,12,26,38, -49.3548000000
2020,11,12,12,26,39, -50.0000000000
2020,11,12,12,26,39, -47.7419000000
2020,11,12,12,26,39, -50.0000000000
2020,11,12,12,26,40, -47.4194000000
2020,11,12,12,26,40, -50.0000000000
2020,11,12,12,26,40, -48.3871000000
2020,11,12,12,26,40, -50.0000000000
2020,11,12,12,26,41, -50.0000000000
2020,11,12,12,26,41, -50.0000000000
2020,11,12,12,26,41, -47.7419000000
2020,11,12,12,26,41, -49.6774000000
2020,11,12,12,26,42, -50.0000000000
2020,11,12,12,26,42, -47.7419000000
2020,11,12,12,26,42, -48.7097000000
2020,11,12,12,26,42, -50.0000000000
2020,11,12,12,26,43, -49.6774000000
2020,11,12,12,26,43, -50.0000000000
2020,11,12,12,26,43, -50.0000000000
2020,11,12,12,26,43, -50.0000000000
2020,11,12,12,26,44, -47.7419000000
2020,11,12,12,26,44, -50.0000000000
2020,11,12,12,26,44, -48.7097000000
2020,11,12,12,26,44, -50.0000000000
2020,11,12,12,26,45, -49.0323000000
2020,11,12,12,26,45, -48.0645000000
2020,11,12,12,26,45, -49.6774000000
2020,11,12,12,26,46, -49.3548000000
2020,11,12,12,26,46, -50.0000000000
2020,11,12,12,26,46, -48.3871000000
2020,11,12,12,26,46, -48.3871000000
2020,11,12,12,26,47, -50.0000000000
2020,11,12,12,26,47, -48.7097000000
2020,11,12,12,26,47, -48.0645000000
2020,11,12,12,26,47, -50.0000000000
2020,11,12,12,26,48, -47.7419000000
2020,11,12,12,26,48, -49.0323000000
2020,11,12,12,26,48, -50.0000000000
2020,11,12,12,26,48, -48.0645000000
2020,11,12,12,26,49, -50.0000000000
2020,11,12,12,26,49, -47.4194000000
2020,11,12,12,26,49, -50.0000000000
2020,11,12,12,26,49, -50.0000000000
2020,11,12,12,26,50, -50.0000000000
2020,11,12,12,26,50, -47.4194000000
2020,11,12,12,26,50, -50.0000000000
2020,11,12,12,26,51, -49.3548000000
2020,11,12,12,26,51, -50.0000000000
2020,11,12,12,26,51, -47.4194000000
2020,11,12,12,26,51, -50.0000000000
2020,11,12,12,26,52, -48.3871000000
2020,11,12,12,26,52, -48.0645000000
2020,11,12,12,26,52, -50.0000000000
2020,11,12,12,26,52, -47.4194000000
2020,11,12,12,26,53, -50.0000000000
2020,11,12,12,26,53, -48.0645000000
2020,11,12,12,26,53, -50.0000000000
2020,11,12,12,26,53, -47.7419000000
2020,11,12,12,26,54, -50.0000000000
2020,11,12,12,26,54, -50.0000000000
2020,11,12,12,26,54, -49.0323000000
2020,11,12,12,26,54, -50.0000000000
2020,11,12,12,26,55, -50.0000000000
2020,11,12,12,26,55, -48.0645000000
2020,11,12,12,26,55,   1.6129000000
2020,11,12,12,26,55, -49.3548000000
2020,11,12,12,26,56, -50.0000000000
2020,11,12,12,26,56, -47.0968000000
2020,11,12,12,26,56, -50.0000000000
2020,11,12,12,26,57, -49.0323000000
2020,11,12,12,26,57, -49.3548000000
2020,11,12,12,26,57, -50.0000000000
2020,11,12,12,26,57, -47.7419000000
2020,11,12,12,26,58, -50.0000000000
2020,11,12,12,26,58, -50.0000000000
2020,11,12,12,26,58, -50.0000000000
2020,11,12,12,26,59, -50.0000000000
2020,11,12,12,26,59, -49.3548000000
2020,11,12,12,26,59, -48.0645000000
2020,11,12,12,26,59, -50.0000000000
2020,11,12,12,27,0, -49.3548000000
2020,11,12,12,27,0, -47.4194000000
2020,11,12,12,27,0, -48.7097000000
2020,11,12,12,27,0, -48.7097000000
2020,11,12,12,27,1, -49.3548000000
2020,11,12,12,27,1, -48.0645000000
2020,11,12,12,27,1, -50.0000000000
2020,11,12,12,27,2, -50.0000000000
2020,11,12,12,27,2, -49.0323000000
2020,11,12,12,27,2, -47.7419000000
2020,11,12,12,27,2, -48.3871000000
2020,11,12,12,27,3, -49.0323000000
2020,11,12,12,27,3, -48.3871000000
2020,11,12,12,27,3, -49.0323000000
2020,11,12,12,27,3, -48.0645000000
2020,11,12,12,27,4, -50.0000000000
2020,11,12,12,27,4, -50.0000000000
2020,11,12,12,27,4, -47.0968000000
2020,11,12,12,27,4, -50.0000000000
2020,11,12,12,27,5, -48.3871000000
2020,11,12,12,27,5, -50.0000000000
2020,11,12,12,27,5, -50.0000000000
2020,11,12,12,27,5, -50.0000000000
2020,11,12,12,27,6, -47.7419000000
2020,11,12,12,27,6, -50.0000000000
2020,11,12,12,27,6, -50.0000000000
2020,11,12,12,27,7, -50.0000000000
2020,11,12,12,27,7, -50.0000000000
2020,11,12,12,27,7, -47.7419000000
2020,11,12,12,27,7, -48.3871000000
2020,11,12,12,27,8, -50.0000000000
2020,11,12,12,27,8, -50.0000000000
2020,11,12,12,27,8, -47.4194000000
2020,11,12,12,27,8, -50.0000000000
2020,11,12,12,27,9, -47.7419000000
2020,11,12,12,27,9, -50.0000000000
2020,11,12,12,27,9, -48.0645000000
2020,11,12,12,27,9, -50.0000000000
2020,11,12,12,27,10, -50.0000000000
2020,11,12,12,27,10, -48.7097000000
2020,11,12,12,27,10, -50.0000000000
2020,11,12,12,27,10, -47.4194000000
2020,11,12,12,27,11, -50.0000000000
2020,11,12,12,27,11, -50.0000000000
2020,11,12,12,27,11, -47.4194000000
2020,11,12,12,27,11, -47.7419000000
2020,11,12,12,27,12, -49.6774000000
2020,11,12,12,27,12, -50.0000000000
2020,11,12,12,27,12, -48.3871000000
2020,11,12,12,27,12, -49.0323000000
2020,11,12,12,27,13, -50.0000000000
2020,11,12,12,27,13, -50.0000000000
2020,11,12,12,27,13, -47.0968000000
2020,11,12,12,27,14, -50.0000000000
2020,11,12,12,27,14, -49.0323000000
2020,11,12,12,27,14, -48.0645000000
2020,11,12,12,27,14, -50.0000000000
2020,11,12,12,27,15, -47.0968000000
2020,11,12,12,27,15, -50.0000000000
2020,11,12,12,27,15, -48.3871000000
2020,11,12,12,27,15, -48.7097000000
2020,11,12,12,27,16, -50.0000000000
2020,11,12,12,27,16, -48.0645000000
2020,11,12,12,27,16, -48.7097000000
2020,11,12,12,27,16, -48.0645000000
2020,11,12,12,27,17, -50.0000000000
2020,11,12,12,27,17, -48.0645000000
2020,11,12,12,27,17, -50.0000000000
2020,11,12,12,27,17, -48.7097000000
2020,11,12,12,27,18, -50.0000000000
2020,11,12,12,27,18, -50.0000000000
2020,11,12,12,27,18, -47.4194000000
2020,11,12,12,27,18, -48.0645000000
2020,11,12,12,27,19, -50.0000000000
2020,11,12,12,27,19, -48.3871000000
2020,11,12,12,27,19, -50.0000000000
2020,11,12,12,27,20, -49.3548000000
2020,11,12,12,27,20, -49.6774000000
2020,11,12,12,27,20, -50.0000000000
2020,11,12,12,27,20, -50.0000000000
2020,11,12,12,27,21, -50.0000000000
2020,11,12,12,27,21, -49.6774000000
2020,11,12,12,27,21, -50.0000000000
2020,11,12,12,27,21, -47.7419000000
2020,11,12,12,27,22, -47.7419000000
2020,11,12,12,27,22, -50.0000000000
2020,11,12,12,27,22, -49.3548000000
2020,11,12,12,27,22, -50.0000000000
2020,11,12,12,27,23, -49.0323000000
2020,11,12,12,27,23, -49.3548000000
2020,11,12,12,27,23, -50.0000000000
2020,11,12,12,27,23, -47.7419000000
2020,11,12,12,27,24, -50.0000000000
2020,11,12,12,27,24, -49.6774000000
2020,11,12,12,27,24, -50.0000000000
2020,11,12,12,27,24, -48.3871000000
2020,11,12,12,27,25, -49.6774000000
2020,11,12,12,27,25, -50.0000000000
2020,11,12,12,27,25, -47.7419000000
2020,11,12,12,27,26, -48.7097000000
2020,11,12,12,27,26, -49.3548000000
2020,11,12,12,27,26, -47.4194000000
2020,11,12,12,27,26, -50.0000000000
2020,11,12,12,27,27, -48.0645000000
2020,11,12,12,27,27, -50.0000000000
2020,11,12,12,27,27, -50.0000000000
2020,11,12,12,27,27, -50.0000000000
2020,11,12,12,27,28, -50.0000000000
2020,11,12,12,27,28, -48.0645000000
2020,11,12,12,27,28, -50.0000000000
2020,11,12,12,27,28, -48.0645000000
2020,11,12,12,27,29, -48.3871000000
2020,11,12,12,27,29, -50.0000000000
2020,11,12,12,27,29, -48.0645000000
2020,11,12,12,27,29, -50.0000000000
2020,11,12,12,27,30, -49.0323000000
2020,11,12,12,27,30, -50.0000000000
2020,11,12,12,27,30, -50.0000000000
2020,11,12,12,27,31, -50.0000000000
2020,11,12,12,27,31, -50.0000000000
2020,11,12,12,27,31, -48.3871000000
2020,11,12,12,27,31, -50.0000000000
2020,11,12,12,27,32, -48.3871000000
2020,11,12,12,27,32, -49.0323000000
2020,11,12,12,27,32, -49.3548000000
2020,11,12,12,27,32, -49.0323000000
2020,11,12,12,27,33, -50.0000000000
2020,11,12,12,27,33, -48.3871000000
2020,11,12,12,27,33, -47.7419000000
2020,11,12,12,27,33, -48.0645000000
2020,11,12,12,27,34, -50.0000000000
2020,11,12,12,27,34, -50.0000000000
2020,11,12,12,27,34, -50.0000000000
2020,11,12,12,27,34, -49.6774000000
2020,11,12,12,27,35, -50.0000000000
2020,11,12,12,27,35, -50.0000000000
2020,11,12,12,27,35, -49.0323000000
2020,11,12,12,27,35, -50.0000000000
2020,11,12,12,27,36, -50.0000000000
2020,11,12,12,27,36, -50.0000000000
2020,11,12,12,27,36, -50.0000000000
2020,11,12,12,27,37, -49.3548000000
2020,11,12,12,27,37, -49.3548000000
2020,11,12,12,27,37, -50.0000000000
2020,11,12,12,27,37, -47.4194000000
2020,11,12,12,27,38, -48.3871000000
2020,11,12,12,27,38, -49.0323000000
2020,11,12,12,27,38, -48.0645000000
2020,11,12,12,27,38, -50.0000000000
2020,11,12,12,27,39, -50.0000000000
2020,11,12,12,27,39, -50.0000000000
2020,11,12,12,27,39, -47.4194000000
2020,11,12,12,27,39, -50.0000000000
2020,11,12,12,27,40, -48.7097000000
2020,11,12,12,27,40, -50.0000000000
2020,11,12,12,27,40, -47.7419000000
2020,11,12,12,27,40, -49.3548000000
2020,11,12,12,27,41, -49.0323000000
2020,11,12,12,27,41, -50.0000000000
2020,11,12,12,27,41, -48.7097000000
2020,11,12,12,27,41, -49.6774000000
2020,11,12,12,27,42, -50.0000000000
2020,11,12,12,27,42, -47.7419000000
2020,11,12,12,27,42, -50.0000000000
2020,11,12,12,27,43, -49.0323000000
2020,11,12,12,27,43, -50.0000000000
2020,11,12,12,27,43, -50.0000000000
2020,11,12,12,27,43, -49.0323000000
2020,11,12,12,27,44, -50.0000000000
2020,11,12,12,27,44, -49.6774000000
2020,11,12,12,27,44, -48.3871000000
2020,11,12,12,27,44, -50.0000000000
2020,11,12,12,27,45, -48.0645000000
2020,11,12,12,27,45, -50.0000000000
2020,11,12,12,27,45, -48.3871000000
2020,11,12,12,27,45, -49.3548000000
2020,11,12,12,27,46, -48.3871000000
2020,11,12,12,27,46, -50.0000000000
2020,11,12,12,27,46, -47.7419000000
2020,11,12,12,27,46, -50.0000000000
2020,11,12,12,27,47, -49.6774000000
2020,11,12,12,27,47, -49.3548000000
2020,11,12,12,27,47, -48.3871000000
2020,11,12,12,27,47, -47.4194000000
2020,11,12,12,27,48, -50.0000000000
2020,11,12,12,27,48, -49.3548000000
2020,11,12,12,27,48, -48.7097000000
2020,11,12,12,27,48, -50.0000000000
2020,11,12,12,27,49, -48.7097000000
2020,11,12,12,27,49, -48.7097000000
2020,11,12,12,27,49, -50.0000000000
2020,11,12,12,27,50, -49.6774000000
2020,11,12,12,27,50, -47.7419000000
2020,11,12,12,27,50, -50.0000000000
2020,11,12,12,27,50, -48.0645000000
2020,11,12,12,27,51, -50.0000000000
2020,11,12,12,27,51, -49.3548000000
2020,11,12,12,27,51, -48.0645000000
2020,11,12,12,27,51, -48.7097000000
2020,11,12,12,27,52, -50.0000000000
2020,11,12,12,27,52, -50.0000000000
2020,11,12,12,27,52, -47.7419000000
2020,11,12,12,27,52, -49.6774000000
2020,11,12,12,27,53, -50.0000000000
2020,11,12,12,27,53, -47.0968000000
2020,11,12,12,27,53, -50.0000000000
2020,11,12,12,27,53, -47.0968000000
2020,11,12,12,27,54, -50.0000000000
2020,11,12,12,27,54, -47.4194000000
2020,11,12,12,27,54, -47.0968000000
2020,11,12,12,27,54, -50.0000000000
2020,11,12,12,27,55, -49.6774000000
2020,11,12,12,27,55, -50.0000000000
2020,11,12,12,27,55, -48.0645000000
2020,11,12,12,27,55, -50.0000000000
2020,11,12,12,27,56, -50.0000000000
2020,11,12,12,27,56, -49.0323000000
2020,11,12,12,27,56, -48.7097000000
2020,11,12,12,27,57, -50.0000000000
2020,11,12,12,27,57, -47.4194000000
2020,11,12,12,27,57, -50.0000000000
2020,11,12,12,27,57, -49.6774000000
2020,11,12,12,27,58, -48.7097000000
2020,11,12,12,27,58, -50.0000000000
2020,11,12,12,27,58, -46.7742000000
2020,11,12,12,27,58, -50.0000000000
2020,11,12,12,27,59, -48.3871000000
2020,11,12,12,27,59, -49.3548000000
2020,11,12,12,27,59, -50.0000000000
2020,11,12,12,27,59, -48.3871000000
2020,11,12,12,28,0, -48.3871000000
2020,11,12,12,28,0, -50.0000000000
2020,11,12,12,28,0, -49.0323000000
2020,11,12,12,28,0, -50.0000000000
2020,11,12,12,28,1, -46.7742000000
2020,11,12,12,28,1, -50.0000000000
2020,11,12,12,28,1, -49.3548000000
2020,11,12,12,28,1, -49.3548000000
2020,11,12,12,28,2, -50.0000000000
2020,11,12,12,28,2, -48.3871000000
2020,11,12,12,28,2, -50.0000000000
2020,11,12,12,28,3, -50.0000000000
2020,11,12,12,28,3, -50.0000000000
2020,11,12,12,28,3, -49.0323000000
2020,11,12,12,28,3, -48.3871000000
2020,11,12,12,28,4, -48.3871000000
2020,11,12,12,28,4, -49.3548000000
2020,11,12,12,28,4, -50.0000000000
2020,11,12,12,28,4, -49.0323000000
2020,11,12,12,28,5, -48.7097000000
2020,11,12,12,28,5, -50.0000000000
2020,11,12,12,28,5, -48.3871000000
2020,11,12,12,28,5, -49.0323000000
2020,11,12,12,28,6, -50.0000000000
2020,11,12,12,28,6, -47.4194000000
2020,11,12,12,28,6, -50.0000000000
2020,11,12,12,28,6, -48.0645000000
2020,11,12,12,28,7, -50.0000000000
2020,11,12,12,28,7, -47.7419000000
2020,11,12,12,28,7, -50.0000000000
2020,11,12,12,28,7, -48.3871000000
2020,11,12,12,28,8, -48.7097000000
2020,11,12,12,28,8, -50.0000000000
2020,11,12,12,28,8, -48.0645000000
2020,11,12,12,28,8, -50.0000000000
2020,11,12,12,28,9, -50.0000000000
2020,11,12,12,28,9, -50.0000000000
2020,11,12,12,28,9, -47.7419000000
2020,11,12,12,28,10, -50.0000000000
2020,11,12,12,28,10, -47.7419000000
2020,11,12,12,28,10, -50.0000000000
2020,11,12,12,28,10, -50.0000000000
2020,11,12,12,28,11, -48.3871000000
2020,11,12,12,28,11, -50.0000000000
2020,11,12,12,28,11, -49.0323000000
2020,11,12,12,28,11, -48.3871000000
2020,11,12,12,28,12, -50.0000000000
2020,11,12,12,28,12, -48.3871000000
2020,11,12,12,28,12, -50.0000000000
2020,11,12,12,28,12, -47.0968000000
2020,11,12,12,28,13, -50.0000000000
2020,11,12,12,28,13, -47.4194000000
2020,11,12,12,28,13, -50.0000000000
2020,11,12,12,28,13, -50.0000000000
2020,11,12,12,28,14, -48.3871000000
2020,11,12,12,28,14, -50.0000000000
2020,11,12,12,28,14, -48.3871000000
2020,11,12,12,28,14, -49.3548000000
2020,11,12,12,28,15, -50.0000000000
2020,11,12,12,28,15, -48.0645000000
2020,11,12,12,28,15, -50.0000000000
2020,11,12,12,28,15, -48.7097000000
2020,11,12,12,28,16, -50.0000000000
2020,11,12,12,28,16, -50.0000000000
2020,11,12,12,28,16, -48.0645000000
2020,11,12,12,28,17, -49.3548000000
2020,11,12,12,28,17, -48.7097000000
2020,11,12,12,28,17, -50.0000000000
2020,11,12,12,28,17, -47.0968000000
2020,11,12,12,28,18, -50.0000000000
2020,11,12,12,28,18, -48.7097000000
2020,11,12,12,28,18, -50.0000000000
2020,11,12,12,28,18, -49.3548000000
2020,11,12,12,28,19, -50.0000000000
2020,11,12,12,28,19, -47.7419000000
2020,11,12,12,28,19, -50.0000000000
2020,11,12,12,28,19, -47.0968000000
2020,11,12,12,28,20, -48.3871000000
2020,11,12,12,28,20, -49.3548000000
2020,11,12,12,28,20, -47.7419000000
2020,11,12,12,28,20, -50.0000000000
2020,11,12,12,28,21, -48.3871000000
2020,11,12,12,28,21, -50.0000000000
2020,11,12,12,28,21, -48.0645000000
2020,11,12,12,28,21, -50.0000000000
2020,11,12,12,28,22, -50.0000000000
2020,11,12,12,28,22, -48.3871000000
2020,11,12,12,28,22, -48.3871000000
2020,11,12,12,28,23, -50.0000000000
2020,11,12,12,28,23, -48.3871000000
2020,11,12,12,28,23, -48.0645000000
2020,11,12,12,28,23, -50.0000000000
2020,11,12,12,28,24, -47.0968000000
2020,11,12,12,28,24, -50.0000000000
2020,11,12,12,28,24, -47.7419000000
2020,11,12,12,28,24, -50.0000000000
2020,11,12,12,28,25, -47.0968000000
2020,11,12,12,28,25, -50.0000000000
2020,11,12,12,28,25, -48.7097000000
2020,11,12,12,28,25, -47.4194000000
2020,11,12,12,28,26, -50.0000000000
2020,11,12,12,28,26, -50.0000000000
2020,11,12,12,28,26, -48.0645000000
2020,11,12,12,28,26, -50.0000000000
2020,11,12,12,28,27, -49.0323000000
2020,11,12,12,28,27, -47.7419000000
2020,11,12,12,28,27, -50.0000000000
2020,11,12,12,28,27, -49.0323000000
2020,11,12,12,28,28, -50.0000000000
2020,11,12,12,28,28, -47.7419000000
2020,11,12,12,28,28, -50.0000000000
2020,11,12,12,28,28, -50.0000000000
2020,11,12,12,28,29, -50.0000000000
2020,11,12,12,28,29, -50.0000000000
2020,11,12,12,28,29, -47.4194000000
2020,11,12,12,28,29, -50.0000000000
2020,11,12,12,28,30, -49.6774000000
2020,11,12,12,28,30, -48.7097000000
2020,11,12,12,28,30, -50.0000000000
2020,11,12,12,28,31, -48.3871000000
2020,11,12,12,28,31, -50.0000000000
2020,11,12,12,28,31, -50.0000000000
2020,11,12,12,28,31, -50.0000000000
2020,11,12,12,28,32, -49.0323000000
2020,11,12,12,28,32, -49.0323000000
2020,11,12,12,28,32, -50.0000000000
2020,11,12,12,28,32, -48.7097000000
2020,11,12,12,28,33, -50.0000000000
2020,11,12,12,28,33, -48.0645000000
2020,11,12,12,28,33, -49.3548000000
2020,11,12,12,28,33, -49.6774000000
2020,11,12,12,28,34, -50.0000000000
2020,11,12,12,28,34, -48.0645000000
2020,11,12,12,28,34, -50.0000000000
2020,11,12,12,28,34, -48.0645000000
2020,11,12,12,28,35, -48.3871000000
2020,11,12,12,28,35, -50.0000000000
2020,11,12,12,28,35, -50.0000000000
2020,11,12,12,28,35, -47.0968000000
2020,11,12,12,28,36, -50.0000000000
2020,11,12,12,28,36, -47.4194000000
2020,11,12,12,28,36, -50.0000000000
2020,11,12,12,28,36, -50.0000000000
2020,11,12,12,28,37, -49.0323000000
2020,11,12,12,28,37, -50.0000000000
2020,11,12,12,28,37, -49.6774000000
2020,11,12,12,28,38, -48.7097000000
2020,11,12,12,28,38, -50.0000000000
2020,11,12,12,28,38, -50.0000000000
2020,11,12,12,28,38, -48.0645000000
2020,11,12,12,28,39, -50.0000000000
2020,11,12,12,28,39, -48.3871000000
2020,11,12,12,28,39, -50.0000000000
2020,11,12,12,28,39, -48.0645000000
2020,11,12,12,28,40, -50.0000000000
2020,11,12,12,28,40, -49.6774000000
2020,11,12,12,28,40, -50.0000000000
2020,11,12,12,28,40, -47.0968000000
2020,11,12,12,28,41, -50.0000000000
2020,11,12,12,28,41, -48.3871000000
2020,11,12,12,28,41, -50.0000000000
2020,11,12,12,28,41, -48.0645000000
2020,11,12,12,28,42, -50.0000000000
2020,11,12,12,28,42, -48.0645000000
2020,11,12,12,28,42, -50.0000000000
2020,11,12,12,28,42, -47.7419000000
2020,11,12,12,28,43, -49.3548000000
2020,11,12,12,28,43, -50.0000000000
2020,11,12,12,28,43, -48.7097000000
2020,11,12,12,28,43, -50.0000000000
2020,11,12,12,28,44, -50.0000000000
2020,11,12,12,28,44, -50.0000000000
2020,11,12,12,28,44, -48.3871000000
2020,11,12,12,28,44, -50.0000000000
2020,11,12,12,28,45, -49.3548000000
2020,11,12,12,28,45, -50.0000000000
2020,11,12,12,28,45, -50.0000000000
2020,11,12,12,28,46, -48.0645000000
2020,11,12,12,28,46, -50.0000000000
2020,11,12,12,28,46, -49.6774000000
2020,11,12,12,28,46, -47.7419000000
2020,11,12,12,28,47, -50.0000000000
2020,11,12,12,28,47, -46.7742000000
2020,11,12,12,28,47, -50.0000000000
2020,11,12,12,28,47, -48.3871000000
2020,11,12,12,28,48, -50.0000000000
2020,11,12,12,28,48, -48.3871000000
2020,11,12,12,28,48, -50.0000000000
2020,11,12,12,28,48, -48.3871000000
2020,11,12,12,28,49, -49.0323000000
2020,11,12,12,28,49, -49.6774000000
2020,11,12,12,28,49, -50.0000000000
2020,11,12,12,28,49, -47.0968000000
2020,11,12,12,28,50, -50.0000000000
2020,11,12,12,28,50, -48.0645000000
2020,11,12,12,28,50, -48.3871000000
2020,11,12,12,28,50, -50.0000000000
2020,11,12,12,28,51, -49.6774000000
2020,11,12,12,28,51, -48.3871000000
2020,11,12,12,28,51, -50.0000000000
2020,11,12,12,28,51, -50.0000000000
2020,11,12,12,28,52, -48.0645000000
2020,11,12,12,28,52, -47.4194000000
2020,11,12,12,28,52, -50.0000000000
2020,11,12,12,28,53, -50.0000000000
2020,11,12,12,28,53, -50.0000000000
2020,11,12,12,28,53, -47.0968000000
2020,11,12,12,28,53, -50.0000000000
2020,11,12,12,28,54, -50.0000000000
2020,11,12,12,28,54, -50.0000000000
2020,11,12,12,28,54, -50.0000000000
2020,11,12,12,28,54, -47.0968000000
2020,11,12,12,28,55, -50.0000000000
2020,11,12,12,28,55, -50.0000000000
2020,11,12,12,28,55, -49.3548000000
2020,11,12,12,28,55, -49.0323000000
2020,11,12,12,28,56, -50.0000000000
2020,11,12,12,28,56, -47.0968000000
2020,11,12,12,28,56, -50.0000000000
2020,11,12,12,28,56, -48.0645000000
2020,11,12,12,28,57, -50.0000000000
2020,11,12,12,28,57, -49.6774000000
2020,11,12,12,28,57, -47.0968000000
2020,11,12,12,28,57, -48.0645000000
2020,11,12,12,28,58, -50.0000000000
2020,11,12,12,28,58, -48.0645000000
2020,11,12,12,28,58, -49.0323000000
2020,11,12,12,28,58, -50.0000000000
2020,11,12,12,28,59, -50.0000000000
2020,11,12,12,28,59, -47.7419000000
2020,11,12,12,28,59, -50.0000000000
2020,11,12,12,29,0, -47.4194000000
2020,11,12,12,29,0, -50.0000000000
2020,11,12,12,29,0, -47.4194000000
2020,11,12,12,29,0, -50.0000000000
2020,11,12,12,29,1, -48.3871000000
2020,11,12,12,29,1, -50.0000000000
2020,11,12,12,29,1, -48.3871000000
2020,11,12,12,29,1, -50.0000000000
2020,11,12,12,29,2, -47.4194000000
2020,11,12,12,29,2, -49.3548000000
2020,11,12,12,29,2, -50.0000000000
2020,11,12,12,29,2, -50.0000000000
2020,11,12,12,29,3, -47.4194000000
2020,11,12,12,29,3, -50.0000000000
2020,11,12,12,29,3, -50.0000000000
2020,11,12,12,29,3, -49.3548000000
2020,11,12,12,29,4, -50.0000000000
2020,11,12,12,29,4, -50.0000000000
2020,11,12,12,29,4, -47.0968000000
2020,11,12,12,29,4, -50.0000000000
2020,11,12,12,29,5, -50.0000000000
2020,11,12,12,29,5, -49.3548000000
2020,11,12,12,29,5, -48.7097000000
2020,11,12,12,29,5, -50.0000000000
2020,11,12,12,29,6, -48.0645000000
2020,11,12,12,29,6, -50.0000000000
2020,11,12,12,29,6, -47.4194000000
2020,11,12,12,29,7, -50.0000000000
2020,11,12,12,29,7, -50.0000000000
2020,11,12,12,29,7, -48.0645000000
2020,11,12,12,29,7, -50.0000000000
2020,11,12,12,29,8, -47.7419000000
2020,11,12,12,29,8, -50.0000000000
2020,11,12,12,29,8, -48.3871000000
2020,11,12,12,29,8, -50.0000000000
2020,11,12,12,29,9, -48.0645000000
2020,11,12,12,29,9, -50.0000000000
2020,11,12,12,29,9, -48.7097000000
2020,11,12,12,29,9, -49.0323000000
2020,11,12,12,29,10, -50.0000000000
2020,11,12,12,29,10, -47.0968000000
2020,11,12,12,29,10, -50.0000000000
2020,11,12,12,29,10, -50.0000000000
2020,11,12,12,29,11, -49.6774000000
2020,11,12,12,29,11, -50.0000000000
2020,11,12,12,29,11, -48.3871000000
2020,11,12,12,29,11, -49.0323000000
2020,11,12,12,29,12, -50.0000000000
2020,11,12,12,29,12, -50.0000000000
2020,11,12,12,29,12, -48.3871000000
2020,11,12,12,29,12, -50.0000000000
2020,11,12,12,29,13, -48.3871000000
2020,11,12,12,29,13, -48.7097000000
2020,11,12,12,29,13, -49.3548000000
2020,11,12,12,29,14, -49.6774000000
2020,11,12,12,29,14, -50.0000000000
2020,11,12,12,29,14, -47.0968000000
2020,11,12,12,29,14, -50.0000000000
2020,11,12,12,29,15, -47.4194000000
2020,11,12,12,29,15, -50.0000000000
2020,11,12,12,29,15, -49.6774000000
2020,11,12,12,29,15, -47.7419000000
2020,11,12,12,29,16, -50.0000000000
2020,11,12,12,29,16, -47.0968000000
2020,11,12,12,29,16, -50.0000000000
2020,11,12,12,29,16, -48.7097000000
2020,11,12,12,29,17, -50.0000000000
2020,11,12,12,29,17, -47.7419000000
2020,11,12,12,29,17, -50.0000000000
2020,11,12,12,29,17, -50.0000000000
2020,11,12,12,29,18, -48.3871000000
2020,11,12,12,29,18, -50.0000000000
2020,11,12,12,29,18, -48.3871000000
2020,11,12,12,29,18, -49.6774000000
2020,11,12,12,29,19, -49.0323000000
2020,11,12,12,29,19, -50.0000000000
2020,11,12,12,29,19, -47.7419000000
2020,11,12,12,29,19, -50.0000000000
2020,11,12,12,29,20, -50.0000000000
2020,11,12,12,29,20, -48.0645000000
2020,11,12,12,29,20, -50.0000000000
2020,11,12,12,29,21, -48.3871000000
2020,11,12,12,29,21, -50.0000000000
2020,11,12,12,29,21, -49.0323000000
2020,11,12,12,29,21, -50.0000000000
2020,11,12,12,29,22, -48.3871000000
2020,11,12,12,29,22, -50.0000000000
2020,11,12,12,29,22, -47.4194000000
2020,11,12,12,29,22, -50.0000000000
2020,11,12,12,29,23, -50.0000000000
2020,11,12,12,29,23, -48.3871000000
2020,11,12,12,29,23, -50.0000000000
2020,11,12,12,29,23, -49.3548000000
2020,11,12,12,29,24, -49.0323000000
2020,11,12,12,29,24, -50.0000000000
2020,11,12,12,29,24, -47.7419000000
2020,11,12,12,29,24, -50.0000000000
2020,11,12,12,29,25, -49.0323000000
2020,11,12,12,29,25, -49.3548000000
2020,11,12,12,29,25, -48.0645000000
2020,11,12,12,29,25, -50.0000000000
2020,11,12,12,29,26, -49.3548000000
2020,11,12,12,29,26, -50.0000000000
2020,11,12,12,29,26, -48.3871000000
2020,11,12,12,29,26, -48.3871000000
2020,11,12,12,29,27, -49.0323000000
2020,11,12,12,29,27, -50.0000000000
2020,11,12,12,29,27, -47.0968000000
2020,11,12,12,29,28, -50.0000000000
2020,11,12,12,29,28, -48.7097000000
2020,11,12,12,29,28, -50.0000000000
2020,11,12,12,29,28, -47.4194000000
2020,11,12,12,29,29, -50.0000000000
2020,11,12,12,29,29, -47.0968000000
2020,11,12,12,29,29, -50.0000000000
2020,11,12,12,29,29, -48.3871000000
2020,11,12,12,29,30, -50.0000000000
2020,11,12,12,29,30, -48.3871000000
2020,11,12,12,29,30, -50.0000000000
2020,11,12,12,29,30, -49.3548000000
2020,11,12,12,29,31, -50.0000000000
2020,11,12,12,29,31, -47.4194000000
2020,11,12,12,29,31, -50.0000000000
2020,11,12,12,29,31, -50.0000000000
2020,11,12,12,29,32, -48.3871000000
2020,11,12,12,29,32, -50.0000000000
2020,11,12,12,29,32, -49.3548000000
2020,11,12,12,29,32, -50.0000000000
2020,11,12,12,29,33, -47.7419000000
2020,11,12,12,29,33, -48.7097000000
2020,11,12,12,29,33, -47.7419000000
2020,11,12,12,29,33, -50.0000000000
2020,11,12,12,29,34, -48.0645000000
2020,11,12,12,29,34, -50.0000000000
2020,11,12,12,29,34, -49.0323000000
2020,11,12,12,29,35, -50.0000000000
2020,11,12,12,29,35, -48.7097000000
2020,11,12,12,29,35, -48.0645000000
2020,11,12,12,29,35, -49.6774000000
2020,11,12,12,29,36, -50.0000000000
2020,11,12,12,29,36, -49.0323000000
2020,11,12,12,29,36, -49.3548000000
2020,11,12,12,29,36, -50.0000000000
2020,11,12,12,29,37, -48.0645000000
2020,11,12,12,29,37, -50.0000000000
2020,11,12,12,29,37, -48.7097000000
2020,11,12,12,29,37, -49.6774000000
2020,11,12,12,29,38, -49.0323000000
2020,11,12,12,29,38, -50.0000000000
2020,11,12,12,29,38, -48.7097000000
2020,11,12,12,29,38, -48.7097000000
2020,11,12,12,29,39, -50.0000000000
2020,11,12,12,29,39, -48.0645000000
2020,11,12,12,29,39, -49.6774000000
2020,11,12,12,29,39, -50.0000000000
2020,11,12,12,29,40, -50.0000000000
2020,11,12,12,29,40, -48.3871000000
2020,11,12,12,29,40, -50.0000000000
2020,11,12,12,29,40, -48.0645000000
2020,11,12,12,29,41, -50.0000000000
2020,11,12,12,29,41, -49.3548000000
2020,11,12,12,29,41, -47.7419000000
2020,11,12,12,29,41, -50.0000000000
2020,11,12,12,29,42, -48.3871000000
2020,11,12,12,29,42, -49.0323000000
2020,11,12,12,29,42, -50.0000000000
2020,11,12,12,29,43, -48.3871000000
2020,11,12,12,29,43, -50.0000000000
2020,11,12,12,29,43, -50.0000000000
2020,11,12,12,29,43, -47.7419000000
2020,11,12,12,29,44, -50.0000000000
2020,11,12,12,29,44, -48.0645000000
2020,11,12,12,29,44, -50.0000000000
2020,11,12,12,29,44, -47.4194000000
2020,11,12,12,29,45, -50.0000000000
2020,11,12,12,29,45, -47.7419000000
2020,11,12,12,29,45, -50.0000000000
2020,11,12,12,29,45, -49.0323000000
2020,11,12,12,29,46, -50.0000000000
2020,11,12,12,29,46, -50.0000000000
2020,11,12,12,29,46, -49.3548000000
2020,11,12,12,29,46, -48.0645000000
2020,11,12,12,29,47, -50.0000000000
2020,11,12,12,29,47, -48.0645000000
2020,11,12,12,29,47, -50.0000000000
2020,11,12,12,29,47, -50.0000000000
2020,11,12,12,29,48, -47.0968000000
2020,11,12,12,29,48, -50.0000000000
2020,11,12,12,29,48, -47.7419000000
2020,11,12,12,29,49, -50.0000000000
2020,11,12,12,29,49, -47.4194000000
2020,11,12,12,29,49, -50.0000000000
2020,11,12,12,29,49, -50.0000000000
2020,11,12,12,29,50, -47.4194000000
2020,11,12,12,29,50, -50.0000000000
2020,11,12,12,29,50, -49.3548000000
2020,11,12,12,29,50, -48.3871000000
2020,11,12,12,29,51, -50.0000000000
2020,11,12,12,29,51, -50.0000000000
2020,11,12,12,29,51, -50.0000000000
2020,11,12,12,29,51, -49.0323000000
2020,11,12,12,29,52, -50.0000000000
2020,11,12,12,29,52, -49.6774000000
2020,11,12,12,29,52, -47.4194000000
2020,11,12,12,29,52, 115.1613000000
2020,11,12,12,29,53, -48.7097000000
2020,11,12,12,29,53, -49.3548000000
2020,11,12,12,29,53, -47.7419000000
2020,11,12,12,29,53, -47.4194000000
2020,11,12,12,29,54, -50.0000000000
2020,11,12,12,29,54, -50.0000000000
2020,11,12,12,29,54, -50.0000000000
2020,11,12,12,29,55, -48.0645000000
2020,11,12,12,29,55, -50.0000000000
2020,11,12,12,29,55, -50.0000000000
2020,11,12,12,29,55, -50.0000000000
2020,11,12,12,29,56, -50.0000000000
2020,11,12,12,29,56, -50.0000000000
2020,11,12,12,29,56, -50.0000000000
2020,11,12,12,29,56, -49.0323000000
2020,11,12,12,29,57, -48.0645000000
2020,11,12,12,29,57, -50.0000000000
2020,11,12,12,29,57, -50.0000000000
2020,11,12,12,29,57, -47.4194000000
2020,11,12,12,29,58, -50.0000000000
2020,11,12,12,29,58, -48.0645000000
2020,11,12,12,29,58, -50.0000000000
2020,11,12,12,29,58, -48.0645000000
2020,11,12,12,29,59, -50.0000000000
2020,11,12,12,29,59, -47.4194000000
2020,11,12,12,29,59, -50.0000000000
2020,11,12,12,29,59, -49.6774000000
2020,11,12,12,30,0, -49.0323000000
2020,11,12,12,30,0, -50.0000000000
2020,11,12,12,30,0, -50.0000000000
2020,11,12,12,30,1, -50.0000000000
2020,11,12,12,30,1, -46.7742000000
2020,11,12,12,30,1, -50.0000000000
2020,11,12,12,30,1, -50.0000000000
2020,11,12,12,30,2, -50.0000000000
2020,11,12,12,30,2, -50.0000000000
2020,11,12,12,30,2, -50.0000000000
2020,11,12,12,30,2, -50.0000000000
2020,11,12,12,30,3, -47.7419000000
2020,11,12,12,30,3, -50.0000000000
2020,11,12,12,30,3, -50.0000000000
2020,11,12,12,30,3, -50.0000000000
2020,11,12,12,30,4, -50.0000000000
2020,11,12,12,30,4, -48.0645000000
2020,11,12,12,30,4, -48.0645000000
2020,11,12,12,30,4, -50.0000000000
2020,11,12,12,30,5, -48.7097000000
2020,11,12,12,30,5, -50.0000000000
2020,11,12,12,30,5, -50.0000000000
2020,11,12,12,30,5, -50.0000000000
2020,11,12,12,30,6, -50.0000000000
2020,11,12,12,30,6, 115.1613000000
2020,11,12,12,30,6, -49.0323000000
2020,11,12,12,30,7, -47.7419000000
2020,11,12,12,30,7, -50.0000000000
2020,11,12,12,30,7, -50.0000000000
2020,11,12,12,30,7, -50.0000000000
2020,11,12,12,30,8, -50.0000000000
2020,11,12,12,30,8, -50.0000000000
2020,11,12,12,30,8, -50.0000000000
2020,11,12,12,30,8, -48.0645000000
2020,11,12,12,30,9, -50.0000000000
2020,11,12,12,30,9, -47.7419000000
2020,11,12,12,30,9, -49.3548000000
2020,11,12,12,30,9, -50.0000000000
2020,11,12,12,30,10, -48.0645000000
2020,11,12,12,30,10, -49.6774000000
2020,11,12,12,30,10, -48.3871000000
2020,11,12,12,30,10, -49.0323000000
2020,11,12,12,30,11, -49.3548000000
2020,11,12,12,30,11, -50.0000000000
2020,11,12,12,30,11, -50.0000000000
2020,11,12,12,30,12, -48.7097000000
2020,11,12,12,30,12, -50.0000000000
2020,11,12,12,30,12, -46.7742000000
2020,11,12,12,30,12, -50.0000000000
2020,11,12,12,30,13, -49.3548000000
2020,11,12,12,30,13, -47.7419000000
2020,11,12,12,30,13, -50.0000000000
2020,11,12,12,30,13, -50.0000000000
2020,11,12,12,30,14, -49.0323000000
2020,11,12,12,30,14, -48.7097000000
2020,11,12,12,30,14, -50.0000000000
2020,11,12,12,30,14, -48.0645000000
2020,11,12,12,30,15, -50.0000000000
2020,11,12,12,30,15, -48.0645000000
2020,11,12,12,30,15, -50.0000000000
2020,11,12,12,30,15, -47.0968000000
2020,11,12,12,30,16, -50.0000000000
2020,11,12,12,30,16, -47.4194000000
2020,11,12,12,30,16, -50.0000000000
2020,11,12,12,30,16, -47.7419000000
2020,11,12,12,30,17, -50.0000000000
2020,11,12,12,30,17, -50.0000000000
2020,11,12,12,30,17, -47.7419000000
2020,11,12,12,30,17, -49.3548000000
2020,11,12,12,30,18, -48.3871000000
2020,11,12,12,30,18, -50.0000000000
2020,11,12,12,30,18, -48.0645000000
2020,11,12,12,30,18, -50.0000000000
2020,11,12,12,30,19, -50.0000000000
2020,11,12,12,30,19, -48.7097000000
2020,11,12,12,30,19, -48.0645000000
2020,11,12,12,30,20, -49.3548000000
2020,11,12,12,30,20, -48.3871000000
2020,11,12,12,30,20, -50.0000000000
2020,11,12,12,30,20, -47.0968000000
2020,11,12,12,30,21, -50.0000000000
2020,11,12,12,30,21, -48.3871000000
2020,11,12,12,30,21, -50.0000000000
2020,11,12,12,30,21, -47.4194000000
2020,11,12,12,30,22, -49.3548000000
2020,11,12,12,30,22, -50.0000000000
2020,11,12,12,30,22, -49.0323000000
2020,11,12,12,30,22, -50.0000000000
2020,11,12,12,30,23, -48.7097000000
2020,11,12,12,30,23, -50.0000000000
2020,11,12,12,30,23, -48.0645000000
2020,11,12,12,30,23, -50.0000000000
2020,11,12,12,30,24, -49.3548000000
2020,11,12,12,30,24, -49.6774000000
2020,11,12,12,30,24, -49.6774000000
2020,11,12,12,30,24, -48.7097000000
2020,11,12,12,30,25, -48.3871000000
2020,11,12,12,30,25, -49.3548000000
2020,11,12,12,30,25, -48.3871000000
2020,11,12,12,30,26, -50.0000000000
2020,11,12,12,30,26, -50.0000000000
2020,11,12,12,30,26, -50.0000000000
2020,11,12,12,30,26, -48.3871000000
2020,11,12,12,30,27, -47.4194000000
2020,11,12,12,30,27, -48.7097000000
2020,11,12,12,30,27, -47.7419000000
2020,11,12,12,30,27, -50.0000000000
2020,11,12,12,30,28, -49.6774000000
2020,11,12,12,30,28, -47.4194000000
2020,11,12,12,30,28, -48.7097000000
2020,11,12,12,30,28, -49.3548000000
2020,11,12,12,30,29, -50.0000000000
2020,11,12,12,30,29, -49.3548000000
2020,11,12,12,30,29, -50.0000000000
2020,11,12,12,30,30, -50.0000000000
2020,11,12,12,30,30, -48.3871000000
2020,11,12,12,30,30, -49.0323000000
2020,11,12,12,30,30, -48.0645000000
2020,11,12,12,30,31, -50.0000000000
2020,11,12,12,30,31, -50.0000000000
2020,11,12,12,30,31, -48.3871000000
2020,11,12,12,30,31, -49.3548000000
2020,11,12,12,30,32, -48.7097000000
2020,11,12,12,30,32, -50.0000000000
2020,11,12,12,30,32, -48.0645000000
2020,11,12,12,30,32, -50.0000000000
2020,11,12,12,30,33, -49.0323000000
2020,11,12,12,30,33, -50.0000000000
2020,11,12,12,30,33, -48.3871000000
2020,11,12,12,30,33, -48.3871000000
2020,11,12,12,30,34, -50.0000000000
2020,11,12,12,30,34, -48.3871000000
2020,11,12,12,30,34, -50.0000000000
2020,11,12,12,30,35, -49.0323000000
2020,11,12,12,30,35, -48.7097000000
2020,11,12,12,30,35, -50.0000000000
2020,11,12,12,30,35, -48.3871000000
2020,11,12,12,30,36, -50.0000000000
2020,11,12,12,30,36, -48.3871000000
2020,11,12,12,30,36, -50.0000000000
2020,11,12,12,30,36, -48.3871000000
2020,11,12,12,30,37, -50.0000000000
2020,11,12,12,30,37, -47.4194000000
2020,11,12,12,30,37, -50.0000000000
2020,11,12,12,30,37, -49.6774000000
2020,11,12,12,30,38, -50.0000000000
2020,11,12,12,30,38, -48.0645000000
2020,11,12,12,30,38, -50.0000000000
2020,11,12,12,30,38, -47.7419000000
2020,11,12,12,30,39, -50.0000000000
2020,11,12,12,30,39, -47.7419000000
2020,11,12,12,30,39, -50.0000000000
2020,11,12,12,30,39, -50.0000000000
2020,11,12,12,30,40, -50.0000000000
2020,11,12,12,30,40, -47.7419000000
2020,11,12,12,30,40, -48.0645000000
2020,11,12,12,30,40, -50.0000000000
2020,11,12,12,30,41, -50.0000000000
2020,11,12,12,30,41, -50.0000000000
2020,11,12,12,30,41, -48.0645000000
2020,11,12,12,30,41, -50.0000000000
2020,11,12,12,30,42, -49.6774000000
2020,11,12,12,30,42, -49.6774000000
2020,11,12,12,30,42, -50.0000000000
2020,11,12,12,30,43, -48.0645000000
2020,11,12,12,30,43, -50.0000000000
2020,11,12,12,30,43, -48.0645000000
2020,11,12,12,30,43, -49.3548000000
2020,11,12,12,30,44, -48.3871000000
2020,11,12,12,30,44, -50.0000000000
2020,11,12,12,30,44, -48.3871000000
2020,11,12,12,30,44, -50.0000000000
2020,11,12,12,30,45, -48.7097000000
2020,11,12,12,30,45, -49.0323000000
2020,11,12,12,30,45, -50.0000000000
2020,11,12,12,30,45, -48.0645000000
2020,11,12,12,30,46, -50.0000000000
2020,11,12,12,30,46, -48.3871000000
2020,11,12,12,30,46, -50.0000000000
2020,11,12,12,30,46, -50.0000000000
2020,11,12,12,30,47, -50.0000000000
2020,11,12,12,30,47, -37.0968000000
2020,11,12,12,30,47, -50.0000000000
2020,11,12,12,30,47, -50.0000000000
2020,11,12,12,30,48, -47.7419000000
2020,11,12,12,30,48, -50.0000000000
2020,11,12,12,30,48, -48.7097000000
2020,11,12,12,30,49, -48.7097000000
2020,11,12,12,30,49, -50.0000000000
2020,11,12,12,30,49, -50.0000000000
2020,11,12,12,30,49, -49.0323000000
2020,11,12,12,30,50, -48.0645000000
2020,11,12,12,30,50, -50.0000000000
2020,11,12,12,30,50, -50.0000000000
2020,11,12,12,30,50, -50.0000000000
2020,11,12,12,30,51, -50.0000000000
2020,11,12,12,30,51, -48.3871000000
2020,11,12,12,30,51, -48.7097000000
2020,11,12,12,30,51, -50.0000000000
2020,11,12,12,30,52, -50.0000000000
2020,11,12,12,30,52, -48.7097000000
2020,11,12,12,30,52, -49.0323000000
2020,11,12,12,30,52, -49.0323000000
2020,11,12,12,30,53, -49.3548000000
2020,11,12,12,30,53, -50.0000000000
2020,11,12,12,30,53, -47.0968000000
2020,11,12,12,30,54, -47.7419000000
2020,11,12,12,30,54, -48.7097000000
2020,11,12,12,30,54, -48.7097000000
2020,11,12,12,30,54, -50.0000000000
2020,11,12,12,30,55, -50.0000000000
2020,11,12,12,30,55, -48.3871000000
2020,11,12,12,30,55, -50.0000000000
2020,11,12,12,30,55, -49.6774000000
2020,11,12,12,30,56, -50.0000000000
2020,11,12,12,30,56, -48.0645000000
2020,11,12,12,30,56, -48.7097000000
2020,11,12,12,30,56, -50.0000000000
2020,11,12,12,30,57, -48.3871000000
2020,11,12,12,30,57, -48.0645000000
2020,11,12,12,30,57, -49.6774000000
2020,11,12,12,30,57, -48.0645000000
2020,11,12,12,30,58, -50.0000000000
2020,11,12,12,30,58, -47.4194000000
2020,11,12,12,30,58, -48.3871000000
2020,11,12,12,30,59, -50.0000000000
2020,11,12,12,30,59, -50.0000000000
2020,11,12,12,30,59, -50.0000000000
2020,11,12,12,30,59, -48.0645000000
2020,11,12,12,31,0, -48.0645000000
2020,11,12,12,31,0, -50.0000000000
2020,11,12,12,31,0, -48.3871000000
2020,11,12,12,31,0, -48.0645000000
2020,11,12,12,31,1, -50.0000000000
2020,11,12,12,31,1, -50.0000000000
2020,11,12,12,31,1, -49.6774000000
2020,11,12,12,31,1, -50.0000000000
2020,11,12,12,31,2, -49.0323000000
2020,11,12,12,31,2, -48.7097000000
2020,11,12,12,31,2, -50.0000000000
2020,11,12,12,31,2, -47.7419000000
2020,11,12,12,31,3, -50.0000000000
2020,11,12,12,31,3, -47.7419000000
2020,11,12,12,31,3, -50.0000000000
2020,11,12,12,31,3, -48.0645000000
2020,11,12,12,31,4, -48.7097000000
2020,11,12,12,31,4, -50.0000000000
2020,11,12,12,31,4, -48.0645000000
2020,11,12,12,31,5, -50.0000000000
2020,11,12,12,31,5, -49.3548000000
2020,11,12,12,31,5, -50.0000000000
2020,11,12,12,31,5, -48.3871000000
2020,11,12,12,31,6, -48.3871000000
2020,11,12,12,31,6, -50.0000000000
2020,11,12,12,31,6, -50.0000000000
2020,11,12,12,31,6, -49.3548000000
2020,11,12,12,31,7, -50.0000000000
2020,11,12,12,31,7, -48.0645000000
2020,11,12,12,31,7, -50.0000000000
2020,11,12,12,31,7, -48.0645000000
2020,11,12,12,31,8, -50.0000000000
2020,11,12,12,31,8, -49.6774000000
2020,11,12,12,31,8, -49.6774000000
2020,11,12,12,31,8, -50.0000000000
2020,11,12,12,31,9, -50.0000000000
2020,11,12,12,31,9, -48.7097000000
2020,11,12,12,31,9, -50.0000000000
2020,11,12,12,31,10, -47.0968000000
2020,11,12,12,31,10, -50.0000000000
2020,11,12,12,31,10, -48.3871000000
2020,11,12,12,31,10, -49.6774000000
2020,11,12,12,31,11, -49.0323000000
2020,11,12,12,31,11, -50.0000000000
2020,11,12,12,31,11, -49.3548000000
2020,11,12,12,31,11, -48.0645000000
2020,11,12,12,31,12, -48.0645000000
2020,11,12,12,31,12, -50.0000000000
2020,11,12,12,31,12, -50.0000000000
2020,11,12,12,31,12, -50.0000000000
2020,11,12,12,31,13, -47.4194000000
2020,11,12,12,31,13, -48.7097000000
2020,11,12,12,31,13, -50.0000000000
2020,11,12,12,31,14, -50.0000000000
2020,11,12,12,31,14, -50.0000000000
2020,11,12,12,31,14, -48.0645000000
2020,11,12,12,31,14, -50.0000000000
2020,11,12,12,31,15, -50.0000000000
2020,11,12,12,31,15, -47.7419000000
2020,11,12,12,31,15, -50.0000000000
2020,11,12,12,31,15, -50.0000000000
2020,11,12,12,31,16, -47.0968000000
2020,11,12,12,31,16, -50.0000000000
2020,11,12,12,31,16, -49.3548000000
2020,11,12,12,31,16, -48.7097000000
2020,11,12,12,31,17, -48.3871000000
2020,11,12,12,31,17, -49.3548000000
2020,11,12,12,31,17, -50.0000000000
2020,11,12,12,31,17, -50.0000000000
2020,11,12,12,31,18, -48.7097000000
2020,11,12,12,31,18, -50.0000000000
2020,11,12,12,31,18, -48.7097000000
2020,11,12,12,31,18, -48.3871000000
2020,11,12,12,31,19, -50.0000000000
2020,11,12,12,31,19, -50.0000000000
2020,11,12,12,31,19, -48.0645000000
2020,11,12,12,31,20, -50.0000000000
2020,11,12,12,31,20, -48.3871000000
2020,11,12,12,31,20, -49.6774000000
2020,11,12,12,31,20, -48.3871000000
2020,11,12,12,31,21, -49.6774000000
2020,11,12,12,31,21, -50.0000000000
2020,11,12,12,31,21, -50.0000000000
2020,11,12,12,31,21, -48.7097000000
2020,11,12,12,31,22, -50.0000000000
2020,11,12,12,31,22, -47.4194000000
2020,11,12,12,31,22, -50.0000000000
2020,11,12,12,31,22, -50.0000000000
2020,11,12,12,31,23, -50.0000000000
2020,11,12,12,31,23, -50.0000000000
2020,11,12,12,31,23, -47.7419000000
2020,11,12,12,31,23, -48.3871000000
2020,11,12,12,31,24, -49.3548000000
2020,11,12,12,31,24, -48.3871000000
2020,11,12,12,31,24, -50.0000000000
2020,11,12,12,31,25, -50.0000000000
2020,11,12,12,31,25, -50.0000000000
2020,11,12,12,31,25, -47.0968000000
2020,11,12,12,31,25, -47.7419000000
2020,11,12,12,31,26, -50.0000000000
2020,11,12,12,31,26, -49.3548000000
2020,11,12,12,31,26, -47.4194000000
2020,11,12,12,31,26, -50.0000000000
2020,11,12,12,31,27, -47.7419000000
2020,11,12,12,31,27, -49.6774000000
2020,11,12,12,31,27, -50.0000000000
2020,11,12,12,31,27, -47.4194000000
2020,11,12,12,31,28, -50.0000000000
2020,11,12,12,31,28, -48.0645000000
2020,11,12,12,31,28, -48.3871000000
2020,11,12,12,31,28, -50.0000000000
2020,11,12,12,31,29, -50.0000000000
2020,11,12,12,31,29, -48.3871000000
2020,11,12,12,31,29, -50.0000000000
2020,11,12,12,31,30, -47.7419000000
2020,11,12,12,31,30, -50.0000000000
2020,11,12,12,31,30, -48.0645000000
2020,11,12,12,31,30, -50.0000000000
2020,11,12,12,31,31, -49.6774000000
2020,11,12,12,31,31, -48.3871000000
2020,11,12,12,31,31, -50.0000000000
2020,11,12,12,31,31, -49.3548000000
2020,11,12,12,31,32, -50.0000000000
2020,11,12,12,31,32, -48.0645000000
2020,11,12,12,31,32, -50.0000000000
2020,11,12,12,31,32, -48.7097000000
2020,11,12,12,31,33, -50.0000000000
2020,11,12,12,31,33, -50.0000000000
2020,11,12,12,31,33, -47.4194000000
2020,11,12,12,31,34, -49.3548000000
2020,11,12,12,31,34, -50.0000000000
2020,11,12,12,31,34, -48.0645000000
2020,11,12,12,31,34, -50.0000000000
2020,11,12,12,31,35, -50.0000000000
2020,11,12,12,31,35, -50.0000000000
2020,11,12,12,31,35, -47.4194000000
2020,11,12,12,31,35, -49.6774000000
2020,11,12,12,31,36, -50.0000000000
2020,11,12,12,31,36, -47.4194000000
2020,11,12,12,31,36, -50.0000000000
2020,11,12,12,31,37, -48.3871000000
2020,11,12,12,31,37, -49.0323000000
2020,11,12,12,31,37, -49.6774000000
2020,11,12,12,31,37, -50.0000000000
2020,11,12,12,31,38, -48.0645000000
2020,11,12,12,31,38, -48.0645000000
2020,11,12,12,31,38, -50.0000000000
2020,11,12,12,31,38, -48.0645000000
2020,11,12,12,31,39, -49.6774000000
2020,11,12,12,31,39, -50.0000000000
2020,11,12,12,31,39, -48.0645000000
2020,11,12,12,31,39, -50.0000000000
2020,11,12,12,31,40, -48.7097000000
2020,11,12,12,31,40, -49.6774000000
2020,11,12,12,31,40, -49.3548000000
2020,11,12,12,31,40, -50.0000000000
2020,11,12,12,31,41, -49.0323000000
2020,11,12,12,31,41, -48.0645000000
2020,11,12,12,31,41, -50.0000000000
2020,11,12,12,31,41, -50.0000000000
2020,11,12,12,31,42, -48.7097000000
2020,11,12,12,31,42, -49.3548000000
2020,11,12,12,31,42, -50.0000000000
2020,11,12,12,31,42, -47.0968000000
2020,11,12,12,31,43, -50.0000000000
2020,11,12,12,31,43, -46.7742000000
2020,11,12,12,31,43, -50.0000000000
2020,11,12,12,31,43, -50.0000000000
2020,11,12,12,31,44, -50.0000000000
2020,11,12,12,31,44, -47.7419000000
2020,11,12,12,31,44, -50.0000000000
2020,11,12,12,31,45, -47.7419000000
2020,11,12,12,31,45, -47.4194000000
2020,11,12,12,31,45, -50.0000000000
2020,11,12,12,31,45, -50.0000000000
2020,11,12,12,31,46, -50.0000000000
2020,11,12,12,31,46, -48.7097000000
2020,11,12,12,31,46, -47.7419000000
2020,11,12,12,31,46, -50.0000000000
2020,11,12,12,31,47, -50.0000000000
2020,11,12,12,31,47, -50.0000000000
2020,11,12,12,31,47, -48.7097000000
2020,11,12,12,31,47, -47.7419000000
2020,11,12,12,31,48, -50.0000000000
2020,11,12,12,31,48, -49.3548000000
2020,11,12,12,31,48, -48.7097000000
2020,11,12,12,31,48, -50.0000000000
2020,11,12,12,31,49, -50.0000000000
2020,11,12,12,31,49, -47.4194000000
2020,11,12,12,31,49, -50.0000000000
2020,11,12,12,31,49, -48.7097000000
2020,11,12,12,31,50, -50.0000000000
2020,11,12,12,31,50, -50.0000000000
2020,11,12,12,31,50, -50.0000000000
2020,11,12,12,31,51, -50.0000000000
2020,11,12,12,31,51, -50.0000000000
2020,11,12,12,31,51, -50.0000000000
2020,11,12,12,31,51, 110.0000000000
2020,11,12,12,31,52, -47.7419000000
2020,11,12,12,31,52, -50.0000000000
2020,11,12,12,31,52, -50.0000000000
2020,11,12,12,31,52, -50.0000000000
2020,11,12,12,31,53, -47.0968000000
2020,11,12,12,31,53, -50.0000000000
2020,11,12,12,31,53, -50.0000000000
2020,11,12,12,31,53, -50.0000000000
2020,11,12,12,31,54, 115.1613000000
2020,11,12,12,31,54, -50.0000000000
2020,11,12,12,31,54, -50.0000000000
2020,11,12,12,31,54, -50.0000000000
2020,11,12,12,31,55, -47.7419000000
2020,11,12,12,31,55, -48.0645000000
2020,11,12,12,31,55, -49.6774000000
2020,11,12,12,31,55, -50.0000000000
2020,11,12,12,31,56, -48.7097000000
2020,11,12,12,31,56, -50.0000000000
2020,11,12,12,31,56, -50.0000000000
2020,11,12,12,31,57, -49.0323000000
2020,11,12,12,31,57, -50.0000000000
2020,11,12,12,31,57, -48.7097000000
2020,11,12,12,31,57, -50.0000000000
2020,11,12,12,31,58, -47.7419000000
2020,11,12,12,31,58, -50.0000000000
2020,11,12,12,31,58, -50.0000000000
2020,11,12,12,31,58, -47.7419000000
2020,11,12,12,31,59, -49.0323000000
2020,11,12,12,31,59, -49.6774000000
2020,11,12,12,31,59, -50.0000000000
2020,11,12,12,31,59, -48.7097000000
2020,11,12,12,32,0, -49.3548000000
2020,11,12,12,32,0, -50.0000000000
2020,11,12,12,32,0, -50.0000000000
2020,11,12,12,32,0, -48.7097000000
2020,11,12,12,32,1, -49.3548000000
2020,11,12,12,32,1, -50.0000000000
2020,11,12,12,32,1, -48.7097000000
2020,11,12,12,32,1, -48.7097000000
2020,11,12,12,32,2, -50.0000000000
2020,11,12,12,32,2, -49.3548000000
2020,11,12,12,32,2, -50.0000000000
2020,11,12,12,32,2, -47.4194000000
2020,11,12,12,32,3, -50.0000000000
2020,11,12,12,32,3, -48.0645000000
2020,11,12,12,32,3, -50.0000000000
2020,11,12,12,32,4, -50.0000000000
2020,11,12,12,32,4, -47.0968000000
2020,11,12,12,32,4, -49.3548000000
2020,11,12,12,32,4, -50.0000000000
2020,11,12,12,32,5, -50.0000000000
2020,11,12,12,32,5, 197.7419000000
2020,11,12,12,32,5, -50.0000000000
2020,11,12,12,32,5, -49.6774000000
2020,11,12,12,32,6, -47.4194000000
2020,11,12,12,32,6, -50.0000000000
2020,11,12,12,32,6, -48.7097000000
2020,11,12,12,32,6, -48.0645000000
2020,11,12,12,32,7, -50.0000000000
2020,11,12,12,32,7, -49.3548000000
2020,11,12,12,32,7, -50.0000000000
2020,11,12,12,32,7, -48.3871000000
2020,11,12,12,32,8, -50.0000000000
2020,11,12,12,32,8, -48.0645000000
2020,11,12,12,32,8, -48.7097000000
2020,11,12,12,32,8, -50.0000000000
2020,11,12,12,32,9, -50.0000000000
2020,11,12,12,32,9, -50.0000000000
2020,11,12,12,32,9, -50.0000000000
2020,11,12,12,32,9,  94.5161000000
2020,11,12,12,32,10, -50.0000000000
2020,11,12,12,32,10, -50.0000000000
2020,11,12,12,32,10, -50.0000000000
2020,11,12,12,32,11, -47.7419000000
2020,11,12,12,32,11, -50.0000000000
2020,11,12,12,32,11, -49.6774000000
2020,11,12,12,32,11, -48.0645000000
2020,11,12,12,32,12, -50.0000000000
2020,11,12,12,32,12, -47.4194000000
2020,11,12,12,32,12, -50.0000000000
2020,11,12,12,32,12, -50.0000000000
2020,11,12,12,32,13, -49.0323000000
2020,11,12,12,32,13, -50.0000000000
2020,11,12,12,32,13, -47.4194000000
2020,11,12,12,32,13, -50.0000000000
2020,11,12,12,32,14, -47.4194000000
2020,11,12,12,32,14, -50.0000000000
2020,11,12,12,32,14, -47.7419000000
2020,11,12,12,32,14, -50.0000000000
2020,11,12,12,32,15, -48.0645000000
2020,11,12,12,32,15, -50.0000000000
2020,11,12,12,32,15, -47.7419000000
2020,11,12,12,32,15, -49.6774000000
2020,11,12,12,32,16, -48.7097000000
2020,11,12,12,32,16, -49.6774000000
2020,11,12,12,32,16, -49.0323000000
2020,11,12,12,32,16, -50.0000000000
2020,11,12,12,32,17, -47.7419000000
2020,11,12,12,32,17, -48.7097000000
2020,11,12,12,32,17, -50.0000000000
2020,11,12,12,32,18, -50.0000000000
2020,11,12,12,32,18, -50.0000000000
2020,11,12,12,32,18, -50.0000000000
2020,11,12,12,32,18, -49.3548000000
2020,11,12,12,32,19, -48.7097000000
2020,11,12,12,32,19, -50.0000000000
2020,11,12,12,32,19, -48.0645000000
2020,11,12,12,32,19, -49.3548000000
2020,11,12,12,32,20, -48.3871000000
2020,11,12,12,32,20, -50.0000000000
2020,11,12,12,32,20, -50.0000000000
2020,11,12,12,32,20, -47.0968000000
2020,11,12,12,32,21, -50.0000000000
2020,11,12,12,32,21, -47.7419000000
2020,11,12,12,32,21, -50.0000000000
2020,11,12,12,32,21, -50.0000000000
2020,11,12,12,32,22, -49.6774000000
2020,11,12,12,32,22, -48.3871000000
2020,11,12,12,32,22, -50.0000000000
2020,11,12,12,32,22, -50.0000000000
2020,11,12,12,32,23, -50.0000000000
2020,11,12,12,32,23, -47.7419000000
2020,11,12,12,32,23, -50.0000000000
2020,11,12,12,32,24, -47.7419000000
2020,11,12,12,32,24, -48.7097000000
2020,11,12,12,32,24, -50.0000000000
2020,11,12,12,32,24, -50.0000000000
2020,11,12,12,32,25, -47.4194000000
2020,11,12,12,32,25, -50.0000000000
2020,11,12,12,32,25, -50.0000000000
2020,11,12,12,32,25, -48.0645000000
2020,11,12,12,32,26, -50.0000000000
2020,11,12,12,32,26, -49.3548000000
2020,11,12,12,32,26, -50.0000000000
2020,11,12,12,32,26, -50.0000000000
2020,11,12,12,32,27, -50.0000000000
2020,11,12,12,32,27, -50.0000000000
2020,11,12,12,32,27, -47.4194000000
2020,11,12,12,32,27, -49.6774000000
2020,11,12,12,32,28, -50.0000000000
2020,11,12,12,32,28, -47.0968000000
2020,11,12,12,32,28, -47.4194000000
2020,11,12,12,32,29, -49.0323000000
2020,11,12,12,32,29, -49.6774000000
2020,11,12,12,32,29, -48.0645000000
2020,11,12,12,32,29, -50.0000000000
2020,11,12,12,32,30, -49.6774000000
2020,11,12,12,32,30, -48.3871000000
2020,11,12,12,32,30, -50.0000000000
2020,11,12,12,32,30, -49.6774000000
2020,11,12,12,32,31, -47.7419000000
2020,11,12,12,32,31, -50.0000000000
2020,11,12,12,32,31, -50.0000000000
2020,11,12,12,32,31, -48.7097000000
2020,11,12,12,32,32, -49.0323000000
2020,11,12,12,32,32, -48.7097000000
2020,11,12,12,32,32, -50.0000000000
2020,11,12,12,32,32, -50.0000000000
2020,11,12,12,32,33, -47.7419000000
2020,11,12,12,32,33, -49.0323000000
2020,11,12,12,32,33, -48.7097000000
2020,11,12,12,32,33, -50.0000000000
2020,11,12,12,32,34, -49.3548000000
2020,11,12,12,32,34, -50.0000000000
2020,11,12,12,32,34, -47.4194000000
2020,11,12,12,32,35, -50.0000000000
2020,11,12,12,32,35, -48.7097000000
2020,11,12,12,32,35, -50.0000000000
2020,11,12,12,32,35, -47.0968000000
2020,11,12,12,32,36, -50.0000000000
2020,11,12,12,32,36, -48.7097000000
2020,11,12,12,32,36, -48.3871000000
2020,11,12,12,32,36, -50.0000000000
2020,11,12,12,32,37, -48.0645000000
2020,11,12,12,32,37, -50.0000000000
2020,11,12,12,32,37, -47.0968000000
2020,11,12,12,32,37, -50.0000000000
2020,11,12,12,32,38, -48.0645000000
2020,11,12,12,32,38, -50.0000000000
2020,11,12,12,32,38, -48.0645000000
2020,11,12,12,32,38, -50.0000000000
2020,11,12,12,32,39, -49.3548000000
2020,11,12,12,32,39, -50.0000000000
2020,11,12,12,32,39, -47.7419000000
2020,11,12,12,32,39, -50.0000000000
2020,11,12,12,32,40, -50.0000000000
2020,11,12,12,32,40, -50.0000000000
2020,11,12,12,32,40, -49.0323000000
2020,11,12,12,32,40, -49.0323000000
2020,11,12,12,32,41, -49.6774000000
2020,11,12,12,32,41, -48.3871000000
2020,11,12,12,32,41, -50.0000000000
2020,11,12,12,32,42, -50.0000000000
2020,11,12,12,32,42, -50.0000000000
2020,11,12,12,32,42, -50.0000000000
2020,11,12,12,32,42, -47.0968000000
2020,11,12,12,32,43, -48.7097000000
2020,11,12,12,32,43, -48.3871000000
2020,11,12,12,32,43, -50.0000000000
2020,11,12,12,32,43, -47.7419000000
2020,11,12,12,32,44, -50.0000000000
2020,11,12,12,32,44, -48.3871000000
2020,11,12,12,32,44, -50.0000000000
2020,11,12,12,32,44, -50.0000000000
2020,11,12,12,32,45, -47.7419000000
2020,11,12,12,32,45, -50.0000000000
2020,11,12,12,32,45, -50.0000000000
2020,11,12,12,32,45, -50.0000000000
2020,11,12,12,32,46, -50.0000000000
2020,11,12,12,32,46, -47.7419000000
2020,11,12,12,32,46, -50.0000000000
2020,11,12,12,32,47, -48.3871000000
2020,11,12,12,32,47, -50.0000000000
2020,11,12,12,32,47, -49.6774000000
2020,11,12,12,32,47, -50.0000000000
2020,11,12,12,32,48, -50.0000000000
2020,11,12,12,32,48, -47.7419000000
2020,11,12,12,32,48, -48.3871000000
2020,11,12,12,32,48, -50.0000000000
2020,11,12,12,32,49, -48.3871000000
2020,11,12,12,32,49, -50.0000000000
2020,11,12,12,32,49, -50.0000000000
2020,11,12,12,32,49, -50.0000000000
2020,11,12,12,32,50, -50.0000000000
2020,11,12,12,32,50, -47.7419000000
2020,11,12,12,32,50, -49.3548000000
2020,11,12,12,32,50, -48.7097000000
2020,11,12,12,32,51, -50.0000000000
2020,11,12,12,32,51, -50.0000000000
2020,11,12,12,32,51, -47.4194000000
2020,11,12,12,32,51, -50.0000000000
2020,11,12,12,32,52, -47.7419000000
2020,11,12,12,32,52, -50.0000000000
2020,11,12,12,32,52, -50.0000000000
2020,11,12,12,32,53, -47.7419000000
2020,11,12,12,32,53, -50.0000000000
2020,11,12,12,32,53, -48.0645000000
2020,11,12,12,32,53, -50.0000000000
2020,11,12,12,32,54, -50.0000000000
2020,11,12,12,32,54, -49.6774000000
2020,11,12,12,32,54, -50.0000000000
