2020,9,21,14,0,0,   5.2400000000
2020,9,21,14,0,1,   5.2680000000
2020,9,21,14,0,1,   5.2360000000
2020,9,21,14,0,1,   5.2440000000
2020,9,21,14,0,1,   5.2440000000
2020,9,21,14,0,2,   5.2440000000
2020,9,21,14,0,2,   5.2400000000
2020,9,21,14,0,2,   5.2440000000
2020,9,21,14,0,2,   5.2400000000
2020,9,21,14,0,3,   5.2400000000
2020,9,21,14,0,3,   5.2360000000
2020,9,21,14,0,3,   5.2360000000
2020,9,21,14,0,4,   5.2680000000
2020,9,21,14,0,4,   5.2400000000
2020,9,21,14,0,4,   5.1360000000
2020,9,21,14,0,4,   5.0960000000
2020,9,21,14,0,5,   5.2440000000
2020,9,21,14,0,5,   5.2400000000
2020,9,21,14,0,5,   5.2360000000
2020,9,21,14,0,5,   5.2600000000
2020,9,21,14,0,6,   5.2600000000
2020,9,21,14,0,6,   5.2280000000
2020,9,21,14,0,6,   5.2240000000
2020,9,21,14,0,6,   5.2280000000
2020,9,21,14,0,7,   5.2240000000
2020,9,21,14,0,7,   5.2240000000
2020,9,21,14,0,7,   5.2280000000
2020,9,21,14,0,7,   5.2280000000
2020,9,21,14,0,8,   5.2280000000
2020,9,21,14,0,8,   5.2560000000
2020,9,21,14,0,8,   5.2240000000
2020,9,21,14,0,9,   5.2240000000
2020,9,21,14,0,9,   5.2240000000
2020,9,21,14,0,9,   5.2600000000
2020,9,21,14,0,9,   5.2240000000
2020,9,21,14,0,10,   5.2200000000
2020,9,21,14,0,10,   5.228000000022020,9,21,14,0,10,   5.252000000022020,9,21,14,0,10,   5.228000000022020,9,21,14,0,11,   5.2280000000
2020,9,21,14,0,11,   5.232000000022020,9,21,14,0,11,   5.228000000022020,9,21,14,0,12,   5.240000000022020,9,21,14,0,12,   5.228000000022020,9,21,14,0,12,   5.256000000022020,9,21,14,0,12,   5.232000000022020,9,21,14,0,13,   5.2280000000
2020,9,21,14,0,13,   5.228000000022020,9,21,14,0,13,   5.2240000000
2020,9,21,14,0,13,   5.2240000000
2020,9,21,14,0,14,   5.2480000000
2020,9,21,14,0,14,   5.252000000022020,9,21,14,0,14,   5.2480000000
2020,9,21,14,0,14,   5.088000000022020,9,21,14,0,15,   5.224000000022020,9,21,14,0,15,   5.252000000022020,9,21,14,0,15,   5.224000000022020,9,21,14,0,16,   5.228000000022020,9,21,14,0,16,   5.252000000022020,9,21,14,0,16,   5.228000000022020,9,21,14,0,16,   5.224000000022020,9,21,14,0,17,   5.256000000022020,9,21,14,0,17,   5.252000000022020,9,21,14,0,17,   5.252000000022020,9,21,14,0,17,   5.228000000022020,9,21,14,0,18,   5.228000000022020,9,21,14,0,18,   5.2560000000
2020,9,21,14,0,18,   5.228000000022020,9,21,14,0,19,   5.232000000022020,9,21,14,0,19,   5.228000000022020,9,21,14,0,19,   5.228000000022020,9,21,14,0,19,   5.224000000022020,9,21,14,0,20,   5.256000000022020,9,21,14,0,20,   5.2440000000
2020,9,21,14,0,20,   5.224000000022020,9,21,14,0,20,   5.228000000022020,9,21,14,0,21,   5.256000000022020,9,21,14,0,21,   5.228000000022020,9,21,14,0,21,   5.228000000022020,9,21,14,0,21,   5.2240000000
2020,9,21,14,0,22,   5.2240000000
2020,9,21,14,0,22,   5.2320000000
2020,9,21,14,0,22,   5.2480000000
2020,9,21,14,0,23,   5.2280000000
2020,9,21,14,0,23,   5.232000000022020,9,21,14,0,23,   5.2520000000
2020,9,21,14,0,23,   5.256000000022020,9,21,14,0,24,   5.224000000022020,9,21,14,0,24,   5.228000000022020,9,21,14,0,24,   5.228000000022020,9,21,14,0,24,   5.228000000022020,9,21,14,0,25,   5.228000000022020,9,21,14,0,25,   5.232000000022020,9,21,14,0,25,   5.160000000022020,9,21,14,0,25,   5.212000000022020,9,21,14,0,26,   5.252000000022020,9,21,14,0,26,   5.232000000022020,9,21,14,0,26,   5.228000000022020,9,21,14,0,27,   5.252000000022020,9,21,14,0,27,   5.252000000022020,9,21,14,0,27,   5.252000000022020,9,21,14,0,27,   5.232000000022020,9,21,14,0,28,   5.228000000022020,9,21,14,0,28,   5.228000000022020,9,21,14,0,28,   5.252000000022020,9,21,14,0,28,   5.228000000022020,9,21,14,0,29,   5.2280000000
2020,9,21,14,0,29,   5.2240000000
2020,9,21,14,0,29,   5.2560000000
2020,9,21,14,0,29,   5.2600000000
2020,9,21,14,0,30,   5.2280000000
2020,9,21,14,0,30,   5.2280000000
2020,9,21,14,0,30,   5.2240000000
2020,9,21,14,0,31,   5.2240000000
2020,9,21,14,0,31,   5.2120000000
2020,9,21,14,0,31,   5.2400000000
2020,9,21,14,0,31,   5.2280000000
2020,9,21,14,0,32,   5.2280000000
2020,9,21,14,0,32,   5.2240000000
2020,9,21,14,0,32,   5.2280000000
2020,9,21,14,0,32,   5.2280000000
2020,9,21,14,0,33,   5.2240000000
2020,9,21,14,0,33,   5.2560000000
2020,9,21,14,0,33,   5.2320000000
2020,9,21,14,0,33,   5.2280000000
2020,9,21,14,0,34,   5.2240000000
2020,9,21,14,0,34,   5.2240000000
2020,9,21,14,0,34,   5.2240000000
2020,9,21,14,0,34,   5.2240000000
2020,9,21,14,0,35,   5.2240000000
2020,9,21,14,0,35,   5.2240000000
2020,9,21,14,0,35,   5.2240000000
2020,9,21,14,0,36,   5.2160000000
2020,9,21,14,0,36,   5.2240000000
2020,9,21,14,0,36,   5.2240000000
2020,9,21,14,0,36,   5.2160000000
2020,9,21,14,0,37,   5.2120000000
2020,9,21,14,0,37,   5.2240000000
2020,9,21,14,0,37,   5.2240000000
2020,9,21,14,0,37,   5.2240000000
2020,9,21,14,0,38,   5.2240000000
2020,9,21,14,0,38,   5.2240000000
2020,9,21,14,0,38,   5.2240000000
2020,9,21,14,0,39,   5.2280000000
2020,9,21,14,0,39,   5.2240000000
2020,9,21,14,0,39,   5.2240000000
2020,9,21,14,0,39,   5.2240000000
2020,9,21,14,0,40,   5.2280000000
2020,9,21,14,0,40,   5.2280000000
2020,9,21,14,0,40,   5.2240000000
2020,9,21,14,0,40,   5.2240000000
2020,9,21,14,0,41,   5.2200000000
2020,9,21,14,0,41,   5.2240000000
2020,9,21,14,0,41,   5.2280000000
2020,9,21,14,0,41,   5.2280000000
2020,9,21,14,0,42,   5.2240000000
2020,9,21,14,0,42,   5.2120000000
2020,9,21,14,0,42,   5.2160000000
2020,9,21,14,0,43,   5.2240000000
2020,9,21,14,0,43,   5.2240000000
2020,9,21,14,0,43,   5.2280000000
2020,9,21,14,0,43,   5.2240000000
2020,9,21,14,0,44,   5.2240000000
2020,9,21,14,0,44,   5.2280000000
2020,9,21,14,0,44,   5.2240000000
2020,9,21,14,0,44,   5.2320000000
2020,9,21,14,0,45,   5.2240000000
2020,9,21,14,0,45,   5.2240000000
2020,9,21,14,0,45,   5.2240000000
2020,9,21,14,0,45,   5.2240000000
2020,9,21,14,0,46,   5.2240000000
2020,9,21,14,0,46,   5.2240000000
2020,9,21,14,0,46,   5.2240000000
2020,9,21,14,0,47,   5.2240000000
2020,9,21,14,0,47,   5.2240000000
2020,9,21,14,0,47,   5.2240000000
2020,9,21,14,0,47,   5.2200000000
2020,9,21,14,0,48,   5.0840000000
2020,9,21,14,0,48,   5.2240000000
2020,9,21,14,0,48,   5.2320000000
2020,9,21,14,0,48,   5.2240000000
2020,9,21,14,0,49,   5.2240000000
2020,9,21,14,0,49,   5.2280000000
2020,9,21,14,0,49,   5.2200000000
2020,9,21,14,0,49,   5.2240000000
2020,9,21,14,0,50,   5.2280000000
2020,9,21,14,0,50,   5.2240000000
2020,9,21,14,0,50,   5.2240000000
2020,9,21,14,0,51,   5.2240000000
2020,9,21,14,0,51,   5.2240000000
2020,9,21,14,0,51,   5.2240000000
2020,9,21,14,0,51,   5.2240000000
2020,9,21,14,0,52,   5.2240000000
2020,9,21,14,0,52,   5.2240000000
2020,9,21,14,0,52,   5.2240000000
2020,9,21,14,0,52,   5.2240000000
2020,9,21,14,0,53,   5.2240000000
2020,9,21,14,0,53,   5.2120000000
2020,9,21,14,0,53,   5.2000000000
2020,9,21,14,0,53,   5.2240000000
2020,9,21,14,0,54,   5.2280000000
2020,9,21,14,0,54,   5.2240000000
2020,9,21,14,0,54,   5.2280000000
2020,9,21,14,0,55,   5.2240000000
2020,9,21,14,0,55,   5.2240000000
2020,9,21,14,0,55,   5.2280000000
2020,9,21,14,0,55,   5.2280000000
2020,9,21,14,0,56,   5.2240000000
2020,9,21,14,0,56,   5.2240000000
2020,9,21,14,0,56,   5.2280000000
2020,9,21,14,0,56,   5.2240000000
2020,9,21,14,0,57,   5.2240000000
2020,9,21,14,0,57,   5.2240000000
2020,9,21,14,0,57,   5.2240000000
2020,9,21,14,0,57,   5.2240000000
2020,9,21,14,0,58,   5.2240000000
2020,9,21,14,0,58,   5.2240000000
2020,9,21,14,0,58,   5.2240000000
2020,9,21,14,0,59,   5.2080000000
2020,9,21,14,0,59,   5.2200000000
2020,9,21,14,0,59,   5.2240000000
2020,9,21,14,0,59,   5.2280000000
2020,9,21,14,1,0,   5.2240000000
2020,9,21,14,1,0,   5.2280000000
2020,9,21,14,1,0,   5.2240000000
2020,9,21,14,1,0,   5.2280000000
2020,9,21,14,1,1,   5.2200000000
2020,9,21,14,1,1,   5.2240000000
2020,9,21,14,1,1,   5.2240000000
2020,9,21,14,1,1,   5.2320000000
2020,9,21,14,1,2,   5.2240000000
2020,9,21,14,1,2,   5.2240000000
2020,9,21,14,1,2,   5.2240000000
2020,9,21,14,1,2,   5.2240000000
2020,9,21,14,1,3,   5.2240000000
2020,9,21,14,1,3,   5.2240000000
2020,9,21,14,1,3,   5.2240000000
2020,9,21,14,1,3,   5.2240000000
2020,9,21,14,1,4,   5.2240000000
2020,9,21,14,1,4,   5.2120000000
2020,9,21,14,1,4,   5.2120000000
2020,9,21,14,1,5,   5.2240000000
2020,9,21,14,1,5,   5.2240000000
2020,9,21,14,1,5,   5.2240000000
2020,9,21,14,1,5,   5.2320000000
2020,9,21,14,1,6,   5.2240000000
2020,9,21,14,1,6,   5.2320000000
2020,9,21,14,1,6,   5.2240000000
2020,9,21,14,1,6,   5.2240000000
2020,9,21,14,1,7,   5.2240000000
2020,9,21,14,1,7,   5.2240000000
2020,9,21,14,1,7,   5.2240000000
2020,9,21,14,1,7,   5.2160000000
2020,9,21,14,1,8,   5.2240000000
2020,9,21,14,1,8,   5.2240000000
2020,9,21,14,1,8,   5.2280000000
2020,9,21,14,1,8,   5.2240000000
2020,9,21,14,1,9,   5.2240000000
2020,9,21,14,1,9,   5.2320000000
2020,9,21,14,1,9,   5.2240000000
2020,9,21,14,1,10,   5.2200000000
2020,9,21,14,1,10,   5.2120000000
2020,9,21,14,1,10,   5.2240000000
2020,9,21,14,1,10,   5.2240000000
2020,9,21,14,1,11,   5.2160000000
2020,9,21,14,1,11,   5.2280000000
2020,9,21,14,1,11,   5.2280000000
2020,9,21,14,1,11,   5.2240000000
2020,9,21,14,1,12,   5.2240000000
2020,9,21,14,1,12,   5.2240000000
2020,9,21,14,1,12,   5.2240000000
2020,9,21,14,1,12,   5.2320000000
2020,9,21,14,1,13,   5.2240000000
2020,9,21,14,1,13,   5.2280000000
2020,9,21,14,1,13,   5.2240000000
2020,9,21,14,1,13,   5.2280000000
2020,9,21,14,1,14,   5.2280000000
2020,9,21,14,1,14,   5.2240000000
2020,9,21,14,1,14,   5.2120000000
2020,9,21,14,1,14,   5.2120000000
2020,9,21,14,1,15,   5.2240000000
2020,9,21,14,1,15,   5.2240000000
2020,9,21,14,1,15,   5.2280000000
2020,9,21,14,1,16,   5.2280000000
2020,9,21,14,1,16,   5.2280000000
2020,9,21,14,1,16,   5.2240000000
2020,9,21,14,1,16,   5.2240000000
2020,9,21,14,1,17,   5.2240000000
2020,9,21,14,1,17,   5.2240000000
2020,9,21,14,1,17,   5.2200000000
2020,9,21,14,1,17,   5.2240000000
2020,9,21,14,1,18,   5.2240000000
2020,9,21,14,1,18,   5.2240000000
2020,9,21,14,1,18,   5.2280000000
2020,9,21,14,1,18,   5.2280000000
2020,9,21,14,1,19,   5.2240000000
2020,9,21,14,1,19,   5.2200000000
2020,9,21,14,1,19,   5.2280000000
2020,9,21,14,1,19,   5.2240000000
2020,9,21,14,1,20,   5.2120000000
2020,9,21,14,1,20,   5.2120000000
2020,9,21,14,1,20,   5.2240000000
2020,9,21,14,1,21,   5.2240000000
2020,9,21,14,1,21,   5.224000000022020,9,21,14,1,21,   5.2240000000
2020,9,21,14,1,21,   5.232000000022020,9,21,14,1,22,   5.2280000000
2020,9,21,14,1,22,   5.224000000022020,9,21,14,1,22,   5.2200000000
2020,9,21,14,1,22,   5.224000000022020,9,21,14,1,23,   5.2240000000
2020,9,21,14,1,23,   5.2240000000
2020,9,21,14,1,23,   5.228000000022020,9,21,14,1,23,   5.2240000000
2020,9,21,14,1,24,   5.2280000000
2020,9,21,14,1,24,   5.2240000000
2020,9,21,14,1,24,   5.2240000000
2020,9,21,14,1,25,   5.2240000000
2020,9,21,14,1,25,   5.2240000000
2020,9,21,14,1,25,   5.2320000000
2020,9,21,14,1,25,   5.2160000000
2020,9,21,14,1,26,   5.0720000000
2020,9,21,14,1,26,   5.2280000000
2020,9,21,14,1,26,   5.2240000000
2020,9,21,14,1,26,   5.2280000000
2020,9,21,14,1,27,   5.2200000000
2020,9,21,14,1,27,   5.2280000000
2020,9,21,14,1,27,   5.2280000000
2020,9,21,14,1,27,   5.2240000000
2020,9,21,14,1,28,   5.2200000000
2020,9,21,14,1,28,   5.2280000000
2020,9,21,14,1,28,   5.2240000000
2020,9,21,14,1,28,   5.2240000000
2020,9,21,14,1,29,   5.2280000000
2020,9,21,14,1,29,   5.2240000000
2020,9,21,14,1,29,   5.2240000000
2020,9,21,14,1,30,   5.2280000000
2020,9,21,14,1,30,   5.2240000000
2020,9,21,14,1,30,   5.2240000000
2020,9,21,14,1,30,   5.2240000000
2020,9,21,14,1,31,   5.2240000000
2020,9,21,14,1,31,   5.2200000000
2020,9,21,14,1,31,   5.2120000000
2020,9,21,14,1,31,   5.224000000022020,9,21,14,1,32,   5.2240000000
2020,9,21,14,1,32,   5.224000000022020,9,21,14,1,32,   5.2240000000
2020,9,21,14,1,32,   5.228000000022020,9,21,14,1,33,   5.2240000000
2020,9,21,14,1,33,   5.228000000022020,9,21,14,1,33,   5.2240000000
2020,9,21,14,1,34,   5.2280000000
2020,9,21,14,1,34,   5.228000000022020,9,21,14,1,34,   5.2240000000
2020,9,21,14,1,34,   5.2200000000
2020,9,21,14,1,35,   5.2320000000
2020,9,21,14,1,35,   5.2240000000
2020,9,21,14,1,35,   5.2240000000
2020,9,21,14,1,35,   5.2280000000
2020,9,21,14,1,36,   5.2240000000
2020,9,21,14,1,36,   5.2240000000
2020,9,21,14,1,36,   5.1760000000
2020,9,21,14,1,36,   5.2080000000
2020,9,21,14,1,37,   5.2200000000
2020,9,21,14,1,37,   5.2240000000
2020,9,21,14,1,37,   5.2240000000
2020,9,21,14,1,38,   5.2240000000
2020,9,21,14,1,38,   5.2240000000
2020,9,21,14,1,38,   5.2200000000
2020,9,21,14,1,38,   5.2280000000
2020,9,21,14,1,39,   5.2240000000
2020,9,21,14,1,39,   5.2280000000
2020,9,21,14,1,39,   5.2240000000
2020,9,21,14,1,39,   5.2280000000
2020,9,21,14,1,40,   5.2240000000
2020,9,21,14,1,40,   5.2240000000
2020,9,21,14,1,40,   5.2240000000
2020,9,21,14,1,40,   5.2200000000
2020,9,21,14,1,41,   5.2240000000
2020,9,21,14,1,41,   5.2240000000
2020,9,21,14,1,41,   5.2240000000
2020,9,21,14,1,42,   5.2240000000
2020,9,21,14,1,42,   5.0880000000
2020,9,21,14,1,42,   5.0880000000
2020,9,21,14,1,42,   5.2240000000
2020,9,21,14,1,43,   5.2240000000
2020,9,21,14,1,43,   5.2240000000
2020,9,21,14,1,43,   5.2240000000
2020,9,21,14,1,43,   5.2240000000
2020,9,21,14,1,44,   5.2320000000
2020,9,21,14,1,44,   5.2240000000
2020,9,21,14,1,44,   5.2320000000
2020,9,21,14,1,44,   5.2240000000
2020,9,21,14,1,45,   5.2240000000
2020,9,21,14,1,45,   5.2200000000
2020,9,21,14,1,45,   5.2240000000
2020,9,21,14,1,45,   5.2240000000
2020,9,21,14,1,46,   5.2240000000
2020,9,21,14,1,46,   5.2240000000
2020,9,21,14,1,46,   5.2240000000
2020,9,21,14,1,47,   5.2240000000
2020,9,21,14,1,47,   5.2240000000
2020,9,21,14,1,47,   5.2240000000
2020,9,21,14,1,47,   5.0880000000
2020,9,21,14,1,48,   5.2160000000
2020,9,21,14,1,48,   5.2200000000
2020,9,21,14,1,48,   5.2240000000
2020,9,21,14,1,48,   5.2200000000
2020,9,21,14,1,49,   5.2240000000
2020,9,21,14,1,49,   5.2240000000
2020,9,21,14,1,49,   5.2240000000
2020,9,21,14,1,49,   5.2320000000
2020,9,21,14,1,50,   5.2200000000
2020,9,21,14,1,50,   5.2200000000
2020,9,21,14,1,50,   5.2200000000
2020,9,21,14,1,51,   5.2240000000
2020,9,21,14,1,51,   5.2240000000
2020,9,21,14,1,51,   5.2240000000
2020,9,21,14,1,51,   5.2320000000
2020,9,21,14,1,52,   5.2240000000
2020,9,21,14,1,52,   5.2320000000
2020,9,21,14,1,52,   5.2240000000
2020,9,21,14,1,52,   5.2240000000
2020,9,21,14,1,53,   5.2240000000
2020,9,21,14,1,53,   5.2120000000
2020,9,21,14,1,53,   5.2040000000
2020,9,21,14,1,53,   5.2240000000
2020,9,21,14,1,54,   5.2240000000
2020,9,21,14,1,54,   5.2240000000
2020,9,21,14,1,54,   5.2240000000
2020,9,21,14,1,54,   5.2200000000
2020,9,21,14,1,55,   5.2240000000
2020,9,21,14,1,55,   5.2320000000
2020,9,21,14,1,55,   5.2240000000
2020,9,21,14,1,56,   5.2240000000
2020,9,21,14,1,56,   5.2240000000
2020,9,21,14,1,56,   5.2200000000
2020,9,21,14,1,56,   5.2240000000
2020,9,21,14,1,57,   5.2280000000
2020,9,21,14,1,57,   5.2240000000
2020,9,21,14,1,57,   5.2240000000
2020,9,21,14,1,57,   5.2240000000
2020,9,21,14,1,58,   5.2240000000
2020,9,21,14,1,58,   5.2280000000
2020,9,21,14,1,58,   5.2200000000
2020,9,21,14,1,59,   5.2120000000
2020,9,21,14,1,59,   5.2160000000
2020,9,21,14,1,59,   5.2240000000
2020,9,21,14,1,59,   5.2240000000
2020,9,21,14,2,0,   5.2280000000
2020,9,21,14,2,0,   5.2240000000
2020,9,21,14,2,0,   5.2240000000
2020,9,21,14,2,0,   5.2200000000
2020,9,21,14,2,1,   5.2240000000
2020,9,21,14,2,1,   5.2320000000
2020,9,21,14,2,1,   5.2240000000
2020,9,21,14,2,2,   5.2280000000
2020,9,21,14,2,2,   5.2240000000
2020,9,21,14,2,2,   5.2240000000
2020,9,21,14,2,2,   5.2240000000
2020,9,21,14,2,3,   5.2320000000
2020,9,21,14,2,3,   5.2080000000
2020,9,21,14,2,3,   5.2280000000
2020,9,21,14,2,3,   5.2240000000
2020,9,21,14,2,4,   5.2240000000
2020,9,21,14,2,4,   5.2120000000
2020,9,21,14,2,4,   5.2120000000
2020,9,21,14,2,4,   5.2240000000
2020,9,21,14,2,5,   5.2240000000
2020,9,21,14,2,5,   5.2240000000
2020,9,21,14,2,5,   5.2240000000
2020,9,21,14,2,6,   5.2240000000
2020,9,21,14,2,6,   5.2240000000
2020,9,21,14,2,6,   5.2320000000
2020,9,21,14,2,6,   5.2280000000
2020,9,21,14,2,7,   5.2240000000
2020,9,21,14,2,7,   5.2240000000
2020,9,21,14,2,7,   5.2240000000
2020,9,21,14,2,7,   5.2240000000
2020,9,21,14,2,8,   5.2240000000
2020,9,21,14,2,8,   5.2240000000
2020,9,21,14,2,8,   5.2200000000
2020,9,21,14,2,8,   5.2240000000
2020,9,21,14,2,9,   5.2280000000
2020,9,21,14,2,9,   5.2240000000
2020,9,21,14,2,9,   5.2240000000
2020,9,21,14,2,10,   5.2240000000
2020,9,21,14,2,10,   5.2240000000
2020,9,21,14,2,10,   5.2280000000
2020,9,21,14,2,10,   5.2240000000
2020,9,21,14,2,11,   5.2280000000
2020,9,21,14,2,11,   5.2240000000
2020,9,21,14,2,11,   5.2320000000
2020,9,21,14,2,11,   5.2320000000
2020,9,21,14,2,12,   5.2240000000
2020,9,21,14,2,12,   5.2240000000
2020,9,21,14,2,12,   5.2200000000
2020,9,21,14,2,13,   5.2240000000
2020,9,21,14,2,13,   5.2240000000
2020,9,21,14,2,13,   5.2240000000
2020,9,21,14,2,13,   5.2240000000
2020,9,21,14,2,14,   5.2240000000
2020,9,21,14,2,14,   5.2280000000
2020,9,21,14,2,14,   5.2080000000
2020,9,21,14,2,14,   5.2120000000
2020,9,21,14,2,15,   5.2240000000
2020,9,21,14,2,15,   5.2240000000
2020,9,21,14,2,15,   5.2280000000
2020,9,21,14,2,16,   5.2240000000
2020,9,21,14,2,16,   5.2320000000
2020,9,21,14,2,16,   5.2160000000
2020,9,21,14,2,16,   5.2240000000
2020,9,21,14,2,17,   5.2240000000
2020,9,21,14,2,17,   5.2240000000
2020,9,21,14,2,17,   5.2240000000
2020,9,21,14,2,17,   5.2240000000
2020,9,21,14,2,18,   5.2240000000
2020,9,21,14,2,18,   5.2160000000
2020,9,21,14,2,18,   5.2320000000
2020,9,21,14,2,19,   5.2240000000
2020,9,21,14,2,19,   5.2240000000
2020,9,21,14,2,19,   5.2240000000
2020,9,21,14,2,19,   5.2280000000
2020,9,21,14,2,20,   5.2200000000
2020,9,21,14,2,20,   5.0960000000
2020,9,21,14,2,20,   5.2160000000
2020,9,21,14,2,20,   5.2240000000
2020,9,21,14,2,21,   5.2240000000
2020,9,21,14,2,21,   5.2240000000
2020,9,21,14,2,21,   5.2240000000
2020,9,21,14,2,21,   5.2240000000
2020,9,21,14,2,22,   5.2240000000
2020,9,21,14,2,22,   5.2240000000
2020,9,21,14,2,22,   5.2240000000
2020,9,21,14,2,22,   5.2280000000
2020,9,21,14,2,23,   5.2200000000
2020,9,21,14,2,23,   5.2240000000
2020,9,21,14,2,23,   5.2240000000
2020,9,21,14,2,24,   5.2200000000
2020,9,21,14,2,24,   5.2200000000
2020,9,21,14,2,24,   5.2240000000
2020,9,21,14,2,24,   5.2200000000
2020,9,21,14,2,25,   5.2240000000
2020,9,21,14,2,25,   5.2200000000
2020,9,21,14,2,25,   5.2080000000
2020,9,21,14,2,25,   5.1240000000
2020,9,21,14,2,26,   5.2200000000
2020,9,21,14,2,26,   5.2280000000
2020,9,21,14,2,26,   5.2200000000
2020,9,21,14,2,27,   5.2280000000
2020,9,21,14,2,27,   5.2240000000
2020,9,21,14,2,27,   5.2280000000
2020,9,21,14,2,27,   5.2200000000
2020,9,21,14,2,28,   5.2240000000
2020,9,21,14,2,28,   5.2240000000
2020,9,21,14,2,28,   5.2240000000
2020,9,21,14,2,28,   5.2240000000
2020,9,21,14,2,29,   5.2200000000
2020,9,21,14,2,29,   5.2200000000
2020,9,21,14,2,29,   5.2240000000
2020,9,21,14,2,30,   5.2240000000
2020,9,21,14,2,30,   5.2240000000
2020,9,21,14,2,30,   5.2280000000
2020,9,21,14,2,30,   5.2240000000
2020,9,21,14,2,31,   5.2240000000
2020,9,21,14,2,31,   5.2240000000
2020,9,21,14,2,31,   5.2120000000
2020,9,21,14,2,31,   5.2240000000
2020,9,21,14,2,32,   5.2280000000
2020,9,21,14,2,32,   5.2280000000
2020,9,21,14,2,32,   5.2240000000
2020,9,21,14,2,32,   5.2240000000
2020,9,21,14,2,33,   5.2240000000
2020,9,21,14,2,33,   5.2200000000
2020,9,21,14,2,33,   5.2240000000
2020,9,21,14,2,34,   5.2240000000
2020,9,21,14,2,34,   5.2240000000
2020,9,21,14,2,34,   5.2280000000
2020,9,21,14,2,34,   5.2200000000
2020,9,21,14,2,35,   5.2240000000
2020,9,21,14,2,35,   5.2240000000
2020,9,21,14,2,35,   5.2240000000
2020,9,21,14,2,35,   5.2200000000
2020,9,21,14,2,36,   5.2200000000
2020,9,21,14,2,36,   5.2240000000
2020,9,21,14,2,36,   5.2120000000
2020,9,21,14,2,37,   5.2120000000
2020,9,21,14,2,37,   5.2240000000
2020,9,21,14,2,37,   5.2240000000
2020,9,21,14,2,37,   5.2240000000
2020,9,21,14,2,38,   5.2240000000
2020,9,21,14,2,38,   5.2240000000
2020,9,21,14,2,38,   5.2080000000
2020,9,21,14,2,38,   5.2240000000
2020,9,21,14,2,39,   5.2240000000
2020,9,21,14,2,39,   5.2280000000
2020,9,21,14,2,39,   5.2240000000
2020,9,21,14,2,39,   5.2280000000
2020,9,21,14,2,40,   5.2320000000
2020,9,21,14,2,40,   5.2280000000
2020,9,21,14,2,40,   5.2280000000
2020,9,21,14,2,41,   5.2200000000
2020,9,21,14,2,41,   5.2240000000
2020,9,21,14,2,41,   5.2240000000
2020,9,21,14,2,41,   5.2240000000
2020,9,21,14,2,42,   5.2240000000
2020,9,21,14,2,42,   5.2160000000
2020,9,21,14,2,42,   5.2160000000
2020,9,21,14,2,42,   5.2200000000
2020,9,21,14,2,43,   5.2240000000
2020,9,21,14,2,43,   5.2240000000
2020,9,21,14,2,43,   5.2240000000
2020,9,21,14,2,43,   5.2240000000
2020,9,21,14,2,44,   5.2240000000
2020,9,21,14,2,44,   5.2280000000
2020,9,21,14,2,44,   5.2240000000
2020,9,21,14,2,45,   5.2240000000
2020,9,21,14,2,45,   5.2200000000
2020,9,21,14,2,45,   5.2240000000
2020,9,21,14,2,45,   5.2280000000
2020,9,21,14,2,46,   5.2240000000
2020,9,21,14,2,46,   5.2240000000
2020,9,21,14,2,46,   5.2240000000
2020,9,21,14,2,46,   5.2240000000
2020,9,21,14,2,47,   5.2240000000
2020,9,21,14,2,47,   5.2240000000
2020,9,21,14,2,47,   5.1120000000
2020,9,21,14,2,48,   5.2120000000
2020,9,21,14,2,48,   5.2200000000
2020,9,21,14,2,48,   5.2240000000
2020,9,21,14,2,48,   5.2200000000
2020,9,21,14,2,49,   5.2280000000
2020,9,21,14,2,49,   5.2240000000
2020,9,21,14,2,49,   5.2240000000
2020,9,21,14,2,49,   5.2320000000
2020,9,21,14,2,50,   5.2280000000
2020,9,21,14,2,50,   5.2240000000
2020,9,21,14,2,50,   5.2240000000
2020,9,21,14,2,50,   5.2240000000
2020,9,21,14,2,51,   5.2240000000
2020,9,21,14,2,51,   5.2200000000
2020,9,21,14,2,51,   5.2280000000
2020,9,21,14,2,52,   5.2240000000
2020,9,21,14,2,52,   5.2320000000
2020,9,21,14,2,52,   5.2200000000
2020,9,21,14,2,52,   5.2200000000
2020,9,21,14,2,53,   5.2080000000
2020,9,21,14,2,53,   5.2120000000
2020,9,21,14,2,53,   5.2160000000
2020,9,21,14,2,53,   5.2240000000
2020,9,21,14,2,54,   5.2320000000
2020,9,21,14,2,54,   5.2240000000
2020,9,21,14,2,54,   5.2280000000
2020,9,21,14,2,55,   5.2240000000
2020,9,21,14,2,55,   5.2280000000
2020,9,21,14,2,55,   5.2240000000
2020,9,21,14,2,55,   5.2200000000
2020,9,21,14,2,56,   5.2240000000
2020,9,21,14,2,56,   5.2240000000
2020,9,21,14,2,56,   5.2240000000
2020,9,21,14,2,56,   5.2240000000
2020,9,21,14,2,57,   5.2240000000
2020,9,21,14,2,57,   5.2280000000
2020,9,21,14,2,57,   5.2280000000
2020,9,21,14,2,57,   5.2320000000
2020,9,21,14,2,58,   5.2240000000
2020,9,21,14,2,58,   5.2240000000
2020,9,21,14,2,58,   5.2240000000
2020,9,21,14,2,58,   5.1880000000
2020,9,21,14,2,59,   5.2000000000
2020,9,21,14,2,59,   5.2240000000
2020,9,21,14,2,59,   5.2200000000
2020,9,21,14,3,0,   5.2320000000
2020,9,21,14,3,0,   5.2240000000
2020,9,21,14,3,0,   5.2240000000
2020,9,21,14,3,0,   5.2240000000
2020,9,21,14,3,1,   5.2320000000
2020,9,21,14,3,1,   5.2240000000
2020,9,21,14,3,1,   5.2240000000
2020,9,21,14,3,1,   5.2240000000
2020,9,21,14,3,2,   5.2240000000
2020,9,21,14,3,2,   5.2240000000
2020,9,21,14,3,2,   5.2240000000
2020,9,21,14,3,2,   5.2240000000
2020,9,21,14,3,3,   5.2240000000
2020,9,21,14,3,3,   5.2240000000
2020,9,21,14,3,3,   5.2240000000
2020,9,21,14,3,4,   5.2200000000
2020,9,21,14,3,4,   5.2240000000
2020,9,21,14,3,4,   5.2000000000
2020,9,21,14,3,4,   5.2040000000
2020,9,21,14,3,5,   5.2240000000
2020,9,21,14,3,5,   5.2280000000
2020,9,21,14,3,5,   5.2240000000
2020,9,21,14,3,5,   5.2240000000
2020,9,21,14,3,6,   5.2240000000
2020,9,21,14,3,6,   5.2240000000
2020,9,21,14,3,6,   5.2240000000
2020,9,21,14,3,6,   5.2240000000
2020,9,21,14,3,7,   5.2200000000
2020,9,21,14,3,7,   5.2200000000
2020,9,21,14,3,7,   5.2200000000
2020,9,21,14,3,8,   5.2280000000
2020,9,21,14,3,8,   5.2240000000
2020,9,21,14,3,8,   5.2240000000
2020,9,21,14,3,8,   5.2240000000
2020,9,21,14,3,9,   5.2200000000
2020,9,21,14,3,9,   5.2280000000
2020,9,21,14,3,9,   5.2280000000
2020,9,21,14,3,9,   5.1320000000
2020,9,21,14,3,10,   5.2200000000
2020,9,21,14,3,10,   5.2200000000
2020,9,21,14,3,10,   5.2120000000
2020,9,21,14,3,10,   5.2200000000
2020,9,21,14,3,11,   5.2240000000
2020,9,21,14,3,11,   5.2280000000
2020,9,21,14,3,11,   5.2240000000
2020,9,21,14,3,12,   5.2240000000
2020,9,21,14,3,12,   5.2240000000
2020,9,21,14,3,12,   5.2280000000
2020,9,21,14,3,12,   5.2320000000
2020,9,21,14,3,13,   5.2200000000
2020,9,21,14,3,13,   5.2200000000
2020,9,21,14,3,13,   5.2320000000
2020,9,21,14,3,13,   5.2240000000
2020,9,21,14,3,14,   5.2240000000
2020,9,21,14,3,14,   5.2320000000
2020,9,21,14,3,14,   5.2120000000
2020,9,21,14,3,14,   5.2160000000
2020,9,21,14,3,15,   5.2240000000
2020,9,21,14,3,15,   5.2240000000
2020,9,21,14,3,15,   5.2280000000
2020,9,21,14,3,16,   5.2240000000
2020,9,21,14,3,16,   5.2240000000
2020,9,21,14,3,16,   5.2240000000
2020,9,21,14,3,16,   5.2240000000
2020,9,21,14,3,17,   5.2240000000
2020,9,21,14,3,17,   5.2240000000
2020,9,21,14,3,17,   5.2240000000
2020,9,21,14,3,17,   5.2240000000
2020,9,21,14,3,18,   5.2240000000
2020,9,21,14,3,18,   5.2200000000
2020,9,21,14,3,18,   5.2240000000
2020,9,21,14,3,19,   5.2240000000
2020,9,21,14,3,19,   5.2240000000
2020,9,21,14,3,19,   5.2240000000
2020,9,21,14,3,19,   5.2240000000
2020,9,21,14,3,20,   5.2120000000
2020,9,21,14,3,20,   5.2120000000
2020,9,21,14,3,20,   5.2240000000
2020,9,21,14,3,20,   5.2240000000
2020,9,21,14,3,21,   5.2240000000
2020,9,21,14,3,21,   5.2240000000
2020,9,21,14,3,21,   5.2240000000
2020,9,21,14,3,22,   5.2280000000
2020,9,21,14,3,22,   5.2240000000
2020,9,21,14,3,22,   5.2200000000
2020,9,21,14,3,22,   5.2240000000
2020,9,21,14,3,23,   5.2280000000
2020,9,21,14,3,23,   5.2200000000
2020,9,21,14,3,23,   5.2240000000
2020,9,21,14,3,23,   5.2240000000
2020,9,21,14,3,24,   5.2240000000
2020,9,21,14,3,24,   5.2240000000
2020,9,21,14,3,24,   5.2240000000
2020,9,21,14,3,24,   5.2240000000
2020,9,21,14,3,25,   5.2240000000
2020,9,21,14,3,25,   5.2240000000
2020,9,21,14,3,25,   5.2160000000
2020,9,21,14,3,26,   5.2120000000
2020,9,21,14,3,26,   5.2240000000
2020,9,21,14,3,26,   5.2240000000
2020,9,21,14,3,26,   5.2240000000
2020,9,21,14,3,27,   5.2200000000
2020,9,21,14,3,27,   5.2240000000
2020,9,21,14,3,27,   5.2240000000
2020,9,21,14,3,27,   5.2240000000
2020,9,21,14,3,28,   5.2240000000
2020,9,21,14,3,28,   5.2280000000
2020,9,21,14,3,28,   5.2280000000
2020,9,21,14,3,28,   5.2240000000
2020,9,21,14,3,29,   5.2200000000
2020,9,21,14,3,29,   5.2240000000
2020,9,21,14,3,29,   5.2240000000
2020,9,21,14,3,30,   5.2200000000
2020,9,21,14,3,30,   5.2240000000
2020,9,21,14,3,30,   5.2240000000
2020,9,21,14,3,30,   5.2280000000
2020,9,21,14,3,31,   5.2240000000
2020,9,21,14,3,31,   5.2080000000
2020,9,21,14,3,31,   5.2200000000
2020,9,21,14,3,31,   5.2240000000
2020,9,21,14,3,32,   5.2240000000
2020,9,21,14,3,32,   5.2240000000
2020,9,21,14,3,32,   5.2280000000
2020,9,21,14,3,33,   5.2200000000
2020,9,21,14,3,33,   5.2240000000
2020,9,21,14,3,33,   5.2240000000
2020,9,21,14,3,33,   5.2240000000
2020,9,21,14,3,34,   5.2240000000
2020,9,21,14,3,34,   5.2240000000
2020,9,21,14,3,34,   5.2200000000
2020,9,21,14,3,34,   5.2240000000
2020,9,21,14,3,35,   5.2280000000
2020,9,21,14,3,35,   5.2240000000
2020,9,21,14,3,35,   5.2240000000
2020,9,21,14,3,36,   5.2240000000
2020,9,21,14,3,36,   5.2240000000
2020,9,21,14,3,36,   5.2280000000
2020,9,21,14,3,36,   5.2160000000
2020,9,21,14,3,37,   5.2200000000
2020,9,21,14,3,37,   5.2200000000
2020,9,21,14,3,37,   5.2240000000
2020,9,21,14,3,37,   5.2240000000
2020,9,21,14,3,38,   5.2240000000
2020,9,21,14,3,38,   5.2240000000
2020,9,21,14,3,38,   5.2320000000
2020,9,21,14,3,38,   5.2240000000
2020,9,21,14,3,39,   5.2240000000
2020,9,21,14,3,39,   5.2240000000
2020,9,21,14,3,39,   5.2240000000
2020,9,21,14,3,40,   5.2240000000
2020,9,21,14,3,40,   5.2240000000
2020,9,21,14,3,40,   5.2240000000
2020,9,21,14,3,40,   5.2280000000
2020,9,21,14,3,41,   5.2240000000
2020,9,21,14,3,41,   5.2240000000
2020,9,21,14,3,41,   5.2240000000
2020,9,21,14,3,41,   5.2240000000
2020,9,21,14,3,42,   5.2240000000
2020,9,21,14,3,42,   5.2120000000
2020,9,21,14,3,42,   5.2120000000
2020,9,21,14,3,42,   5.2240000000
2020,9,21,14,3,43,   5.2280000000
2020,9,21,14,3,43,   5.2240000000
2020,9,21,14,3,43,   5.2200000000
2020,9,21,14,3,43,   5.2240000000
2020,9,21,14,3,44,   5.2240000000
2020,9,21,14,3,44,   5.2280000000
2020,9,21,14,3,44,   5.2240000000
2020,9,21,14,3,45,   5.2240000000
2020,9,21,14,3,45,   5.2240000000
2020,9,21,14,3,45,   5.2240000000
2020,9,21,14,3,45,   5.2240000000
2020,9,21,14,3,46,   5.2240000000
2020,9,21,14,3,46,   5.2240000000
2020,9,21,14,3,46,   5.2240000000
2020,9,21,14,3,46,   5.2240000000
2020,9,21,14,3,47,   5.2240000000
2020,9,21,14,3,47,   5.2240000000
2020,9,21,14,3,47,   5.2240000000
2020,9,21,14,3,47,   5.2120000000
2020,9,21,14,3,48,   5.2120000000
2020,9,21,14,3,48,   5.2240000000
2020,9,21,14,3,48,   5.2240000000
2020,9,21,14,3,48,   5.2280000000
2020,9,21,14,3,49,   5.2280000000
2020,9,21,14,3,49,   5.2240000000
2020,9,21,14,3,49,   5.2240000000
2020,9,21,14,3,50,   5.2240000000
2020,9,21,14,3,50,   5.2240000000
2020,9,21,14,3,50,   5.2240000000
2020,9,21,14,3,50,   5.2240000000
2020,9,21,14,3,51,   5.2280000000
2020,9,21,14,3,51,   5.2280000000
2020,9,21,14,3,51,   5.2240000000
2020,9,21,14,3,51,   5.2280000000
2020,9,21,14,3,52,   5.2240000000
2020,9,21,14,3,52,   5.2320000000
2020,9,21,14,3,52,   5.2240000000
2020,9,21,14,3,52,   5.2240000000
2020,9,21,14,3,53,   5.2240000000
2020,9,21,14,3,53,   5.0920000000
2020,9,21,14,3,53,   5.1240000000
2020,9,21,14,3,53,   5.2280000000
2020,9,21,14,3,54,   5.2240000000
2020,9,21,14,3,54,   5.2240000000
2020,9,21,14,3,54,   5.2240000000
2020,9,21,14,3,55,   5.2320000000
2020,9,21,14,3,55,   5.2200000000
2020,9,21,14,3,55,   5.2280000000
2020,9,21,14,3,55,   5.2240000000
2020,9,21,14,3,56,   5.2240000000
2020,9,21,14,3,56,   5.2240000000
2020,9,21,14,3,56,   5.2240000000
2020,9,21,14,3,56,   5.2240000000
2020,9,21,14,3,57,   5.2200000000
2020,9,21,14,3,57,   5.2240000000
2020,9,21,14,3,57,   5.2200000000
2020,9,21,14,3,57,   5.2240000000
2020,9,21,14,3,58,   5.2240000000
2020,9,21,14,3,58,   5.2240000000
2020,9,21,14,3,58,   5.2240000000
2020,9,21,14,3,59,   5.2160000000
2020,9,21,14,3,59,   5.2120000000
2020,9,21,14,3,59,   5.2240000000
2020,9,21,14,3,59,   5.2320000000
2020,9,21,14,4,0,   5.2240000000
2020,9,21,14,4,0,   5.2240000000
2020,9,21,14,4,0,   5.2240000000
2020,9,21,14,4,0,   5.2240000000
2020,9,21,14,4,1,   5.2240000000
2020,9,21,14,4,1,   5.2240000000
2020,9,21,14,4,1,   5.2280000000
2020,9,21,14,4,1,   5.2240000000
2020,9,21,14,4,2,   5.2240000000
2020,9,21,14,4,2,   5.2280000000
2020,9,21,14,4,2,   5.2200000000
2020,9,21,14,4,2,   5.2240000000
2020,9,21,14,4,3,   5.2200000000
2020,9,21,14,4,3,   5.2200000000
2020,9,21,14,4,3,   5.2240000000
2020,9,21,14,4,4,   5.2280000000
2020,9,21,14,4,4,   5.2240000000
2020,9,21,14,4,4,   5.2200000000
2020,9,21,14,4,4,   5.2080000000
2020,9,21,14,4,5,   5.2240000000
2020,9,21,14,4,5,   5.2240000000
2020,9,21,14,4,5,   5.2240000000
2020,9,21,14,4,5,   5.2240000000
2020,9,21,14,4,6,   5.2240000000
2020,9,21,14,4,6,   5.2240000000
2020,9,21,14,4,6,   5.2240000000
2020,9,21,14,4,6,   5.2240000000
2020,9,21,14,4,7,   5.2200000000
2020,9,21,14,4,7,   5.2200000000
2020,9,21,14,4,7,   5.2240000000
2020,9,21,14,4,7,   5.2280000000
2020,9,21,14,4,8,   5.2280000000
2020,9,21,14,4,8,   5.2240000000
2020,9,21,14,4,8,   5.2240000000
2020,9,21,14,4,9,   5.2240000000
2020,9,21,14,4,9,   5.2200000000
2020,9,21,14,4,9,   5.2240000000
2020,9,21,14,4,9,   5.2240000000
2020,9,21,14,4,10,   5.2120000000
2020,9,21,14,4,10,   5.2080000000
2020,9,21,14,4,10,   5.2240000000
2020,9,21,14,4,10,   5.2240000000
2020,9,21,14,4,11,   5.2240000000
2020,9,21,14,4,11,   5.2240000000
2020,9,21,14,4,11,   5.2200000000
2020,9,21,14,4,11,   5.2240000000
2020,9,21,14,4,12,   5.2200000000
2020,9,21,14,4,12,   5.2240000000
2020,9,21,14,4,12,   5.2240000000
2020,9,21,14,4,12,   5.2200000000
2020,9,21,14,4,13,   5.2200000000
2020,9,21,14,4,13,   5.2240000000
2020,9,21,14,4,13,   5.2200000000
2020,9,21,14,4,14,   5.2280000000
2020,9,21,14,4,14,   5.2240000000
2020,9,21,14,4,14,   5.2200000000
2020,9,21,14,4,14,   5.2120000000
2020,9,21,14,4,15,   5.2120000000
2020,9,21,14,4,15,   5.2280000000
2020,9,21,14,4,15,   5.2240000000
2020,9,21,14,4,15,   5.2240000000
2020,9,21,14,4,16,   5.2240000000
2020,9,21,14,4,16,   5.2240000000
2020,9,21,14,4,16,   5.2320000000
2020,9,21,14,4,16,   5.2240000000
2020,9,21,14,4,17,   5.2200000000
2020,9,21,14,4,17,   5.2240000000
2020,9,21,14,4,17,   5.2240000000
2020,9,21,14,4,17,   5.2280000000
2020,9,21,14,4,18,   5.2200000000
2020,9,21,14,4,18,   5.2240000000
2020,9,21,14,4,18,   5.2240000000
2020,9,21,14,4,19,   5.2240000000
2020,9,21,14,4,19,   5.2240000000
2020,9,21,14,4,19,   5.2240000000
2020,9,21,14,4,19,   5.2200000000
2020,9,21,14,4,20,   5.2280000000
2020,9,21,14,4,20,   5.0920000000
2020,9,21,14,4,20,   5.1800000000
2020,9,21,14,4,20,   5.2280000000
2020,9,21,14,4,21,   5.2240000000
2020,9,21,14,4,21,   5.2280000000
2020,9,21,14,4,21,   5.2240000000
2020,9,21,14,4,21,   5.2240000000
2020,9,21,14,4,22,   5.2240000000
2020,9,21,14,4,22,   5.2240000000
2020,9,21,14,4,22,   5.2240000000
2020,9,21,14,4,22,   5.2240000000
2020,9,21,14,4,23,   5.2240000000
2020,9,21,14,4,23,   5.2240000000
2020,9,21,14,4,23,   5.2240000000
2020,9,21,14,4,24,   5.2240000000
2020,9,21,14,4,24,   5.2240000000
2020,9,21,14,4,24,   5.2240000000
2020,9,21,14,4,24,   5.2240000000
2020,9,21,14,4,25,   5.2240000000
2020,9,21,14,4,25,   5.2240000000
2020,9,21,14,4,25,   5.2280000000
2020,9,21,14,4,25,   5.2120000000
2020,9,21,14,4,26,   5.2120000000
2020,9,21,14,4,26,   5.2240000000
2020,9,21,14,4,26,   5.2200000000
2020,9,21,14,4,26,   5.2200000000
2020,9,21,14,4,27,   5.2280000000
2020,9,21,14,4,27,   5.2240000000
2020,9,21,14,4,27,   5.2240000000
2020,9,21,14,4,27,   5.2240000000
2020,9,21,14,4,28,   5.2280000000
2020,9,21,14,4,28,   5.2200000000
2020,9,21,14,4,28,   5.2320000000
2020,9,21,14,4,29,   5.2200000000
2020,9,21,14,4,29,   5.2240000000
2020,9,21,14,4,29,   5.2240000000
2020,9,21,14,4,29,   5.2240000000
2020,9,21,14,4,30,   5.2240000000
2020,9,21,14,4,30,   5.2280000000
2020,9,21,14,4,30,   5.2240000000
2020,9,21,14,4,30,   5.2240000000
2020,9,21,14,4,31,   5.2240000000
2020,9,21,14,4,31,   5.0840000000
2020,9,21,14,4,31,   5.2120000000
2020,9,21,14,4,31,   5.2240000000
2020,9,21,14,4,32,   5.2240000000
2020,9,21,14,4,32,   5.2240000000
2020,9,21,14,4,32,   5.2240000000
2020,9,21,14,4,32,   5.2240000000
2020,9,21,14,4,33,   5.2240000000
2020,9,21,14,4,33,   5.2240000000
2020,9,21,14,4,33,   5.2240000000
2020,9,21,14,4,33,   5.2240000000
2020,9,21,14,4,34,   5.2280000000
2020,9,21,14,4,34,   5.2240000000
2020,9,21,14,4,34,   5.2280000000
2020,9,21,14,4,35,   5.2240000000
2020,9,21,14,4,35,   5.2200000000
2020,9,21,14,4,35,   5.2240000000
2020,9,21,14,4,35,   5.2240000000
2020,9,21,14,4,36,   5.2240000000
2020,9,21,14,4,36,   5.2240000000
2020,9,21,14,4,36,   5.2240000000
2020,9,21,14,4,36,   5.2120000000
2020,9,21,14,4,37,   5.2080000000
2020,9,21,14,4,37,   5.2280000000
2020,9,21,14,4,37,   5.2240000000
2020,9,21,14,4,37,   5.2240000000
2020,9,21,14,4,38,   5.2240000000
2020,9,21,14,4,38,   5.2200000000
2020,9,21,14,4,38,   5.2200000000
2020,9,21,14,4,38,   5.2240000000
2020,9,21,14,4,39,   5.2240000000
2020,9,21,14,4,39,   5.2240000000
2020,9,21,14,4,39,   5.2240000000
2020,9,21,14,4,40,   5.2200000000
2020,9,21,14,4,40,   5.2240000000
2020,9,21,14,4,40,   5.2280000000
2020,9,21,14,4,40,   5.2240000000
2020,9,21,14,4,41,   5.2240000000
2020,9,21,14,4,41,   5.2240000000
2020,9,21,14,4,41,   5.2200000000
2020,9,21,14,4,41,   5.2240000000
2020,9,21,14,4,42,   5.2240000000
2020,9,21,14,4,42,   5.2120000000
2020,9,21,14,4,42,   5.2120000000
2020,9,21,14,4,42,   5.2240000000
2020,9,21,14,4,43,   5.2200000000
2020,9,21,14,4,43,   5.2240000000
2020,9,21,14,4,43,   5.2240000000
2020,9,21,14,4,43,   5.2280000000
2020,9,21,14,4,44,   5.2240000000
2020,9,21,14,4,44,   5.2240000000
2020,9,21,14,4,44,   5.2240000000
2020,9,21,14,4,44,   5.2240000000
2020,9,21,14,4,45,   5.2240000000
2020,9,21,14,4,45,   5.2240000000
2020,9,21,14,4,45,   5.2200000000
2020,9,21,14,4,46,   5.2320000000
2020,9,21,14,4,46,   5.2240000000
2020,9,21,14,4,46,   5.2240000000
2020,9,21,14,4,46,   5.2200000000
2020,9,21,14,4,47,   5.2280000000
2020,9,21,14,4,47,   5.2240000000
2020,9,21,14,4,47,   5.2280000000
2020,9,21,14,4,47,   5.2120000000
2020,9,21,14,4,48,   5.2160000000
2020,9,21,14,4,48,   5.2240000000
2020,9,21,14,4,48,   5.2240000000
2020,9,21,14,4,48,   5.2240000000
2020,9,21,14,4,49,   5.2240000000
2020,9,21,14,4,49,   5.2200000000
2020,9,21,14,4,49,   5.2200000000
2020,9,21,14,4,49,   5.2240000000
2020,9,21,14,4,50,   5.2240000000
2020,9,21,14,4,50,   5.2240000000
2020,9,21,14,4,50,   5.2240000000
2020,9,21,14,4,51,   5.2240000000
2020,9,21,14,4,51,   5.2320000000
2020,9,21,14,4,51,   5.2240000000
2020,9,21,14,4,51,   5.2240000000
2020,9,21,14,4,52,   5.2280000000
2020,9,21,14,4,52,   5.2280000000
2020,9,21,14,4,52,   5.2240000000
2020,9,21,14,4,52,   5.2240000000
2020,9,21,14,4,53,   5.2200000000
2020,9,21,14,4,53,   5.2120000000
2020,9,21,14,4,53,   5.2040000000
2020,9,21,14,4,53,   5.2280000000
2020,9,21,14,4,54,   5.2240000000
2020,9,21,14,4,54,   5.2280000000
2020,9,21,14,4,54,   5.2240000000
2020,9,21,14,4,55,   5.2240000000
2020,9,21,14,4,55,   5.2240000000
2020,9,21,14,4,55,   5.2320000000
2020,9,21,14,4,55,   5.2240000000
2020,9,21,14,4,56,   5.2240000000
2020,9,21,14,4,56,   5.2240000000
2020,9,21,14,4,56,   5.2240000000
2020,9,21,14,4,56,   5.2240000000
2020,9,21,14,4,57,   5.2240000000
2020,9,21,14,4,57,   5.2200000000
2020,9,21,14,4,57,   5.2280000000
2020,9,21,14,4,57,   5.2240000000
2020,9,21,14,4,58,   5.2240000000
2020,9,21,14,4,58,   5.2280000000
2020,9,21,14,4,58,   5.2200000000
2020,9,21,14,4,58,   5.2160000000
2020,9,21,14,4,59,   5.2160000000
2020,9,21,14,4,59,   5.2240000000
2020,9,21,14,4,59,   5.2200000000
2020,9,21,14,5,0,   5.2240000000
2020,9,21,14,5,0,   5.2240000000
2020,9,21,14,5,0,   5.2240000000
2020,9,21,14,5,0,   5.2240000000
2020,9,21,14,5,1,   5.2240000000
2020,9,21,14,5,1,   5.2240000000
2020,9,21,14,5,1,   5.2240000000
2020,9,21,14,5,1,   5.2240000000
2020,9,21,14,5,2,   5.2240000000
2020,9,21,14,5,2,   5.2240000000
2020,9,21,14,5,2,   5.2240000000
2020,9,21,14,5,2,   5.2240000000
2020,9,21,14,5,3,   5.2240000000
2020,9,21,14,5,3,   5.2240000000
2020,9,21,14,5,3,   5.2240000000
2020,9,21,14,5,3,   5.2280000000
2020,9,21,14,5,4,   5.2240000000
2020,9,21,14,5,4,   5.2120000000
2020,9,21,14,5,4,   5.2080000000
2020,9,21,14,5,5,   5.2240000000
2020,9,21,14,5,5,   5.2240000000
2020,9,21,14,5,5,   5.2200000000
2020,9,21,14,5,5,   5.2240000000
2020,9,21,14,5,6,   5.2240000000
2020,9,21,14,5,6,   5.2240000000
2020,9,21,14,5,6,   5.2280000000
2020,9,21,14,5,6,   5.2280000000
2020,9,21,14,5,7,   5.2240000000
2020,9,21,14,5,7,   5.2240000000
2020,9,21,14,5,7,   5.2200000000
2020,9,21,14,5,7,   5.2200000000
2020,9,21,14,5,8,   5.2240000000
2020,9,21,14,5,8,   5.2240000000
2020,9,21,14,5,8,   5.2240000000
2020,9,21,14,5,8,   5.2240000000
2020,9,21,14,5,9,   5.2200000000
2020,9,21,14,5,9,   5.2240000000
2020,9,21,14,5,9,   5.2240000000
2020,9,21,14,5,10,   5.2120000000
2020,9,21,14,5,10,   5.2160000000
2020,9,21,14,5,10,   5.2240000000
2020,9,21,14,5,10,   5.2200000000
2020,9,21,14,5,11,   5.2200000000
2020,9,21,14,5,11,   5.2240000000
2020,9,21,14,5,11,   5.2240000000
2020,9,21,14,5,11,   5.2280000000
2020,9,21,14,5,12,   5.2240000000
2020,9,21,14,5,12,   5.2240000000
2020,9,21,14,5,12,   5.2200000000
2020,9,21,14,5,12,   5.2240000000
2020,9,21,14,5,13,   5.2240000000
2020,9,21,14,5,13,   5.2240000000
2020,9,21,14,5,13,   5.2240000000
2020,9,21,14,5,13,   5.2240000000
2020,9,21,14,5,14,   5.2240000000
2020,9,21,14,5,14,   5.2240000000
2020,9,21,14,5,14,   5.0840000000
2020,9,21,14,5,15,   5.2120000000
2020,9,21,14,5,15,   5.2240000000
2020,9,21,14,5,15,   5.2280000000
2020,9,21,14,5,15,   5.2280000000
2020,9,21,14,5,16,   5.2240000000
2020,9,21,14,5,16,   5.2240000000
2020,9,21,14,5,16,   5.2240000000
2020,9,21,14,5,16,   5.2200000000
2020,9,21,14,5,17,   5.2280000000
2020,9,21,14,5,17,   5.2240000000
2020,9,21,14,5,17,   5.2240000000
2020,9,21,14,5,17,   5.2240000000
2020,9,21,14,5,18,   5.2240000000
2020,9,21,14,5,18,   5.2240000000
2020,9,21,14,5,18,   5.2240000000
2020,9,21,14,5,19,   5.2240000000
2020,9,21,14,5,19,   5.2240000000
2020,9,21,14,5,19,   5.2240000000
2020,9,21,14,5,19,   5.2240000000
2020,9,21,14,5,20,   5.2240000000
2020,9,21,14,5,20,   5.2120000000
2020,9,21,14,5,20,   5.2200000000
2020,9,21,14,5,20,   5.2240000000
2020,9,21,14,5,21,   5.2240000000
2020,9,21,14,5,21,   5.2240000000
2020,9,21,14,5,21,   5.2240000000
2020,9,21,14,5,21,   5.2280000000
2020,9,21,14,5,22,   5.2320000000
2020,9,21,14,5,22,   5.2240000000
2020,9,21,14,5,22,   5.2240000000
2020,9,21,14,5,22,   5.2240000000
2020,9,21,14,5,23,   5.2240000000
2020,9,21,14,5,23,   5.2240000000
2020,9,21,14,5,23,   5.2280000000
2020,9,21,14,5,24,   5.2240000000
2020,9,21,14,5,24,   5.2240000000
2020,9,21,14,5,24,   5.2240000000
2020,9,21,14,5,24,   5.2200000000
2020,9,21,14,5,25,   5.2240000000
2020,9,21,14,5,25,   5.2240000000
2020,9,21,14,5,25,   5.2160000000
2020,9,21,14,5,25,   5.2200000000
2020,9,21,14,5,26,   5.2240000000
2020,9,21,14,5,26,   5.2240000000
2020,9,21,14,5,26,   5.2240000000
2020,9,21,14,5,27,   5.2200000000
2020,9,21,14,5,27,   5.2240000000
2020,9,21,14,5,27,   5.2240000000
2020,9,21,14,5,27,   5.2240000000
2020,9,21,14,5,28,   5.2240000000
2020,9,21,14,5,28,   5.2280000000
2020,9,21,14,5,28,   5.2240000000
2020,9,21,14,5,28,   5.2240000000
2020,9,21,14,5,29,   5.2240000000
2020,9,21,14,5,29,   5.2280000000
2020,9,21,14,5,29,   5.2320000000
2020,9,21,14,5,29,   5.2240000000
2020,9,21,14,5,30,   5.2280000000
2020,9,21,14,5,30,   5.2240000000
2020,9,21,14,5,30,   5.2240000000
2020,9,21,14,5,31,   5.2240000000
2020,9,21,14,5,31,   5.2160000000
2020,9,21,14,5,31,   5.2080000000
2020,9,21,14,5,31,   5.2240000000
2020,9,21,14,5,32,   5.2240000000
2020,9,21,14,5,32,   5.2240000000
2020,9,21,14,5,32,   5.2120000000
2020,9,21,14,5,32,   5.2240000000
2020,9,21,14,5,33,   5.2240000000
2020,9,21,14,5,33,   5.2240000000
2020,9,21,14,5,33,   5.2200000000
2020,9,21,14,5,34,   5.2240000000
2020,9,21,14,5,34,   5.2240000000
2020,9,21,14,5,34,   5.2240000000
2020,9,21,14,5,34,   5.2240000000
2020,9,21,14,5,35,   5.2200000000
2020,9,21,14,5,35,   5.2200000000
2020,9,21,14,5,35,   5.2200000000
2020,9,21,14,5,35,   5.2200000000
2020,9,21,14,5,36,   5.2200000000
2020,9,21,14,5,36,   5.2320000000
2020,9,21,14,5,36,   5.2120000000
2020,9,21,14,5,37,   5.0760000000
2020,9,21,14,5,37,   5.2200000000
2020,9,21,14,5,37,   5.2280000000
2020,9,21,14,5,37,   5.2240000000
2020,9,21,14,5,38,   5.2240000000
2020,9,21,14,5,38,   5.2240000000
2020,9,21,14,5,38,   5.2240000000
2020,9,21,14,5,38,   5.2320000000
2020,9,21,14,5,39,   5.2240000000
2020,9,21,14,5,39,   5.2240000000
2020,9,21,14,5,39,   5.2320000000
2020,9,21,14,5,39,   5.2240000000
2020,9,21,14,5,40,   5.2240000000
2020,9,21,14,5,40,   5.2240000000
2020,9,21,14,5,40,   5.2240000000
2020,9,21,14,5,41,   5.2280000000
2020,9,21,14,5,41,   5.2240000000
2020,9,21,14,5,41,   5.2280000000
2020,9,21,14,5,41,   5.2200000000
2020,9,21,14,5,42,   5.2240000000
2020,9,21,14,5,42,   5.2160000000
2020,9,21,14,5,42,   5.1160000000
2020,9,21,14,5,42,   5.2240000000
2020,9,21,14,5,43,   5.2240000000
2020,9,21,14,5,43,   5.2200000000
2020,9,21,14,5,43,   5.2280000000
2020,9,21,14,5,43,   5.2240000000
2020,9,21,14,5,44,   5.2240000000
2020,9,21,14,5,44,   5.2240000000
2020,9,21,14,5,44,   5.2320000000
2020,9,21,14,5,44,   5.2200000000
2020,9,21,14,5,45,   5.2240000000
2020,9,21,14,5,45,   5.2240000000
2020,9,21,14,5,45,   5.2240000000
2020,9,21,14,5,46,   5.2240000000
2020,9,21,14,5,46,   5.2240000000
2020,9,21,14,5,46,   5.2240000000
2020,9,21,14,5,46,   5.2240000000
2020,9,21,14,5,47,   5.2240000000
2020,9,21,14,5,47,   5.2280000000
2020,9,21,14,5,47,   5.2240000000
2020,9,21,14,5,47,   5.2120000000
2020,9,21,14,5,48,   5.2160000000
2020,9,21,14,5,48,   5.2240000000
2020,9,21,14,5,48,   5.2240000000
2020,9,21,14,5,48,   5.2240000000
2020,9,21,14,5,49,   5.2240000000
2020,9,21,14,5,49,   5.2240000000
2020,9,21,14,5,49,   5.2240000000
2020,9,21,14,5,49,   5.2200000000
2020,9,21,14,5,50,   5.2240000000
2020,9,21,14,5,50,   5.2200000000
2020,9,21,14,5,50,   5.2320000000
2020,9,21,14,5,51,   5.2280000000
2020,9,21,14,5,51,   5.2280000000
2020,9,21,14,5,51,   5.2240000000
2020,9,21,14,5,51,   5.2240000000
2020,9,21,14,5,52,   5.2240000000
2020,9,21,14,5,52,   5.2280000000
2020,9,21,14,5,52,   5.2240000000
2020,9,21,14,5,52,   5.2240000000
2020,9,21,14,5,53,   5.2240000000
2020,9,21,14,5,53,   5.2200000000
2020,9,21,14,5,53,   5.2080000000
2020,9,21,14,5,53,   5.2240000000
2020,9,21,14,5,54,   5.2280000000
2020,9,21,14,5,54,   5.2240000000
2020,9,21,14,5,54,   5.2240000000
2020,9,21,14,5,55,   5.2240000000
2020,9,21,14,5,55,   5.2240000000
2020,9,21,14,5,55,   5.2240000000
2020,9,21,14,5,55,   5.2240000000
2020,9,21,14,5,56,   5.2240000000
2020,9,21,14,5,56,   5.2240000000
2020,9,21,14,5,56,   5.2240000000
2020,9,21,14,5,56,   5.2240000000
2020,9,21,14,5,57,   5.2240000000
2020,9,21,14,5,57,   5.2280000000
2020,9,21,14,5,57,   5.2240000000
2020,9,21,14,5,57,   5.2200000000
2020,9,21,14,5,58,   5.2240000000
2020,9,21,14,5,58,   5.2240000000
2020,9,21,14,5,58,   5.2280000000
2020,9,21,14,5,59,   5.2080000000
2020,9,21,14,5,59,   5.2200000000
2020,9,21,14,5,59,   5.2240000000
2020,9,21,14,5,59,   5.2240000000
2020,9,21,14,6,0,   5.2240000000
2020,9,21,14,6,0,   5.2240000000
2020,9,21,14,6,0,   5.2240000000
2020,9,21,14,6,0,   5.2240000000
2020,9,21,14,6,1,   5.2240000000
2020,9,21,14,6,1,   5.2240000000
2020,9,21,14,6,1,   5.2240000000
2020,9,21,14,6,2,   5.2200000000
2020,9,21,14,6,2,   5.2320000000
2020,9,21,14,6,2,   5.2240000000
2020,9,21,14,6,2,   5.2280000000
2020,9,21,14,6,3,   5.2240000000
2020,9,21,14,6,3,   5.2240000000
2020,9,21,14,6,3,   5.2200000000
2020,9,21,14,6,3,   5.2240000000
2020,9,21,14,6,4,   5.2240000000
2020,9,21,14,6,4,   5.2120000000
2020,9,21,14,6,4,   5.1560000000
2020,9,21,14,6,5,   5.2240000000
2020,9,21,14,6,5,   5.2280000000
2020,9,21,14,6,5,   5.2280000000
2020,9,21,14,6,5,   5.2240000000
2020,9,21,14,6,6,   5.2240000000
2020,9,21,14,6,6,   5.2240000000
2020,9,21,14,6,6,   5.2240000000
2020,9,21,14,6,6,   5.2320000000
2020,9,21,14,6,7,   5.2240000000
2020,9,21,14,6,7,   5.2240000000
2020,9,21,14,6,7,   5.2320000000
2020,9,21,14,6,7,   5.2240000000
2020,9,21,14,6,8,   5.2240000000
2020,9,21,14,6,8,   5.2320000000
2020,9,21,14,6,8,   5.2320000000
2020,9,21,14,6,9,   5.2240000000
2020,9,21,14,6,9,   5.2240000000
2020,9,21,14,6,9,   5.2240000000
2020,9,21,14,6,9,   5.2240000000
2020,9,21,14,6,10,   5.2200000000
2020,9,21,14,6,10,   5.2240000000
2020,9,21,14,6,10,   5.2280000000
2020,9,21,14,6,10,   5.2240000000
2020,9,21,14,6,11,   5.2240000000
2020,9,21,14,6,11,   5.2240000000
2020,9,21,14,6,11,   5.2240000000
2020,9,21,14,6,12,   5.2240000000
2020,9,21,14,6,12,   5.2240000000
2020,9,21,14,6,12,   5.2280000000
2020,9,21,14,6,12,   5.2200000000
2020,9,21,14,6,13,   5.2280000000
2020,9,21,14,6,13,   5.2280000000
2020,9,21,14,6,13,   5.2240000000
2020,9,21,14,6,13,   5.2240000000
2020,9,21,14,6,14,   5.2200000000
2020,9,21,14,6,14,   5.2240000000
2020,9,21,14,6,14,   5.2120000000
2020,9,21,14,6,15,   5.2120000000
2020,9,21,14,6,15,   5.2240000000
2020,9,21,14,6,15,   5.2280000000
2020,9,21,14,6,15,   5.2240000000
2020,9,21,14,6,16,   5.2240000000
2020,9,21,14,6,16,   5.2200000000
2020,9,21,14,6,16,   5.2240000000
2020,9,21,14,6,16,   5.2240000000
2020,9,21,14,6,17,   5.2200000000
2020,9,21,14,6,17,   5.2200000000
2020,9,21,14,6,17,   5.2240000000
2020,9,21,14,6,17,   5.2240000000
2020,9,21,14,6,18,   5.2280000000
2020,9,21,14,6,18,   5.2320000000
2020,9,21,14,6,18,   5.2240000000
2020,9,21,14,6,19,   5.2280000000
2020,9,21,14,6,19,   5.2280000000
2020,9,21,14,6,19,   5.2240000000
2020,9,21,14,6,19,   5.2320000000
2020,9,21,14,6,20,   5.2160000000
2020,9,21,14,6,20,   5.2080000000
2020,9,21,14,6,20,   5.2200000000
2020,9,21,14,6,20,   5.2280000000
2020,9,21,14,6,21,   5.2240000000
2020,9,21,14,6,21,   5.2280000000
2020,9,21,14,6,21,   5.2240000000
2020,9,21,14,6,22,   5.2200000000
2020,9,21,14,6,22,   5.2240000000
2020,9,21,14,6,22,   5.2240000000
2020,9,21,14,6,22,   5.2240000000
2020,9,21,14,6,23,   5.2320000000
2020,9,21,14,6,23,   5.2160000000
2020,9,21,14,6,23,   5.2240000000
2020,9,21,14,6,23,   5.2240000000
2020,9,21,14,6,24,   5.2240000000
2020,9,21,14,6,24,   5.2280000000
2020,9,21,14,6,24,   5.2240000000
2020,9,21,14,6,24,   5.2240000000
2020,9,21,14,6,25,   5.2320000000
2020,9,21,14,6,25,   5.2240000000
2020,9,21,14,6,25,   5.2240000000
2020,9,21,14,6,25,   5.2000000000
2020,9,21,14,6,26,   5.2200000000
2020,9,21,14,6,26,   5.2280000000
2020,9,21,14,6,26,   5.2200000000
2020,9,21,14,6,26,   5.2240000000
2020,9,21,14,6,27,   5.2240000000
2020,9,21,14,6,27,   5.2280000000
2020,9,21,14,6,27,   5.2240000000
2020,9,21,14,6,28,   5.2240000000
2020,9,21,14,6,28,   5.2240000000
2020,9,21,14,6,28,   5.2240000000
2020,9,21,14,6,28,   5.2240000000
2020,9,21,14,6,29,   5.2240000000
2020,9,21,14,6,29,   5.2240000000
2020,9,21,14,6,29,   5.2240000000
2020,9,21,14,6,29,   5.2240000000
2020,9,21,14,6,30,   5.2240000000
2020,9,21,14,6,30,   5.2240000000
2020,9,21,14,6,30,   5.2240000000
2020,9,21,14,6,30,   5.2240000000
2020,9,21,14,6,31,   5.2120000000
2020,9,21,14,6,31,   5.2120000000
2020,9,21,14,6,31,   5.2200000000
2020,9,21,14,6,31,   5.2200000000
2020,9,21,14,6,32,   5.2240000000
2020,9,21,14,6,32,   5.2240000000
2020,9,21,14,6,32,   5.2200000000
2020,9,21,14,6,33,   5.2240000000
2020,9,21,14,6,33,   5.2240000000
2020,9,21,14,6,33,   5.2240000000
2020,9,21,14,6,33,   5.2200000000
2020,9,21,14,6,34,   5.2240000000
2020,9,21,14,6,34,   5.2240000000
2020,9,21,14,6,34,   5.2240000000
2020,9,21,14,6,34,   5.2240000000
2020,9,21,14,6,35,   5.2240000000
2020,9,21,14,6,35,   5.2240000000
2020,9,21,14,6,35,   5.2240000000
2020,9,21,14,6,35,   5.2240000000
2020,9,21,14,6,36,   5.2240000000
2020,9,21,14,6,36,   5.2240000000
2020,9,21,14,6,36,   5.2280000000
2020,9,21,14,6,36,   5.2080000000
2020,9,21,14,6,37,   5.2120000000
2020,9,21,14,6,37,   5.2280000000
2020,9,21,14,6,37,   5.2200000000
2020,9,21,14,6,38,   5.2240000000
2020,9,21,14,6,38,   5.2240000000
2020,9,21,14,6,38,   5.2320000000
2020,9,21,14,6,38,   5.2200000000
2020,9,21,14,6,39,   5.2280000000
2020,9,21,14,6,39,   5.2280000000
2020,9,21,14,6,39,   5.2240000000
2020,9,21,14,6,39,   5.2240000000
2020,9,21,14,6,40,   5.2240000000
2020,9,21,14,6,40,   5.2240000000
2020,9,21,14,6,40,   5.2240000000
2020,9,21,14,6,40,   5.2240000000
2020,9,21,14,6,41,   5.2240000000
2020,9,21,14,6,41,   5.2240000000
2020,9,21,14,6,41,   5.2240000000
2020,9,21,14,6,41,   5.2200000000
2020,9,21,14,6,42,   5.2200000000
2020,9,21,14,6,42,   5.2160000000
2020,9,21,14,6,42,   5.2120000000
2020,9,21,14,6,43,   5.2240000000
2020,9,21,14,6,43,   5.2240000000
2020,9,21,14,6,43,   5.2280000000
2020,9,21,14,6,43,   5.2240000000
2020,9,21,14,6,44,   5.2320000000
2020,9,21,14,6,44,   5.2240000000
2020,9,21,14,6,44,   5.2240000000
2020,9,21,14,6,44,   5.2240000000
2020,9,21,14,6,45,   5.2240000000
2020,9,21,14,6,45,   5.2200000000
2020,9,21,14,6,45,   5.2240000000
2020,9,21,14,6,45,   5.2240000000
2020,9,21,14,6,46,   5.2240000000
2020,9,21,14,6,46,   5.2240000000
2020,9,21,14,6,46,   5.2200000000
2020,9,21,14,6,46,   5.2240000000
2020,9,21,14,6,47,   5.2240000000
2020,9,21,14,6,47,   5.2240000000
2020,9,21,14,6,47,   5.2280000000
2020,9,21,14,6,47,   5.2160000000
2020,9,21,14,6,48,   5.2160000000
2020,9,21,14,6,48,   5.2240000000
2020,9,21,14,6,48,   5.2280000000
2020,9,21,14,6,49,   5.2240000000
2020,9,21,14,6,49,   5.2240000000
2020,9,21,14,6,49,   5.2320000000
2020,9,21,14,6,49,   5.2240000000
2020,9,21,14,6,50,   5.2240000000
2020,9,21,14,6,50,   5.2240000000
2020,9,21,14,6,50,   5.2240000000
2020,9,21,14,6,50,   5.2240000000
2020,9,21,14,6,51,   5.2240000000
2020,9,21,14,6,51,   5.2240000000
2020,9,21,14,6,51,   5.2240000000
2020,9,21,14,6,51,   5.2240000000
2020,9,21,14,6,52,   5.2240000000
2020,9,21,14,6,52,   5.2320000000
2020,9,21,14,6,52,   5.2240000000
2020,9,21,14,6,52,   5.2240000000
2020,9,21,14,6,53,   5.2240000000
2020,9,21,14,6,53,   5.2120000000
2020,9,21,14,6,53,   5.2120000000
2020,9,21,14,6,54,   5.2240000000
2020,9,21,14,6,54,   5.2240000000
2020,9,21,14,6,54,   5.2240000000
2020,9,21,14,6,54,   5.2240000000
2020,9,21,14,6,55,   5.2240000000
2020,9,21,14,6,55,   5.2240000000
2020,9,21,14,6,55,   5.2320000000
2020,9,21,14,6,55,   5.2200000000
2020,9,21,14,6,56,   5.2240000000
2020,9,21,14,6,56,   5.2240000000
2020,9,21,14,6,56,   5.2240000000
2020,9,21,14,6,56,   5.2240000000
2020,9,21,14,6,57,   5.2240000000
2020,9,21,14,6,57,   5.2320000000
2020,9,21,14,6,57,   5.2240000000
2020,9,21,14,6,57,   5.2200000000
2020,9,21,14,6,58,   5.2240000000
2020,9,21,14,6,58,   5.2280000000
2020,9,21,14,6,58,   5.2240000000
2020,9,21,14,6,58,   5.2120000000
2020,9,21,14,6,59,   5.2120000000
2020,9,21,14,6,59,   5.2240000000
2020,9,21,14,6,59,   5.2240000000
2020,9,21,14,7,0,   5.2280000000
2020,9,21,14,7,0,   5.2200000000
2020,9,21,14,7,0,   5.2320000000
2020,9,21,14,7,0,   5.2240000000
2020,9,21,14,7,1,   5.2280000000
2020,9,21,14,7,1,   5.2240000000
2020,9,21,14,7,1,   5.2200000000
2020,9,21,14,7,1,   5.2240000000
2020,9,21,14,7,2,   5.2240000000
2020,9,21,14,7,2,   5.2240000000
2020,9,21,14,7,2,   5.2200000000
2020,9,21,14,7,2,   5.2280000000
2020,9,21,14,7,3,   5.2240000000
2020,9,21,14,7,3,   5.2240000000
2020,9,21,14,7,3,   5.2280000000
2020,9,21,14,7,4,   5.2240000000
2020,9,21,14,7,4,   5.2240000000
2020,9,21,14,7,4,   5.2160000000
2020,9,21,14,7,4,   5.2200000000
2020,9,21,14,7,5,   5.2240000000
2020,9,21,14,7,5,   5.2240000000
2020,9,21,14,7,5,   5.2240000000
2020,9,21,14,7,5,   5.2240000000
2020,9,21,14,7,6,   5.2240000000
2020,9,21,14,7,6,   5.2240000000
2020,9,21,14,7,6,   5.2240000000
2020,9,21,14,7,6,   5.2240000000
2020,9,21,14,7,7,   5.2240000000
2020,9,21,14,7,7,   5.2240000000
2020,9,21,14,7,7,   5.2240000000
2020,9,21,14,7,7,   5.2320000000
2020,9,21,14,7,8,   5.2240000000
2020,9,21,14,7,8,   5.2240000000
2020,9,21,14,7,8,   5.2200000000
2020,9,21,14,7,8,   5.2320000000
2020,9,21,14,7,9,   5.2240000000
2020,9,21,14,7,9,   5.2240000000
2020,9,21,14,7,9,   5.2240000000
2020,9,21,14,7,10,   5.2040000000
2020,9,21,14,7,10,   5.2120000000
2020,9,21,14,7,10,   5.2240000000
2020,9,21,14,7,10,   5.2240000000
2020,9,21,14,7,11,   5.2240000000
2020,9,21,14,7,11,   5.2280000000
2020,9,21,14,7,11,   5.2240000000
2020,9,21,14,7,11,   5.2240000000
2020,9,21,14,7,12,   5.2200000000
2020,9,21,14,7,12,   5.2280000000
2020,9,21,14,7,12,   5.2240000000
2020,9,21,14,7,12,   5.2240000000
2020,9,21,14,7,13,   5.2280000000
2020,9,21,14,7,13,   5.2240000000
2020,9,21,14,7,13,   5.2240000000
2020,9,21,14,7,13,   5.2240000000
2020,9,21,14,7,14,   5.2240000000
2020,9,21,14,7,14,   5.2240000000
2020,9,21,14,7,14,   5.2200000000
2020,9,21,14,7,15,   5.1320000000
2020,9,21,14,7,15,   5.2240000000
2020,9,21,14,7,15,   5.2240000000
2020,9,21,14,7,15,   5.2240000000
2020,9,21,14,7,16,   5.2240000000
2020,9,21,14,7,16,   5.2240000000
2020,9,21,14,7,16,   5.2240000000
2020,9,21,14,7,16,   5.2240000000
2020,9,21,14,7,17,   5.2320000000
2020,9,21,14,7,17,   5.2240000000
2020,9,21,14,7,17,   5.2280000000
2020,9,21,14,7,18,   5.2240000000
2020,9,21,14,7,18,   5.2200000000
2020,9,21,14,7,18,   5.2240000000
2020,9,21,14,7,18,   5.2240000000
2020,9,21,14,7,19,   5.2240000000
2020,9,21,14,7,19,   5.2280000000
2020,9,21,14,7,19,   5.2240000000
2020,9,21,14,7,19,   5.2240000000
2020,9,21,14,7,20,   5.2120000000
2020,9,21,14,7,20,   5.2080000000
2020,9,21,14,7,20,   5.2240000000
2020,9,21,14,7,20,   5.2240000000
2020,9,21,14,7,21,   5.2240000000
2020,9,21,14,7,21,   5.2280000000
2020,9,21,14,7,21,   5.2240000000
2020,9,21,14,7,22,   5.2200000000
2020,9,21,14,7,22,   5.2240000000
2020,9,21,14,7,22,   5.2240000000
2020,9,21,14,7,22,   5.2240000000
2020,9,21,14,7,23,   5.2280000000
2020,9,21,14,7,23,   5.2240000000
2020,9,21,14,7,23,   5.2240000000
2020,9,21,14,7,23,   5.2240000000
2020,9,21,14,7,24,   5.2240000000
2020,9,21,14,7,24,   5.2240000000
2020,9,21,14,7,24,   5.2240000000
2020,9,21,14,7,25,   5.2240000000
2020,9,21,14,7,25,   5.2240000000
2020,9,21,14,7,25,   5.2240000000
2020,9,21,14,7,25,   5.2080000000
2020,9,21,14,7,26,   5.2200000000
2020,9,21,14,7,26,   5.2240000000
2020,9,21,14,7,26,   5.2240000000
2020,9,21,14,7,26,   5.2240000000
2020,9,21,14,7,27,   5.2240000000
2020,9,21,14,7,27,   5.2240000000
2020,9,21,14,7,27,   5.2240000000
2020,9,21,14,7,28,   5.2240000000
2020,9,21,14,7,28,   5.2240000000
2020,9,21,14,7,28,   5.2200000000
2020,9,21,14,7,28,   5.2240000000
2020,9,21,14,7,29,   5.2200000000
2020,9,21,14,7,29,   5.2200000000
2020,9,21,14,7,29,   5.2200000000
2020,9,21,14,7,29,   5.2240000000
2020,9,21,14,7,30,   5.2240000000
2020,9,21,14,7,30,   5.2240000000
2020,9,21,14,7,30,   5.2240000000
2020,9,21,14,7,30,   5.2120000000
2020,9,21,14,7,31,   5.2240000000
2020,9,21,14,7,31,   5.2200000000
2020,9,21,14,7,31,   5.2240000000
2020,9,21,14,7,32,   5.2240000000
2020,9,21,14,7,32,   5.2240000000
2020,9,21,14,7,32,   5.2240000000
2020,9,21,14,7,32,   5.2240000000
2020,9,21,14,7,33,   5.2240000000
2020,9,21,14,7,33,   5.2280000000
2020,9,21,14,7,33,   5.2240000000
2020,9,21,14,7,33,   5.2280000000
2020,9,21,14,7,34,   5.2280000000
2020,9,21,14,7,34,   5.2240000000
2020,9,21,14,7,34,   5.2240000000
2020,9,21,14,7,34,   5.2240000000
2020,9,21,14,7,35,   5.2240000000
2020,9,21,14,7,35,   5.2280000000
2020,9,21,14,7,35,   5.2240000000
2020,9,21,14,7,35,   5.2280000000
2020,9,21,14,7,36,   5.2240000000
2020,9,21,14,7,36,   5.2240000000
2020,9,21,14,7,36,   5.2280000000
2020,9,21,14,7,36,   5.2160000000
2020,9,21,14,7,37,   5.2160000000
2020,9,21,14,7,37,   5.2240000000
2020,9,21,14,7,37,   5.2280000000
2020,9,21,14,7,38,   5.2240000000
2020,9,21,14,7,38,   5.2240000000
2020,9,21,14,7,38,   5.2240000000
2020,9,21,14,7,38,   5.2320000000
2020,9,21,14,7,39,   5.2240000000
2020,9,21,14,7,39,   5.2240000000
2020,9,21,14,7,39,   5.2240000000
2020,9,21,14,7,39,   5.2240000000
2020,9,21,14,7,40,   5.2240000000
2020,9,21,14,7,40,   5.2240000000
2020,9,21,14,7,40,   5.2200000000
2020,9,21,14,7,40,   5.2240000000
2020,9,21,14,7,41,   5.2200000000
2020,9,21,14,7,41,   5.2240000000
2020,9,21,14,7,41,   5.2240000000
2020,9,21,14,7,41,   5.2240000000
2020,9,21,14,7,42,   5.2240000000
2020,9,21,14,7,42,   5.2120000000
2020,9,21,14,7,42,   5.2200000000
2020,9,21,14,7,43,   5.2200000000
2020,9,21,14,7,43,   5.2240000000
2020,9,21,14,7,43,   5.2240000000
2020,9,21,14,7,43,   5.2240000000
2020,9,21,14,7,44,   5.2240000000
2020,9,21,14,7,44,   5.2200000000
2020,9,21,14,7,44,   5.2240000000
2020,9,21,14,7,44,   5.2240000000
2020,9,21,14,7,45,   5.2240000000
2020,9,21,14,7,45,   5.2320000000
2020,9,21,14,7,45,   5.2240000000
2020,9,21,14,7,45,   5.2240000000
2020,9,21,14,7,46,   5.2240000000
2020,9,21,14,7,46,   5.2240000000
2020,9,21,14,7,46,   5.2280000000
2020,9,21,14,7,46,   5.2240000000
2020,9,21,14,7,47,   5.2240000000
2020,9,21,14,7,47,   5.2240000000
2020,9,21,14,7,47,   5.2240000000
2020,9,21,14,7,48,   5.2120000000
2020,9,21,14,7,48,   5.2120000000
2020,9,21,14,7,48,   5.2200000000
2020,9,21,14,7,48,   5.2240000000
2020,9,21,14,7,49,   5.2240000000
2020,9,21,14,7,49,   5.2240000000
2020,9,21,14,7,49,   5.2240000000
2020,9,21,14,7,49,   5.2280000000
2020,9,21,14,7,50,   5.2280000000
2020,9,21,14,7,50,   5.2240000000
2020,9,21,14,7,50,   5.2240000000
2020,9,21,14,7,50,   5.2240000000
2020,9,21,14,7,51,   5.2240000000
2020,9,21,14,7,51,   5.2240000000
2020,9,21,14,7,51,   5.2240000000
2020,9,21,14,7,51,   5.2240000000
2020,9,21,14,7,52,   5.2240000000
2020,9,21,14,7,52,   5.2240000000
2020,9,21,14,7,52,   5.2240000000
2020,9,21,14,7,53,   5.2240000000
2020,9,21,14,7,53,   5.2240000000
2020,9,21,14,7,53,   5.2160000000
2020,9,21,14,7,53,   5.2120000000
2020,9,21,14,7,54,   5.2240000000
2020,9,21,14,7,54,   5.2240000000
2020,9,21,14,7,54,   5.2200000000
2020,9,21,14,7,54,   5.2240000000
2020,9,21,14,7,55,   5.2200000000
2020,9,21,14,7,55,   5.2240000000
2020,9,21,14,7,55,   5.2200000000
2020,9,21,14,7,55,   5.2320000000
2020,9,21,14,7,56,   5.2240000000
2020,9,21,14,7,56,   5.2240000000
2020,9,21,14,7,56,   5.2240000000
2020,9,21,14,7,56,   5.2240000000
2020,9,21,14,7,57,   5.2240000000
2020,9,21,14,7,57,   5.2240000000
2020,9,21,14,7,57,   5.2240000000
2020,9,21,14,7,58,   5.2240000000
2020,9,21,14,7,58,   5.2240000000
2020,9,21,14,7,58,   5.2320000000
2020,9,21,14,7,58,   5.2240000000
2020,9,21,14,7,59,   5.2040000000
2020,9,21,14,7,59,   5.2160000000
2020,9,21,14,7,59,   5.2320000000
2020,9,21,14,7,59,   5.2240000000
2020,9,21,14,8,0,   5.2280000000
2020,9,21,14,8,0,   5.2240000000
2020,9,21,14,8,0,   5.2280000000
2020,9,21,14,8,0,   5.2240000000
2020,9,21,14,8,1,   5.2320000000
2020,9,21,14,8,1,   5.2240000000
2020,9,21,14,8,1,   5.2240000000
2020,9,21,14,8,1,   5.2280000000
2020,9,21,14,8,2,   5.2240000000
2020,9,21,14,8,2,   5.2240000000
2020,9,21,14,8,2,   5.2240000000
2020,9,21,14,8,3,   5.2320000000
2020,9,21,14,8,3,   5.2240000000
2020,9,21,14,8,3,   5.2280000000
2020,9,21,14,8,3,   5.2240000000
2020,9,21,14,8,4,   5.2240000000
2020,9,21,14,8,4,   5.2240000000
2020,9,21,14,8,4,   5.2120000000
2020,9,21,14,8,4,   5.1880000000
2020,9,21,14,8,5,   5.2240000000
2020,9,21,14,8,5,   5.2200000000
2020,9,21,14,8,5,   5.2240000000
2020,9,21,14,8,5,   5.2200000000
2020,9,21,14,8,6,   5.2200000000
2020,9,21,14,8,6,   5.2240000000
2020,9,21,14,8,6,   5.2200000000
2020,9,21,14,8,6,   5.2240000000
2020,9,21,14,8,7,   5.2240000000
2020,9,21,14,8,7,   5.2280000000
2020,9,21,14,8,7,   5.2240000000
2020,9,21,14,8,8,   5.2320000000
2020,9,21,14,8,8,   5.2280000000
2020,9,21,14,8,8,   5.2280000000
2020,9,21,14,8,8,   5.2280000000
2020,9,21,14,8,9,   5.2320000000
2020,9,21,14,8,9,   5.2320000000
2020,9,21,14,8,9,   5.2320000000
2020,9,21,14,8,9,   5.2320000000
2020,9,21,14,8,10,   5.0920000000
2020,9,21,14,8,10,   5.2160000000
2020,9,21,14,8,10,   5.2320000000
2020,9,21,14,8,10,   5.2280000000
2020,9,21,14,8,11,   5.2320000000
2020,9,21,14,8,11,   5.2320000000
2020,9,21,14,8,11,   5.2320000000
2020,9,21,14,8,11,   5.2280000000
2020,9,21,14,8,12,   5.2280000000
2020,9,21,14,8,12,   5.2320000000
2020,9,21,14,8,12,   5.2280000000
2020,9,21,14,8,13,   5.2280000000
2020,9,21,14,8,13,   5.2320000000
2020,9,21,14,8,13,   5.2320000000
2020,9,21,14,8,13,   5.2280000000
2020,9,21,14,8,14,   5.2320000000
2020,9,21,14,8,14,   5.2320000000
2020,9,21,14,8,14,   5.2320000000
2020,9,21,14,8,14,   5.2200000000
2020,9,21,14,8,15,   5.1440000000
2020,9,21,14,8,15,   5.2280000000
2020,9,21,14,8,15,   5.2280000000
2020,9,21,14,8,15,   5.2320000000
2020,9,21,14,8,16,   5.2280000000
2020,9,21,14,8,16,   5.2280000000
2020,9,21,14,8,16,   5.2280000000
2020,9,21,14,8,16,   5.2280000000
2020,9,21,14,8,17,   5.2320000000
2020,9,21,14,8,17,   5.2280000000
2020,9,21,14,8,17,   5.2320000000
2020,9,21,14,8,17,   5.2280000000
2020,9,21,14,8,18,   5.2280000000
2020,9,21,14,8,18,   5.2280000000
2020,9,21,14,8,18,   5.2240000000
2020,9,21,14,8,19,   5.2320000000
2020,9,21,14,8,19,   5.2280000000
2020,9,21,14,8,19,   5.2280000000
2020,9,21,14,8,19,   5.2280000000
2020,9,21,14,8,20,   5.2320000000
2020,9,21,14,8,20,   5.2240000000
2020,9,21,14,8,20,   5.2080000000
2020,9,21,14,8,20,   5.2320000000
2020,9,21,14,8,21,   5.2320000000
2020,9,21,14,8,21,   5.2120000000
2020,9,21,14,8,21,   5.2320000000
2020,9,21,14,8,21,   5.2320000000
2020,9,21,14,8,22,   5.2320000000
2020,9,21,14,8,22,   5.2320000000
2020,9,21,14,8,22,   5.2320000000
2020,9,21,14,8,22,   5.2280000000
2020,9,21,14,8,23,   5.2280000000
2020,9,21,14,8,23,   5.2280000000
2020,9,21,14,8,23,   5.2320000000
2020,9,21,14,8,23,   5.2320000000
2020,9,21,14,8,24,   5.2320000000
2020,9,21,14,8,24,   5.2280000000
2020,9,21,14,8,24,   5.2280000000
2020,9,21,14,8,25,   5.2280000000
2020,9,21,14,8,25,   5.2320000000
2020,9,21,14,8,25,   5.2280000000
2020,9,21,14,8,25,   5.2160000000
2020,9,21,14,8,26,   5.2200000000
2020,9,21,14,8,26,   5.2320000000
2020,9,21,14,8,26,   5.2280000000
2020,9,21,14,8,26,   5.2320000000
2020,9,21,14,8,27,   5.2320000000
2020,9,21,14,8,27,   5.2320000000
2020,9,21,14,8,27,   5.2320000000
2020,9,21,14,8,27,   5.2320000000
2020,9,21,14,8,28,   5.2320000000
2020,9,21,14,8,28,   5.2320000000
2020,9,21,14,8,28,   5.2280000000
2020,9,21,14,8,28,   5.2240000000
2020,9,21,14,8,29,   5.2320000000
2020,9,21,14,8,29,   5.2280000000
2020,9,21,14,8,29,   5.2320000000
2020,9,21,14,8,29,   5.2320000000
2020,9,21,14,8,30,   5.2320000000
2020,9,21,14,8,30,   5.2280000000
2020,9,21,14,8,30,   5.2280000000
2020,9,21,14,8,31,   5.2280000000
2020,9,21,14,8,31,   5.2160000000
2020,9,21,14,8,31,   5.2200000000
2020,9,21,14,8,31,   5.2280000000
2020,9,21,14,8,32,   5.2320000000
2020,9,21,14,8,32,   5.2320000000
2020,9,21,14,8,32,   5.2320000000
2020,9,21,14,8,32,   5.2320000000
2020,9,21,14,8,33,   5.2280000000
2020,9,21,14,8,33,   5.2320000000
2020,9,21,14,8,33,   5.2280000000
2020,9,21,14,8,33,   5.2280000000
2020,9,21,14,8,34,   5.2280000000
2020,9,21,14,8,34,   5.2280000000
2020,9,21,14,8,34,   5.2240000000
2020,9,21,14,8,34,   5.2280000000
2020,9,21,14,8,35,   5.2280000000
2020,9,21,14,8,35,   5.2280000000
2020,9,21,14,8,35,   5.2280000000
2020,9,21,14,8,36,   5.2320000000
2020,9,21,14,8,36,   5.2320000000
2020,9,21,14,8,36,   5.2280000000
2020,9,21,14,8,36,   5.2200000000
2020,9,21,14,8,37,   5.2200000000
2020,9,21,14,8,37,   5.2280000000
2020,9,21,14,8,37,   5.2320000000
2020,9,21,14,8,37,   5.2320000000
2020,9,21,14,8,38,   5.2320000000
2020,9,21,14,8,38,   5.2320000000
2020,9,21,14,8,38,   5.2280000000
2020,9,21,14,8,38,   5.2320000000
2020,9,21,14,8,39,   5.2280000000
2020,9,21,14,8,39,   5.2280000000
2020,9,21,14,8,39,   5.2280000000
2020,9,21,14,8,39,   5.2280000000
2020,9,21,14,8,40,   5.2280000000
2020,9,21,14,8,40,   5.2320000000
2020,9,21,14,8,40,   5.2320000000
2020,9,21,14,8,40,   5.2280000000
2020,9,21,14,8,41,   5.2280000000
2020,9,21,14,8,41,   5.2280000000
2020,9,21,14,8,41,   5.2280000000
2020,9,21,14,8,42,   5.2280000000
2020,9,21,14,8,42,   5.2240000000
2020,9,21,14,8,42,   5.2000000000
2020,9,21,14,8,42,   5.2240000000
2020,9,21,14,8,43,   5.2320000000
2020,9,21,14,8,43,   5.2320000000
2020,9,21,14,8,43,   5.2320000000
2020,9,21,14,8,43,   5.2280000000
2020,9,21,14,8,44,   5.2280000000
2020,9,21,14,8,44,   5.2280000000
2020,9,21,14,8,44,   5.2280000000
2020,9,21,14,8,44,   5.2280000000
2020,9,21,14,8,45,   5.2280000000
2020,9,21,14,8,45,   5.2240000000
2020,9,21,14,8,45,   5.2280000000
2020,9,21,14,8,45,   5.2240000000
2020,9,21,14,8,46,   5.2280000000
2020,9,21,14,8,46,   5.2280000000
2020,9,21,14,8,46,   5.2280000000
2020,9,21,14,8,47,   5.2280000000
2020,9,21,14,8,47,   5.2280000000
2020,9,21,14,8,47,   5.2320000000
2020,9,21,14,8,47,   5.2200000000
2020,9,21,14,8,48,   5.2200000000
2020,9,21,14,8,48,   5.2280000000
2020,9,21,14,8,48,   5.2280000000
2020,9,21,14,8,48,   5.2240000000
2020,9,21,14,8,49,   5.2120000000
2020,9,21,14,8,49,   5.2320000000
2020,9,21,14,8,49,   5.2280000000
2020,9,21,14,8,49,   5.2280000000
2020,9,21,14,8,50,   5.2320000000
2020,9,21,14,8,50,   5.2320000000
2020,9,21,14,8,50,   5.2320000000
2020,9,21,14,8,51,   5.2280000000
2020,9,21,14,8,51,   5.2280000000
2020,9,21,14,8,51,   5.2320000000
2020,9,21,14,8,51,   5.2280000000
2020,9,21,14,8,52,   5.2280000000
2020,9,21,14,8,52,   5.2320000000
2020,9,21,14,8,52,   5.2320000000
2020,9,21,14,8,52,   5.2280000000
2020,9,21,14,8,53,   5.2320000000
2020,9,21,14,8,53,   5.2240000000
2020,9,21,14,8,53,   5.2160000000
2020,9,21,14,8,53,   5.2280000000
2020,9,21,14,8,54,   5.2320000000
2020,9,21,14,8,54,   5.2280000000
2020,9,21,14,8,54,   5.2280000000
2020,9,21,14,8,54,   5.2280000000
2020,9,21,14,8,55,   5.2280000000
2020,9,21,14,8,55,   5.2280000000
2020,9,21,14,8,55,   5.2280000000
2020,9,21,14,8,56,   5.2320000000
2020,9,21,14,8,56,   5.2280000000
2020,9,21,14,8,56,   5.2320000000
2020,9,21,14,8,56,   5.2320000000
2020,9,21,14,8,57,   5.2280000000
2020,9,21,14,8,57,   5.2320000000
2020,9,21,14,8,57,   5.2280000000
2020,9,21,14,8,57,   5.2280000000
2020,9,21,14,8,58,   5.2120000000
2020,9,21,14,8,58,   5.2160000000
2020,9,21,14,8,58,   5.2280000000
2020,9,21,14,8,59,   5.2160000000
2020,9,21,14,8,59,   5.2200000000
2020,9,21,14,8,59,   5.2280000000
2020,9,21,14,8,59,   5.2280000000
2020,9,21,14,9,0,   5.2320000000
2020,9,21,14,9,0,   5.2280000000
2020,9,21,14,9,0,   5.2280000000
2020,9,21,14,9,0,   5.2280000000
2020,9,21,14,9,1,   5.2280000000
2020,9,21,14,9,1,   5.2280000000
2020,9,21,14,9,1,   5.2160000000
2020,9,21,14,9,1,   5.2280000000
2020,9,21,14,9,2,   5.2280000000
2020,9,21,14,9,2,   5.2280000000
2020,9,21,14,9,2,   5.2280000000
2020,9,21,14,9,3,   5.2320000000
2020,9,21,14,9,3,   5.2320000000
2020,9,21,14,9,3,   5.2280000000
2020,9,21,14,9,3,   5.2280000000
2020,9,21,14,9,4,   5.2320000000
00
